1640000 1327
1640010 1322
1640020 1317
1640030 1317
1640040 1312
1640050 1307
1640060 1307
1640070 1302
1640080 1299
1640090 1299
1640100 1299
1640110 1301
1640120 1305
1640130 1305
1640140 1312
1640150 1317
1640160 1317
1640170 1323
1640180 1329
1640190 1329
1640200 1335
1640210 1337
1640220 1337
1640230 1343
1640240 1348
1640250 1348
1640260 1354
1640270 1359
1640280 1364
1640290 1364
1640300 1370
1640310 1375
1640320 1375
1640330 1381
1640340 1387
1640350 1387
1641690 1647
1641700 1647
1641710 1649
1641720 1645
1641730 1645
1641740 1643
