1640000 1727
1640010 1727
1640020 1736
1640030 1738
1640040 1738
1640050 1740
1640060 1742
1640070 1742
1640080 1744
1640090 1746
1640100 1746
1640110 1748
1640120 1751
1640130 1754
1640140 1754
1640150 1757
1640160 1759
1640170 1759
1640180 1763
1640190 1766
1640200 1766
1640210 1768
1640220 1771
1640230 1771
1640240 1774
1640250 1777
1640260 1780
1640270 1780
1640280 1783
1640290 1785
1640300 1785
1640310 1788
1640320 1790
1640330 1790
1640340 1793
1640350 1796
1640360 1796
1640370 1797
1640380 1799
1640390 1799
1640400 1801
1640410 1803
1640420 1806
1640430 1806
1640440 1808
1640450 1811
1640460 1811
1640470 1816
1640480 1820
1640490 1820
1640500 1825
1640510 1830
1640520 1830
1640530 1834
1640540 1838
1640550 1838
1640560 1842
1640570 1846
1640580 1850
1640590 1850
1640600 1854
1640610 1857
1640620 1857
1640630 1859
1640640 1862
1640650 1862
1640660 1865
1640670 1868
1640680 1868
1640690 1870
1640700 1872
1640710 1874
1640720 1874
1640730 1875
1640740 1877
1640750 1877
1640760 1879
1640770 1883
1640780 1883
1640790 1885
1640800 1887
1640810 1887
1640820 1889
1640830 1891
1640840 1891
1640850 1893
1640860 1895
1640870 1896
1640880 1896
1640890 1898
1640900 1900
1640910 1900
1640920 1900
1640930 1901
1640940 1901
1640950 1903
1640960 1908
1640970 1908
1640980 1911
1640990 1915
1641000 1919
1641010 1919
1641020 1922
1641030 1925
1641040 1925
1641050 1928
1641060 1932
1641070 1932
1641080 1935
1641090 1939
1641100 1939
1641110 1942
1641120 1944
1641130 1944
1641140 1948
1641150 1951
1641160 1953
1641170 1953
1641180 1956
1641190 1958
1641200 1958
1641210 1958
1641220 1958
1641230 1958
1641240 1959
1641250 1958
1641260 1958
1641270 1955
1641280 1950
1641290 1950
1641300 1946
1641310 1943
1641320 1944
1641330 1944
1641340 1943
1641350 1943
1641360 1943
1641370 1942
1641380 1945
1641390 1945
1641400 1946
1641410 1946
1641420 1946
1641430 1946
1641440 1946
1641450 1945
1641460 1945
1641470 1945
1641480 1945
1641490 1945
1641500 1946
1641510 1950
1641520 1950
1641530 1952
1641540 1956
1641550 1956
1641560 1961
1641570 1966
1641580 1966
1641590 1969
1641600 1973
1641610 1975
1641620 1975
1641630 1978
1641640 1982
1641650 1982
1641660 1986
1641670 1988
1641680 1988
1641690 1990
1641700 1992
1641710 1992
1641720 1994
1641730 1995
1641740 1994
1641750 1994
1641760 1994
1641770 1994
1641780 1994
1641790 1999
1641800 1999
1641810 1999
1641820 2000
1641830 2001
1641840 2001
1641850 2001
1641860 2002
1641870 2002
1641880 2003
1641890 2006
1641900 2008
1641910 2008
1641920 2010
1641930 2013
1641940 2013
1641950 2015
1641960 2016
1641970 2016
1641980 2018
1641990 2022
1642000 2022
1642010 2025
1642020 2028
1642030 2028
1642040 2032
1642050 2034
1642060 2036
1642070 2036
1642080 2039
1642090 2042
1642100 2042
1642110 2045
1642120 2047
1642130 2047
1642140 2049
1642150 2050
1642160 2050
1642170 2051
1642180 2049
1642190 2041
1642200 2041
1642210 2033
1642220 2025
1642230 2025
1642240 2015
1642250 2007
1642260 2007
1642270 1997
1642280 1981
1642290 1981
1642300 1967
1642310 1959
1642320 1959
1642330 1951
1642340 1943
1642350 1937
1642360 1937
1642370 1934
1642380 1928
1642390 1928
1642400 1925
1642410 1921
1642420 1921
1642430 1914
1642440 1912
1642450 1912
1642460 1913
1642470 1907
1642480 1900
1642490 1900
1642500 1895
1642510 1892
1642520 1892
1642530 1889
1642540 1886
1642550 1886
1642560 1884
1642570 1883
1642580 1874
1642590 1871
1642600 1867
1642610 1867
1642620 1864
1642630 1863
1642640 1858
1642650 1858
1642660 1855
1642670 1851
1642680 1851
1642690 1845
1642700 1838
1642710 1838
1642720 1831
1642730 1828
1642740 1828
1642750 1826
1642760 1823
1642770 1821
1642780 1821
1642790 1819
1642800 1816
1642810 1816
1642820 1813
1642830 1810
1642840 1810
1642850 1806
1642860 1804
1642870 1804
1642880 1802
1642890 1799
1642900 1799
1642910 1798
1642920 1796
1642930 1795
1642940 1795
1642950 1793
1642960 1792
1642970 1792
1642980 1792
1642990 1793
1643000 1793
1643010 1792
1643020 1791
1643030 1791
1643040 1789
1643050 1787
1643060 1787
1643070 1788
1643080 1789
1643090 1789
1643100 1789
1643110 1787
1643120 1782
1643130 1782
1643140 1777
1643150 1774
1643160 1774
1643170 1774
1643180 1774
1643190 1774
1643200 1773
1643210 1771
1643220 1768
1643230 1768
1643240 1766
1643250 1764
1643260 1764
1643270 1765
1643280 1766
1643290 1766
1643300 1769
1643310 1771
1643320 1771
1643330 1776
1643340 1781
1643350 1781
1643360 1786
1643370 1787
1643380 1783
1643390 1783
1643400 1781
1643410 1777
1643420 1777
1643430 1779
1643440 1783
1643450 1783
1643460 1783
1643470 1787
1643480 1787
1643490 1795
1643500 1803
1643510 1813
1643520 1813
1643530 1825
1643540 1835
1643550 1835
1643560 1841
1643570 1846
1643580 1846
1643590 1849
1643600 1853
1643610 1853
1643620 1857
1643630 1863
1643640 1863
1643650 1868
1643660 1874
1643670 1879
1643680 1879
1643690 1884
1643700 1889
1643710 1889
1643720 1894
1643730 1899
1643740 1899
1643750 1903
1643760 1906
1643770 1906
1643780 1909
1643790 1910
1643800 1910
1643810 1910
1643820 1910
1643830 1909
1643840 1909
1643850 1909
1643860 1909
1643870 1909
1643880 1911
1643890 1911
1643900 1911
1643910 1912
1643920 1914
1643930 1914
1643940 1917
1643950 1920
1643960 1922
1643970 1922
1643980 1924
1643990 1925
1644000 1925
1644010 1921
1644020 1907
1644030 1907
1644040 1890
1644050 1876
1644060 1876
1644070 1860
1644080 1851
1644090 1851
1644100 1841
1644110 1832
1644120 1825
1644130 1825
1644140 1819
1644150 1813
1644160 1810
1644170 1803
1644180 1796
1644190 1796
1644200 1789
1644210 1782
1644220 1782
1644230 1776
1644240 1770
1644250 1764
1644260 1764
1644270 1758
1644280 1753
1644290 1753
1644300 1748
1644310 1744
1644320 1744
1644330 1740
1644340 1736
1644350 1736
1644360 1732
1644370 1729
1644380 1729
1644390 1725
1644400 1720
1644410 1716
1644420 1716
1644430 1711
1644440 1706
1644450 1706
1644460 1701
1644470 1697
1644480 1697
1644490 1692
1644500 1687
1644510 1687
1644520 1683
1644530 1681
1644540 1681
1644550 1679
1644560 1679
1644570 1679
1644580 1679
1644590 1679
1644600 1679
1644610 1679
1644620 1677
1644630 1675
1644640 1675
1644650 1674
1644660 1672
1644670 1672
1644680 1670
1644690 1669
1644700 1669
1644710 1669
1644720 1670
1644730 1669
1644740 1669
1644750 1666
1644760 1663
1644770 1663
1644780 1662
1644790 1658
1644800 1658
1644810 1658
1644820 1662
1644830 1662
1644840 1666
1644850 1668
1644860 1672
1644870 1672
1644880 1680
1644890 1687
1644900 1687
1644910 1694
1644920 1701
1644930 1701
1644940 1709
1644950 1719
1644960 1719
1644970 1729
1644980 1737
1644990 1743
1645000 1743
1645010 1751
1645020 1764
1645030 1764
1645040 1776
1645050 1784
1645060 1784
1645070 1791
1645080 1797
1645090 1797
1645100 1803
1645110 1808
1645120 1808
1645130 1812
1645140 1817
1645150 1821
1645160 1821
1645170 1824
1645180 1826
1645190 1826
1645200 1827
1645210 1827
1645220 1827
1645230 1827
1645240 1826
1645250 1826
1645260 1824
1645270 1822
1645280 1822
1645290 1819
1645300 1815
1645310 1812
1645320 1812
1645330 1808
1645340 1804
1645350 1804
1645360 1799
1645370 1794
1645380 1794
1645390 1788
1645400 1782
1645410 1782
1645420 1776
1645430 1769
1645440 1763
1645450 1763
1645460 1754
1645470 1746
1645480 1746
1645490 1738
1645500 1731
1645510 1731
1645520 1724
1645530 1717
1645540 1717
1645550 1711
1645560 1705
1645570 1705
1645580 1699
1645590 1692
1645600 1685
1645610 1685
1645620 1679
1645630 1672
1645640 1672
1645650 1666
1645660 1659
1645670 1659
1645680 1653
1645690 1647
1645700 1647
1645710 1640
1645720 1633
1645730 1629
1645740 1629
1645750 1623
1645760 1616
1645770 1616
1645780 1609
1645790 1604
1645800 1604
1645810 1598
1645820 1593
1645830 1593
1645840 1588
1645850 1584
1645860 1584
1645870 1580
1645880 1576
1645890 1572
1645900 1572
1645910 1568
1645920 1565
1645930 1565
1645940 1563
1645950 1560
1645960 1560
1645970 1557
1645980 1554
1645990 1554
1646000 1551
1646010 1547
1646020 1547
1646030 1543
1646040 1540
1646050 1537
1646060 1537
1646070 1534
1646080 1531
1646090 1531
1646100 1529
1646110 1527
1646120 1527
1646130 1524
1646140 1521
1646150 1521
1646160 1518
1646170 1514
1646180 1510
1646190 1510
1646200 1506
1646210 1502
1646220 1502
1646230 1499
1646240 1495
1646250 1495
1646260 1491
1646270 1489
1646280 1489
1646290 1488
1646300 1488
1646310 1488
1646320 1487
1646330 1486
1646340 1485
1646350 1485
1646360 1484
1646370 1484
1646380 1484
1646390 1483
1646400 1482
1646410 1482
1646420 1482
1646430 1481
1646440 1481
1646450 1477
1646460 1474
1646470 1472
1646480 1472
1646490 1470
1646500 1469
1646510 1469
1646520 1468
1646530 1466
1646540 1466
1646550 1464
1646560 1462
1646570 1462
1646580 1461
1646590 1461
1646600 1461
1646610 1462
1646620 1460
1646630 1457
1646640 1457
1646650 1455
1646660 1454
1646670 1454
1646680 1454
1646690 1453
1646700 1453
1646710 1452
1646720 1451
1646730 1451
1646740 1451
1646750 1450
1646760 1450
1646770 1448
1646780 1446
1646790 1443
1646800 1443
1646810 1438
1646820 1433
1646830 1433
1646840 1430
1646850 1430
1646860 1430
1646870 1429
1646880 1426
1646890 1426
1646900 1423
1646910 1419
1646920 1417
1646930 1417
1646940 1414
1646950 1412
1646960 1412
1646970 1410
1646980 1406
1646990 1406
1647000 1402
1647010 1398
1647020 1398
1647030 1397
1647040 1397
1647050 1397
1647060 1396
1647070 1396
1647080 1397
1647090 1397
1647100 1397
1647110 1396
1647120 1396
1647130 1395
1647140 1392
1647150 1392
1647160 1386
1647170 1381
1647180 1381
1647190 1375
1647200 1368
1647210 1363
1647220 1363
1647230 1359
1647240 1355
1647250 1355
1647260 1354
1647270 1354
1647280 1352
1647290 1352
1647300 1350
1647310 1350
1647320 1347
1647330 1344
1647340 1344
1647350 1340
1647360 1337
1647370 1334
1647380 1334
1647390 1332
1647400 1331
1647410 1331
1647420 1330
1647430 1328
1647440 1328
1647450 1328
1647460 1326
1647470 1326
1647480 1324
1647490 1322
1647500 1322
1647510 1319
1647520 1317
1647530 1314
1647540 1314
1647550 1312
1647560 1309
1647570 1309
1647580 1306
1647590 1304
1647600 1304
1647610 1302
1647620 1301
1647630 1301
1647640 1300
1647650 1297
1647660 1297
1647670 1297
1647680 1298
1647690 1299
1647700 1299
1647710 1300
1647720 1300
1647730 1300
1647740 1295
1647750 1289
1647760 1289
1647770 1282
1647780 1276
1647790 1276
1647800 1272
1647810 1270
1647820 1268
1647830 1268
1647840 1267
1647850 1267
1647860 1267
1647870 1267
1647880 1265
1647890 1265
1647900 1262
1647910 1260
1647920 1260
1647930 1259
1647940 1258
1647950 1255
1647960 1255
1647970 1252
1647980 1249
1647990 1249
1648000 1246
1648010 1243
1648020 1243
1648030 1240
1648040 1237
1648050 1233
1648060 1230
1648070 1227
1648080 1227
1648090 1223
1648100 1219
1648110 1214
1648120 1214
1648130 1210
1648140 1206
1648150 1206
1648160 1203
1648170 1198
1648180 1198
1648190 1193
1648200 1189
1648210 1189
1648220 1186
1648230 1183
1648240 1183
1648250 1181
1648260 1179
1648270 1176
1648280 1176
1648290 1174
1648300 1172
1648310 1172
1648320 1168
1648330 1161
1648340 1161
1648350 1155
1648360 1151
1648370 1151
1648380 1147
1648390 1142
1648400 1138
1648410 1138
1648420 1134
1648430 1132
1648440 1132
1648450 1131
1648460 1129
1648470 1129
1648480 1128
1648490 1128
1648500 1128
1648510 1129
1648520 1131
1648530 1131
1648540 1130
1648550 1128
1648560 1125
1648570 1125
1648580 1122
1648590 1118
1648600 1118
1648610 1115
1648620 1111
1648630 1111
1648640 1107
1648650 1102
1648660 1102
1648670 1098
1648680 1095
1648690 1093
1648700 1093
1648710 1091
1648720 1089
1648730 1089
1648740 1089
1648750 1090
1648760 1090
1648770 1090
1648780 1090
1648790 1090
1648800 1088
1648810 1087
1648820 1086
1648830 1084
1648840 1084
1648850 1084
1648860 1084
1648870 1084
1648880 1084
1648890 1084
1648900 1084
1648910 1084
1648920 1084
1648930 1084
1648940 1084
1648950 1084
1648960 1083
1648970 1082
1648980 1082
1648990 1081
1649000 1079
1649010 1077
1649020 1077
1649030 1076
1649040 1075
1649050 1075
1649060 1075
1649070 1074
1649080 1074
1649090 1075
1649100 1075
1649110 1075
1649120 1076
1649130 1078
1649140 1079
1649150 1079
1649160 1082
1649170 1085
1649180 1085
1649190 1088
1649200 1091
1649210 1091
1649220 1094
1649230 1097
1649240 1097
1649250 1100
1649260 1102
1649270 1102
1649280 1104
1649290 1107
1649300 1110
1649310 1110
1649320 1113
1649330 1116
1649340 1116
1649350 1118
1649360 1119
1649370 1119
1649380 1118
1649390 1115
1649400 1115
1649410 1112
1649420 1109
1649430 1106
1649440 1106
1649450 1104
1649460 1102
1649470 1102
1649480 1098
1649490 1096
1649500 1096
1649510 1094
1649520 1093
1649530 1093
1649540 1094
1649550 1094
1649560 1094
1649570 1093
1649580 1097
1649590 1097
1649600 1097
1649610 1097
1649620 1097
1649630 1097
1649640 1097
1649650 1097
1649660 1097
1649670 1097
1649680 1095
1649690 1095
1649700 1093
1649710 1088
1649720 1088
1649730 1082
1649740 1076
1649750 1071
1649760 1071
1649770 1068
1649780 1064
1649790 1064
1649800 1061
