1640000 1232
1640010 1236
1640020 1241
1640030 1241
1640040 1247
1640050 1254
1640060 1254
1640070 1260
1640080 1265
1640090 1265
1640100 1270
1640110 1275
1640120 1275
1640130 1280
1640140 1284
1640150 1284
1640160 1288
1640170 1291
1640180 1294
1640190 1294
1640200 1297
1640210 1300
1640220 1300
1640230 1303
1640240 1306
1640250 1306
1640260 1309
1640270 1312
1640280 1312
1640290 1314
1640300 1315
1640310 1315
1640320 1315
1640330 1315
1640340 1315
1640350 1315
1640360 1314
1640370 1313
1640380 1313
1640390 1312
1640400 1311
1640410 1311
1640420 1308
1640430 1306
1640440 1306
1640450 1304
1640460 1303
1640470 1305
1640480 1305
1640490 1304
1640500 1303
1640510 1303
1640520 1302
1640530 1302
1640540 1302
1640550 1301
1640560 1300
1640570 1300
1640580 1299
1640590 1297
1640600 1297
1640610 1296
1640620 1295
1640630 1294
1640640 1294
1640650 1294
1640660 1293
1640670 1293
1640680 1293
1640690 1292
1640700 1292
1640710 1292
1640720 1292
1640730 1292
1640740 1291
1640750 1290
1640760 1290
1640770 1289
1640780 1288
1640790 1287
1640800 1287
1640810 1287
1640820 1286
1640830 1286
1640840 1285
1640850 1285
1640860 1285
1640870 1284
1640880 1283
1640890 1283
1640900 1282
1640910 1281
1640920 1279
1640930 1279
1640940 1277
1640950 1275
1640960 1275
1640970 1273
1640980 1271
1640990 1271
1641000 1269
1641010 1269
1641020 1269
1641030 1268
1641040 1268
1641050 1268
1641060 1267
1641070 1266
1641080 1265
1641090 1265
1641100 1263
1641110 1260
1641120 1260
1641130 1258
1641140 1254
1641150 1254
1641160 1250
1641170 1247
1641180 1247
1641190 1243
1641200 1239
1641210 1239
1641220 1236
1641230 1234
1641240 1233
1641250 1233
1641260 1229
1641270 1223
1641280 1223
1641290 1216
1641300 1208
1641310 1208
1641320 1195
1641330 1182
1641340 1182
1641350 1171
1641360 1157
1641370 1146
1641380 1146
1641390 1137
1641400 1128
1641410 1128
1641420 1120
1641430 1113
1641440 1113
1641450 1105
1641460 1097
1641470 1097
1641480 1089
1641490 1082
1641500 1082
1641510 1074
1641520 1067
1641530 1060
1641540 1060
1641550 1054
1641560 1047
1641570 1047
1641580 1040
1641590 1031
1641600 1031
1641610 1023
1641620 1018
1641630 1018
1641640 1010
1641650 1001
1641660 1001
1641670 994
1641680 989
1641690 986
1641700 986
1641710 983
1641720 980
1641730 980
1641740 977
1641750 974
1641760 974
1641770 971
1641780 969
1641790 969
1641800 968
1641810 967
1641820 967
1641830 967
1641840 969
1641850 973
1641860 973
1641870 976
1641880 977
1641890 977
1641900 978
1641910 979
1641920 979
1641930 979
1641940 979
1641950 979
1641960 981
1641970 982
1641980 981
1641990 981
1642000 980
1642010 978
1642020 978
1642030 978
1642040 979
1642050 979
1642060 982
1642070 985
1642080 985
1642090 992
1642100 998
1642110 998
1642120 1005
1642130 1010
1642140 1016
1642150 1016
1642160 1021
1642170 1027
1642180 1027
1642190 1035
1642200 1044
1642210 1044
1642220 1049
1642230 1053
1642240 1053
1642250 1059
1642260 1064
1642270 1070
1642280 1070
1642290 1076
1642300 1083
1642310 1083
1642320 1088
1642330 1093
1642340 1093
1642350 1097
1642360 1101
1642370 1101
1642380 1104
1642390 1108
1642400 1108
1642410 1108
1642420 1104
1642430 1099
1642440 1099
1642450 1094
1642460 1091
1642470 1091
1642480 1087
1642490 1080
1642500 1080
1642510 1071
1642520 1062
1642530 1062
1642540 1056
1642550 1049
1642560 1049
1642570 1043
1642580 1036
1642590 1029
1642600 1029
1642610 1023
1642620 1020
1642630 1020
1642640 1018
1642650 1012
1642660 1012
1642670 1003
1642680 995
1642690 995
1642700 994
1642710 997
1642720 998
1642730 998
1642740 993
1642750 985
1642760 985
1642770 978
1642780 971
1642790 971
1642800 964
1642810 959
1642820 959
1642830 953
1642840 947
1642850 947
1642860 941
1642870 930
1642880 923
1642890 923
1642900 918
1642910 912
1642920 912
1642930 909
1642940 907
1642950 907
1642960 906
1642970 905
1642980 905
1642990 903
1643000 902
1643010 902
1643020 902
1643030 904
1643040 905
1643050 905
1643060 905
1643070 906
1643080 906
1643090 907
1643100 909
1643110 909
1643120 911
1643130 913
1643140 913
1643150 917
1643160 919
1643170 920
1643180 920
1643190 919
1643200 917
1643210 917
1643220 914
1643230 913
1643240 913
1643250 914
1643260 914
1643270 914
1643280 913
1643290 914
1643300 914
1643310 918
1643320 923
1643330 929
1643340 929
1643350 935
1643360 941
1643370 941
1643380 947
1643390 954
1643400 954
1643410 963
1643420 973
1643430 973
1643440 981
1643450 990
1643460 990
1643470 995
1643480 1001
1643490 1007
1643500 1007
1643510 1014
1643520 1020
1643530 1020
1643540 1027
1643550 1033
1643560 1033
1643570 1040
1643580 1045
1643590 1045
1643600 1051
1643610 1057
1643620 1068
1643630 1068
1643640 1080
1643650 1095
1643660 1097
1643670 1108
1643680 1118
1643690 1118
1643700 1126
1643710 1132
1643720 1132
1643730 1139
1643740 1147
1643750 1147
1643760 1154
1643770 1160
1643780 1163
1643790 1163
1643800 1166
1643810 1168
1643820 1168
1643830 1164
1643840 1158
1643850 1158
1643860 1153
1643870 1148
1643880 1148
1643890 1142
1643900 1135
1643910 1135
1643920 1127
1643930 1120
1643940 1114
1643950 1114
1643960 1109
1643970 1104
1643980 1104
1643990 1097
1644000 1090
1644010 1090
1644020 1084
1644030 1078
1644040 1078
1644050 1073
1644060 1067
1644070 1062
1644080 1062
1644090 1058
1644100 1053
1644110 1053
1644120 1049
1644130 1044
1644140 1044
1644150 1040
1644160 1035
1644170 1035
1644180 1029
1644190 1025
1644200 1025
1644210 1021
1644220 1017
1644230 1012
1644240 1012
1644250 1006
1644260 1001
1644270 1001
1644280 997
1644290 993
1644300 993
1644310 989
1644320 986
1644330 986
1644340 983
1644350 980
1644360 980
1644370 977
1644380 973
1644390 968
1644400 968
1644410 962
1644420 958
1644430 958
1644440 953
1644450 946
1644460 946
1644470 939
1644480 933
1644490 933
1644500 930
1644510 930
1644520 932
1644530 932
1644540 935
1644550 937
1644560 937
1644570 940
1644580 945
1644590 945
1644600 946
1644610 946
1644620 946
1644630 949
1644640 954
1644650 954
1644660 959
1644670 961
1644680 963
1644690 963
1644700 964
1644710 964
1644720 964
1644730 964
1644740 964
1644750 964
1644760 963
1644770 962
1644780 962
1644790 959
1644800 959
1644810 959
1644820 963
1644830 970
1644840 976
1644850 976
1644860 981
1644870 986
1644880 986
1644890 992
1644900 995
1644910 995
1644920 996
1644930 995
1644940 995
1644950 994
1644960 994
1644970 995
1644980 995
1644990 998
1645000 1001
1645010 1001
1645020 1003
1645030 1005
1645040 1005
1645050 1007
1645060 1013
1645070 1013
1645080 1020
1645090 1016
1645100 1016
1645110 1013
1645120 1010
1645130 1013
1645140 1013
1645150 1018
1645160 1015
1645170 1015
1645180 1011
1645190 1006
1645200 1006
1645210 996
1645220 983
1645230 978
1645240 971
1645250 969
1645260 969
1645270 975
1645280 981
1645290 986
1645300 986
1645310 990
1645320 992
1645330 992
1645340 992
1645350 990
1645360 990
1645370 988
1645380 985
1645390 985
1645400 982
1645410 979
1645420 976
1645430 976
1645440 973
1645450 970
1645460 970
1645470 968
1645480 966
1645490 966
1645500 963
1645510 961
1645520 961
1645530 958
1645540 955
1645550 955
1645560 951
1645570 946
1645580 942
1645590 942
1645600 938
1645610 933
1645620 933
1645630 928
1645640 922
1645650 922
1645660 917
1645670 911
1645680 911
1645690 904
1645700 897
1645710 897
1645720 891
1645730 885
1645740 879
1645750 879
1645760 875
1645770 873
1645780 873
1645790 871
1645800 870
1645810 870
1645820 870
1645830 869
1645840 869
1645850 867
1645860 865
1645870 864
1645880 864
1645890 863
1645900 863
1645910 863
1645920 862
1645930 861
1645940 861
1645950 859
1645960 859
1645970 859
1645980 858
1645990 857
1646000 857
1646010 852
1646020 851
1646030 851
1646040 851
1646050 851
1646060 850
1646070 850
1646080 848
1646090 847
1646100 847
1646110 847
1646120 847
1646130 847
1646140 846
1646150 844
1646160 844
1646170 841
1646180 839
1646190 837
1646200 837
1646210 835
1646220 834
1646230 834
1646240 834
1646250 834
1646260 834
1646270 834
1646280 833
1646290 833
1646300 831
1646310 830
1646320 830
1646330 830
1646340 831
1646350 830
1646360 830
1646370 825
1646380 819
1646390 819
1646400 813
1646410 808
1646420 808
1646430 802
1646440 798
1646450 798
1646460 798
1646470 797
1646480 796
1646490 796
1646500 795
1646510 792
1646520 792
1646530 789
1646540 791
1646550 791
1646560 795
1646570 798
1646580 798
1646590 803
1646600 806
1646610 806
1646620 809
1646630 811
1646640 809
1646650 809
1646660 805
1646670 802
1646680 802
1646690 799
1646700 796
1646710 796
1646720 792
1646730 792
1646740 792
1646750 795
1646760 800
1646770 804
1646780 804
1646790 805
1646800 809
1646810 809
1646820 814
1646830 816
1646840 816
1646850 818
1646860 822
1646870 822
1646880 827
1646890 833
1646900 833
1646910 838
1646920 843
1646930 847
1646940 847
1646950 851
1646960 855
1646970 855
1646980 860
1646990 864
1647000 864
1647010 869
1647020 875
1647030 875
1647040 880
1647050 887
1647060 887
1647070 892
1647080 898
1647090 904
1647100 904
1647110 909
1647120 914
1647130 914
1647140 920
1647150 925
1647160 925
1647170 929
1647180 933
1647190 933
1647200 937
1647210 940
1647220 942
1647230 942
1647240 944
1647250 946
1647260 946
1647270 948
1647280 948
1647290 948
1647300 947
1647310 945
1647320 945
1647330 944
1647340 942
1647350 942
1647360 941
1647370 939
1647380 937
1647390 937
1647400 935
1647410 932
1647420 932
1647430 930
1647440 927
1647450 927
1647460 925
1647470 922
1647480 922
1647490 919
1647500 919
1647510 919
1647520 920
1647530 921
1647540 922
1647550 922
1647560 919
1647570 920
1647580 920
1647590 919
1647600 919
1647610 919
1647620 918
1647630 918
1647640 918
1647650 918
1647660 919
1647670 919
1647680 919
1647690 919
1647700 919
1647710 919
1647720 919
1647730 919
1647740 919
1647750 919
1647760 919
1647770 919
1647780 919
1647790 918
1647800 918
1647810 917
1647820 916
1647830 916
1647840 916
1647850 917
1647860 918
1647870 918
1647880 917
1647890 917
1647900 917
1647910 915
1647920 911
1647930 911
1647940 906
1647950 900
1647960 900
1647970 893
1647980 886
1647990 880
1648000 880
1648010 874
1648020 870
1648030 870
1648040 862
1648050 855
1648060 855
1648070 849
1648080 842
1648090 842
1648100 836
1648110 830
1648120 825
1648130 825
1648140 818
1648150 807
1648160 807
1648170 800
1648180 793
1648190 793
1648200 791
1648210 792
1648220 792
1648230 793
1648240 793
1648250 793
1648260 795
1648270 796
1648280 797
1648290 797
1648300 799
1648310 800
1648320 798
1648330 800
1648340 800
1648350 800
1648360 801
1648370 800
1648380 800
1648390 798
1648400 798
1648410 798
1648420 798
1648430 798
1648440 799
1648450 799
1648460 801
1648470 803
1648480 803
1648490 805
1648500 805
1648510 805
1648520 806
1648530 804
1648540 804
1648550 803
1648560 802
1648570 802
1648580 802
1648590 804
1648600 805
1648610 805
1648620 804
1648630 806
1648640 806
1648650 805
1648660 804
1648670 804
1648680 801
1648690 797
1648700 797
1648710 793
1648720 791
1648730 789
1648740 789
1648750 788
1648760 788
1648770 788
1648780 788
1648790 786
1648800 786
1648810 784
1648820 781
1648830 781
1648840 779
1648850 777
1648860 777
1648870 775
1648880 773
1648890 771
1648900 771
1648910 769
1648920 767
1648930 767
1648940 765
1648950 762
1648960 762
1648970 759
1648980 756
1648990 756
1649000 754
1649010 751
1649020 748
1649030 748
1649040 742
1649050 738
1649060 738
1649070 735
1649080 735
1649090 732
1649100 731
1649110 731
1649120 731
1649130 730
1649140 730
1649150 730
1649160 728
1649170 725
1649180 722
1649190 722
1649200 717
1649210 714
1649220 714
1649230 713
1649240 714
1649250 714
1649260 714
1649270 714
1649280 714
1649290 713
1649300 712
1649310 712
1649320 710
1649330 707
1649340 706
1649350 706
1649360 705
1649370 702
1649380 702
1649390 700
1649400 697
1649410 697
1649420 696
1649430 695
1649440 695
1649450 696
1649460 697
1649470 696
1649480 696
1649490 694
1649500 691
1649510 691
1649520 689
1649530 687
1649540 687
1649550 684
1649560 681
1649570 681
1649580 680
1649590 680
1649600 680
1649610 679
1649620 678
1649630 677
1649640 677
1649650 676
1649660 675
1649670 675
1649680 676
1649690 676
1649700 676
1649710 675
1649720 675
1649730 675
1649740 675
1649750 675
1649760 675
1649770 674
1649780 674
1649790 673
1649800 673
1649810 673
1649820 674
1649830 674
1649840 674
1649850 671
1649860 671
1649870 670
1649880 665
1649890 665
1649900 660
1649910 656
1649920 651
1649930 651
1649940 647
1649950 642
1649960 642
1649970 640
1649980 638
1649990 638
1650000 637
1650010 636
1650020 636
1650030 634
1650040 633
1650050 633
1650060 633
1650070 633
1650080 631
1650090 631
1650100 631
1650110 632
1650120 632
1650130 631
1650140 630
1650150 630
1650160 630
1650170 631
1650180 631
1650190 631
1650200 631
1650210 631
1650220 631
1650230 632
1650240 633
1650250 633
1650260 633
1650270 632
1650280 632
1650290 631
1650300 633
1650310 633
1650320 636
1650330 640
1650340 640
1650350 644
1650360 647
1650370 650
1650380 650
1650390 652
1650400 655
1650410 655
1650420 656
1650430 658
1650440 658
1650450 659
1650460 661
1650470 661
1650480 662
1650490 663
1650500 663
1650510 665
1650520 666
1650530 666
1650540 666
1650550 666
1650560 665
1650570 665
1650580 664
1650590 663
1650600 663
1650610 667
1650620 668
1650630 668
1650640 670
1650650 671
1650660 671
1650670 671
1650680 672
1650690 674
1650700 674
1650710 676
1650720 679
1650730 679
1650740 683
1650750 686
1650760 686
1650770 690
1650780 694
1650790 694
1650800 698
1650810 701
1650820 704
1650830 704
1650840 708
1650850 711
1650860 711
1650870 715
1650880 717
1650890 717
1650900 719
1650910 720
1650920 720
1650930 721
1650940 722
1650950 722
1650960 723
1650970 724
1650980 723
1650990 723
1651000 721
1651010 716
1651020 716
1651030 709
1651040 703
1651050 703
1651060 704
1651070 699
1651080 699
1651090 695
1651100 690
1651110 690
1651120 684
1651130 679
1651140 674
1651150 674
1651160 670
1651170 665
1651180 665
1651190 660
1651200 655
1651210 655
1651220 651
1651230 646
1651240 646
1651250 642
1651260 639
1651270 636
1651280 636
1651290 634
1651300 632
1651310 632
1651320 631
1651330 630
1651340 630
1651350 630
1651360 633
1651370 633
1651380 635
1651390 638
1651400 638
1651410 641
1651420 644
1651430 646
1651440 646
1651450 649
1651460 651
1651470 651
1651480 653
1651490 655
1651500 655
1651510 656
1651520 656
1651530 656
1651540 657
1651550 657
1651560 656
1651570 656
1651580 656
1651590 656
1651600 656
1651610 656
1651620 656
1651630 656
1651640 656
1651650 655
1651660 655
1651670 655
1651680 654
1651690 654
1651700 653
1651710 651
1651720 649
1651730 649
1651740 647
1651750 644
1651760 644
1651770 641
1651780 638
1651790 638
1651800 634
1651810 630
1651820 630
1651830 627
1651840 624
1651850 624
1651860 620
1651870 618
1651880 615
1651890 615
1651900 613
1651910 610
1651920 610
1651930 609
1651940 608
1651950 608
