1640000 1035
1640010 1027
1640020 1027
1640030 1019
1640040 1011
1640050 1011
1640060 1005
1640070 999
1640080 999
1640090 985
1640100 964
1640110 943
1640120 943
1640130 936
1640140 932
1640150 932
1640160 935
1640170 945
1640180 945
1640190 970
1640200 980
1640210 980
1640220 987
1640230 993
1640240 998
1640250 998
1640260 1001
1640270 1003
1640280 1003
1640290 1005
1640300 1007
1640310 1007
1640320 1007
1640330 1000
1640340 1000
1640350 1003
1640360 1001
1640370 1001
1640380 1008
1640390 1017
1640400 1022
1640410 1022
1640420 1030
1640430 1039
1640440 1039
1640450 1037
1640460 1038
1640470 1038
1640480 1050
1640490 1055
1640500 1055
1640510 1058
1640520 1065
1640530 1065
1640540 1074
1640550 1084
1640560 1096
1640570 1096
1640580 1101
1640590 1102
1640600 1102
1640610 1111
1640620 1121
1640630 1121
1640640 1130
1640650 1135
1640660 1135
1640670 1139
1640680 1145
1640690 1153
1640700 1153
1640710 1162
1640720 1170
1640730 1170
1640740 1177
1640750 1182
1640760 1182
1640770 1182
1640780 1176
1640790 1176
1640800 1168
1640810 1164
1640820 1164
1640830 1162
1640840 1157
1640850 1153
1640860 1153
1640870 1156
1640880 1163
1640890 1163
1640900 1165
1640910 1165
1640920 1165
1640930 1164
1640940 1164
1640950 1164
1640960 1163
1640970 1163
1640980 1163
1640990 1163
1641000 1163
1641010 1162
1641020 1162
1641030 1161
1641040 1161
1641050 1161
1641060 1161
1641070 1161
1641080 1161
1641090 1160
1641100 1160
1641110 1160
1641120 1159
1641130 1154
1641140 1153
1641150 1153
1641160 1153
1641170 1153
1641180 1153
1641190 1151
1641200 1150
1641210 1150
1641220 1149
1641230 1150
1641240 1150
1641250 1150
1641260 1151
1641270 1151
1641280 1153
1641290 1153
1641300 1154
1641310 1154
1641320 1155
1641330 1153
1641340 1153
1641350 1152
1641360 1151
1641370 1151
1641380 1150
1641390 1148
1641400 1148
1641410 1147
1641420 1145
1641430 1145
1641440 1140
1641450 1134
1641460 1130
1641470 1130
1641480 1123
1641490 1117
1641500 1117
1641510 1111
1641520 1104
1641530 1104
1641540 1098
1641550 1092
1641560 1092
1641570 1085
1641580 1077
1641590 1065
1641600 1065
1641610 1054
1641620 1047
1641630 1047
1641640 1039
1641650 1032
1641660 1032
1641670 1025
1641680 1018
1641690 1018
1641700 1010
1641710 1001
1641720 1001
1641730 994
1641740 987
1641750 980
1641760 980
1641770 973
1641780 964
1641790 964
1641800 957
1641810 951
1641820 951
1641830 945
1641840 940
1641850 940
1641860 934
1641870 928
1641880 928
1641890 921
1641900 916
1641910 913
1641920 913
1641930 919
1641940 916
1641950 916
1641960 906
1641970 895
1641980 895
1641990 886
1642000 879
1642010 879
1642020 871
1642030 864
1642040 862
1642050 862
1642060 855
1642070 840
1642080 840
1642090 827
1642100 817
1642110 817
1642120 803
1642130 794
1642140 794
1642150 787
1642160 779
1642170 779
1642180 773
1642190 766
1642200 762
1642210 762
1642220 762
1642230 763
1642240 763
1642250 766
1642260 769
1642270 769
1642280 770
1642290 769
1642300 769
1642310 769
1642320 769
1642330 769
1642340 769
1642350 769
1642360 768
1642370 768
1642380 766
1642390 768
1642400 768
1642410 770
1642420 771
1642430 771
1642440 772
1642450 771
1642460 771
1642470 769
1642480 764
1642490 759
1642500 759
1642510 754
1642520 754
1642530 754
1642540 757
1642550 760
1642560 760
1642570 761
1642580 760
1642590 760
1642600 759
1642610 758
1642620 758
1642630 758
1642640 759
1642650 758
1642660 758
1642670 756
1642680 752
1642690 752
1642700 747
1642710 742
1642720 742
1642730 735
1642740 736
1642750 736
1642760 739
1642770 746
1642780 746
1642790 752
1642800 759
1642810 763
1642820 763
1642830 766
1642840 768
1642850 768
1642860 771
1642870 773
1642880 773
1642890 776
1642900 778
1642910 778
1642920 778
1642930 779
1642940 780
1642950 780
1642960 783
1642970 785
1642980 785
1642990 787
1643000 789
1643010 789
1643020 790
1643030 791
1643040 791
1643050 792
1643060 792
1643070 792
1643080 793
1643090 792
1643100 788
1643110 788
1643120 784
1643130 780
1643140 780
1643150 776
1643160 773
1643170 773
1643180 770
1643190 768
1643200 768
1643210 769
1643220 773
1643230 773
1643240 776
1643250 779
1643260 780
1643270 780
1643280 781
1643290 783
1643300 783
1643310 784
1643320 785
1643330 785
1643340 786
1643350 788
1643360 788
1643370 789
1643380 790
1643390 792
1643400 792
1643410 793
1643420 795
1643430 795
1643440 797
1643450 799
1643460 799
1643470 801
1643480 803
1643490 803
1643500 804
1643510 805
1643520 799
1643530 799
1643540 799
1643550 799
1643560 799
1643570 799
1643580 798
1643590 798
1643600 796
1643610 793
1643620 793
1643630 790
1643640 788
1643650 788
1643660 786
1643670 784
1643680 784
1643690 784
1643700 784
1643710 783
1643720 783
1643730 782
1643740 783
1643750 783
1643760 783
1643770 783
1643780 783
1643790 782
1643800 781
1643810 781
1643820 780
1643830 780
1643840 778
1643850 778
1643860 775
1643870 772
1643880 772
1643890 770
1643900 767
1643910 767
1643920 767
1643930 767
1643940 767
1643950 766
1643960 767
1643970 767
1643980 766
1643990 765
1644000 765
1644010 765
1644020 763
1644030 761
1644040 761
1644050 761
1644060 761
1644070 761
1644080 763
1644090 766
1644100 766
1644110 770
1644120 774
1644130 774
1644140 777
1644150 778
1644160 776
1644170 776
1644180 772
1644190 770
1644200 770
1644210 772
1644220 774
1644230 774
1644240 774
1644250 774
1644260 774
1644270 772
1644280 770
1644290 770
1644300 767
1644310 761
1644320 759
1644330 759
1644340 757
1644350 755
1644360 755
1644370 751
1644380 751
1644390 751
1644400 752
1644410 751
1644420 751
1644430 751
1644440 750
1644450 749
1644460 749
1644470 748
1644480 746
1644490 746
1644500 745
1644510 744
1644520 744
1644530 742
1644540 740
1644550 740
1644560 738
1644570 735
1644580 735
1644590 734
1644600 733
1644610 734
1644620 734
1644630 735
1644640 735
1644650 735
1644660 735
1644670 735
1644680 735
1644690 735
1644700 736
1644710 736
1644720 738
1644730 741
1644740 741
1644750 742
1644760 742
1644770 741
1644780 741
1644790 741
1644800 742
1644810 742
1644820 742
1644830 742
1644840 742
1644850 741
1644860 742
1644870 742
1644880 742
1644890 741
1644900 740
1644910 740
1644920 740
1644930 740
1644940 740
1644950 739
1644960 738
1644970 738
1644980 734
1644990 729
1645000 729
1645010 723
1645020 719
1645030 719
1645040 716
1645050 712
1645060 707
1645070 707
1645080 703
1645090 701
1645100 701
1645110 700
1645120 699
1645130 699
1645140 696
1645150 694
1645160 694
1645170 693
1645180 692
1645190 692
1645200 692
1645210 692
1645220 692
1645230 692
1645240 692
1645250 692
1645260 692
1645270 693
1645280 693
1645290 693
1645300 693
1645310 693
1645320 693
1645330 694
1645340 695
1645350 696
1645360 696
1645370 696
1645380 697
1645390 697
1645400 699
1645410 704
1645420 704
1645430 709
1645440 713
1645450 713
1645460 718
1645470 722
1645480 722
1645490 727
1645500 729
1645510 729
1645520 729
1645530 728
1645540 726
1645550 726
1645560 722
1645570 719
1645580 719
1645590 716
1645600 713
1645610 713
1645620 711
1645630 710
1645640 710
1645650 710
1645660 709
1645670 707
1645680 707
1645690 705
1645700 703
1645710 703
1645720 702
1645730 701
1645740 701
1645750 700
1645760 700
1645770 700
1645780 701
1645790 702
1645800 703
1645810 703
1645820 705
1645830 706
1645840 706
1645850 707
1645860 706
1645870 705
1645880 704
1645890 703
1645900 703
1645910 701
1645920 699
1645930 699
1645940 696
1645950 694
1645960 692
1645970 692
1645980 690
1645990 688
1646000 688
1646010 686
1646020 685
1646030 685
1646040 685
1646050 685
1646060 685
1646070 684
1646080 684
1646090 684
1646100 684
1646110 684
1646120 685
1646130 685
1646140 685
1646150 688
1646160 688
1646170 690
1646180 692
1646190 692
1646200 694
1646210 697
1646220 697
1646230 701
1646240 707
1646250 712
1646260 712
1646270 714
1646280 712
1646290 712
1646300 708
1646310 703
1646320 703
1646330 698
1646340 695
1646350 695
1646360 693
1646370 689
1646380 689
1646390 688
1646400 688
1646410 688
1646420 688
1646430 690
1646440 691
1646450 691
1646460 691
1646470 691
1646480 691
1646490 691
1646500 690
1646510 690
1646520 688
1646530 692
1646540 692
1646550 692
1646560 691
1646570 691
1646580 691
1646590 689
1646600 687
1646610 687
1646620 686
1646630 687
1646640 687
1646650 687
1646660 686
1646670 686
1646680 685
1646690 684
1646700 685
1646710 685
1646720 686
1646730 687
1646740 687
1646750 689
1646760 692
1646770 692
1646780 694
1646790 695
1646800 695
1646810 694
1646820 694
1646830 694
1646840 693
1646850 691
1646860 690
1646870 690
1646880 689
1646890 689
1646900 689
1646910 688
1646920 688
1646930 688
1646940 687
1646950 687
1646960 687
1646970 685
1646980 682
1646990 682
1647000 680
1647010 677
1647020 673
1647030 673
1647040 670
1647050 666
1647060 666
1647070 663
1647080 660
1647090 660
1647100 661
1647110 661
1647120 661
1647130 659
1647140 659
1647150 661
1647160 661
1647170 663
1647180 663
1647190 663
1647200 661
1647210 662
1647220 662
1647230 664
1647240 665
1647250 665
1647260 665
1647270 667
1647280 667
1647290 667
1647300 669
1647310 670
1647320 670
1647330 672
1647340 673
1647350 673
1647360 673
1647370 676
1647380 676
1647390 677
1647400 678
1647410 678
1647420 677
1647430 677
1647440 677
1647450 678
1647460 678
1647470 678
1647480 678
1647490 677
1647500 677
1647510 677
1647520 679
1647530 683
1647540 683
1647550 685
1647560 685
1647570 685
1647580 683
1647590 681
1647600 681
1647610 681
1647620 682
1647630 684
1647640 684
1647650 686
1647660 687
1647670 687
1647680 690
1647690 693
1647700 693
1647710 697
1647720 700
1647730 700
1647740 702
1647750 703
1647760 704
1647770 704
1647780 703
1647790 703
1647800 703
1647810 701
1647820 701
1647830 701
1647840 700
1647850 700
1647860 700
1647870 698
1647880 695
1647890 695
1647900 691
1647910 687
1647920 686
1647930 686
1647940 685
1647950 684
1647960 684
1647970 683
1647980 679
1647990 679
1648000 675
1648010 671
1648020 671
1648030 668
1648040 666
1648050 666
1648060 664
1648070 660
1648080 656
1648090 656
1648100 653
1648110 651
1648120 651
1648130 647
1648140 645
1648150 645
1648160 644
1648170 643
1648180 643
1648190 639
1648200 639
1648210 638
1648220 638
1648230 634
1648240 633
1648250 633
1648260 631
1648270 630
1648280 630
1648290 630
1648300 632
1648310 632
1648320 633
1648330 634
1648340 634
1648350 635
1648360 635
1648370 635
1648380 635
1648390 635
1648400 636
1648410 636
1648420 636
1648430 636
1648440 636
1648450 636
1648460 635
1648470 635
1648480 635
1648490 635
1648500 635
1648510 634
1648520 634
1648530 634
1648540 634
1648550 633
1648560 631
1648570 631
1648580 629
1648590 626
1648600 626
1648610 624
1648620 624
1648630 624
1648640 626
1648650 630
1648660 635
1648670 635
1648680 638
1648690 641
1648700 641
1648710 643
1648720 644
1648730 644
1648740 644
1648750 648
1648760 648
1648770 652
1648780 650
1648790 650
1648800 647
1648810 646
1648820 646
1648830 646
1648840 644
1648850 643
1648860 643
1648870 644
1648880 644
1648890 644
1648900 645
1648910 647
1648920 647
1648930 647
1648940 647
1648950 647
1648960 646
1648970 647
1648980 648
1648990 648
1649000 650
1649010 650
1649020 650
1649030 651
1649040 651
1649050 651
1649060 652
1649070 651
1649080 651
1649090 649
1649100 647
1649110 645
1649120 645
1649130 643
1649140 642
1649150 642
1649160 642
1649170 642
1649180 642
1649190 641
1649200 640
1649210 640
1649220 637
1649230 635
1649240 635
1649250 632
1649260 629
1649270 625
1649280 625
1649290 621
1649300 618
1649310 618
1649320 616
1649330 614
1649340 614
1649350 611
1649360 607
1649370 607
1649380 600
1649390 594
1649400 594
1649410 589
1649420 585
1649430 579
1649440 579
1649450 574
1649460 569
1649470 569
1649480 565
1649490 561
1649500 561
1649510 560
1649520 561
1649530 561
1649540 561
1649550 564
1649560 566
1649570 566
1649580 566
1649590 569
1649600 569
1649610 570
1649620 570
1649630 570
1649640 569
1649650 566
1649660 566
1649670 566
1649680 566
1649690 566
1649700 562
1649710 558
1649720 558
1649730 558
1649740 561
1649750 567
1649760 567
1649770 572
1649780 577
1649790 577
1649800 581
1649810 585
1649820 585
1649830 589
1649840 592
1649850 592
1649860 593
1649870 593
1649880 593
1649890 593
1649900 593
1649910 592
1649920 592
1649930 591
1649940 588
1649950 588
1649960 587
1649970 586
1649980 586
1649990 588
1650000 591
1650010 593
1650020 593
1650030 595
1650040 597
1650050 597
1650060 600
1650070 603
1650080 603
1650090 606
1650100 609
1650110 609
1650120 614
1650130 618
1650140 618
1650150 622
1650160 625
1650170 629
1650180 629
1650190 633
1650200 638
1650210 638
1650220 643
1650230 648
1650240 648
1650250 653
1650260 660
1650270 660
1650280 667
1650290 673
1650300 673
1650310 678
1650320 680
1650330 680
1650340 680
1650350 678
1650360 674
1650370 674
1650380 670
1650390 667
1650400 667
1650410 665
1650420 665
1650430 665
1650440 664
1650450 665
1650460 668
1650470 668
1650480 667
1650490 670
1650500 670
1650510 671
1650520 672
1650530 672
1650540 672
1650550 672
1650560 672
1650570 674
1650580 676
1650590 676
1650600 676
1650610 676
1650620 677
1650630 677
1650640 677
1650650 677
1650660 677
1650670 676
1650680 675
1650690 675
1650700 673
1650710 671
1650720 671
1650730 669
1650740 667
1650750 667
1650760 665
1650770 663
1650780 660
1650790 660
1650800 656
1650810 650
1650820 650
1650830 643
1650840 637
1650850 637
1650860 632
1650870 626
1650880 626
1650890 622
1650900 617
1650910 620
1650920 620
1650930 626
1650940 631
1650950 631
1650960 636
1650970 643
1650980 643
1650990 648
1651000 653
1651010 653
1651020 656
1651030 658
1651040 658
1651050 660
1651060 659
1651070 649
1651080 649
1651090 650
1651100 650
1651110 650
1651120 650
1651130 649
1651140 649
1651150 647
1651160 645
1651170 645
1651180 643
1651190 641
1651200 641
1651210 639
1651220 636
1651230 629
1651240 629
1651250 627
1651260 624
1651270 624
1651280 621
1651290 619
1651300 619
1651310 616
1651320 614
1651330 614
1651340 612
1651350 610
1651360 608
1651370 608
1651380 606
1651390 605
1651400 605
1651410 604
1651420 604
1651430 604
1651440 604
1651450 604
1651460 604
1651470 605
1651480 606
1651490 606
1651500 607
1651510 608
1651520 609
1651530 609
1651540 611
1651550 612
1651560 612
1651570 613
1651580 615
1651590 615
1651600 616
1651610 618
1651620 618
1651630 620
1651640 622
1651650 622
1651660 624
1651670 627
1651680 630
1651690 630
1651700 633
1651710 636
1651720 636
1651730 639
1651740 642
1651750 642
1651760 645
1651770 648
1651780 648
1651790 650
1651800 652
1651810 654
1651820 654
1651830 655
1651840 656
1651850 656
1651860 656
1651870 656
1651880 656
1651890 656
1651900 655
1651910 655
1651920 655
1651930 655
1651940 655
1651950 655
1651960 656
1651970 656
1651980 656
1651990 654
1652000 655
1652010 655
1652020 655
1652030 656
1652040 656
1652050 656
1652060 656
1652070 656
1652080 656
1652090 656
1652100 656
1652110 656
1652120 656
1652130 656
1652140 656
1652150 656
1652160 656
1652170 656
1652180 657
1652190 657
1652200 657
1652210 657
1652220 657
1652230 657
1652240 657
1652250 657
1652260 657
1652270 657
1652280 656
1652290 656
1652300 656
1652310 655
1652320 654
1652330 654
1652340 653
1652350 652
1652360 652
1652370 651
1652380 651
1652390 651
1652400 651
1652410 651
1652420 652
1652430 652
1652440 653
1652450 654
1652460 654
1652470 656
1652480 657
1652490 657
1652500 659
1652510 660
1652520 660
1652530 661
1652540 662
1652550 662
