1640000 1227
1640010 1233
1640020 1233
1640030 1238
1640040 1244
1640050 1244
1640060 1250
1640070 1255
1640080 1255
1640090 1260
1640100 1266
1640110 1270
1640120 1270
1640130 1275
1640140 1279
1640150 1279
1640160 1283
1640170 1288
1640180 1288
1640190 1292
1640200 1296
1640210 1296
1640220 1300
1640230 1304
1640240 1309
1640250 1309
1640260 1312
1640270 1315
1640280 1315
1640290 1320
1640300 1324
1640310 1324
1640320 1328
1640330 1332
1640340 1332
1640350 1336
1640360 1339
1640370 1339
1640380 1341
1640390 1340
1640400 1340
1640410 1340
1640420 1339
1640430 1339
1640440 1339
1640450 1338
1640460 1336
1640470 1336
1640480 1335
1640490 1334
1640500 1334
1640510 1332
1640520 1331
1640530 1331
1640540 1329
1640550 1327
1640560 1325
1640570 1325
1640580 1324
1640590 1323
1640600 1323
1640610 1321
1640620 1320
1640630 1320
1640640 1320
1640650 1319
1640660 1319
1640670 1319
1640680 1318
1640690 1317
1640700 1317
1640710 1315
1640720 1314
1640730 1314
1640740 1313
1640750 1312
1640760 1312
1640770 1311
1640780 1309
1640790 1309
1640800 1308
1640810 1306
1640820 1306
1640830 1305
1640840 1304
1640850 1303
1640860 1303
1640870 1301
1640880 1298
1640890 1298
1640900 1294
1640910 1289
1640920 1289
1640930 1285
1640940 1280
1640950 1280
1640960 1275
1640970 1272
1640980 1272
1640990 1272
1641000 1272
1641010 1272
1641020 1272
1641030 1272
1641040 1272
1641050 1272
1641060 1273
1641070 1272
1641080 1273
1641090 1271
1641100 1269
1641110 1269
1641120 1265
1641130 1261
1641140 1256
1641150 1256
1641160 1252
1641170 1246
1641180 1246
1641190 1240
1641200 1235
1641210 1235
1641220 1229
1641230 1224
1641240 1224
1641250 1219
1641260 1213
1641270 1213
1641280 1207
1641290 1200
1641300 1193
1641310 1193
1641320 1185
1641330 1176
1641340 1176
1641350 1167
1641360 1160
1641370 1160
1641380 1151
1641390 1144
1641400 1144
1641410 1136
1641420 1130
1641430 1130
1641440 1128
1641450 1123
1641460 1113
1641470 1113
1641480 1101
1641490 1097
1641500 1097
1641510 1090
1641520 1078
1641530 1078
1641540 1070
1641550 1058
1641560 1058
1641570 1043
1641580 1033
1641590 1026
1641600 1026
1641610 1019
1641620 1011
1641630 1011
1641640 1002
1641650 994
1641660 994
1641670 985
1641680 976
1641690 976
1641700 968
1641710 960
1641720 960
1641730 956
1641740 954
1641750 952
1641760 952
1641770 949
1641780 947
1641790 947
1641800 944
1641810 942
1641820 942
1641830 940
1641840 939
1641850 939
1641860 941
1641870 944
1641880 940
1641890 942
1641900 944
1641910 944
1641920 944
1641930 945
1641940 943
1641950 943
1641960 943
1641970 944
1641980 944
1641990 945
1642000 947
1642010 947
1642020 947
1642030 945
1642040 945
1642050 945
1642060 949
1642070 953
1642080 953
1642090 957
1642100 962
1642110 962
1642120 968
1642130 975
1642140 975
1642150 982
1642160 989
1642170 989
1642180 996
1642190 1002
1642200 1006
1642210 1006
1642220 1010
1642230 1014
1642240 1014
1642250 1017
1642260 1020
1642270 1020
1642280 1025
1642290 1030
1642300 1030
1642310 1035
1642320 1039
1642330 1039
1642340 1042
1642350 1046
1642360 1049
1642370 1049
1642380 1050
1642390 1052
1642400 1052
1642410 1055
1642420 1058
1642430 1058
1642440 1058
1642450 1053
1642460 1053
1642470 1048
1642480 1043
1642490 1039
1642500 1039
1642510 1035
1642520 1030
1642530 1030
1642540 1025
1642550 1018
1642560 1018
1642570 1010
1642580 1003
1642590 1003
1642600 995
1642610 988
1642620 988
1642630 982
1642640 976
1642650 969
1642660 969
1642670 961
1642680 952
1642690 952
1642700 945
1642710 940
1642720 940
1642730 935
1642740 932
1642750 932
1642760 929
1642770 925
1642780 925
1642790 920
1642800 914
1642810 908
1642820 908
1642830 902
1642840 896
1642850 896
1642860 892
1642870 889
1642880 889
1642890 889
1642900 889
1642910 889
1642920 886
1642930 885
1642940 885
1642950 885
1642960 884
1642970 884
1642980 884
1642990 886
1643000 888
1643010 888
1643020 890
1643030 892
1643040 892
1643050 895
1643060 898
1643070 898
1643080 901
1643090 905
1643100 910
1643110 910
1643120 912
1643130 910
1643140 910
1643150 906
1643160 902
1643170 902
1643180 899
1643190 896
1643200 896
1643210 896
1643220 898
1643230 898
1643240 896
1643250 899
1643260 904
1643270 904
1643280 910
1643290 917
1643300 917
1643310 924
1643320 932
1643330 932
1643340 941
1643350 957
1643360 957
1643370 974
1643380 995
1643390 1007
1643400 1007
1643410 1016
1643420 1023
1643430 1023
1643440 1031
1643450 1040
1643460 1040
1643470 1052
1643480 1065
1643490 1065
1643500 1075
1643510 1083
1643520 1083
1643530 1089
1643540 1097
1643550 1103
1643560 1103
1643570 1107
1643580 1111
1643590 1111
1643600 1116
1643610 1120
1643620 1120
1643630 1125
1643640 1131
1643650 1131
1643660 1136
1643670 1142
1643680 1142
1643690 1147
1643700 1150
1643710 1153
1643720 1153
1643730 1154
1643740 1152
1643750 1152
1643760 1148
1643770 1145
1643780 1145
1643790 1141
1643800 1137
1643810 1137
1643820 1133
1643830 1129
1643840 1124
1643850 1124
1643860 1121
1643870 1117
1643880 1117
1643890 1113
1643900 1110
1643910 1110
1643920 1107
1643930 1104
1643940 1104
1643950 1101
1643960 1099
1643970 1099
1643980 1097
1643990 1097
1644000 1097
1644010 1097
1644020 1098
1644030 1098
1644040 1098
1644050 1096
1644060 1094
1644070 1094
1644080 1089
1644090 1083
1644100 1083
1644110 1076
1644120 1068
1644130 1068
1644140 1062
1644150 1057
1644160 1052
1644170 1052
1644180 1047
1644190 1042
1644200 1042
1644210 1038
1644220 1033
1644230 1033
1644240 1028
1644250 1023
1644260 1026
1644270 1023
1644280 1021
1644290 1018
1644300 1018
1644310 1015
1644320 1012
1644330 1012
1644340 1006
1644350 1003
1644360 1003
1644370 999
1644380 991
1644390 991
1644400 983
1644410 972
1644420 972
1644430 962
1644440 954
1644450 945
1644460 945
1644470 937
1644480 928
1644490 928
1644500 921
1644510 913
1644520 913
1644530 905
1644540 899
1644550 899
1644560 893
1644570 892
1644580 892
1644590 895
1644600 898
1644610 900
1644620 900
1644630 903
1644640 907
1644650 907
1644660 909
1644670 910
1644680 910
1644690 909
1644700 908
1644710 908
1644720 906
1644730 906
1644740 910
1644750 910
1644760 917
1644770 924
1644780 924
1644790 928
1644800 930
1644810 930
1644820 933
1644830 935
1644840 935
1644850 936
1644860 937
1644870 937
1644880 938
1644890 937
1644900 938
1644910 938
1644920 938
1644930 938
1644940 938
1644950 937
1644960 938
1644970 938
1644980 940
1644990 942
1645000 942
1645010 944
1645020 945
1645030 945
1645040 938
1645050 939
1645060 940
1645070 940
1645080 942
1645090 942
1645100 942
1645110 942
1645120 943
1645130 943
1645140 943
1645150 944
1645160 944
1645170 944
1645180 944
1645190 942
1645200 942
1645210 938
1645220 930
1645230 930
1645240 923
1645250 918
1645260 918
1645270 919
1645280 923
1645290 923
1645300 927
1645310 933
1645320 933
1645330 937
1645340 938
1645350 937
1645360 937
1645370 936
1645380 934
1645390 934
1645400 932
1645410 929
1645420 929
1645430 927
1645440 925
1645450 925
1645460 922
1645470 921
1645480 921
1645490 919
1645500 917
1645510 916
1645520 916
1645530 914
1645540 912
1645550 912
1645560 909
1645570 907
1645580 907
1645590 904
1645600 901
1645610 901
1645620 897
1645630 893
1645640 888
1645650 888
1645660 882
1645670 879
1645680 879
1645690 876
1645700 874
1645710 874
1645720 872
1645730 869
1645740 869
1645750 866
1645760 863
1645770 863
1645780 860
1645790 856
1645800 854
1645810 854
1645820 852
1645830 852
1645840 852
1645850 851
1645860 849
1645870 849
1645880 848
1645890 849
1645900 849
1645910 849
1645920 849
1645930 849
1645940 848
1645950 846
1645960 846
1645970 846
1645980 846
1645990 843
1646000 843
1646010 841
1646020 838
1646030 838
1646040 835
1646050 833
1646060 833
1646070 831
1646080 830
1646090 828
1646100 828
1646110 826
1646120 824
1646130 824
1646140 821
1646150 819
1646160 819
1646170 818
1646180 817
1646190 817
1646200 816
1646210 814
1646220 814
1646230 811
1646240 805
1646250 800
1646260 800
1646270 797
1646280 796
1646290 796
1646300 795
1646310 796
1646320 796
1646330 797
1646340 797
1646350 797
1646360 799
1646370 799
1646380 799
1646390 799
1646400 797
1646410 794
1646420 794
1646430 787
1646440 778
1646450 778
1646460 773
1646470 769
1646480 769
1646490 771
1646500 772
1646510 772
1646520 774
1646530 776
1646540 777
1646550 777
1646560 780
1646570 782
1646580 782
1646590 782
1646600 777
1646610 777
1646620 778
1646630 781
1646640 781
1646650 784
1646660 785
1646670 785
1646680 786
1646690 786
1646700 786
1646710 786
1646720 789
1646730 790
1646740 790
1646750 792
1646760 796
1646770 796
1646780 799
1646790 801
1646800 801
1646810 805
1646820 810
1646830 810
1646840 813
1646850 816
1646860 818
1646870 818
1646880 820
1646890 821
1646900 821
1646910 823
1646920 826
1646930 826
1646940 828
1646950 832
1646960 832
1646970 835
1646980 837
1646990 839
1647000 839
1647010 841
1647020 842
1647030 842
1647040 844
1647050 846
1647060 846
1647070 851
1647080 856
1647090 856
1647100 860
1647110 865
1647120 865
1647130 869
1647140 874
1647150 878
1647160 878
1647170 883
1647180 888
1647190 888
1647200 891
1647210 893
1647220 893
1647230 898
1647240 903
1647250 903
1647260 904
1647270 905
1647280 905
1647290 907
1647300 908
1647310 908
1647320 908
1647330 907
1647340 907
1647350 907
1647360 906
1647370 899
1647380 899
1647390 899
1647400 898
1647410 898
1647420 897
1647430 894
1647440 890
1647450 890
1647460 888
1647470 885
1647480 885
1647490 882
1647500 879
1647510 879
1647520 876
1647530 872
1647540 872
1647550 870
1647560 870
1647570 870
1647580 871
1647590 872
1647600 873
1647610 873
1647620 874
1647630 876
1647640 876
1647650 877
1647660 878
1647670 878
1647680 880
1647690 882
1647700 882
1647710 885
1647720 887
1647730 887
1647740 890
1647750 892
1647760 894
1647770 894
1647780 895
1647790 896
1647800 896
1647810 897
1647820 898
1647830 898
1647840 898
1647850 898
1647860 898
1647870 898
1647880 896
1647890 895
1647900 895
1647910 894
1647920 891
1647930 891
1647940 887
1647950 884
1647960 884
1647970 881
1647980 876
1647990 876
1648000 871
1648010 866
1648020 866
1648030 864
1648040 860
1648050 855
1648060 855
1648070 847
1648080 840
1648090 840
1648100 836
1648110 833
1648120 833
1648130 828
1648140 817
1648150 817
1648160 814
1648170 810
1648180 810
1648190 804
1648200 797
1648210 793
1648220 793
1648230 789
1648240 782
1648250 782
1648260 781
1648270 782
1648280 782
1648290 782
1648300 783
1648310 783
1648320 783
1648330 783
1648340 783
1648350 783
1648360 782
1648370 783
1648380 783
1648390 783
1648400 782
1648410 782
1648420 782
1648430 780
1648440 780
1648450 777
1648460 776
1648470 776
1648480 776
1648490 777
1648500 777
1648510 777
1648520 778
1648530 778
1648540 778
1648550 778
1648560 779
1648570 779
1648580 780
1648590 781
1648600 781
1648610 781
1648620 780
1648630 780
1648640 777
1648650 775
1648660 773
1648670 773
1648680 771
1648690 771
1648700 771
1648710 772
1648720 771
1648730 771
1648740 770
1648750 769
1648760 769
1648770 767
1648780 765
1648790 765
1648800 765
1648810 764
1648820 763
1648830 763
1648840 763
1648850 761
1648860 761
1648870 758
1648880 756
1648890 756
1648900 753
1648910 748
1648920 748
1648930 745
1648940 744
1648950 742
1648960 742
1648970 740
1648980 738
1648990 738
1649000 736
1649010 734
1649020 734
1649030 732
1649040 730
1649050 730
1649060 728
1649070 725
1649080 725
1649090 722
1649100 718
1649110 713
1649120 713
1649130 708
1649140 703
1649150 703
1649160 699
1649170 698
1649180 698
1649190 699
1649200 700
1649210 700
1649220 702
1649230 702
1649240 701
1649250 701
1649260 700
1649270 699
1649280 699
1649290 697
1649300 696
1649310 696
1649320 694
1649330 693
1649340 693
1649350 690
1649360 690
1649370 690
1649380 693
1649390 694
1649400 695
1649410 695
1649420 694
1649430 694
1649440 694
1649450 693
1649460 692
1649470 692
1649480 692
1649490 691
1649500 691
1649510 689
1649520 689
1649530 689
1649540 687
1649550 685
1649560 683
1649570 683
1649580 681
1649590 678
1649600 678
1649610 675
1649620 673
1649630 673
1649640 671
1649650 668
1649660 668
1649670 667
1649680 665
1649690 662
1649700 662
1649710 660
1649720 660
1649730 660
1649740 658
1649750 659
1649760 659
1649770 661
1649780 662
1649790 662
1649800 661
1649810 660
1649820 660
1649830 657
1649840 656
1649850 654
1649860 654
1649870 653
1649880 652
1649890 652
1649900 650
1649910 648
1649920 648
1649930 646
1649940 644
1649950 644
1649960 641
1649970 638
1649980 638
1649990 636
1650000 636
1650010 635
1650020 635
1650030 633
1650040 630
1650050 630
1650060 629
1650070 628
1650080 628
1650090 628
1650100 627
1650110 627
1650120 627
1650130 627
1650140 627
1650150 627
1650160 628
1650170 628
1650180 628
1650190 629
1650200 631
1650210 631
1650220 632
1650230 631
1650240 631
1650250 631
1650260 632
1650270 632
1650280 634
1650290 635
1650300 637
1650310 637
1650320 639
1650330 640
1650340 640
1650350 642
1650360 646
1650370 646
1650380 649
1650390 652
1650400 652
1650410 656
1650420 660
1650430 656
1650440 658
1650450 660
1650460 665
1650470 665
1650480 669
1650490 673
1650500 673
1650510 676
1650520 677
1650530 677
1650540 679
1650550 681
1650560 681
1650570 683
1650580 685
1650590 686
1650600 686
1650610 687
1650620 688
1650630 688
1650640 689
1650650 690
1650660 690
1650670 692
1650680 694
1650690 694
1650700 696
1650710 699
1650720 699
1650730 702
1650740 704
1650750 706
1650760 706
1650770 708
1650780 710
1650790 710
1650800 713
1650810 714
1650820 714
1650830 717
1650840 719
1650850 719
1650860 722
1650870 724
1650880 724
1650890 726
1650900 727
1650910 726
1650920 726
1650930 724
1650940 719
1650950 719
1650960 713
1650970 708
1650980 708
1650990 703
1651000 699
1651010 699
1651020 696
1651030 692
1651040 689
1651050 689
1651060 689
1651070 685
1651080 685
1651090 681
1651100 677
1651110 677
1651120 674
1651130 670
1651140 670
1651150 667
1651160 664
1651170 664
1651180 663
1651190 661
1651200 659
1651210 659
1651220 657
1651230 655
1651240 655
1651250 654
1651260 654
1651270 654
1651280 654
1651290 654
1651300 654
1651310 655
1651320 656
1651330 656
1651340 657
1651350 659
1651360 661
1651370 661
1651380 664
1651390 666
1651400 666
1651410 669
1651420 671
1651430 671
1651440 672
1651450 674
1651460 674
1651470 675
1651480 675
1651490 675
1651500 675
1651510 675
1651520 674
1651530 674
1651540 673
1651550 671
1651560 671
1651570 669
1651580 666
1651590 666
1651600 663
1651610 660
1651620 660
1651630 658
1651640 655
1651650 651
1651660 651
1651670 648
1651680 645
1651690 645
1651700 641
1651710 637
1651720 637
1651730 634
1651740 631
1651750 631
1651760 628
1651770 625
1651780 625
1651790 623
1651800 622
1651810 620
1651820 620
1651830 620
1651840 620
1651850 620
1651860 621
1651870 622
1651880 622
1651890 624
1651900 626
1651910 626
1651920 627
1651930 629
1651940 635
1651950 635
1651960 637
1651970 639
1651980 639
1651990 641
1652000 643
1652010 643
1652020 645
1652030 648
1652040 648
1652050 651
1652060 654
1652070 654
1652080 657
