1640000 510
1640010 510
1640020 511
1640030 510
1640040 510
1640050 510
1640060 510
1640070 510
1640080 510
1640090 510
1640100 510
1640110 510
1640120 510
1640130 510
1640140 510
1640150 510
1640160 510
1640170 510
1640180 510
1640190 510
1640200 511
1640210 511
1640220 511
1640230 512
1640240 512
1640250 514
1640260 517
1640270 517
1640280 518
1640290 518
1640300 518
1640310 517
1640320 516
1640330 514
1640340 514
1640350 512
1640360 511
1640370 511
1640380 510
1640390 510
1640400 510
1640410 510
1640420 510
1640430 510
1640440 510
1640450 510
1640460 510
1640470 510
1640480 510
1640490 510
1640500 510
1640510 510
1640520 510
1640530 510
1640540 510
1640550 510
1640560 510
1640570 510
1640580 510
1640590 510
1640600 510
1640610 510
1640620 510
1640630 510
1640640 510
1640650 510
1640660 510
1640670 509
1640680 509
1640690 509
1640700 510
1640710 510
1640720 510
1640730 510
1640740 510
1640750 510
1640760 510
1640770 509
1640780 509
1640790 509
1640800 510
1640810 510
1640820 510
1640830 509
1640840 509
1640850 509
1640860 509
1640870 509
1640880 509
1640890 509
1640900 509
1640910 509
1640920 509
1640930 509
1640940 509
1640950 509
1640960 509
1640970 509
1640980 509
1640990 509
1641000 509
1641010 509
1641020 509
1641030 509
1641040 509
1641050 509
1641060 509
1641070 509
1641080 509
1641090 509
1641100 509
1641110 509
1641120 509
1641130 509
1641140 509
1641150 509
1641160 508
1641170 508
1641180 508
1641190 508
1641200 508
1641210 508
1641220 508
1641230 508
1641240 507
1641250 507
1641260 507
1641270 507
1641280 507
1641290 507
1641300 507
1641310 507
1641320 507
1641330 507
1641340 507
1641350 507
1641360 507
1641370 506
1641380 506
1641390 506
1641400 506
1641410 506
1641420 506
1641430 506
1641440 506
1641450 506
1641460 506
1641470 506
1641480 506
1641490 506
1641500 506
1641510 506
1641520 506
1641530 506
1641540 506
1641550 506
1641560 506
1641570 507
1641580 507
1641590 507
1641600 507
1641610 507
1641620 507
1641630 508
1641640 509
1641650 509
1641660 510
1641670 508
1641680 508
1641690 509
1641700 510
1641710 510
1641720 510
1641730 511
1641740 512
1641750 512
1641760 512
1641770 512
1641780 512
1641790 512
1641800 512
1641810 512
1641820 512
1641830 512
1641840 512
1641850 511
1641860 511
1641870 510
1641880 510
1641890 509
1641900 509
1641910 509
1641920 508
1641930 507
1641940 507
1641950 507
1641960 506
1641970 506
1641980 507
1641990 507
1642000 507
1642010 507
1642020 507
1642030 507
1642040 507
1642050 508
1642060 509
1642070 509
1642080 510
1642090 512
1642100 512
1642110 514
1642120 515
1642130 515
1642140 517
1642150 518
1642160 520
1642170 520
1642180 521
1642190 522
1642200 522
1642210 524
1642220 526
1642230 526
1642240 528
1642250 530
1642260 530
1642270 532
1642280 534
1642290 534
1642300 537
1642310 540
1642320 543
1642330 543
1642340 545
1642350 546
1642360 546
1642370 548
1642380 549
1642390 549
1642400 549
1642410 550
1642420 550
1642430 550
1642440 551
1642450 551
1642460 551
1642470 549
1642480 548
1642490 548
1642500 547
1642510 546
1642520 546
1642530 543
1642540 538
1642550 538
1642560 534
1642570 531
1642580 531
1642590 528
1642600 526
1642610 519
1642620 519
1642630 512
1642640 508
1642650 508
1642660 507
1642670 506
1642680 506
1642690 507
1642700 507
1642710 507
1642720 507
1642730 507
1642740 507
1642750 508
1642760 508
1642770 507
1642780 507
1642790 507
1642800 507
1642810 507
1642820 507
1642830 507
1642840 507
1642850 508
1642860 509
1642870 509
1642880 510
1642890 510
1642900 510
1642910 509
1642920 510
1642930 510
1642940 510
1642950 510
1642960 511
1642970 511
1642980 511
1642990 511
1643000 511
1643010 511
1643020 511
1643030 511
1643040 512
1643050 512
1643060 512
1643070 512
1643080 512
1643090 512
1643100 512
1643110 512
1643120 512
1643130 512
1643140 513
1643150 513
1643160 513
1643170 513
1643180 513
1643190 513
1643200 513
1643210 513
1643220 514
1643230 514
1643240 514
1643250 514
1643260 514
1643270 514
1643280 514
1643290 514
1643300 514
1643310 514
1643320 514
1643330 515
1643340 515
1643350 515
1643360 515
1643370 516
1643380 516
1643390 516
1643400 516
1643410 516
1643420 516
1643430 516
1643440 516
1643450 516
1643460 516
1643470 516
1643480 516
1643490 516
1643500 516
1643510 516
1643520 516
1643530 516
1643540 517
1643550 517
1643560 517
1643570 517
1643580 517
1643590 517
1643600 517
1643610 517
1643620 517
1643630 517
1643640 517
1643650 517
1643660 517
1643670 517
1643680 517
1643690 517
1643700 517
1643710 517
1643720 517
1643730 517
1643740 517
1643750 518
1643760 518
1643770 518
1643780 518
1643790 518
1643800 518
1643810 518
1643820 518
1643830 518
1643840 518
1643850 518
1643860 518
1643870 518
1643880 518
1643890 518
1643900 518
1643910 519
1643920 519
1643930 519
1643940 519
1643950 518
1643960 518
1643970 519
1643980 519
1643990 519
1644000 519
1644010 519
1644020 519
1644030 519
1644040 519
1644050 518
1644060 518
1644070 518
1644080 519
1644090 519
1644100 519
1644110 518
1644120 518
1644130 519
1644140 519
1644150 518
1644160 518
1644170 518
1644180 518
1644190 518
1644200 518
1644210 519
1644220 519
1644230 519
1644240 519
1644250 519
1644260 518
1644270 518
1644280 518
1644290 519
1644300 518
1644310 519
1644320 519
1644330 519
1644340 519
1644350 519
1644360 519
1644370 518
1644380 518
1644390 518
1644400 518
1644410 518
1644420 518
1644430 518
1644440 518
1644450 518
1644460 518
1644470 518
1644480 518
1644490 518
1644500 518
1644510 518
1644520 518
1644530 518
1644540 518
1644550 518
1644560 518
1644570 518
1644580 518
1644590 517
1644600 517
1644610 517
1644620 517
1644630 517
1644640 517
1644650 517
1644660 517
1644670 517
1644680 516
1644690 516
1644700 516
1644710 516
1644720 516
1644730 516
1644740 515
1644750 515
1644760 515
1644770 515
1644780 515
1644790 515
1644800 515
1644810 515
1644820 515
1644830 515
1644840 515
1644850 515
1644860 515
1644870 515
1644880 515
1644890 515
1644900 515
1644910 515
1644920 516
1644930 516
1644940 516
1644950 516
1644960 516
1644970 516
1644980 516
1644990 516
1645000 516
1645010 516
1645020 516
1645030 516
1645040 516
1645050 516
1645060 516
1645070 516
1645080 516
1645090 516
1645100 516
1645110 516
1645120 516
1645130 516
1645140 516
1645150 516
1645160 516
1645170 516
1645180 516
1645190 516
1645200 516
1645210 516
1645220 516
1645230 515
1645240 514
1645250 514
1645260 514
1645270 513
1645280 513
1645290 513
1645300 513
1645310 513
1645320 513
1645330 512
1645340 512
1645350 512
1645360 512
1645370 512
1645380 512
1645390 512
1645400 513
1645410 513
1645420 512
1645430 512
1645440 512
1645450 512
1645460 512
1645470 512
1645480 512
1645490 512
1645500 512
1645510 512
1645520 511
1645530 511
1645540 511
1645550 511
1645560 511
1645570 511
1645580 511
1645590 510
1645600 510
1645610 510
1645620 510
1645630 510
1645640 510
1645650 510
1645660 510
1645670 510
1645680 509
1645690 509
1645700 509
1645710 509
1645720 508
1645730 508
1645740 508
1645750 508
1645760 508
1645770 508
1645780 508
1645790 508
1645800 507
1645810 507
1645820 507
1645830 507
1645840 507
1645850 507
1645860 507
1645870 507
1645880 507
1645890 507
1645900 506
1645910 506
1645920 506
1645930 506
1645940 506
1645950 506
1645960 505
1645970 505
1645980 505
1645990 505
1646000 505
1646010 505
1646020 505
1646030 505
1646040 504
1646050 504
1646060 504
1646070 504
1646080 504
1646090 504
1646100 503
1646110 503
1646120 503
1646130 503
1646140 503
1646150 503
1646160 502
1646170 502
1646180 502
1646190 502
1646200 503
1646210 503
1646220 502
1646230 502
1646240 502
1646250 501
1646260 501
1646270 501
1646280 501
1646290 501
1646300 501
1646310 501
1646320 501
1646330 500
1646340 500
1646350 500
1646360 500
1646370 500
1646380 500
1646390 500
1646400 499
1646410 499
1646420 499
1646430 499
1646440 499
1646450 499
1646460 499
1646470 499
1646480 499
1646490 499
1646500 499
1646510 498
1646520 498
1646530 498
1646540 498
1646550 498
1646560 498
1646570 497
1646580 497
1646590 497
1646600 497
1646610 497
1646620 497
1646630 497
1646640 496
1646650 496
1646660 496
1646670 496
1646680 496
1646690 496
1646700 496
1646710 496
1646720 496
1646730 496
1646740 496
1646750 495
1646760 495
1646770 495
1646780 495
1646790 495
1646800 495
1646810 495
1646820 495
1646830 494
1646840 494
1646850 494
1646860 494
1646870 494
1646880 494
1646890 494
1646900 494
1646910 494
1646920 494
1646930 493
1646940 493
1646950 493
1646960 493
1646970 493
1646980 493
1646990 493
1647000 493
1647010 493
1647020 493
1647030 493
1647040 493
1647050 493
1647060 493
1647070 493
1647080 493
1647090 493
1647100 493
1647110 493
1647120 493
1647130 492
1647140 492
1647150 492
1647160 491
1647170 491
1647180 491
1647190 491
1647200 488
1647210 488
1647220 484
1647230 483
1647240 483
1647250 484
1647260 483
1647270 483
1647280 484
1647290 489
1647300 489
1647310 491
1647320 491
1647330 491
1647340 491
1647350 491
1647360 491
1647370 491
1647380 491
1647390 491
1647400 491
1647410 490
1647420 490
1647430 490
1647440 490
1647450 490
1647460 490
1647470 490
1647480 490
1647490 490
1647500 490
1647510 489
1647520 490
1647530 490
1647540 490
1647550 489
1647560 489
1647570 489
1647580 489
1647590 489
1647600 489
1647610 489
1647620 489
1647630 489
1647640 489
1647650 488
1647660 488
1647670 488
1647680 488
1647690 488
1647700 488
1647710 488
1647720 488
1647730 488
1647740 488
1647750 488
1647760 488
1647770 487
1647780 487
1647790 487
1647800 487
1647810 487
1647820 487
1647830 487
1647840 487
1647850 487
1647860 486
1647870 486
1647880 486
1647890 486
1647900 486
1647910 486
1647920 486
1647930 486
1647940 486
1647950 486
1647960 486
1647970 486
1647980 486
1647990 486
1648000 486
1648010 486
1648020 486
1648030 486
1648040 486
1648050 486
1648060 486
1648070 486
1648080 486
1648090 486
1648100 486
1648110 486
1648120 486
1648130 486
1648140 486
1648150 486
1648160 486
1648170 486
1648180 486
1648190 486
1648200 486
1648210 486
1648220 486
1648230 486
1648240 486
1648250 486
1648260 486
1648270 486
1648280 486
1648290 486
1648300 486
1648310 487
1648320 487
1648330 487
1648340 486
1648350 485
1648360 485
1648370 485
1648380 485
1648390 485
1648400 486
1648410 486
1648420 486
1648430 486
1648440 486
1648450 485
1648460 485
1648470 485
1648480 485
1648490 485
1648500 485
1648510 485
1648520 485
1648530 485
1648540 485
1648550 485
1648560 485
1648570 485
1648580 485
1648590 485
1648600 485
1648610 485
1648620 485
1648630 485
1648640 485
1648650 485
1648660 485
1648670 485
1648680 485
1648690 485
1648700 485
1648710 485
1648720 485
1648730 485
1648740 485
1648750 485
1648760 484
1648770 484
1648780 484
1648790 484
1648800 484
1648810 484
1648820 484
1648830 484
1648840 484
1648850 484
1648860 484
1648870 484
1648880 484
1648890 484
1648900 484
1648910 484
1648920 484
1648930 484
1648940 484
1648950 485
1648960 485
1648970 485
1648980 486
1648990 486
1649000 486
1649010 487
1649020 487
1649030 489
1649040 489
1649050 491
1649060 493
1649070 493
1649080 495
1649090 498
1649100 498
1649110 499
1649120 501
1649130 501
1649140 502
1649150 503
1649160 503
1649170 503
1649180 503
1649190 504
1649200 504
1649210 503
1649220 503
1649230 503
1649240 503
1649250 503
1649260 503
1649270 503
1649280 504
1649290 504
1649300 505
1649310 506
1649320 506
1649330 507
1649340 508
1649350 507
1649360 507
1649370 506
1649380 505
1649390 505
1649400 504
1649410 504
1649420 504
1649430 503
1649440 501
1649450 501
1649460 500
1649470 498
1649480 496
1649490 496
1649500 494
1649510 492
1649520 492
1649530 491
1649540 489
1649550 489
1649560 486
1649570 483
1649580 483
1649590 481
1649600 481
1649610 481
1649620 481
1649630 481
1649640 481
1649650 481
1649660 481
1649670 481
1649680 481
1649690 481
1649700 481
1649710 481
1649720 481
1649730 481
1649740 481
1649750 481
1649760 481
1649770 481
1649780 481
1649790 481
1649800 481
1649810 481
1649820 481
1649830 481
1649840 481
1649850 481
1649860 481
1649870 481
1649880 481
1649890 481
1649900 481
1649910 481
1649920 481
1649930 481
1649940 481
1649950 481
1649960 482
1649970 482
1649980 482
1649990 482
1650000 482
1650010 482
1650020 481
1650030 481
1650040 481
1650050 481
1650060 481
1650070 481
1650080 481
1650090 481
1650100 481
1650110 482
1650120 482
1650130 482
1650140 482
1650150 482
1650160 482
1650170 482
1650180 482
1650190 482
1650200 482
1650210 482
1650220 482
1650230 483
1650240 483
1650250 483
1650260 483
1650270 483
1650280 483
1650290 483
1650300 483
1650310 483
1650320 483
1650330 483
1650340 483
1650350 483
1650360 483
1650370 483
1650380 483
1650390 482
1650400 482
1650410 483
1650420 483
1650430 483
1650440 483
1650450 483
1650460 483
1650470 483
1650480 483
1650490 483
1650500 483
1650510 483
1650520 483
1650530 483
1650540 483
1650550 483
1650560 484
1650570 484
1650580 484
1650590 484
1650600 484
1650610 484
1650620 484
1650630 484
1650640 484
1650650 484
1650660 484
1650670 484
1650680 484
1650690 484
1650700 484
1650710 484
1650720 484
1650730 484
1650740 484
1650750 484
1650760 484
1650770 484
1650780 484
1650790 485
1650800 485
1650810 485
1650820 485
1650830 485
1650840 486
1650850 488
1650860 489
1650870 489
1650880 490
1650890 490
1650900 490
1650910 489
1650920 489
1650930 489
1650940 488
1650950 487
1650960 487
1650970 486
1650980 485
1650990 485
1651000 485
1651010 485
1651020 485
1651030 485
1651040 485
1651050 485
1651060 485
1651070 485
1651080 485
1651090 485
1651100 486
1651110 486
1651120 486
1651130 486
1651140 486
1651150 486
1651160 486
1651170 486
1651180 486
1651190 486
1651200 486
1651210 486
1651220 486
1651230 487
1651240 487
1651250 487
1651260 487
1651270 487
1651280 487
1651290 487
1651300 487
1651310 487
1651320 487
1651330 487
1651340 487
1651350 487
1651360 487
1651370 487
1651380 487
1651390 487
1651400 488
1651410 488
1651420 488
1651430 489
1651440 489
1651450 490
1651460 490
1651470 491
1651480 491
1651490 492
1651500 492
1651510 492
1651520 493
1651530 494
1651540 494
1651550 495
1651560 496
1651570 496
1651580 497
1651590 498
1651600 498
1651610 499
1651620 500
1651630 502
1651640 502
1651650 503
1651660 505
1651670 505
1651680 506
1651690 508
1651700 508
1651710 510
1651720 511
1651730 511
1651740 513
1651750 516
1651760 516
1651770 517
1651780 519
1651790 520
1651800 520
1651810 522
1651820 523
1651830 523
1651840 524
1651850 525
1651860 525
1651870 525
1651880 525
1651890 525
1651900 524
1651910 524
1651920 523
1651930 523
1651940 522
1651950 521
1651960 521
1651970 520
1651980 519
1651990 519
1652000 519
1652010 518
1652020 518
1652030 518
1652040 518
1652050 518
1652060 518
1652070 518
1652080 519
1652090 519
1652100 519
1652110 519
1652120 519
1652130 519
1652140 518
1652150 518
1652160 518
1652170 517
1652180 517
1652190 515
1652200 514
1652210 514
1652220 513
1652230 511
1652240 509
1652250 509
1652260 508
1652270 506
1652280 506
1652290 505
1652300 503
1652310 503
1652320 502
1652330 501
1652340 501
1652350 500
1652360 499
1652370 499
1652380 499
1652390 498
1652400 498
1652410 498
1652420 498
1652430 498
1652440 498
1652450 497
1652460 497
1652470 497
1652480 498
1652490 498
1652500 498
1652510 498
1652520 499
1652530 500
1652540 500
1652550 502
1652560 505
1652570 505
1652580 507
1652590 507
1652600 507
1652610 507
1652620 507
1652630 507
1652640 507
1652650 507
1652660 507
1652670 507
1652680 507
1652690 508
1652700 508
1652710 509
1652720 509
1652730 509
1652740 510
1652750 511
1652760 511
1652770 512
1652780 513
1652790 513
1652800 513
1652810 513
1652820 513
1652830 514
1652840 513
1652850 513
1652860 513
1652870 513
1652880 513
1652890 513
1652900 514
1652910 514
1652920 514
1652930 515
1652940 516
1652950 516
1652960 517
1652970 518
1652980 518
1652990 519
1653000 520
1653010 522
1653020 522
1653030 523
1653040 525
1653050 525
1653060 526
1653070 528
1653080 528
1653090 530
1653100 531
1653110 531
1653120 532
1653130 533
1653140 534
1653150 534
1653160 533
1653170 533
1653180 533
1653190 532
1653200 531
1653210 531
1653220 530
1653230 529
1653240 529
1653250 527
1653260 526
1653270 526
1653280 524
1653290 522
1653300 521
1653310 521
1653320 519
1653330 517
1653340 517
1653350 514
1653360 511
1653370 511
1653380 508
1653390 506
1653400 506
1653410 504
