1640000 502
1640010 502
1640020 502
1640030 502
1640040 502
1640050 502
1640060 502
1640070 502
1640080 502
1640090 502
1640100 502
1640110 502
1640120 502
1640130 501
1640140 501
1640150 501
1640160 501
1640170 501
1640180 501
1640190 502
1640200 502
1640210 502
1640220 502
1640230 502
1640240 502
1640250 502
1640260 502
1640270 502
1640280 503
1640290 503
1640300 503
1640310 503
1640320 503
1640330 503
1640340 503
1640350 503
1640360 503
1640370 503
1640380 503
1640390 503
1640400 503
1640410 503
1640420 503
1640430 503
1640440 503
1640450 503
1640460 503
1640470 503
1640480 502
1640490 502
1640500 502
1640510 502
1640520 502
1640530 502
1640540 502
1640550 502
1640560 502
1640570 502
1640580 502
1640590 502
1640600 502
1640610 502
1640620 502
1640630 502
1640640 502
1640650 502
1640660 502
1640670 502
1640680 502
1640690 502
1640700 502
1640710 502
1640720 502
1640730 502
1640740 502
1640750 502
1640760 502
1640770 502
1640780 501
1640790 501
1640800 501
1640810 501
1640820 501
1640830 501
1640840 501
1640850 501
1640860 501
1640870 501
1640880 501
1640890 501
1640900 501
1640910 501
1640920 501
1640930 501
1640940 501
1640950 501
1640960 501
1640970 501
1640980 501
1640990 501
1641000 501
1641010 501
1641020 501
1641030 501
1641040 501
1641050 501
1641060 501
1641070 501
1641080 501
1641090 500
1641100 500
1641110 500
1641120 500
1641130 501
1641140 501
1641150 501
1641160 501
1641170 501
1641180 501
1641190 500
1641200 500
1641210 500
1641220 500
1641230 500
1641240 500
1641250 499
1641260 499
1641270 499
1641280 499
1641290 499
1641300 499
1641310 499
1641320 499
1641330 499
1641340 499
1641350 499
1641360 499
1641370 499
1641380 499
1641390 499
1641400 499
1641410 499
1641420 499
1641430 499
1641440 499
1641450 499
1641460 499
1641470 499
1641480 499
1641490 499
1641500 499
1641510 500
1641520 500
1641530 499
1641540 499
1641550 499
1641560 499
1641570 499
1641580 499
1641590 499
1641600 499
1641610 499
1641620 499
1641630 499
1641640 499
1641650 499
1641660 499
1641670 499
1641680 499
1641690 499
1641700 499
1641710 499
1641720 499
1641730 499
1641740 499
1641750 499
1641760 499
1641770 499
1641780 499
1641790 498
1641800 499
1641810 499
1641820 498
1641830 498
1641840 498
1641850 498
1641860 499
1641870 499
1641880 499
1641890 499
1641900 498
1641910 498
1641920 498
1641930 498
1641940 498
1641950 498
1641960 498
1641970 498
1641980 498
1641990 498
1642000 498
1642010 498
1642020 498
1642030 498
1642040 498
1642050 498
1642060 498
1642070 498
1642080 498
1642090 498
1642100 498
1642110 498
1642120 498
1642130 498
1642140 498
1642150 498
1642160 498
1642170 498
1642180 498
1642190 498
1642200 498
1642210 498
1642220 498
1642230 498
1642240 498
1642250 497
1642260 497
1642270 497
1642280 497
1642290 497
1642300 497
1642310 497
1642320 497
1642330 497
1642340 497
1642350 497
1642360 497
1642370 497
1642380 497
1642390 497
1642400 497
1642410 497
1642420 497
1642430 497
1642440 497
1642450 497
1642460 497
1642470 497
1642480 497
1642490 497
1642500 497
1642510 497
1642520 497
1642530 496
1642540 496
1642550 496
1642560 496
1642570 496
1642580 496
1642590 496
1642600 496
1642610 496
1642620 496
1642630 496
1642640 496
1642650 496
1642660 496
1642670 496
1642680 496
1642690 496
1642700 496
1642710 496
1642720 496
1642730 496
1642740 496
1642750 496
1642760 496
1642770 495
1642780 495
1642790 495
1642800 495
1642810 495
1642820 495
1642830 495
1642840 495
1642850 495
1642860 495
1642870 495
1642880 495
1642890 495
1642900 495
1642910 495
1642920 495
1642930 495
1642940 495
1642950 495
1642960 494
1642970 494
1642980 494
1642990 494
1643000 494
1643010 494
1643020 494
1643030 494
1643040 494
1643050 494
1643060 494
1643070 494
1643080 494
1643090 494
1643100 494
1643110 493
1643120 494
1643130 494
1643140 494
1643150 493
1643160 493
1643170 493
1643180 493
1643190 493
1643200 493
1643210 493
1643220 493
1643230 493
1643240 493
1643250 493
1643260 493
1643270 493
1643280 493
1643290 493
1643300 492
1643310 492
1643320 492
1643330 492
1643340 492
1643350 492
1643360 492
1643370 492
1643380 492
1643390 492
1643400 492
1643410 492
1643420 492
1643430 492
1643440 492
1643450 492
1643460 492
1643470 491
1643480 491
1643490 491
1643500 491
1643510 491
1643520 491
1643530 491
1643540 491
1643550 491
1643560 491
1643570 491
1643580 491
1643590 491
1643600 491
1643610 491
1643620 491
1643630 491
1643640 491
1643650 491
1643660 491
1643670 491
1643680 491
1643690 491
1643700 491
1643710 491
1643720 491
1643730 491
1643740 491
1643750 491
1643760 491
1643770 491
1643780 491
1643790 491
1643800 491
1643810 491
1643820 491
1643830 491
1643840 490
1643850 490
1643860 490
1643870 490
1643880 491
1643890 491
1643900 491
1643910 492
1643920 492
1643930 492
1643940 492
1643950 492
1643960 492
1643970 493
1643980 494
1643990 494
1644000 495
1644010 496
1644020 496
1644030 496
1644040 496
1644050 499
1644060 499
1644070 499
1644080 499
1644090 499
1644100 500
1644110 499
1644120 499
1644130 499
1644140 499
1644150 499
1644160 499
1644170 499
1644180 499
1644190 499
1644200 498
1644210 498
1644220 498
1644230 497
1644240 496
1644250 496
1644260 495
1644270 494
1644280 494
1644290 493
1644300 491
1644310 490
1644320 490
1644330 490
1644340 490
1644350 490
1644360 489
1644370 489
1644380 489
1644390 489
1644400 488
1644410 488
1644420 488
1644430 488
1644440 488
1644450 488
1644460 488
1644470 488
1644480 488
1644490 488
1644500 488
1644510 488
1644520 488
1644530 488
1644540 488
1644550 488
1644560 488
1644570 488
1644580 488
1644590 488
1644600 488
1644610 488
1644620 487
1644630 487
1644640 487
1644650 487
1644660 487
1644670 487
1644680 487
1644690 487
1644700 487
1644710 486
1644720 486
1644730 486
1644740 486
1644750 486
1644760 486
1644770 486
1644780 486
1644790 486
1644800 486
1644810 486
1644820 486
1644830 486
1644840 486
1644850 486
1644860 486
1644870 486
1644880 486
1644890 486
1644900 485
1644910 485
1644920 485
1644930 485
1644940 486
1644950 486
1644960 486
1644970 486
1644980 485
1644990 485
1645000 485
1645010 485
1645020 485
1645030 485
1645040 485
1645050 485
1645060 485
1645070 485
1645080 485
1645090 485
1645100 485
1645110 485
1645120 485
1645130 485
1645140 485
1645150 485
1645160 485
1645170 486
1645180 486
1645190 486
1645200 486
1645210 486
1645220 486
1645230 486
1645240 486
1645250 486
1645260 486
1645270 486
1645280 486
1645290 486
1645300 486
1645310 486
1645320 486
1645330 485
1645340 485
1645350 485
1645360 484
1645370 484
1645380 484
1645390 484
1645400 484
1645410 484
1645420 484
1645430 484
1645440 484
1645450 484
1645460 483
1645470 483
1645480 483
1645490 483
1645500 483
1645510 483
1645520 483
1645530 483
1645540 483
1645550 483
1645560 483
1645570 483
1645580 483
1645590 483
1645600 483
1645610 484
1645620 486
1645630 486
1645640 486
1645650 486
1645660 486
1645670 485
1645680 484
1645690 484
1645700 484
1645710 484
1645720 484
1645730 484
1645740 484
1645750 484
1645760 484
1645770 483
1645780 482
1645790 482
1645800 482
1645810 482
1645820 482
1645830 483
1645840 483
1645850 483
1645860 483
1645870 482
1645880 482
1645890 482
1645900 482
1645910 482
1645920 482
1645930 482
1645940 482
1645950 482
1645960 482
1645970 481
1645980 481
1645990 481
1646000 480
1646010 480
1646020 480
1646030 480
1646040 480
1646050 480
1646060 481
1646070 481
1646080 481
1646090 481
1646100 480
1646110 480
1646120 480
1646130 480
1646140 480
1646150 480
1646160 480
1646170 480
1646180 480
1646190 480
1646200 480
1646210 480
1646220 480
1646230 480
1646240 480
1646250 480
1646260 480
1646270 480
1646280 480
1646290 480
1646300 480
1646310 480
1646320 480
1646330 480
1646340 480
1646350 480
1646360 481
1646370 481
1646380 481
1646390 481
1646400 481
1646410 481
1646420 481
1646430 481
1646440 481
1646450 481
1646460 480
1646470 480
1646480 480
1646490 480
1646500 480
1646510 480
1646520 480
1646530 480
1646540 480
1646550 480
1646560 480
1646570 480
1646580 479
1646590 479
1646600 479
1646610 479
1646620 479
1646630 479
1646640 479
1646650 479
1646660 479
1646670 479
1646680 479
1646690 479
1646700 478
1646710 478
1646720 478
1646730 478
1646740 479
1646750 479
1646760 479
1646770 479
1646780 479
1646790 479
1646800 480
1646810 480
1646820 480
1646830 480
1646840 480
1646850 480
1646860 480
1646870 480
1646880 480
1646890 480
1646900 480
1646910 480
1646920 480
1646930 480
1646940 480
1646950 480
1646960 480
1646970 480
1646980 480
1646990 480
1647000 480
1647010 480
1647020 480
1647030 480
1647040 480
1647050 480
1647060 480
1647070 480
1647080 480
1647090 480
1647100 480
1647110 480
1647120 480
1647130 479
1647140 479
1647150 479
1647160 479
1647170 479
1647180 479
1647190 479
1647200 479
1647210 479
1647220 479
1647230 480
1647240 480
1647250 480
1647260 479
1647270 479
1647280 479
1647290 479
1647300 479
1647310 479
1647320 479
1647330 479
1647340 479
1647350 479
1647360 479
1647370 479
1647380 479
1647390 479
1647400 479
1647410 479
1647420 479
1647430 479
1647440 478
1647450 478
1647460 478
1647470 478
1647480 478
1647490 478
1647500 478
1647510 478
1647520 478
1647530 478
1647540 478
1647550 478
1647560 478
1647570 480
1647580 482
1647590 482
1647600 479
1647610 480
1647620 480
1647630 479
1647640 479
1647650 479
1647660 479
1647670 479
1647680 479
1647690 478
1647700 478
1647710 478
1647720 478
1647730 478
1647740 478
1647750 478
1647760 478
1647770 478
1647780 478
1647790 478
1647800 478
1647810 478
1647820 477
1647830 477
1647840 477
1647850 477
1647860 477
1647870 477
1647880 477
1647890 476
1647900 476
1647910 476
1647920 476
1647930 476
1647940 476
1647950 476
1647960 476
1647970 476
1647980 476
1647990 476
1648000 476
1648010 476
1648020 476
1648030 476
1648040 476
1648050 476
1648060 477
1648070 477
1648080 477
1648090 477
1648100 477
1648110 477
1648120 477
1648130 477
1648140 477
1648150 477
1648160 478
1648170 478
1648180 478
1648190 478
1648200 478
1648210 479
1648220 479
1648230 479
1648240 480
1648250 480
1648260 480
1648270 480
1648280 481
1648290 481
1648300 483
1648310 484
1648320 486
1648330 486
1648340 487
1648350 489
1648360 489
1648370 492
1648380 495
1648390 495
1648400 499
1648410 502
1648420 502
1648430 504
1648440 507
1648450 507
1648460 510
1648470 513
1648480 517
1648490 517
1648500 522
1648510 527
1648520 527
1648530 532
1648540 536
1648550 536
1648560 539
1648570 542
1648580 542
1648590 544
1648600 546
1648610 546
1648620 548
1648630 549
1648640 551
1648650 551
1648660 553
1648670 555
1648680 555
1648690 556
1648700 556
1648710 557
1648720 557
1648730 557
1648740 557
1648750 556
1648760 556
1648770 555
1648780 555
1648790 555
1648800 557
1648810 557
1648820 558
1648830 559
1648840 559
1648850 560
1648860 562
1648870 562
1648880 565
1648890 568
1648900 568
1648910 570
1648920 572
1648930 573
1648940 573
1648950 574
1648960 574
1648970 574
1648980 574
1648990 573
1649000 573
1649010 572
1649020 571
1649030 571
1649040 569
1649050 568
1649060 568
1649070 566
1649080 565
1649090 565
1649100 565
1649110 564
1649120 563
1649130 563
1649140 562
1649150 564
1649160 564
1649170 566
1649180 568
1649190 568
1649200 570
1649210 572
1649220 572
1649230 575
1649240 578
1649250 581
1649260 581
1649270 583
1649280 586
1649290 586
1649300 588
1649310 590
1649320 590
1649330 592
1649340 594
1649350 594
1649360 596
1649370 597
1649380 597
1649390 599
1649400 602
1649410 604
1649420 604
1649430 605
1649440 606
1649450 606
1649460 607
1649470 607
1649480 609
1649490 610
1649500 609
1649510 609
1649520 608
1649530 606
1649540 604
1649550 604
1649560 603
1649570 601
1649580 601
1649590 598
1649600 595
1649610 595
1649620 592
1649630 590
1649640 590
1649650 587
1649660 593
1649670 593
1649680 597
1649690 601
1649700 603
1649710 603
1649720 605
1649730 606
1649740 606
1649750 609
1649760 613
1649770 613
1649780 617
1649790 620
1649800 620
1649810 623
1649820 627
1649830 627
1649840 631
1649850 633
1649860 635
1649870 635
1649880 636
1649890 638
1649900 638
1649910 639
1649920 641
1649930 641
1649940 641
1649950 642
1649960 642
1649970 643
1649980 643
1649990 643
1650000 642
1650010 643
1650020 644
1650030 644
1650040 645
1650050 646
1650060 646
1650070 647
1650080 648
1650090 648
1650100 648
1650110 649
1650120 649
1650130 650
1650140 650
1650150 650
1650160 650
1650170 650
1650180 650
1650190 650
1650200 650
1650210 650
1650220 650
1650230 649
1650240 648
1650250 648
1650260 644
1650270 640
1650280 640
1650290 635
1650300 630
1650310 624
1650320 624
1650330 619
1650340 612
1650350 612
1650360 606
1650370 600
1650380 600
1650390 596
1650400 601
1650410 601
1650420 608
1650430 608
1650440 608
1650450 610
1650460 611
1650470 613
1650480 613
1650490 614
1650500 614
1650510 614
1650520 613
1650530 611
1650540 611
1650550 608
1650560 602
1650570 602
1650580 598
1650590 596
1650600 596
1650610 594
1650620 593
1650630 591
1650640 591
1650650 589
1650660 588
1650670 588
1650680 585
1650690 582
1650700 582
1650710 579
1650720 576
1650730 576
1650740 573
1650750 571
1650760 571
1650770 570
1650780 568
1650790 565
1650800 565
1650810 560
1650820 555
1650830 555
1650840 551
1650850 547
1650860 547
1650870 543
1650880 537
1650890 537
1650900 531
1650910 526
1650920 520
1650930 520
1650940 518
1650950 518
1650960 518
1650970 518
1650980 517
1650990 517
1651000 518
1651010 518
1651020 518
1651030 518
1651040 518
1651050 518
1651060 521
1651070 527
1651080 533
1651090 533
1651100 538
1651110 543
1651120 543
1651130 547
1651140 551
1651150 551
1651160 553
1651170 553
1651180 553
1651190 554
1651200 555
1651210 555
1651220 555
1651230 557
1651240 558
1651250 558
1651260 560
1651270 561
1651280 561
1651290 563
1651300 565
1651310 565
1651320 566
1651330 566
1651340 566
1651350 567
1651360 568
1651370 568
1651380 568
1651390 568
1651400 569
1651410 569
1651420 570
1651430 572
1651440 572
1651450 575
1651460 577
1651470 577
1651480 579
1651490 581
1651500 581
1651510 584
1651520 586
1651530 586
1651540 589
1651550 591
1651560 595
1651570 595
1651580 598
1651590 601
1651600 601
1651610 605
1651620 607
1651630 607
1651640 610
1651650 612
1651660 612
1651670 613
1651680 614
1651690 615
1651700 615
1651710 617
1651720 618
1651730 618
1651740 620
1651750 622
1651760 622
1651770 624
1651780 626
1651790 626
1651800 628
1651810 630
1651820 630
1651830 632
1651840 634
1651850 636
1651860 636
1651870 638
1651880 639
1651890 639
1651900 641
1651910 642
1651920 642
1651930 644
1651940 645
1651950 645
1651960 646
1651970 647
1651980 647
1651990 648
1652000 648
1652010 648
1652020 648
1652030 649
1652040 650
1652050 650
1652060 650
1652070 651
1652080 651
1652090 651
1652100 651
1652110 651
1652120 651
1652130 651
1652140 651
1652150 651
1652160 651
1652170 651
1652180 651
1652190 650
1652200 649
1652210 649
1652220 647
1652230 646
1652240 646
1652250 645
1652260 644
1652270 644
1652280 643
1652290 642
1652300 642
1652310 641
1652320 640
1652330 639
1652340 639
1652350 638
1652360 636
1652370 636
1652380 633
1652390 630
1652400 630
1652410 625
1652420 620
1652430 620
1652440 615
1652450 611
1652460 608
1652470 608
1652480 605
1652490 604
1652500 608
1652510 607
1652520 606
1652530 606
1652540 607
1652550 609
1652560 609
1652570 612
1652580 616
1652590 616
1652600 620
1652610 623
1652620 626
1652630 626
1652640 629
1652650 630
1652660 630
1652670 631
1652680 632
1652690 632
1652700 633
1652710 634
1652720 634
1652730 635
1652740 637
1652750 637
1652760 639
1652770 642
1652780 646
1652790 646
1652800 649
1652810 652
1652820 652
1652830 655
1652840 658
1652850 658
1652860 660
1652870 662
1652880 662
1652890 664
1652900 666
1652910 666
1652920 668
1652930 670
1652940 673
1652950 673
1652960 675
1652970 677
1652980 677
1652990 680
1653000 683
1653010 683
1653020 685
1653030 687
1653040 687
1653050 690
1653060 692
1653070 692
1653080 694
1653090 697
1653100 699
1653110 699
1653120 702
1653130 704
1653140 704
1653150 706
1653160 709
1653170 709
1653180 711
1653190 713
1653200 713
1653210 715
1653220 717
1653230 718
1653240 718
1653250 719
1653260 720
1653270 720
1653280 721
1653290 722
1653300 722
1653310 722
1653320 723
1653330 723
1653340 723
1653350 724
1653360 724
1653370 724
1653380 725
1653390 725
1653400 725
1653410 725
1653420 725
1653430 725
1653440 724
1653450 723
1653460 723
1653470 722
1653480 720
1653490 720
1653500 717
1653510 715
1653520 715
1653530 712
1653540 709
1653550 707
1653560 707
1653570 704
1653580 701
1653590 701
1653600 699
1653610 697
1653620 697
1653630 696
1653640 695
1653650 695
1653660 693
1653670 692
1653680 692
1653690 691
1653700 691
1653710 690
1653720 690
1653730 689
1653740 689
1653750 689
1653760 688
1653770 687
1653780 687
1653790 686
1653800 684
1653810 684
1653820 683
1653830 681
1653840 681
1653850 679
1653860 676
1653870 673
1653880 673
1653890 669
1653900 666
1653910 666
1653920 662
1653930 658
1653940 658
1653950 655
1653960 651
1653970 651
1653980 648
1653990 646
1654000 643
1654010 643
1654020 640
1654030 637
1654040 637
1654050 635
1654060 633
1654070 633
1654080 631
1654090 629
1654100 629
1654110 627
1654120 625
1654130 625
1654140 623
1654150 621
1654160 619
1654170 619
1654180 617
1654190 614
1654200 614
1654210 612
1654220 609
1654230 609
1654240 605
1654250 601
1654260 601
1654270 597
1654280 593
1654290 593
1654300 588
1654310 582
1654320 577
1654330 577
1654340 571
1654350 565
1654360 565
1654370 559
1654380 553
1654390 553
1654400 547
1654410 542
1654420 542
1654430 537
1654440 532
1654450 532
1654460 527
1654470 524
1654480 521
1654490 521
1654500 519
1654510 518
1654520 518
1654530 519
1654540 520
1654550 520
1654560 522
1654570 526
1654580 526
1654590 530
1654600 534
1654610 534
1654620 538
1654630 541
1654640 543
1654650 543
1654660 545
1654670 546
1654680 546
1654690 547
1654700 548
1654710 548
1654720 548
1654730 553
1654740 553
1654750 554
1654760 554
