1640000 491
1640010 491
1640020 491
1640030 491
1640040 491
1640050 491
1640060 491
1640070 491
1640080 491
1640090 490
1640100 490
1640110 490
1640120 490
1640130 490
1640140 490
1640150 490
1640160 490
1640170 490
1640180 490
1640190 490
1640200 491
1640210 491
1640220 491
1640230 491
1640240 491
1640250 491
1640260 491
1640270 491
1640280 490
1640290 490
1640300 489
1640310 489
1640320 489
1640330 489
1640340 489
1640350 489
1640360 489
1640370 489
1640380 490
1640390 490
1640400 491
1640410 491
1640420 491
1640430 491
1640440 491
1640450 491
1640460 491
1640470 491
1640480 491
1640490 490
1640500 490
1640510 490
1640520 490
1640530 490
1640540 490
1640550 490
1640560 490
1640570 490
1640580 490
1640590 491
1640600 492
1640610 492
1640620 492
1640630 492
1640640 492
1640650 492
1640660 492
1640670 492
1640680 492
1640690 493
1640700 493
1640710 493
1640720 493
1640730 494
1640740 494
1640750 494
1640760 494
1640770 494
1640780 494
1640790 494
1640800 494
1640810 494
1640820 494
1640830 494
1640840 494
1640850 494
1640860 494
1640870 494
1640880 494
1640890 494
1640900 494
1640910 493
1640920 493
1640930 493
1640940 493
1640950 493
1640960 493
1640970 493
1640980 493
1640990 493
1641000 493
1641010 493
1641020 493
1641030 493
1641040 493
1641050 493
1641060 493
1641070 493
1641080 493
1641090 493
1641100 493
1641110 492
1641120 492
1641130 492
1641140 492
1641150 492
1641160 492
1641170 492
1641180 492
1641190 492
1641200 492
1641210 492
1641220 492
1641230 492
1641240 492
1641250 492
1641260 492
1641270 492
1641280 492
1641290 492
1641300 492
1641310 492
1641320 492
1641330 492
1641340 492
1641350 492
1641360 492
1641370 492
1641380 492
1641390 492
1641400 492
1641410 492
1641420 492
1641430 492
1641440 492
1641450 491
1641460 491
1641470 491
1641480 491
1641490 491
1641500 491
1641510 491
1641520 491
1641530 491
1641540 491
1641550 491
1641560 491
1641570 491
1641580 491
1641590 491
1641600 491
1641610 491
1641620 491
1641630 491
1641640 491
1641650 491
1641660 491
1641670 491
1641680 491
1641690 491
1641700 491
1641710 491
1641720 491
1641730 491
1641740 491
1641750 491
1641760 491
1641770 491
1641780 491
1641790 491
1641800 491
1641810 491
1641820 490
1641830 490
1641840 490
1641850 490
1641860 490
1641870 490
1641880 490
1641890 490
1641900 490
1641910 490
1641920 490
1641930 490
1641940 490
1641950 490
1641960 490
1641970 490
1641980 490
1641990 490
1642000 490
1642010 490
1642020 490
1642030 490
1642040 490
1642050 490
1642060 489
1642070 489
1642080 489
1642090 489
1642100 489
1642110 489
1642120 489
1642130 489
1642140 489
1642150 489
1642160 489
1642170 489
1642180 489
1642190 489
1642200 489
1642210 489
1642220 489
1642230 489
1642240 489
1642250 489
1642260 489
1642270 489
1642280 489
1642290 489
1642300 489
1642310 489
1642320 489
1642330 489
1642340 489
1642350 489
1642360 489
1642370 489
1642380 488
1642390 488
1642400 488
1642410 488
1642420 488
1642430 488
1642440 488
1642450 488
1642460 488
1642470 488
1642480 488
1642490 488
1642500 488
1642510 487
1642520 487
1642530 487
1642540 487
1642550 487
1642560 487
1642570 487
1642580 487
1642590 487
1642600 487
1642610 487
1642620 487
1642630 487
1642640 487
1642650 487
1642660 487
1642670 487
1642680 486
1642690 486
1642700 486
1642710 486
1642720 486
1642730 486
1642740 486
1642750 486
1642760 486
1642770 486
1642780 486
1642790 486
1642800 486
1642810 486
1642820 486
1642830 486
1642840 486
1642850 486
1642860 486
1642870 486
1642880 486
1642890 486
1642900 486
1642910 486
1642920 486
1642930 486
1642940 485
1642950 485
1642960 485
1642970 485
1642980 485
1642990 485
1643000 485
1643010 485
1643020 485
1643030 485
1643040 485
1643050 485
1643060 485
1643070 485
1643080 485
1643090 485
1643100 485
1643110 485
1643120 484
1643130 484
1643140 484
1643150 484
1643160 484
1643170 484
1643180 484
1643190 484
1643200 484
1643210 484
1643220 483
1643230 483
1643240 483
1643250 483
1643260 483
1643270 483
1643280 483
1643290 483
1643300 483
1643310 483
1643320 483
1643330 483
1643340 483
1643350 483
1643360 483
1643370 483
1643380 483
1643390 483
1643400 483
1643410 483
1643420 484
1643430 484
1643440 485
1643450 486
1643460 486
1643470 488
1643480 489
1643490 490
1643500 490
1643510 491
1643520 494
1643530 494
1643540 499
1643550 503
1643560 503
1643570 506
1643580 509
1643590 509
1643600 512
1643610 514
1643620 514
1643630 516
1643640 517
1643650 517
1643660 517
1643670 519
1643680 520
1643690 520
1643700 521
1643710 522
1643720 522
1643730 522
1643740 523
1643750 523
1643760 523
1643770 524
1643780 524
1643790 526
1643800 527
1643810 528
1643820 528
1643830 529
1643840 530
1643850 530
1643860 530
1643870 530
1643880 530
1643890 530
1643900 530
1643910 530
1643920 531
1643930 532
1643940 533
1643950 533
1643960 534
1643970 534
1643980 534
1643990 534
1644000 533
1644010 533
1644020 528
1644030 531
1644040 531
1644050 532
1644060 532
1644070 532
1644080 531
1644090 527
1644100 527
1644110 527
1644120 531
1644130 533
1644140 533
1644150 534
1644160 536
1644170 536
1644180 539
1644190 543
1644200 543
1644210 546
1644220 548
1644230 546
1644240 548
1644250 550
1644260 552
1644270 552
1644280 553
1644290 555
1644300 555
1644310 557
1644320 559
1644330 559
1644340 563
1644350 565
1644360 565
1644370 567
1644380 569
1644390 569
1644400 570
1644410 571
1644420 572
1644430 572
1644440 572
1644450 572
1644460 572
1644470 572
1644480 572
1644490 572
1644500 571
1644510 571
1644520 571
1644530 571
1644540 570
1644550 570
1644560 569
1644570 568
1644580 566
1644590 566
1644600 565
1644610 565
1644620 565
1644630 563
1644640 561
1644650 561
1644660 559
1644670 557
1644680 557
1644690 555
1644700 552
1644710 552
1644720 550
1644730 547
1644740 543
1644750 543
1644760 539
1644770 538
1644780 538
1644790 537
1644800 537
1644810 537
1644820 535
1644830 530
1644840 530
1644850 531
1644860 536
1644870 536
1644880 542
1644890 547
1644900 552
1644910 552
1644920 556
1644930 559
1644940 559
1644950 562
1644960 564
1644970 564
1644980 565
1644990 566
1645000 566
1645010 566
1645020 566
1645030 567
1645040 567
1645050 568
1645060 569
1645070 569
1645080 570
1645090 571
1645100 571
1645110 573
1645120 574
1645130 574
1645140 574
1645150 573
1645160 573
1645170 573
1645180 573
1645190 571
1645200 571
1645210 569
1645220 566
1645230 566
1645240 563
1645250 560
1645260 560
1645270 556
1645280 553
1645290 553
1645300 550
1645310 548
1645320 548
1645330 545
1645340 542
1645350 539
1645360 539
1645370 536
1645380 531
1645390 531
1645400 525
1645410 518
1645420 518
1645430 512
1645440 506
1645450 506
1645460 502
1645470 500
1645480 500
1645490 500
1645500 500
1645510 499
1645520 499
1645530 500
1645540 502
1645550 502
1645560 505
1645570 510
1645580 510
1645590 515
1645600 519
1645610 519
1645620 522
1645630 525
1645640 525
1645650 529
1645660 534
1645670 537
1645680 537
1645690 541
1645700 543
1645710 543
1645720 546
1645730 549
1645740 549
1645750 551
1645760 554
1645770 554
1645780 556
1645790 559
1645800 558
1645810 561
1645820 561
1645830 564
1645840 564
1645850 566
1645860 568
1645870 568
1645880 569
1645890 571
1645900 571
1645910 573
1645920 575
1645930 575
1645940 578
1645950 580
1645960 582
1645970 582
1645980 584
1645990 586
1646000 586
1646010 586
1646020 587
1646030 587
1646040 587
1646050 587
1646060 587
1646070 586
1646080 585
1646090 585
1646100 584
1646110 583
1646120 581
1646130 581
1646140 579
1646150 577
1646160 577
1646170 575
1646180 573
1646190 573
1646200 571
1646210 568
1646220 568
1646230 565
1646240 562
1646250 562
1646260 559
1646270 556
1646280 552
1646290 552
1646300 549
1646310 546
1646320 546
1646330 544
1646340 541
1646350 541
1646360 538
1646370 535
1646380 535
1646390 531
1646400 527
1646410 527
1646420 523
1646430 518
1646440 513
1646450 513
1646460 508
1646470 503
1646480 503
1646490 497
1646500 493
1646510 493
1646520 488
1646530 484
1646540 484
1646550 480
1646560 477
1646570 477
1646580 475
1646590 474
1646600 473
1646610 473
1646620 473
1646630 472
1646640 472
1646650 472
1646660 472
1646670 472
1646680 472
1646690 472
1646700 472
1646710 473
1646720 472
1646730 472
1646740 472
1646750 472
1646760 472
1646770 472
1646780 472
1646790 472
1646800 472
1646810 472
1646820 472
1646830 472
1646840 473
1646850 472
1646860 472
1646870 471
1646880 471
1646890 471
1646900 471
1646910 471
1646920 472
1646930 472
1646940 472
1646950 472
1646960 472
1646970 472
1646980 472
1646990 472
1647000 472
1647010 472
1647020 472
1647030 473
1647040 473
1647050 473
1647060 473
1647070 472
1647080 472
1647090 472
1647100 472
1647110 472
1647120 472
1647130 472
1647140 472
1647150 472
1647160 472
1647170 471
1647180 471
1647190 471
1647200 471
1647210 471
1647220 471
1647230 471
1647240 471
1647250 471
1647260 471
1647270 471
1647280 471
1647290 471
1647300 471
1647310 471
1647320 470
1647330 470
1647340 470
1647350 470
1647360 470
1647370 470
1647380 470
1647390 471
1647400 472
1647410 472
1647420 472
1647430 471
1647440 471
1647450 471
1647460 472
1647470 472
1647480 471
1647490 471
1647500 471
1647510 471
1647520 470
1647530 470
1647540 470
1647550 472
1647560 474
1647570 474
1647580 476
1647590 478
1647600 478
1647610 481
1647620 483
1647630 483
1647640 487
1647650 491
1647660 491
1647670 495
1647680 497
1647690 500
1647700 500
1647710 502
1647720 504
1647730 504
1647740 505
1647750 509
1647760 509
1647770 512
1647780 514
1647790 514
1647800 518
1647810 522
1647820 522
1647830 526
1647840 530
1647850 533
1647860 533
1647870 534
1647880 536
1647890 536
1647900 537
1647910 538
1647920 538
1647930 540
1647940 541
1647950 541
1647960 541
1647970 540
1647980 540
1647990 540
1648000 540
1648010 540
1648020 540
1648030 541
1648040 546
1648050 546
1648060 551
1648070 555
1648080 555
1648090 561
1648100 565
1648110 565
1648120 570
1648130 573
1648140 576
1648150 576
1648160 578
1648170 581
1648180 581
1648190 583
1648200 584
1648210 584
1648220 585
1648230 586
1648240 586
1648250 586
1648260 587
1648270 587
1648280 589
1648290 591
1648300 593
1648310 593
1648320 595
1648330 598
1648340 598
1648350 600
1648360 602
1648370 602
1648380 605
1648390 608
1648400 608
1648410 611
1648420 613
1648430 613
1648440 615
1648450 617
1648460 618
1648470 618
1648480 620
1648490 622
1648500 622
1648510 624
1648520 626
1648530 626
1648540 628
1648550 631
1648560 631
1648570 634
1648580 636
1648590 636
1648600 638
1648610 640
1648620 641
1648630 641
1648640 642
1648650 644
1648660 644
1648670 645
1648680 646
1648690 646
1648700 647
1648710 649
1648720 649
1648730 651
1648740 652
1648750 652
1648760 653
1648770 654
1648780 653
1648790 653
1648800 652
1648810 651
1648820 651
1648830 650
1648840 649
1648850 649
1648860 648
1648870 648
1648880 648
1648890 647
1648900 650
1648910 650
1648920 654
1648930 656
1648940 658
1648950 658
1648960 659
1648970 660
1648980 660
1648990 660
1649000 661
1649010 661
1649020 660
1649030 659
1649040 659
1649050 658
1649060 657
1649070 657
1649080 656
1649090 656
1649100 655
1649110 655
1649120 654
1649130 653
1649140 653
1649150 653
1649160 654
1649170 654
1649180 655
1649190 656
1649200 656
1649210 658
1649220 662
1649230 664
1649240 664
1649250 665
1649260 667
1649270 667
1649280 670
1649290 672
1649300 672
1649310 675
1649320 677
1649330 677
1649340 679
1649350 682
1649360 682
1649370 684
1649380 687
1649390 689
1649400 689
1649410 690
1649420 690
1649430 690
1649440 690
1649450 688
1649460 688
1649470 686
1649480 686
1649490 686
1649500 689
1649510 695
1649520 695
1649530 701
1649540 703
1649550 704
1649560 704
1649570 708
1649580 711
1649590 711
1649600 714
1649610 718
1649620 718
1649630 721
1649640 723
1649650 721
1649660 722
1649670 723
1649680 723
1649690 724
1649700 726
1649710 728
1649720 728
1649730 729
1649740 731
1649750 731
1649760 733
1649770 734
1649780 734
1649790 733
1649800 730
1649810 730
1649820 731
1649830 735
1649840 735
1649850 736
1649860 740
1649870 746
1649880 746
1649890 750
1649900 754
1649910 754
1649920 755
1649930 753
1649940 753
1649950 753
1649960 755
1649970 755
1649980 758
1649990 760
1650000 760
1650010 759
1650020 758
1650030 757
1650040 757
1650050 759
1650060 762
1650070 762
1650080 765
1650090 767
1650100 767
1650110 769
1650120 770
1650130 770
1650140 771
1650150 772
1650160 772
1650170 772
1650180 774
1650190 777
1650200 777
1650210 782
1650220 786
1650230 786
1650240 789
1650250 792
1650260 792
1650270 795
1650280 798
1650290 798
1650300 802
1650310 806
1650320 809
1650330 809
1650340 812
1650350 814
1650360 814
1650370 816
1650380 817
1650390 817
1650400 819
1650410 821
1650420 821
1650430 823
1650440 824
1650450 824
1650460 826
1650470 829
1650480 830
1650490 830
1650500 832
1650510 833
1650520 833
1650530 836
1650540 837
1650550 837
1650560 839
1650570 841
1650580 841
1650590 842
1650600 844
1650610 844
1650620 845
1650630 847
1650640 849
1650650 849
1650660 850
1650670 850
1650680 850
1650690 852
1650700 852
1650710 852
1650720 853
1650730 853
1650740 853
1650750 853
1650760 853
1650770 853
1650780 853
1650790 852
1650800 852
1650810 852
1650820 851
1650830 850
1650840 850
1650850 849
1650860 846
1650870 846
1650880 843
1650890 841
1650900 841
1650910 839
1650920 838
1650930 838
1650940 837
1650950 837
1650960 836
1650970 836
1650980 836
1650990 835
1651000 835
1651010 834
1651020 832
1651030 832
1651040 830
1651050 828
1651060 828
1651070 826
1651080 824
1651090 824
1651100 823
1651110 822
1651120 823
1651130 823
1651140 824
1651150 824
1651160 824
1651170 826
1651180 824
1651190 824
1651200 822
1651210 821
1651220 821
1651230 820
1651240 818
1651250 819
1651260 819
1651270 820
1651280 821
1651290 821
1651300 822
1651310 821
1651320 821
1651330 818
1651340 816
1651350 816
1651360 812
1651370 809
1651380 809
1651390 805
1651400 801
1651410 798
1651420 798
1651430 795
1651440 793
1651450 793
1651460 792
1651470 790
1651480 790
1651490 789
1651500 788
1651510 788
1651520 787
1651530 786
1651540 786
1651550 786
1651560 787
1651570 787
1651580 787
1651590 787
1651600 787
1651610 787
1651620 788
1651630 788
1651640 788
1651650 789
1651660 789
1651670 789
1651680 788
1651690 787
1651700 787
1651710 786
1651720 786
1651730 786
1651740 786
1651750 787
1651760 788
1651770 788
1651780 788
1651790 789
1651800 789
1651810 789
1651820 788
1651830 788
1651840 788
1651850 787
1651860 787
1651870 786
1651880 785
1651890 784
1651900 784
1651910 783
1651920 784
1651930 784
1651940 784
1651950 784
1651960 784
1651970 785
1651980 785
1651990 785
1652000 785
1652010 785
1652020 785
1652030 784
1652040 783
1652050 782
1652060 782
1652070 780
1652080 779
1652090 779
1652100 779
1652110 779
1652120 779
1652130 780
1652140 782
1652150 782
1652160 782
1652170 782
1652180 782
1652190 780
1652200 776
1652210 772
1652220 772
1652230 768
1652240 764
1652250 764
1652260 761
1652270 760
1652280 760
1652290 762
1652300 765
1652310 765
1652320 769
1652330 774
1652340 778
1652350 778
1652360 781
1652370 783
1652380 783
1652390 785
1652400 786
1652410 786
1652420 789
1652430 791
1652440 791
1652450 794
1652460 796
1652470 796
1652480 799
1652490 802
1652500 805
1652510 805
1652520 808
1652530 812
1652540 812
1652550 815
1652560 818
1652570 818
1652580 820
1652590 822
1652600 822
1652610 824
1652620 827
1652630 827
1652640 829
1652650 831
1652660 832
1652670 834
1652680 835
1652690 836
1652700 836
1652710 837
1652720 839
1652730 839
1652740 841
1652750 843
1652760 843
1652770 846
1652780 848
1652790 848
1652800 850
1652810 851
1652820 852
1652830 852
1652840 851
1652850 849
1652860 849
1652870 847
1652880 844
1652890 844
1652900 841
1652910 838
1652920 838
1652930 834
1652940 831
1652950 831
1652960 828
1652970 825
1652980 823
1652990 823
1653000 821
1653010 819
1653020 819
1653030 817
1653040 815
1653050 815
1653060 810
1653070 802
1653080 802
1653090 796
1653100 796
1653110 796
1653120 802
1653130 809
1653140 817
1653150 817
1653160 822
1653170 827
1653180 827
1653190 831
1653200 831
1653210 831
1653220 828
1653230 824
1653240 824
1653250 819
1653260 813
1653270 806
1653280 806
1653290 800
1653300 794
1653310 794
1653320 788
1653330 784
1653340 784
1653350 785
1653360 788
1653370 788
1653380 792
1653390 797
1653400 797
1653410 801
1653420 809
1653430 814
1653440 814
1653450 818
1653460 821
1653470 821
1653480 825
1653490 830
1653500 830
1653510 834
1653520 838
1653530 838
1653540 841
1653550 844
1653560 844
1653570 846
1653580 847
1653590 847
1653600 847
1653610 845
1653620 842
1653630 842
1653640 836
1653650 831
1653660 831
1653670 825
1653680 820
1653690 820
1653700 817
1653710 815
1653720 815
1653730 812
1653740 810
1653750 807
1653760 807
1653770 805
1653780 801
1653790 801
1653800 798
1653810 795
1653820 795
1653830 792
1653840 788
1653850 788
1653860 785
1653870 782
1653880 782
1653890 780
1653900 778
1653910 776
1653920 776
1653930 773
1653940 770
1653950 770
1653960 766
1653970 762
1653980 762
1653990 759
1654000 755
1654010 755
1654020 752
1654030 748
1654040 748
1654050 745
1654060 742
1654070 737
1654080 737
1654090 732
1654100 726
1654110 726
1654120 721
1654130 717
1654140 717
1654150 713
1654160 710
1654170 710
1654180 706
1654190 702
1654200 702
1654210 703
1654220 707
1654230 711
1654240 711
1654250 713
1654260 715
1654270 715
1654280 715
1654290 714
1654300 714
1654310 713
1654320 711
1654330 711
1654340 708
1654350 706
1654360 704
1654370 704
1654380 702
1654390 700
1654400 700
1654410 697
1654420 694
1654430 694
1654440 690
1654450 686
1654460 686
1654470 681
1654480 675
1654490 675
1654500 668
1654510 662
1654520 656
1654530 656
1654540 650
1654550 644
1654560 644
1654570 637
1654580 631
1654590 631
1654600 626
1654610 620
1654620 620
1654630 617
1654640 615
1654650 615
1654660 613
1654670 610
1654680 608
1654690 608
1654700 605
1654710 602
1654720 602
1654730 599
1654740 595
1654750 595
1654760 593
1654770 590
1654780 590
1654790 588
1654800 587
1654810 587
1654820 588
1654830 590
1654840 593
1654850 593
1654860 596
1654870 601
1654880 601
1654890 605
1654900 609
1654910 609
1654920 614
1654930 618
1654940 618
1654950 623
1654960 628
1654970 628
1654980 632
1654990 637
1655000 641
1655010 641
1655020 645
1655030 650
1655040 650
1655050 654
1655060 658
1655070 658
1655080 662
1655090 666
1655100 666
1655110 670
1655120 674
1655130 674
1655140 678
1655150 682
1655160 686
1655170 686
1655180 689
1655190 692
1655200 692
1655210 694
1655220 697
1655230 697
1655240 699
1655250 702
1655260 702
1655270 705
1655280 708
1655290 708
1655300 711
1655310 714
1655320 717
1655330 717
1655340 720
1655350 723
1655360 723
1655370 725
1655380 727
1655390 727
1655400 727
1655410 725
1655420 725
1655430 722
1655440 720
1655450 719
1655460 719
1655470 721
1655480 724
1655490 724
1655500 728
1655510 733
1655520 733
1655530 739
1655540 745
1655550 745
1655560 750
1655570 754
1655580 754
1655590 759
1655600 764
1655610 769
1655620 769
1655630 773
1655640 777
1655650 777
1655660 781
1655670 784
1655680 784
1655690 787
1655700 790
1655710 790
1655720 793
1655730 794
1655740 794
1655750 796
1655760 796
1655770 796
1655780 796
1655790 796
1655800 795
1655810 795
1655820 794
1655830 793
1655840 793
1655850 791
1655860 790
1655870 790
1655880 788
1655890 787
1655900 787
1655910 786
1655920 784
1655930 783
1655940 783
1655950 782
1655960 781
1655970 781
1655980 780
1655990 780
1656000 780
1656010 779
1656020 778
1656030 778
1656040 778
1656050 777
1656060 777
1656070 776
1656080 776
1656090 775
1656100 775
1656110 774
1656120 773
1656130 773
1656140 773
1656150 772
1656160 772
1656170 771
1656180 771
1656190 771
1656200 770
1656210 769
1656220 769
1656230 769
1656240 768
1656250 768
1656260 768
1656270 768
1656280 767
1656290 767
1656300 767
1656310 766
1656320 766
1656330 765
1656340 764
1656350 764
1656360 762
1656370 764
1656380 762
1656390 762
1659740 927
1659750 927
1659760 927
1659770 928
1659780 928
1659790 928
1659800 929
1659810 930
1659820 930
1659830 930
1659840 931
1659850 931
1659860 932
1659870 933
1659880 933
1659890 934
1659900 936
1659910 936
1659920 937
1659930 939
1659940 939
1659950 940
1659960 941
1659970 943
1659980 943
1659990 944
