1640000 485
1640010 485
1640020 485
1640030 486
1640040 487
1640050 487
1640060 487
1640070 487
1640080 487
1640090 487
1640100 487
1640110 487
1640120 487
1640130 487
1640140 487
1640150 487
1640160 487
1640170 487
1640180 487
1640190 487
1640200 487
1640210 487
1640220 487
1640230 487
1640240 487
1640250 486
1640260 486
1640270 486
1640280 485
1640290 482
1640300 482
1640310 480
1640320 480
1640330 480
1640340 481
1640350 483
1640360 485
1640370 485
1640380 486
1640390 486
1640400 486
1640410 486
1640420 486
1640430 486
1640440 486
1640450 486
1640460 486
1640470 486
1640480 486
1640490 486
1640500 486
1640510 486
1640520 486
1640530 486
1640540 487
1640550 486
1640560 486
1640570 487
1640580 486
1640590 486
1640600 486
1640610 486
1640620 486
1640630 486
1640640 486
1640650 486
1640660 486
1640670 486
1640680 486
1640690 486
1640700 486
1640710 486
1640720 486
1640730 486
1640740 486
1640750 486
1640760 486
1640770 486
1640780 486
1640790 486
1640800 486
1640810 486
1640820 486
1640830 486
1640840 486
1640850 486
1640860 486
1640870 486
1640880 486
1640890 486
1640900 486
1640910 486
1640920 486
1640930 486
1640940 486
1640950 486
1640960 486
1640970 486
1640980 486
1640990 486
1641000 486
1641010 486
1641020 486
1641030 486
1641040 486
1641050 486
1641060 486
1641070 486
1641080 486
1641090 486
1641100 486
1641110 486
1641120 486
1641130 485
1641140 485
1641150 486
1641160 485
1641170 486
1641180 486
1641190 486
1641200 486
1641210 485
1641220 485
1641230 485
1641240 485
1641250 485
1641260 485
1641270 485
1641280 485
1641290 485
1641300 485
1641310 485
1641320 485
1641330 485
1641340 485
1641350 485
1641360 485
1641370 485
1641380 485
1641390 485
1641400 485
1641410 485
1641420 485
1641430 485
1641440 485
1641450 485
1641460 485
1641470 485
1641480 485
1641490 485
1641500 484
1641510 484
1641520 484
1641530 484
1641540 484
1641550 484
1641560 484
1641570 484
1641580 484
1641590 484
1641600 485
1641610 484
1641620 484
1641630 484
1641640 485
1641650 485
1641660 485
1641670 485
1641680 485
1641690 485
1641700 485
1641710 485
1641720 485
1641730 485
1641740 485
1641750 485
1641760 485
1641770 485
1641780 485
1641790 485
1641800 485
1641810 485
1641820 485
1641830 484
1641840 484
1641850 484
1641860 484
1641870 484
1641880 484
1641890 484
1641900 484
1641910 484
1641920 484
1641930 484
1641940 484
1641950 484
1641960 484
1641970 484
1641980 484
1641990 484
1642000 484
1642010 484
1642020 484
1642030 484
1642040 484
1642050 484
1642060 484
1642070 484
1642080 484
1642090 483
1642100 483
1642110 483
1642120 483
1642130 483
1642140 483
1642150 483
1642160 483
1642170 483
1642180 483
1642190 483
1642200 483
1642210 483
1642220 483
1642230 483
1642240 482
1642250 482
1642260 482
1642270 482
1642280 482
1642290 482
1642300 482
1642310 482
1642320 482
1642330 482
1642340 482
1642350 482
1642360 482
1642370 482
1642380 482
1642390 482
1642400 482
1642410 482
1642420 482
1642430 482
1642440 482
1642450 482
1642460 482
1642470 482
1642480 482
1642490 482
1642500 482
1642510 482
1642520 482
1642530 482
1642540 482
1642550 482
1642560 482
1642570 482
1642580 482
1642590 482
1642600 482
1642610 482
1642620 482
1642630 482
1642640 482
1642650 482
1642660 482
1642670 482
1642680 482
1642690 482
1642700 482
1642710 482
1642720 482
1642730 482
1642740 482
1642750 482
1642760 482
1642770 482
1642780 482
1642790 483
1642800 483
1642810 483
1642820 483
1642830 483
1642840 483
1642850 483
1642860 483
1642870 483
1642880 483
1642890 483
1642900 483
1642910 483
1642920 483
1642930 483
1642940 483
1642950 483
1642960 483
1642970 483
1642980 483
1642990 483
1643000 483
1643010 483
1643020 483
1643030 483
1643040 483
1643050 483
1643060 483
1643070 483
1643080 483
1643090 483
1643100 483
1643110 483
1643120 483
1643130 483
1643140 483
1643150 483
1643160 483
1643170 483
1643180 483
1643190 483
1643200 483
1643210 482
1643220 482
1643230 483
1643240 483
1643250 483
1643260 483
1643270 482
1643280 482
1643290 482
1643300 482
1643310 482
1643320 482
1643330 482
1643340 482
1643350 482
1643360 482
1643370 482
1643380 482
1643390 482
1643400 482
1643410 482
1643420 482
1643430 482
1643440 482
1643450 482
1643460 482
1643470 482
1643480 482
1643490 482
1643500 481
1643510 481
1643520 481
1643530 481
1643540 481
1643550 481
1643560 481
1643570 481
1643580 481
1643590 481
1643600 481
1643610 481
1643620 481
1643630 481
1643640 481
1643650 481
1643660 481
1643670 481
1643680 481
1643690 481
1643700 481
1643710 480
1643720 480
1643730 480
1643740 480
1643750 480
1643760 480
1643770 480
1643780 480
1643790 480
1643800 480
1643810 480
1643820 480
1643830 480
1643840 480
1643850 480
1643860 480
1643870 480
1643880 479
1643890 479
1643900 480
1643910 480
1643920 480
1643930 479
1643940 479
1643950 479
1643960 479
1643970 479
1643980 479
1643990 479
1644000 479
1644010 479
1644020 479
1644030 479
1644040 479
1644050 479
1644060 479
1644070 478
1644080 478
1644090 478
1644100 478
1644110 478
1644120 478
1644130 478
1644140 478
1644150 478
1644160 478
1644170 478
1644180 478
1644190 478
1644200 478
1644210 478
1644220 477
1644230 477
1644240 477
1644250 477
1644260 477
1644270 477
1644280 477
1644290 477
1644300 477
1644310 477
1644320 477
1644330 477
1644340 477
1644350 477
1644360 477
1644370 477
1644380 477
1644390 477
1644400 477
1644410 477
1644420 477
1644430 477
1644440 477
1644450 477
1644460 477
1644470 477
1644480 477
1644490 477
1644500 477
1644510 477
1644520 478
1644530 478
1644540 478
1644550 478
1644560 478
1644570 478
1644580 478
1644590 478
1644600 478
1644610 478
1644620 478
1644630 478
1644640 478
1644650 478
1644660 478
1644670 478
1644680 478
1644690 478
1644700 477
1644710 477
1644720 477
1644730 477
1644740 477
1644750 477
1644760 477
1644770 477
1644780 477
1644790 477
1644800 477
1644810 477
1644820 477
1644830 477
1644840 477
1644850 477
1644860 477
1644870 476
1644880 476
1644890 476
1644900 476
1644910 476
1644920 476
1644930 476
1644940 477
1644950 477
1644960 476
1644970 476
1644980 476
1644990 476
1645000 476
1645010 476
1645020 476
1645030 476
1645040 476
1645050 476
1645060 476
1645070 476
1645080 476
1645090 476
1645100 476
1645110 476
1645120 476
1645130 476
1645140 476
1645150 476
1645160 476
1645170 476
1645180 476
1645190 476
1645200 476
1645210 476
1645220 476
1645230 476
1645240 476
1645250 476
1645260 476
1645270 476
1645280 476
1645290 476
1645300 476
1645310 476
1645320 475
1645330 475
1645340 476
1645350 476
1645360 476
1645370 476
1645380 475
1645390 475
1645400 475
1645410 476
1645420 476
1645430 476
1645440 476
1645450 477
1645460 477
1645470 477
1645480 477
1645490 477
1645500 477
1645510 477
1645520 477
1645530 477
1645540 477
1645550 478
1645560 478
1645570 478
1645580 478
1645590 478
1645600 478
1645610 478
1645620 478
1645630 478
1645640 478
1645650 478
1645660 477
1645670 477
1645680 477
1645690 477
1645700 477
1645710 477
1645720 477
1645730 477
1645740 477
1645750 477
1645760 477
1645770 477
1645780 477
1645790 477
1645800 477
1645810 477
1645820 477
1645830 477
1645840 476
1645850 476
1645860 476
1645870 476
1645880 476
1645890 476
1645900 476
1645910 476
1645920 476
1645930 476
1645940 476
1645950 476
1645960 476
1645970 476
1645980 476
1645990 476
1646000 476
1646010 476
1646020 477
1646030 477
1646040 477
1646050 477
1646060 477
1646070 477
1646080 477
1646090 477
1646100 477
1646110 476
1646120 476
1646130 476
1646140 476
1646150 476
1646160 476
1646170 476
1646180 476
1646190 476
1646200 476
1646210 476
1646220 476
1646230 476
1646240 476
1646250 476
1646260 476
1646270 476
1646280 476
1646290 476
1646300 476
1646310 476
1646320 476
1646330 476
1646340 475
1646350 475
1646360 475
1646370 475
1646380 475
1646390 475
1646400 475
1646410 475
1646420 475
1646430 475
1646440 475
1646450 475
1646460 475
1646470 475
1646480 475
1646490 475
1646500 475
1646510 475
1646520 475
1646530 475
1646540 475
1646550 475
1646560 475
1646570 475
1646580 475
1646590 475
1646600 475
1646610 475
1646620 475
1646630 475
1646640 475
1646650 475
1646660 475
1646670 475
1646680 475
1646690 475
1646700 475
1646710 475
1646720 475
1646730 475
1646740 475
1646750 475
1646760 475
1646770 473
1646780 473
1646790 475
1646800 475
1646810 475
1646820 475
1646830 475
1646840 475
1646850 474
1646860 474
1646870 474
1646880 474
1646890 474
1646900 474
1646910 474
1646920 474
1646930 474
1646940 474
1646950 474
1646960 473
1646970 473
1646980 473
1646990 473
1647000 473
1647010 472
1647020 472
1647030 472
1647040 472
1647050 471
1647060 471
1647070 471
1647080 470
1647090 469
1647100 469
1647110 468
1647120 467
1647130 467
1647140 467
1647150 467
1647160 467
1647170 467
1647180 466
1647190 466
1647200 465
1647210 465
1647220 465
1647230 465
1647240 465
1647250 465
1647260 465
1647270 465
1647280 466
1647290 466
1647300 466
1647310 466
1647320 466
1647330 466
1647340 466
1647350 466
1647360 466
1647370 466
1647380 466
1647390 466
1647400 467
1647410 467
1647420 467
1647430 467
1647440 467
1647450 467
1647460 468
1647470 468
1647480 468
1647490 468
1647500 468
1647510 468
1647520 468
1647530 468
1647540 469
1647550 469
1647560 469
1647570 469
1647580 469
1647590 469
1647600 469
1647610 469
1647620 470
1647630 470
1647640 470
1647650 470
1647660 470
1647670 470
1647680 471
1647690 471
1647700 471
1647710 471
1647720 471
1647730 471
1647740 471
1647750 472
1647760 472
1647770 472
1647780 473
1647790 473
1647800 473
1647810 473
1647820 473
1647830 473
1647840 473
1647850 473
1647860 474
1647870 474
1647880 476
1647890 477
1647900 477
1647910 480
1647920 486
1647930 486
1647940 491
1647950 493
1647960 493
1647970 493
1647980 493
1647990 493
1648000 495
1648010 497
1648020 499
1648030 499
1648040 500
1648050 502
1648060 502
1648070 504
1648080 506
1648090 506
1648100 509
1648110 511
1648120 511
1648130 512
1648140 514
1648150 514
1648160 515
1648170 517
1648180 519
1648190 519
1648200 520
1648210 521
1648220 521
1648230 523
1648240 524
1648250 524
1648260 525
1648270 527
1648280 527
1648290 528
1648300 530
1648310 531
1648320 531
1648330 532
1648340 535
1648350 535
1648360 538
1648370 540
1648380 540
1648390 543
1648400 545
1648410 545
1648420 547
1648430 548
1648440 548
1648450 550
1648460 551
1648470 552
1648480 552
1648490 553
1648500 554
1648510 554
1648520 555
1648530 556
1648540 556
1648550 557
1648560 558
1648570 558
1648580 559
1648590 559
1648600 559
1648610 560
1648620 561
1648630 563
1648640 563
1648650 567
1648660 570
1648670 570
1648680 573
1648690 576
1648700 576
1648710 577
1648720 579
1648730 579
1648740 581
1648750 582
1648760 582
1648770 584
1648780 586
1648790 587
1648800 587
1648810 589
1648820 590
1648830 590
1648840 592
1648850 594
1648860 594
1648870 596
1648880 597
1648890 597
1648900 599
1648910 603
1648920 603
1648930 607
1648940 613
1648950 617
1648960 617
1648970 620
1648980 622
1648990 622
1649000 623
1649010 625
1649020 625
1649030 627
1649040 629
1649050 629
1649060 631
1649070 634
1649080 634
1649090 636
1649100 638
1649110 642
1649120 642
1649130 644
1649140 647
1649150 647
1649160 649
1649170 650
1649180 650
1649190 652
1649200 653
1649210 653
1649220 654
1649230 655
1649240 655
1649250 656
1649260 657
1649270 657
1649280 657
1649290 656
1649300 656
1649310 656
1649320 656
1649330 657
1649340 657
1649350 658
1649360 659
1649370 659
1649380 660
1649390 661
1649400 661
1649410 662
1649420 663
1649430 664
1649440 664
1649450 665
1649460 665
1649470 665
1649480 667
1649490 668
1649500 668
1649510 669
1649520 670
1649530 670
1649540 671
1649550 673
1649560 674
1649570 674
1649580 675
1649590 677
1649600 677
1649610 678
1649620 680
1649630 680
1649640 682
1649650 685
1649660 685
1649670 689
1649680 693
1649690 693
1649700 696
1649710 698
1649720 700
1649730 700
1649740 702
1649750 703
1649760 703
1649770 703
1649780 704
1649790 704
1649800 705
1649810 705
1649820 705
1649830 706
1649840 706
1649850 706
1649860 706
1649870 705
1649880 705
1649890 705
1649900 705
1649910 704
1649920 704
1649930 703
1649940 702
1649950 702
1649960 702
1649970 701
1649980 701
1649990 699
1650000 697
1650010 697
1650020 696
1650030 696
1650040 697
1650050 697
1650060 699
1650070 702
1650080 702
1650090 705
1650100 709
1650110 709
1650120 713
1650130 716
1650140 716
1650150 719
1650160 722
1650170 722
1650180 724
1650190 727
1650200 729
1650210 729
1650220 732
1650230 735
1650240 735
1650250 737
1650260 739
1650270 739
1650280 740
1650290 742
1650300 742
1650310 744
1650320 746
1650330 746
1650340 747
1650350 748
1650360 749
1650370 749
1650380 749
1650390 749
1650400 749
1650410 749
1650420 748
1650430 748
1650440 749
1650450 750
1650460 750
1650470 749
1650480 746
1650490 746
1650500 742
1650510 740
1650520 743
1650530 744
1650540 748
1650550 748
1650560 748
1650570 750
1650580 752
1650590 752
1650600 753
1650610 754
1650620 754
1650630 755
1650640 758
1650650 758
1650660 760
1650670 761
1650680 764
1650690 764
1650700 766
1650710 769
1650720 769
1650730 771
1650740 775
1650750 775
1650760 777
1650770 779
1650780 779
1650790 783
1650800 786
1650810 788
1650820 788
1650830 790
1650840 793
1650850 793
1650860 795
1650870 797
1650880 797
1650890 799
1650900 801
1650910 801
1650920 802
1650930 803
1650940 803
1650950 805
1650960 806
1650970 806
1650980 806
1650990 806
1651000 807
1651010 807
1651020 809
1651030 814
1651040 814
1651050 820
1651060 825
1651070 825
1651080 827
1651090 827
1651100 827
1651110 827
1651120 829
1651130 830
1651140 830
1651150 831
1651160 832
1651170 832
1651180 833
1651190 834
1651200 834
1651210 835
1651220 836
1651230 836
1651240 837
1651250 838
1651260 838
1651270 840
1651280 839
1651290 839
1651300 839
1651310 838
1651320 838
1651330 838
1651340 838
1651350 839
1651360 839
1651370 840
1651380 842
1651390 842
1651400 844
1651410 847
1651420 847
1651430 850
1651440 853
1651450 856
1651460 856
1651470 858
1651480 860
1651490 860
1651500 861
1651510 863
1651520 863
1651530 865
1651540 867
1651550 867
1651560 869
1651570 872
1651580 872
1651590 873
1651600 874
1651610 876
1651620 876
1651630 877
1651640 879
1651650 879
1651660 881
1651670 883
1651680 883
1651690 886
1651700 888
1651710 888
1651720 891
1651730 893
1651740 893
1651750 895
1651760 897
1651770 899
1651780 899
1651790 901
1651800 904
1651810 904
1651820 906
1651830 909
1651840 909
1651850 912
1651860 914
1651870 914
1651880 917
1651890 920
1651900 920
1651910 922
1651920 924
1651930 927
1651940 927
1651950 929
1651960 931
1651970 931
1651980 933
1651990 934
1652000 934
1652010 936
1652020 938
1652030 938
1652040 938
1652050 940
1652060 941
1652070 941
1652080 942
1652090 943
1652100 943
1652110 944
1652120 946
1652130 946
1652140 947
1652150 948
1652160 948
1652170 949
1652180 950
1652190 950
1652200 951
1652210 952
1652220 953
1652230 953
1652240 953
1652250 954
1652260 954
1652270 955
1652280 956
1652290 956
1652300 957
1652310 958
1652320 958
1652330 959
1652340 961
1652350 961
1652360 963
1652370 964
1652380 967
1652390 967
1652400 969
1652410 972
1652420 972
1652430 975
1652440 978
1652450 978
1652460 981
1652470 984
1652480 984
1652490 986
1652500 988
1652510 988
1652520 990
1652530 992
1652540 993
1652550 993
1652560 994
1652570 995
1652580 995
1652590 997
1652600 998
1652610 998
1652620 999
1652630 1001
1652640 1001
1652650 1002
1652660 1004
1652670 1004
1652680 1005
1652690 1007
1652700 1008
1652710 1008
1652720 1010
1652730 1011
1652740 1011
1652750 1012
1652760 1013
1652770 1013
1652780 1014
1652790 1015
1652800 1015
1652810 1016
1652820 1016
1652830 1016
1652840 1017
1652850 1018
1652860 1019
1652870 1019
1652880 1018
1652890 1018
1652900 1018
1652910 1017
1652920 1015
1652930 1015
1652940 1014
1652950 1012
1652960 1012
1652970 1010
1652980 1008
1652990 1008
1653000 1006
1653010 1005
1653020 1003
1653030 1003
1653040 1001
1653050 999
1653060 999
1653070 998
1653080 997
1653090 997
1653100 995
1653110 994
1653120 994
1653130 993
1653140 991
1653150 991
1653160 990
1653170 988
1653180 987
1653190 987
1653200 986
1653210 984
1653220 984
1653230 983
1653240 982
1653250 982
1653260 981
1653270 979
1653280 979
1653290 978
1653300 976
1653310 974
1653320 974
1653330 972
1653340 970
1653350 970
1653360 968
1653370 966
1653380 966
1653390 964
1653400 962
1653410 962
1653420 960
1653430 958
1653440 958
1653450 957
1653460 955
1653470 953
1653480 953
1653490 951
1653500 949
1653510 949
1653520 947
1653530 944
1653540 944
1653550 942
1653560 939
1653570 939
1653580 937
1653590 933
1653600 933
1653610 929
1653620 925
1653630 921
1653640 921
1653650 916
1653660 912
1653670 912
1653680 907
1653690 904
1653700 904
1653710 900
1653720 897
1653730 897
1653740 894
1653750 890
1653760 890
1653770 887
1653780 883
1653790 879
1653800 879
1653810 876
1653820 872
1653830 872
1653840 868
1653850 865
1653860 865
1653870 861
1653880 858
1653890 858
1653900 855
1653910 851
1653920 851
1653930 848
1653940 845
1653950 842
1653960 842
1653970 839
1653980 836
1653990 836
1654000 832
1654010 829
1654020 829
1654030 826
1654040 822
1654050 822
1654060 819
1654070 817
1654080 817
1654090 812
1654100 807
1654110 802
1654120 802
1654130 798
1654140 794
1654150 794
1654160 791
1654170 788
1654180 788
1654190 784
1654200 779
1654210 779
1654220 775
1654230 770
1654240 770
1654250 765
1654260 760
1654270 755
1654280 751
1654290 746
1654300 742
1654310 742
1654320 737
1654330 733
1654340 733
1654350 729
1654360 728
1654370 728
1654380 728
1654390 727
1654400 727
1654410 726
1654420 724
1654430 722
1654440 722
1654450 720
1654460 718
1654470 718
1654480 717
1654490 716
1654500 716
1654510 714
1654520 712
1654530 712
1654540 710
1654550 707
1654560 704
1654570 704
1654580 700
1654590 696
1654600 696
1654610 694
1654620 692
1654630 692
1654640 691
1654650 691
1654660 691
1654670 690
1654680 690
1654690 690
1654700 690
1654710 690
1654720 691
1654730 691
1654740 692
1654750 693
1654760 693
1654770 694
1654780 694
1654790 694
1654800 693
1654810 692
1654820 692
1654830 691
1654840 689
1654850 689
1654860 688
1654870 685
1654880 681
1654890 681
1654900 676
1654910 669
1654920 669
1654930 662
1654940 659
1654950 659
1654960 659
1654970 660
1654980 660
1654990 663
1655000 667
1655010 667
1655020 674
1655030 679
1655040 682
1655050 682
1655060 685
1655070 688
1655080 688
1655090 692
1655100 697
1655110 697
1655120 702
1655130 709
1655140 709
1655150 716
1655160 724
1655170 724
1655180 732
1655190 737
1655200 742
1655210 742
1655220 748
1655230 754
1655240 754
1655250 759
1655260 765
1655270 765
1655280 770
1655290 775
1655300 775
1655310 780
1655320 785
1655330 785
1655340 789
1655350 794
1655360 798
1655370 798
1655380 802
1655390 807
1655400 807
1655410 811
1655420 815
1655430 815
1655440 818
1655450 822
1655460 822
1655470 825
1655480 828
1655490 828
1655500 831
1655510 833
1655520 835
1655530 835
1655540 836
1655550 836
1655560 836
1655570 836
1655580 836
1655590 836
1655600 835
1655610 834
1655620 834
1655630 832
1655640 830
1655650 830
1655660 828
1655670 826
1655680 824
1655690 824
1655700 821
1655710 820
1655720 820
1655730 819
1655740 819
1655750 821
1655760 822
1655770 822
1655780 822
1655790 824
1655800 826
1655810 828
1655820 828
1655830 830
1655840 832
1655850 832
1655860 834
1655870 837
1655880 837
1655890 840
1655900 843
1655910 843
1655920 847
1655930 850
1655940 850
1655950 853
1655960 855
1655970 858
1655980 858
1655990 860
1656000 862
1656010 862
1656020 864
1656030 866
1656040 866
1656050 868
1656060 870
1656070 870
1656080 873
1656090 875
1656100 875
1656110 878
1656120 880
1656130 883
1656140 883
1656150 886
1656160 888
1656170 888
1656180 891
1656190 894
1656200 894
1656210 896
1656220 899
1656230 899
1656240 901
1656250 904
1656260 904
1656270 906
1656280 908
1656290 911
1656300 911
1656310 913
1656320 915
1656330 915
1656340 916
1656350 918
1656360 918
1656370 920
1656380 921
1656390 921
1656400 922
1656410 924
1656420 924
1656430 925
1656440 926
1656450 927
1656460 927
1656470 927
1656480 928
1656490 929
1656500 930
1656510 931
1656520 931
1656530 931
1656540 932
1656550 932
1656560 932
1656570 931
1656580 931
1656590 930
1656600 928
1656610 926
1656620 926
1656630 924
1656640 921
1656650 921
1656660 918
1656670 915
1656680 915
1656690 912
1656700 909
1656710 909
1656720 907
1656730 905
1656740 905
1656750 903
1656760 901
1656770 899
1656780 899
1656790 898
1656800 897
1656810 897
1656820 896
1656830 896
1656840 896
1656850 895
1656860 895
1656870 895
1656880 895
1656890 894
1656900 894
1656910 894
1656920 894
1656930 894
1656940 894
1656950 894
1656960 893
1656970 893
1656980 893
1656990 892
1657000 892
1657010 890
1657020 888
1657030 888
1657040 886
1657050 883
1657060 879
1657070 879
1657080 875
1657090 870
1657100 870
1657110 865
1657120 860
1657130 860
1657140 856
1657150 851
1657160 851
1657170 848
1657180 845
1657190 845
1657200 844
1657210 844
1657220 844
1657230 844
1657240 846
1657250 849
1657260 849
1657270 852
1657280 855
1657290 855
1657300 859
1657310 863
1657320 863
1657330 868
1657340 872
1657350 872
1657360 876
1657370 880
1657380 884
1657390 884
1657400 887
1657410 891
1657420 891
1657430 894
1657440 897
1657450 897
1657460 900
1657470 902
1657480 902
1657490 903
1657500 904
1657510 904
1657520 905
1657530 905
1657540 904
1657550 904
1657560 904
1657570 903
1657580 903
1657590 903
1657600 902
1657610 902
1657620 901
1657630 901
1657640 901
1657650 900
1657660 900
1657670 900
1657680 899
1657690 899
1657700 899
1657710 899
1657720 898
1657730 898
1657740 898
1657750 898
1657760 897
1657770 897
1657780 897
1657790 896
1657800 896
1657810 896
1657820 895
1657830 895
1657840 895
1657850 894
1657860 893
1657870 893
1657880 893
1657890 892
1657900 892
1657910 892
1657920 892
1657930 892
1657940 889
1657950 889
1657960 889
1657970 890
1657980 890
1657990 890
1658000 890
1658010 891
1658020 891
1658030 891
1658040 892
1658050 893
1658060 893
1658070 894
1658080 895
1658090 895
1658100 896
1658110 897
1658120 897
1658130 898
1658140 899
1658150 899
1658160 900
1658170 900
1658180 900
1658190 900
1658200 900
1658210 900
1658220 900
1658230 899
1658240 899
1658250 899
1658260 898
1658270 897
1658280 897
1658290 896
1658300 895
1658310 895
1658320 894
1658330 893
1658340 892
1658350 892
1658360 891
1658370 890
1658380 890
1658390 888
1658400 886
1658410 886
1658420 883
1658430 880
1658440 880
1658450 877
1658460 875
1658470 874
1658480 874
1658490 873
1658500 874
1658510 874
1658520 875
1658530 877
1658540 877
1658550 879
1658560 880
1658570 880
1658580 882
1658590 882
1658600 882
1658610 882
1658620 882
1658630 880
1658640 880
1658650 879
1658660 880
1658670 880
1658680 882
1658690 884
1658700 884
1658710 887
1658720 889
1658730 889
1658740 892
1658750 895
1658760 895
1658770 898
1658780 901
1658790 904
1658800 904
1658810 907
1658820 908
1658830 908
1658840 909
1658850 908
1658860 908
1658870 907
1658880 906
1658890 906
1658900 904
1658910 903
1658920 903
1658930 901
1658940 900
1658950 899
1658960 899
1658970 898
1658980 897
1658990 897
1659000 897
1659010 896
1659020 896
1659030 896
1659040 896
1659050 896
1659060 897
1659070 897
1659080 897
1659090 897
1659100 898
1659110 900
1659120 900
1659130 901
1659140 901
1659150 901
1659160 902
1659170 903
1659180 903
1659190 904
1659200 905
1659210 905
1659220 908
1659230 910
1659240 910
1659250 913
1659260 916
1659270 919
1659280 919
1659290 922
1659300 925
1659310 925
1659320 929
1659330 934
1659340 934
1659350 937
1659360 941
1659370 941
1659380 944
1659390 949
1659400 949
1659410 952
1659420 954
1659430 957
1659440 957
1659450 960
1659460 962
1659470 962
1659480 964
1659490 966
1659500 966
1659510 968
1659520 971
1659530 971
1659540 973
1659550 976
1659560 976
1659570 978
1659580 980
1659590 983
1659600 983
1659610 985
1659620 987
1659630 987
1659640 990
1659650 992
1659660 992
1659670 995
1659680 997
1659690 997
1659700 999
1659710 1000
1659720 1001
1659730 1001
1659740 1001
1659750 1000
1659760 1000
1659770 998
1659780 996
1659790 996
1659800 994
1659810 991
1659820 991
1659830 989
1659840 986
1659850 986
1659860 983
1659870 981
1659880 979
1659890 979
1659900 976
1659910 974
1659920 974
1659930 972
1659940 970
1659950 970
1659960 967
1659970 965
1659980 965
1659990 963
