1640000 437
1640010 432
1640020 432
1640030 429
1640040 429
1640050 429
1640060 429
1640070 430
1640080 430
1640090 431
1640100 431
1640110 431
1640120 431
1640130 431
1640140 433
1640150 433
1640160 437
1640170 443
1640180 443
1640190 448
1640200 454
1640210 454
1640220 458
1640230 461
1640240 461
1640250 464
1640260 464
1640270 464
1640280 464
1640290 465
1640300 467
1640310 467
1640320 469
1640330 472
1640340 472
1640350 474
1640360 475
1640370 475
1640380 475
1640390 475
1640400 475
1640410 475
1640420 475
1640430 475
1640440 475
1640450 475
1640460 475
1640470 475
1640480 476
1640490 476
1640500 476
1640510 475
1640520 475
1640530 475
1640540 475
1640550 475
1640560 475
1640570 475
1640580 475
1640590 475
1640600 475
1640610 475
1640620 475
1640630 475
1640640 475
1640650 475
1640660 475
1640670 475
1640680 475
1640690 475
1640700 475
1640710 474
1640720 474
1640730 474
1640740 474
1640750 474
1640760 474
1640770 474
1640780 474
1640790 474
1640800 474
1640810 474
1640820 474
1640830 474
1640840 474
1640850 474
1640860 474
1640870 475
1640880 475
1640890 475
1640900 475
1640910 475
1640920 475
1640930 475
1640940 475
1640950 475
1640960 476
1640970 476
1640980 476
1640990 476
1641000 476
1641010 476
1641020 476
1641030 476
1641040 476
1641050 476
1641060 476
1641070 476
1641080 476
1641090 476
1641100 476
1641110 476
1641120 476
1641130 476
1641140 476
1641150 476
1641160 476
1641170 476
1641180 476
1641190 476
1641200 476
1641210 476
1641220 476
1641230 476
1641240 476
1641250 476
1641260 476
1641270 476
1641280 476
1641290 476
1641300 476
1641310 476
1641320 476
1641330 476
1641340 476
1641350 476
1641360 476
1641370 476
1641380 476
1641390 476
1641400 476
1641410 476
1641420 476
1641430 476
1641440 476
1641450 476
1641460 476
1641470 476
1641480 476
1641490 476
1641500 476
1641510 476
1641520 476
1641530 476
1641540 476
1641550 476
1641560 476
1641570 476
1641580 476
1641590 476
1641600 476
1641610 476
1641620 476
1641630 476
1641640 477
1641650 477
1641660 477
1641670 477
1641680 477
1641690 477
1641700 477
1641710 477
1641720 477
1641730 477
1641740 477
1641750 477
1641760 477
1641770 477
1641780 477
1641790 477
1641800 478
1641810 478
1641820 478
1641830 478
1641840 478
1641850 479
1641860 479
1641870 479
1641880 481
1641890 483
1641900 486
1641910 486
1641920 491
1641930 495
1641940 495
1641950 499
1641960 502
1641970 502
1641980 505
1641990 508
1642000 508
1642010 511
1642020 513
1642030 513
1642040 513
1642050 513
1642060 512
1642070 512
1642080 511
1642090 511
1642100 512
1642110 513
1642120 515
1642130 515
1642140 517
1642150 519
1642160 519
1642170 521
1642180 522
1642190 523
1642200 523
1642210 523
1642220 524
1642230 524
1642240 524
1642250 524
1642260 524
1642270 524
1642280 524
1642290 524
1642300 524
1642310 525
1642320 525
1642330 526
1642340 526
1642350 526
1642360 526
1642370 526
1642380 526
1642390 526
1642400 526
1642410 527
1642420 527
1642430 529
1642440 530
1642450 530
1642460 532
1642470 533
1642480 533
1642490 535
1642500 538
1642510 541
1642520 541
1642530 543
1642540 545
1642550 545
1642560 548
1642570 551
1642580 551
1642590 555
1642600 557
1642610 557
1642620 558
1642630 560
1642640 560
1642650 562
1642660 563
1642670 565
1642680 565
1642690 566
1642700 567
1642710 567
1642720 568
1642730 567
1642740 567
1642750 566
1642760 566
1642770 566
1642780 564
1642790 564
1642800 564
1642810 565
1642820 565
1642830 565
1642840 565
1642850 566
1642860 567
1642870 567
1642880 569
1642890 570
1642900 577
1642910 577
1642920 577
1642930 577
1642940 578
1642950 579
1642960 579
1642970 579
1642980 580
1642990 581
1643000 581
1643010 582
1643020 584
1643030 584
1643040 587
1643050 589
1643060 589
1643070 592
1643080 592
1643090 592
1643100 591
1643110 589
1643120 589
1643130 589
1643140 589
1643150 590
1643160 590
1643170 591
1643180 592
1643190 592
1643200 592
1643210 594
1643220 594
1643230 595
1643240 598
1643250 598
1643260 600
1643270 602
1643280 602
1643290 604
1643300 607
1643310 610
1643320 610
1643330 612
1643340 613
1643350 613
1643360 614
1643370 614
1643380 614
1643390 615
1643400 616
1643410 616
1643420 617
1643430 616
1643440 616
1643450 614
1643460 613
1643470 612
1643480 612
1643490 611
1643500 611
1643510 611
1643520 612
1643530 612
1643540 612
1643550 614
1643560 616
1643570 616
1643580 618
1643590 620
1643600 620
1643610 621
1643620 620
1643630 617
1643640 617
1643650 612
1643660 607
1643670 607
1643680 603
1643690 597
1643700 597
1643710 593
1643720 588
1643730 588
1643740 584
1643750 580
1643760 580
1643770 576
1643780 571
1643790 567
1643800 567
1643810 563
1643820 559
1643830 559
1643840 556
1643850 554
1643860 554
1643870 551
1643880 548
1643890 548
1643900 545
1643910 543
1643920 543
1643930 540
1643940 537
1643950 534
1643960 534
1643970 530
1643980 526
1643990 526
1644000 521
1644010 516
1644020 516
1644030 511
1644040 506
1644050 506
1644060 503
1644070 500
1644080 496
1644090 496
1644100 492
1644110 489
1644120 489
1644130 485
1644140 481
1644150 481
1644160 478
1644170 476
1644180 476
1644190 475
1644200 474
1644210 474
1644220 474
1644230 474
1644240 474
1644250 474
1644260 473
1644270 473
1644280 473
1644290 473
1644300 473
1644310 473
1644320 472
1644330 472
1644340 472
1644350 472
1644360 473
1644370 473
1644380 472
1644390 472
1644400 472
1644410 472
1644420 472
1644430 472
1644440 472
1644450 472
1644460 472
1644470 472
1644480 472
1644490 472
1644500 472
1644510 472
1644520 472
1644530 472
1644540 472
1644550 472
1644560 472
1644570 472
1644580 472
1644590 472
1644600 472
1644610 472
1644620 472
1644630 472
1644640 472
1644650 471
1644660 471
1644670 471
1644680 471
1644690 471
1644700 471
1644710 471
1644720 471
1644730 471
1644740 471
1644750 471
1644760 471
1644770 471
1644780 471
1644790 471
1644800 470
1644810 470
1644820 470
1644830 469
1644840 469
1644850 469
1644860 469
1644870 469
1644880 469
1644890 469
1644900 469
1644910 469
1644920 469
1644930 469
1644940 469
1644950 469
1644960 469
1644970 469
1644980 469
1644990 468
1645000 468
1645010 468
1645020 468
1645030 468
1645040 468
1645050 468
1645060 468
1645070 468
1645080 468
1645090 468
1645100 468
1645110 468
1645120 469
1645130 469
1645140 469
1645150 469
1645160 469
1645170 469
1645180 469
1645190 469
1645200 469
1645210 469
1645220 469
1645230 469
1645240 469
1645250 469
1645260 469
1645270 469
1645280 469
1645290 469
1645300 469
1645310 469
1645320 468
1645330 468
1645340 469
1645350 469
1645360 469
1645370 469
1645380 469
1645390 469
1645400 469
1645410 469
1645420 469
1645430 469
1645440 468
1645450 468
1645460 468
1645470 468
1645480 468
1645490 468
1645500 468
1645510 468
1645520 468
1645530 468
1645540 468
1645550 468
1645560 468
1645570 467
1645580 467
1645590 467
1645600 467
1645610 467
1645620 467
1645630 467
1645640 467
1645650 467
1645660 467
1645670 467
1645680 468
1645690 468
1645700 468
1645710 469
1645720 469
1645730 469
1645740 469
1645750 469
1645760 468
1645770 468
1645780 468
1645790 468
1645800 468
1645810 468
1645820 468
1645830 468
1645840 468
1645850 468
1645860 468
1645870 468
1645880 468
1645890 468
1645900 468
1645910 468
1645920 468
1645930 468
1645940 468
1645950 468
1645960 468
1645970 468
1645980 467
1645990 467
1646000 467
1646010 467
1646020 467
1646030 467
1646040 467
1646050 467
1646060 467
1646070 467
1646080 467
1646090 467
1646100 467
1646110 467
1646120 467
1646130 467
1646140 467
1646150 467
1646160 467
1646170 467
1646180 467
1646190 467
1646200 467
1646210 467
1646220 467
1646230 467
1646240 467
1646250 467
1646260 467
1646270 467
1646280 467
1646290 467
1646300 467
1646310 467
1646320 467
1646330 467
1646340 467
1646350 467
1646360 467
1646370 467
1646380 467
1646390 467
1646400 467
1646410 467
1646420 467
1646430 467
1646440 467
1646450 467
1646460 467
1646470 467
1646480 467
1646490 467
1646500 467
1646510 467
1646520 467
1646530 467
1646540 467
1646550 467
1646560 467
1646570 467
1646580 467
1646590 467
1646600 466
1646610 466
1646620 466
1646630 466
1646640 466
1646650 466
1646660 466
1646670 466
1646680 466
1646690 466
1646700 466
1646710 466
1646720 466
1646730 466
1646740 466
1646750 466
1646760 466
1646770 466
1646780 466
1646790 466
1646800 466
1646810 466
1646820 466
1646830 465
1646840 465
1646850 465
1646860 466
1646870 466
1646880 466
1646890 465
1646900 465
1646910 465
1646920 465
1646930 465
1646940 465
1646950 465
1646960 465
1646970 465
1646980 465
1646990 465
1647000 465
1647010 465
1647020 465
1647030 465
1647040 465
1647050 465
1647060 465
1647070 465
1647080 465
1647090 465
1647100 465
1647110 465
1647120 465
1647130 465
1647140 465
1647150 465
1647160 465
1647170 465
1647180 465
1647190 465
1647200 464
1647210 464
1647220 464
1647230 464
1647240 464
1647250 464
1647260 464
1647270 464
1647280 464
1647290 464
1647300 464
1647310 464
1647320 464
1647330 464
1647340 464
1647350 464
1647360 464
1647370 464
1647380 464
1647390 464
1647400 464
1647410 464
1647420 464
1647430 464
1647440 464
1647450 464
1647460 464
1647470 464
1647480 464
1647490 464
1647500 464
1647510 464
1647520 464
1647530 464
1647540 464
1647550 464
1647560 464
1647570 464
1647580 464
1647590 464
1647600 463
1647610 463
1647620 463
1647630 463
1647640 463
1647650 463
1647660 463
1647670 463
1647680 463
1647690 463
1647700 463
1647710 463
1647720 463
1647730 463
1647740 463
1647750 463
1647760 464
1647770 464
1647780 463
1647790 459
1647800 459
1647810 457
1647820 457
1647830 457
1647840 457
1647850 457
1647860 457
1647870 457
1647880 457
1647890 457
1647900 457
1647910 457
1647920 457
1647930 457
1647940 458
1647950 458
1647960 458
1647970 459
1647980 460
1647990 460
1648000 460
1648010 460
1648020 460
1648030 460
1648040 461
1648050 461
1648060 461
1648070 461
1648080 462
1648090 462
1648100 462
1648110 462
1648120 462
1648130 462
1648140 462
1648150 462
1648160 462
1648170 462
1648180 462
1648190 462
1648200 460
1648210 458
1648220 458
1648230 457
1648240 455
1648250 455
1648260 454
1648270 453
1648280 453
1648290 453
1648300 453
1648310 453
1648320 453
1648330 453
1648340 453
1648350 453
1648360 453
1648370 454
1648380 454
1648390 454
1648400 455
1648410 455
1648420 455
1648430 456
1648440 456
1648450 456
1648460 456
1648470 456
1648480 456
1648490 457
1648500 457
1648510 457
1648520 457
1648530 458
1648540 458
1648550 458
1648560 459
1648570 459
1648580 459
1648590 460
1648600 460
1648610 460
1648620 461
1648630 461
1648640 461
1648650 462
1648660 463
1648670 463
1648680 464
1648690 466
1648700 466
1648710 467
1648720 467
1648730 467
1648740 469
1648750 471
1648760 471
1648770 473
1648780 478
1648790 478
1648800 485
1648810 491
1648820 498
1648830 498
1648840 504
1648850 509
1648860 509
1648870 512
1648880 513
1648890 513
1648900 512
1648910 512
1648920 512
1648930 512
1648940 511
1648950 511
1648960 509
1648970 509
1648980 513
1648990 513
1649000 516
1649010 520
1649020 520
1649030 523
1649040 529
1649050 529
1649060 533
1649070 537
1649080 537
1649090 542
1649100 548
1649110 548
1649120 554
1649130 560
1649140 562
1649150 562
1649160 567
1649170 572
1649180 572
1649190 577
1649200 581
1649210 581
1649220 585
1649230 588
1649240 588
1649250 591
1649260 594
1649270 594
1649280 598
1649290 602
1649300 607
1649310 607
1649320 611
1649330 615
1649340 615
1649350 620
1649360 625
1649370 625
1649380 631
1649390 634
1649400 634
1649410 638
1649420 641
1649430 641
1649440 645
1649450 649
1649460 653
1649470 653
1649480 657
1649490 662
1649500 662
1649510 667
1649520 671
1649530 671
1649540 674
1649550 677
1649560 677
1649570 681
1649580 684
1649590 684
1649600 687
1649610 691
1649620 695
1649630 695
1649640 699
1649650 703
1649660 703
1649670 706
1649680 711
1649690 711
1649700 714
1649710 717
1649720 717
1649730 719
1649740 720
1649750 720
1649760 722
1649770 724
1649780 726
1649790 726
1649800 728
1649810 730
1649820 730
1649830 732
1649840 734
1649850 734
1649860 735
1649870 737
1649880 737
1649890 740
1649900 738
1649910 738
1649920 741
1649930 744
1649940 747
1649950 747
1649960 749
1649970 752
1649980 752
1649990 754
1650000 756
1650010 756
1650020 759
1650030 760
1650040 760
1650050 761
1650060 763
1650070 765
1650080 765
1650090 766
1650100 768
1650110 768
1650120 770
1650130 771
1650140 771
1650150 772
1650160 773
1650170 773
1650180 775
1650190 775
1650200 775
1650210 775
1650220 775
1650230 774
1650240 774
1650250 773
1650260 772
1650270 772
1650280 772
1650290 773
1650300 773
1650310 774
1650320 775
1650330 775
1650340 777
1650350 779
1650360 779
1650370 781
1650380 783
1650390 786
1650400 786
1650410 789
1650420 793
1650430 793
1650440 798
1650450 800
1650460 800
1650470 801
1650480 801
1650490 801
1650500 802
1650510 802
1650520 802
1650530 803
1650540 803
1650550 804
1650560 804
1650570 804
1650580 805
1650590 805
1650600 805
1650610 806
1650620 806
1650630 806
1650640 806
1650650 806
1650660 804
1650670 805
1650680 805
1650690 806
1650700 806
1650710 806
1650720 806
1650730 806
1650740 807
1650750 807
1650760 808
1650770 809
1650780 809
1650790 810
1650800 811
1650810 811
1650820 812
1650830 814
1650840 814
1650850 815
1650860 816
1650870 815
1650880 815
1650890 815
1650900 816
1650910 816
1650920 817
1650930 819
1650940 819
1650950 820
1650960 822
1650970 822
1650980 824
1650990 825
1651000 825
1651010 827
1651020 829
1651030 831
1651040 831
1651050 833
1651060 836
1651070 836
1651080 839
1651090 841
1651100 841
1651110 843
1651120 844
1651130 844
1651140 845
1651150 846
1651160 846
1651170 847
1651180 849
1651190 853
1651200 853
1651210 856
1651220 859
1651230 859
1651240 863
1651250 865
1651260 865
1651270 867
1651280 868
1651290 868
1651300 869
1651310 869
1651320 869
1651330 869
1651340 870
1651350 872
1651360 872
1651370 874
1651380 875
1651390 875
1651400 877
1651410 879
1651420 876
1651430 878
1651440 880
1651450 880
1651460 882
1651470 885
1651480 885
1651490 887
1651500 890
1651510 893
1651520 893
1651530 896
1651540 899
1651550 899
1651560 903
1651570 906
1651580 906
1651590 909
1651600 913
1651610 913
1651620 917
1651630 922
1651640 922
1651650 927
1651660 932
1651670 938
1651680 938
1651690 944
1651700 949
1651710 949
1651720 954
1651730 959
1651740 959
1651750 964
1651760 969
1651770 969
1651780 974
1651790 978
1651800 978
1651810 981
1651820 985
1651830 988
1651840 988
1651850 990
1651860 993
1651870 993
1651880 997
1651890 1000
1651900 1000
1651910 1003
1651920 1005
1651930 1005
1651940 1007
1651950 1008
1651960 1008
1651970 1008
1651980 1008
1651990 1008
1652000 1008
1652010 1009
1652020 1010
1652030 1010
1652040 1011
1652050 1013
1652060 1013
1652070 1015
1652080 1017
1652090 1017
1652100 1019
1652110 1020
1652120 1022
1652130 1022
1652140 1024
1652150 1025
1652160 1025
1652170 1025
1652180 1026
1652190 1026
1652200 1026
1652210 1027
1652220 1027
1652230 1028
1652240 1028
1652250 1028
1652260 1029
1652270 1030
1652280 1030
1652290 1030
1652300 1031
1652310 1031
1652320 1031
1652330 1032
1652340 1032
1652350 1032
1652360 1033
1652370 1034
1652380 1034
1652390 1034
1652400 1035
1652410 1035
1652420 1036
1652430 1037
1652440 1038
1652450 1038
1652460 1039
1652470 1040
1652480 1040
1652490 1041
1652500 1042
1652510 1042
1652520 1042
1652530 1043
1652540 1043
1652550 1043
1652560 1043
1652570 1043
1652580 1043
1652590 1043
1652600 1043
1652610 1043
1652620 1042
1652630 1041
1652640 1041
1652650 1040
1652660 1039
1652670 1039
1652680 1037
1652690 1036
1652700 1036
1652710 1035
1652720 1033
1652730 1033
1652740 1032
1652750 1030
1652760 1029
1652770 1029
1652780 1028
1652790 1027
1652800 1027
1652810 1027
1652820 1027
1652830 1027
1652840 1028
1652850 1029
1652860 1029
1652870 1030
1652880 1031
1652890 1031
1652900 1033
1652910 1034
1652920 1034
1652930 1034
1652940 1035
1652950 1036
1652960 1036
1652970 1037
1652980 1038
1652990 1038
1653000 1039
1653010 1040
1653020 1040
1653030 1041
1653040 1042
1653050 1042
1653060 1042
1653070 1043
1653080 1043
1653090 1043
1653100 1043
1653110 1043
1653120 1043
1653130 1043
1653140 1043
1653150 1043
1653160 1042
1653170 1042
1653180 1042
1653190 1042
1653200 1041
1653210 1041
1653220 1040
1653230 1040
1653240 1039
1653250 1039
1653260 1039
1653270 1038
1653280 1038
1653290 1037
1653300 1037
1653310 1037
1653320 1037
1653330 1036
1653340 1036
1653350 1036
1653360 1036
1653370 1036
1653380 1037
1653390 1037
1653400 1038
1653410 1038
1653420 1038
1653430 1038
1653440 1038
1653450 1038
1653460 1038
1653470 1038
1653480 1037
1653490 1037
1653500 1037
1653510 1036
1653520 1035
1653530 1035
1653540 1034
1653550 1034
1653560 1033
1653570 1033
1653580 1033
1653590 1033
1653600 1033
1653610 1034
1653620 1035
1653630 1035
1653640 1036
1653650 1037
1653660 1036
1653670 1038
1653680 1039
1653690 1039
1653700 1040
1653710 1041
1653720 1042
1653730 1042
1653740 1043
1653750 1043
1653760 1043
1653770 1044
1653780 1044
1653790 1044
1653800 1044
1653810 1045
1653820 1045
1653830 1045
1653840 1045
1653850 1045
1653860 1045
1653870 1045
1653880 1046
1653890 1046
1653900 1046
1653910 1046
1653920 1046
1653930 1047
1653940 1047
1653950 1047
1653960 1048
1653970 1049
1653980 1049
1653990 1050
1654000 1051
1654010 1051
1654020 1053
1654030 1054
1654040 1055
1654050 1055
1654060 1056
1654070 1057
1654080 1057
1654090 1058
1654100 1059
1654110 1059
1654120 1060
1654130 1060
1654140 1060
1654150 1059
1654160 1058
1654170 1057
1654180 1057
1654190 1055
1654200 1053
1654210 1053
1654220 1050
1654230 1048
1654240 1048
1654250 1046
1654260 1044
1654270 1044
1654280 1043
1654290 1040
1654300 1040
1654310 1037
1654320 1033
1654330 1030
1654340 1030
1654350 1027
1654360 1024
1654370 1024
1654380 1022
1654390 1020
1654400 1017
1654410 1015
1654420 1013
1654430 1013
1654440 1011
1654450 1010
1654460 1010
1654470 1010
1654480 1009
1654490 1008
1654500 1008
1654510 1007
1654520 1006
1654530 1006
1654540 1005
1654550 1002
1654560 1002
1654570 999
1654580 994
1654590 994
1654600 989
1654610 984
1654620 984
1654630 980
1654640 977
1654650 975
1654660 975
1654670 974
1654680 973
1654690 973
1654700 972
1654710 971
1654720 971
1654730 969
1654740 967
1654750 967
1654760 965
1654770 964
1654780 964
1654790 963
1654800 963
1654810 963
1654820 963
1654830 964
1654840 964
1654850 964
1654860 965
1654870 965
1654880 965
1654890 965
1654900 965
1654910 965
1654920 964
1654930 962
1654940 962
1654950 960
1654960 957
1654970 954
1654980 954
1654990 952
1655000 951
1655010 951
1655020 952
1655030 955
1655040 955
1655050 957
1655060 959
1655070 959
1655080 961
1655090 962
1655100 962
1655110 963
1655120 964
1655130 965
1655140 961
1655150 962
1655160 962
1655170 962
1655180 962
1655190 961
1655200 961
1655210 960
1655220 959
1655230 959
1655240 957
1655250 955
1655260 955
1655270 953
1655280 952
1655290 950
1655300 950
1655310 948
1655320 947
1655330 947
1655340 946
1655350 944
1655360 944
1655370 942
1655380 941
1655390 941
1655400 939
1655410 938
1655420 938
1655430 936
1655440 934
1655450 932
1655460 932
1655470 930
1655480 928
1655490 928
1655500 926
1655510 923
1655520 923
1655530 921
1655540 918
1655550 918
1655560 916
1655570 913
1655580 913
1655590 908
1655600 904
1655610 899
1655620 899
1655630 893
1655640 889
1655650 889
1655660 884
1655670 879
1655680 879
1655690 874
1655700 871
1655710 871
1655720 869
1655730 867
1655740 867
1655750 866
1655760 863
1655770 861
1655780 861
1655790 858
1655800 856
1655810 856
1655820 851
1655830 848
1655840 848
1655850 847
1655860 848
1655870 848
1655880 844
1655890 845
1655900 845
1655910 844
1655920 843
1655930 842
1655940 842
1655950 841
1655960 840
1655970 840
1655980 840
1655990 839
1656000 839
1656010 837
1656020 835
1656030 835
1656040 831
1656050 827
1656060 827
1656070 824
1656080 822
1656090 823
1656100 823
1656110 825
1656120 827
1656130 827
1656140 829
1656150 832
1656160 832
1656170 834
1656180 836
1656190 836
1656200 838
1656210 840
1656220 841
1656230 841
1656240 842
1656250 842
1656260 842
1656270 841
1656280 841
1656290 841
1656300 840
1656310 840
1656320 840
1656330 840
1656340 840
1656350 840
1656360 840
1656370 840
1656380 840
1656390 840
1656400 840
1656410 840
1656420 840
1656430 840
1656440 840
1656450 840
1656460 840
1656470 840
1656480 840
1656490 840
1656500 839
1656510 839
1656520 840
1656530 841
1656540 844
1656550 844
1656560 848
1656570 852
1656580 852
1656590 856
1656600 860
1656610 859
1656620 863
1656630 867
1656640 867
1656650 872
1656660 876
1656670 876
1656680 880
1656690 884
1656700 889
1656710 889
1656720 896
1656730 902
1656740 902
1656750 908
1656760 913
1656770 913
1656780 919
1656790 926
1656800 926
1656810 932
1656820 939
1656830 939
1656840 946
1656850 950
1656860 957
1656870 957
1656880 964
1656890 971
1656900 971
1656910 979
1656920 987
1656930 987
1656940 993
1656950 998
1656960 998
1656970 1000
1656980 1000
1656990 1000
1657000 999
1657010 997
1657020 996
1657030 996
1657040 995
1657050 993
1657060 993
1657070 992
1657080 991
1657090 991
1657100 990
1657110 990
1657120 990
1657130 990
1657140 990
1657150 990
1657160 991
1657170 991
1657180 992
1657190 992
1657200 993
1657210 994
1657220 994
1657230 996
1657240 998
1657250 998
1657260 1000
1657270 1003
1657280 1003
1657290 1006
1657300 1010
1657310 1010
1657320 1014
1657330 1018
1657340 1022
1657350 1022
1657360 1026
1657370 1032
1657380 1032
1657390 1037
1657400 1040
1657410 1040
1657420 1041
1657430 1039
1657440 1039
1657450 1036
1657460 1032
1657470 1032
1657480 1027
1657490 1023
1657500 1018
1657510 1018
1657520 1014
1657530 1010
1657540 1010
1657550 1006
1657560 1003
1657570 1003
1657580 1000
1657590 997
1657600 997
1657610 995
1657620 992
1657630 992
1657640 991
1657650 989
1657660 987
1657670 987
1657680 985
1657690 983
1657700 983
1657710 980
1657720 978
1657730 978
1657740 975
1657750 973
1657760 973
1657770 970
1657780 967
1657790 967
1657800 965
1657810 962
1657820 960
1657830 960
1657840 957
1657850 955
1657860 955
1657870 953
1657880 952
1657890 952
1657900 950
1657910 949
1657920 949
1657930 948
1657940 947
1657950 947
1657960 946
1657970 945
1657980 943
1657990 943
1658000 943
1658010 942
1658020 942
1658030 941
1658040 940
1658050 940
1658060 939
1658070 936
1658080 936
1658090 934
1658100 933
1658110 933
1658120 931
1658130 928
1658140 925
1658150 925
1658160 922
1658170 918
1658180 918
1658190 914
1658200 911
1658210 911
1658220 907
1658230 903
1658240 903
1658250 899
1658260 895
1658270 891
1658280 891
1658290 887
1658300 882
1658310 882
1658320 878
1658330 873
1658340 873
1658350 868
1658360 863
1658370 863
1658380 858
1658390 853
1658400 853
1658410 847
1658420 840
1658430 833
1658440 833
1658450 830
1658460 830
1658470 830
1658480 831
1658490 832
1658500 832
1658510 834
1658520 836
1658530 836
1658540 837
1658550 837
1658560 837
1658570 838
1658580 838
1658590 837
1658600 837
1658610 837
1658620 836
1658630 836
1658640 836
1658650 835
1658660 835
1658670 834
1658680 833
1658690 833
1658700 831
1658710 830
1658720 830
1658730 828
1658740 827
1658750 826
1658760 826
1658770 825
1658780 823
1658790 819
1658800 818
1658810 817
1658820 817
1658830 816
1658840 815
1658850 815
1658860 814
1658870 813
1658880 813
1658890 813
1658900 813
1658910 813
1658920 813
1658930 814
1658940 815
1658950 815
1658960 815
1658970 815
1658980 815
1658990 816
1659000 816
1659010 816
1659020 817
1659030 818
1659040 818
1659050 820
1659060 822
1659070 825
1659080 825
1659090 827
1659100 829
1659110 829
1659120 831
1659130 832
1659140 832
1659150 833
1659160 834
1659170 834
1659180 835
1659190 833
1659200 833
1659210 831
1659220 827
1659230 822
1659240 822
1659250 819
1659260 815
1659270 815
1659280 810
1659290 806
1659300 806
1659310 802
1659320 797
1659330 797
1659340 793
1659350 789
1659360 789
1659370 786
1659380 782
1659390 779
1659400 779
1659410 775
1659420 771
1659430 771
1659440 767
1659450 763
1659460 763
1659470 759
1659480 755
1659490 755
1659500 751
1659510 745
1659520 745
1659530 740
1659540 735
1659550 731
1659560 731
1659570 727
1659580 724
1659590 724
1659600 721
1659610 717
1659620 717
1659630 713
1659640 709
1659650 709
1659660 705
1659670 700
1659680 700
1659690 695
1659700 689
1659710 684
1659720 684
1659730 679
1659740 675
1659750 675
1659760 671
1659770 665
1659780 665
1659790 659
1659800 653
1659810 653
1659820 647
1659830 641
1659840 641
1659850 635
1659860 629
1659870 632
1659880 632
1659890 638
1659900 643
1659910 643
1659920 646
1659930 648
1659940 648
1659950 651
1659960 654
1659970 654
1659980 656
1659990 659
