1640000 445
1640010 448
1640020 449
1640030 449
1640040 451
1640050 455
1640060 455
1640070 459
1640080 463
1640090 463
1640100 465
1640110 466
1640120 466
1640130 466
1640140 466
1640150 466
1640160 466
1640170 466
1640180 466
1640190 466
1640200 466
1640210 466
1640220 466
1640230 466
1640240 465
1640250 465
1640260 465
1640270 465
1640280 465
1640290 466
1640300 466
1640310 466
1640320 466
1640330 466
1640340 466
1640350 466
1640360 466
1640370 466
1640380 466
1640390 466
1640400 466
1640410 466
1640420 465
1640430 465
1640440 465
1640450 466
1640460 466
1640470 466
1640480 466
1640490 466
1640500 466
1640510 466
1640520 466
1640530 465
1640540 465
1640550 465
1640560 465
1640570 465
1640580 465
1640590 465
1640600 465
1640610 465
1640620 465
1640630 465
1640640 465
1640650 465
1640660 465
1640670 465
1640680 465
1640690 465
1640700 465
1640710 465
1640720 463
1640730 463
1640740 458
1640750 452
1640760 452
1640770 447
1640780 443
1640790 439
1640800 439
1640810 436
1640820 433
1640830 433
1640840 430
1640850 425
1640860 425
1640870 418
1640880 413
1640890 413
1640900 408
1640910 404
1640920 404
1640930 399
1640940 397
1640950 397
1640960 397
1640970 399
1640980 400
1640990 400
1641000 406
1641010 410
1641020 410
1641030 413
1641040 415
1641050 415
1641060 419
1641070 426
1641080 426
1641090 431
1641100 433
1641110 434
1641120 434
1641130 435
1641140 437
1641150 437
1641160 440
1641170 444
1641180 444
1641190 445
1641200 444
1641210 444
1641220 441
1641230 436
1641240 436
1641250 431
1641260 427
1641270 423
1641280 423
1641290 425
1641300 431
1641310 431
1641320 435
1641330 440
1641340 440
1641350 446
1641360 450
1641370 450
1641380 453
1641390 454
1641400 454
1641410 457
1641420 460
1641430 462
1641440 462
1641450 464
1641460 467
1641470 467
1641480 470
1641490 474
1641500 474
1641510 478
1641520 482
1641530 482
1641540 486
1641550 489
1641560 492
1641570 492
1641580 495
1641590 498
1641600 498
1641610 500
1641620 504
1641630 504
1641640 507
1641650 510
1641660 510
1641670 513
1641680 517
1641690 517
1641700 519
1641710 523
1641720 526
1641730 526
1641740 529
1641750 531
1641760 531
1641770 534
1641780 539
1641790 540
1641800 544
1641810 546
1641820 546
1641830 547
1641840 549
1641850 549
1641860 553
1641870 555
1641880 556
1641890 556
1641900 558
1641910 559
1641920 559
1641930 562
1641940 565
1641950 565
1641960 567
1641970 568
1641980 568
1641990 569
1642000 569
1642010 569
1642020 569
1642030 570
1642040 571
1642050 571
1642060 572
1642070 572
1642080 572
1642090 572
1642100 571
1642110 571
1642120 569
1642130 568
1642140 568
1642150 567
1642160 566
1642170 566
1642180 565
1642190 563
1642200 562
1642210 562
1642220 560
1642230 559
1642240 559
1642250 558
1642260 558
1642270 558
1642280 558
1642290 558
1642300 558
1642310 558
1642320 557
1642330 557
1642340 557
1642350 557
1642360 556
1642370 556
1642380 555
1642390 555
1642400 555
1642410 554
1642420 552
1642430 552
1642440 552
1642450 551
1642460 551
1642470 551
1642480 551
1642490 551
1642500 551
1642510 551
1642520 552
1642530 552
1642540 552
1642550 552
1642560 552
1642570 553
1642580 553
1642590 550
1642600 551
1642610 551
1642620 551
1642630 551
1642640 552
1642650 552
1642660 552
1642670 553
1642680 554
1642690 554
1642700 555
1642710 555
1642720 555
1642730 554
1642740 553
1642750 553
1642760 552
1642770 551
1642780 551
1642790 550
1642800 548
1642810 548
1642820 547
1642830 546
1642840 545
1642850 545
1642860 543
1642870 542
1642880 542
1642890 540
1642900 539
1642910 539
1642920 538
1642930 536
1642940 536
1642950 535
1642960 533
1642970 533
1642980 531
1642990 530
1643000 528
1643010 528
1643020 527
1643030 525
1643040 525
1643050 523
1643060 522
1643070 522
1643080 520
1643090 518
1643100 518
1643110 516
1643120 515
1643130 515
1643140 512
1643150 510
1643160 509
1643170 509
1643180 507
1643190 505
1643200 505
1643210 500
1643220 495
1643230 495
1643240 490
1643250 486
1643260 486
1643270 484
1643280 482
1643290 482
1643300 482
1643310 481
1643320 481
1643330 481
1643340 480
1643350 479
1643360 479
1643370 479
1643380 479
1643390 479
1643400 478
1643410 478
1643420 478
1643430 476
1643440 475
1643450 475
1643460 472
1643470 468
1643480 467
1643490 467
1643500 467
1643510 467
1643520 467
1643530 467
1643540 467
1643550 467
1643560 467
1643570 467
1643580 467
1643590 467
1643600 467
1643610 467
1643620 467
1643630 467
1643640 467
1643650 467
1643660 467
1643670 467
1643680 467
1643690 467
1643700 467
1643710 467
1643720 467
1643730 467
1643740 467
1643750 467
1643760 467
1643770 467
1643780 467
1643790 467
1643800 466
1643810 466
1643820 466
1643830 466
1643840 466
1643850 466
1643860 466
1643870 466
1643880 466
1643890 466
1643900 466
1643910 466
1643920 466
1643930 466
1643940 466
1643950 466
1643960 466
1643970 466
1643980 466
1643990 466
1644000 466
1644010 466
1644020 466
1644030 466
1644040 466
1644050 466
1644060 466
1644070 466
1644080 466
1644090 466
1644100 465
1644110 465
1644120 465
1644130 465
1644140 465
1644150 465
1644160 465
1644170 465
1644180 465
1644190 465
1644200 465
1644210 465
1644220 465
1644230 465
1644240 465
1644250 465
1644260 465
1644270 466
1644280 466
1644290 466
1644300 466
1644310 466
1644320 466
1644330 466
1644340 466
1644350 466
1644360 466
1644370 466
1644380 466
1644390 465
1644400 465
1644410 465
1644420 465
1644430 465
1644440 465
1644450 465
1644460 465
1644470 465
1644480 465
1644490 465
1644500 465
1644510 465
1644520 465
1644530 464
1644540 464
1644550 464
1644560 464
1644570 464
1644580 464
1644590 464
1644600 464
1644610 464
1644620 464
1644630 464
1644640 464
1644650 464
1644660 464
1644670 464
1644680 464
1644690 464
1644700 464
1644710 464
1644720 464
1644730 464
1644740 464
1644750 463
1644760 464
1644770 464
1644780 464
1644790 465
1644800 465
1644810 466
1644820 463
1644830 463
1644840 463
1644850 464
1644860 464
1644870 464
1644880 464
1644890 464
1644900 464
1644910 464
1644920 464
1644930 464
1644940 464
1644950 464
1644960 464
1644970 464
1644980 464
1644990 464
1645000 463
1645010 463
1645020 463
1645030 463
1645040 463
1645050 463
1645060 463
1645070 463
1645080 463
1645090 463
1645100 463
1645110 463
1645120 463
1645130 463
1645140 463
1645150 463
1645160 462
1645170 461
1645180 461
1645190 459
1645200 458
1645210 458
1645220 458
1645230 457
1645240 455
1645250 455
1645260 454
1645270 453
1645280 453
1645290 452
1645300 451
1645310 451
1645320 450
1645330 449
1645340 449
1645350 448
1645360 447
1645370 447
1645380 445
1645390 443
1645400 441
1645410 441
1645420 440
1645430 440
1645440 440
1645450 438
1645460 437
1645470 437
1645480 436
1645490 435
1645500 435
1645510 435
1645520 434
1645530 434
1645540 434
1645550 432
1645560 430
1645570 430
1645580 429
1645590 429
1645600 429
1645610 428
1645620 429
1645630 429
1645640 429
1645650 430
1645660 430
1645670 431
1645680 433
1645690 433
1645700 437
1645710 440
1645720 440
1645730 440
1645740 434
1645750 435
1645760 435
1645770 435
1645780 436
1645790 436
1645800 437
1645810 437
1645820 437
1645830 438
1645840 439
1645850 440
1645860 440
1645870 441
1645880 442
1645890 442
1645900 443
1645910 445
1645920 445
1645930 446
1645940 447
1645950 447
1645960 449
1645970 450
1645980 450
1645990 451
1646000 453
1646010 455
1646020 455
1646030 458
1646040 460
1646050 460
1646060 461
1646070 461
1646080 461
1646090 461
1646100 462
1646110 462
1646120 462
1646130 462
1646140 462
1646150 461
1646160 461
1646170 461
1646180 461
1646190 461
1646200 461
1646210 461
1646220 460
1646230 460
1646240 460
1646250 460
1646260 459
1646270 459
1646280 459
1646290 459
1646300 459
1646310 458
1646320 457
1646330 454
1646340 454
1646350 451
1646360 454
1646370 454
1646380 456
1646390 458
1646400 458
1646410 459
1646420 460
1646430 460
1646440 460
1646450 460
1646460 460
1646470 460
1646480 460
1646490 460
1646500 460
1646510 460
1646520 460
1646530 460
1646540 460
1646550 460
1646560 460
1646570 460
1646580 461
1646590 461
1646600 461
1646610 461
1646620 461
1646630 461
1646640 462
1646650 462
1646660 462
1646670 462
1646680 463
1646690 463
1646700 463
1646710 463
1646720 463
1646730 464
1646740 464
1646750 464
1646760 464
1646770 464
1646780 464
1646790 464
1646800 465
1646810 464
1646820 464
1646830 464
1646840 464
1646850 464
1646860 463
1646870 463
1646880 463
1646890 464
1646900 464
1646910 464
1646920 464
1646930 464
1646940 464
1646950 464
1646960 464
1646970 464
1646980 464
1646990 464
1647000 464
1647010 464
1647020 465
1647030 465
1647040 465
1647050 465
1647060 465
1647070 465
1647080 465
1647090 466
1647100 466
1647110 466
1647120 466
1647130 467
1647140 467
1647150 467
1647160 467
1647170 467
1647180 468
1647190 467
1647200 467
1647210 466
1647220 466
1647230 466
1647240 465
1647250 465
1647260 465
1647270 466
1647280 466
1647290 467
1647300 467
1647310 467
1647320 467
1647330 467
1647340 467
1647350 468
1647360 468
1647370 468
1647380 468
1647390 468
1647400 467
1647410 468
1647420 468
1647430 469
1647440 469
1647450 469
1647460 469
1647470 469
1647480 469
1647490 469
1647500 469
1647510 469
1647520 469
1647530 468
1647540 468
1647550 468
1647560 468
1647570 468
1647580 468
1647590 468
1647600 468
1647610 468
1647620 468
1647630 467
1647640 467
1647650 467
1647660 467
1647670 468
1647680 468
1647690 468
1647700 468
1647710 468
1647720 468
1647730 468
1647740 468
1647750 468
1647760 468
1647770 468
1647780 468
1647790 468
1647800 468
1647810 468
1647820 468
1647830 468
1647840 468
1647850 468
1647860 468
1647870 468
1647880 468
1647890 468
1647900 468
1647910 467
1647920 467
1647930 467
1647940 467
1647950 467
1647960 467
1647970 467
1647980 467
1647990 467
1648000 467
1648010 467
1648020 467
1648030 467
1648040 467
1648050 467
1648060 467
1648070 467
1648080 466
1648090 466
1648100 466
1648110 466
1648120 466
1648130 466
1648140 466
1648150 465
1648160 465
1648170 465
1648180 465
1648190 465
1648200 465
1648210 465
1648220 465
1648230 466
1648240 466
1648250 466
1648260 466
1648270 466
1648280 466
1648290 466
1648300 466
1648310 466
1648320 466
1648330 465
1648340 465
1648350 465
1648360 465
1648370 465
1648380 465
1648390 465
1648400 465
1648410 465
1648420 465
1648430 465
1648440 465
1648450 465
1648460 465
1648470 465
1648480 465
1648490 465
1648500 464
1648510 464
1648520 464
1648530 464
1648540 464
1648550 464
1648560 464
1648570 464
1648580 464
1648590 464
1648600 464
1648610 464
1648620 464
1648630 463
1648640 463
1648650 464
1648660 464
1648670 464
1648680 464
1648690 464
1648700 464
1648710 463
1648720 463
1648730 463
1648740 463
1648750 463
1648760 463
1648770 463
1648780 462
1648790 462
1648800 462
1648810 462
1648820 462
1648830 462
1648840 462
1648850 461
1648860 461
1648870 461
1648880 462
1648890 460
1648900 460
1648910 460
1648920 460
1648930 460
1648940 460
1648950 460
1648960 460
1648970 460
1648980 460
1648990 460
1649000 459
1649010 459
1649020 459
1649030 459
1649040 459
1649050 459
1649060 459
1649070 459
1649080 459
1649090 459
1649100 459
1649110 459
1649120 459
1649130 459
1649140 458
1649150 458
1649160 458
1649170 458
1649180 458
1649190 458
1649200 458
1649210 458
1649220 458
1649230 458
1649240 458
1649250 458
1649260 458
1649270 458
1649280 458
1649290 458
1649300 458
1649310 458
1649320 458
1649330 457
1649340 457
1649350 457
1649360 457
1649370 457
1649380 457
1649390 457
1649400 456
1649410 456
1649420 456
1649430 456
1649440 456
1649450 456
1649460 456
1649470 456
1649480 456
1649490 456
1649500 456
1649510 456
1649520 456
1649530 456
1649540 456
1649550 456
1649560 456
1649570 456
1649580 456
1649590 456
1649600 456
1649610 456
1649620 456
1649630 456
1649640 455
1649650 455
1649660 455
1649670 455
1649680 455
1649690 455
1649700 455
1649710 455
1649720 455
1649730 455
1649740 455
1649750 454
1649760 454
1649770 450
1649780 443
1649790 443
1649800 435
1649810 429
1649820 429
1649830 425
1649840 423
1649850 422
1649860 422
1649870 422
1649880 422
1649890 422
1649900 423
1649910 423
1649920 423
1649930 424
1649940 424
1649950 424
1649960 425
1649970 432
1649980 432
1649990 439
1650000 445
1650010 448
1650020 448
1650030 452
1650040 452
1650050 452
1650060 453
1650070 453
1650080 453
1650090 453
1650100 454
1650110 454
1650120 455
1650130 455
1650140 455
1650150 456
1650160 456
1650170 457
1650180 457
1650190 457
1650200 458
1650210 458
1650220 458
1650230 461
1650240 461
1650250 462
1650260 463
1650270 463
1650280 465
1650290 469
1650300 469
1650310 473
1650320 476
1650330 480
1650340 480
1650350 483
1650360 489
1650370 489
1650380 495
1650390 502
1650400 502
1650410 508
1650420 513
1650430 513
1650440 518
1650450 523
1650460 528
1650470 528
1650480 535
1650490 541
1650500 541
1650510 547
1650520 554
1650530 554
1650540 560
1650550 564
1650560 564
1650570 567
1650580 570
1650590 570
1650600 573
1650610 575
1650620 578
1650630 578
1650640 581
1650650 583
1650660 583
1650670 586
1650680 589
1650690 589
1650700 591
1650710 595
1650720 595
1650730 597
1650740 600
1650750 600
1650760 602
1650770 605
1650780 607
1650790 607
1650800 609
1650810 611
1650820 611
1650830 614
1650840 616
1650850 616
1650860 618
1650870 620
1650880 620
1650890 622
1650900 624
1650910 624
1650920 626
1650930 628
1650940 630
1650950 630
1650960 631
1650970 633
1650980 633
1650990 634
1651000 636
1651010 636
1651020 638
1651030 641
1651040 641
1651050 642
1651060 644
1651070 644
1651080 647
1651090 649
1651100 650
1651110 650
1651120 648
1651130 649
1651140 649
1651150 651
1651160 653
1651170 653
1651180 654
1651190 656
1651200 656
1651210 659
1651220 661
1651230 661
1651240 665
1651250 670
1651260 675
1651270 675
1651280 679
1651290 684
1651300 684
1651310 687
1651320 691
1651330 691
1651340 694
1651350 698
1651360 698
1651370 699
1651380 701
1651390 701
1651400 702
1651410 705
1651420 708
1651430 708
1651440 712
1651450 717
1651460 717
1651470 722
1651480 727
1651490 727
1651500 732
1651510 737
1651520 737
1651530 742
1651540 747
1651550 747
1651560 752
1651570 757
1651580 763
1651590 763
1651600 768
1651610 773
1651620 773
1651630 779
1651640 784
1651650 784
1651660 789
1651670 794
1651680 794
1651690 799
1651700 804
1651710 804
1651720 809
1651730 815
1651740 820
1651750 820
1651760 827
1651770 833
1651780 833
1651790 840
1651800 848
1651810 848
1651820 856
1651830 864
1651840 864
1651850 871
1651860 878
1651870 878
1651880 884
1651890 883
1651900 879
1651910 879
1651920 874
1651930 869
1651940 869
1651950 864
1651960 859
1651970 859
1651980 854
1651990 849
1652000 849
1652010 844
1652020 840
1652030 840
1652040 835
1652050 831
1652060 827
1652070 827
1652080 824
1652090 820
1652100 820
1652110 816
1652120 812
1652130 812
1652140 808
1652150 803
1652160 803
1652170 800
1652180 796
1652190 796
1652200 792
1652210 788
1652220 785
1652230 785
1652240 781
1652250 776
1652260 776
1652270 772
1652280 769
1652290 769
1652300 765
1652310 760
1652320 760
1652330 754
1652340 748
1652350 748
1652360 741
1652370 735
1652380 729
1652390 729
1652400 723
1652410 718
1652420 718
1652430 713
1652440 709
1652450 709
1652460 704
1652470 702
1652480 702
1652490 703
1652500 705
1652510 705
1652520 707
1652530 710
1652540 712
1652550 712
1652560 715
1652570 717
1652580 717
1652590 720
1652600 723
1652610 723
1652620 721
1652630 724
1652640 724
1652650 726
1652660 729
1652670 729
1652680 731
1652690 734
1652700 738
1652710 738
1652720 742
1652730 746
1652740 746
1652750 750
1652760 754
1652770 754
1652780 757
1652790 760
1652800 760
1652810 762
1652820 763
1652830 763
1652840 764
1652850 764
1652860 764
1652870 764
1652880 764
1652890 764
1652900 764
1652910 765
1652920 766
1652930 766
1652940 768
1652950 769
1652960 769
1652970 771
1652980 773
1652990 773
1653000 774
1653010 775
1653020 776
1653030 776
1653040 777
1653050 777
1653060 777
1653070 776
1653080 774
1653090 774
1653100 771
1653110 767
1653120 767
1653130 763
1653140 759
1653150 759
1653160 756
1653170 753
1653180 750
1653190 750
1653200 748
1653210 746
1653220 746
1653230 744
1653240 742
1653250 742
1653260 739
1653270 737
1653280 737
1653290 734
1653300 732
1653310 732
1653320 729
1653330 726
1653340 723
1653350 723
1653360 720
1653370 715
1653380 715
1653390 713
1653400 714
1653410 714
1653420 716
1653430 719
1653440 719
1653450 721
1653460 724
1653470 724
1653480 726
1653490 729
1653500 731
1653510 731
1653520 733
1653530 735
1653540 735
1653550 737
1653560 740
1653570 740
1653580 742
1653590 744
1653600 744
1653610 746
1653620 748
1653630 748
1653640 750
1653650 752
1653660 754
1653670 754
1653680 755
1653690 757
1653700 757
1653710 758
1653720 760
1653730 760
1653740 762
1653750 764
1653760 764
1653770 766
1653780 768
1653790 768
1653800 770
1653810 773
1653820 775
1653830 775
1653840 778
1653850 780
1653860 780
1653870 782
1653880 784
1653890 784
1653900 785
1653910 786
1653920 786
1653930 788
1653940 790
1653950 790
1653960 791
1653970 792
1653980 793
1653990 793
1654000 793
1654010 793
1654020 793
1654030 794
1654040 793
1654050 793
1654060 793
1654070 793
1654080 793
1654090 793
1654100 793
1654110 788
1654120 788
1654130 788
1654140 789
1654150 789
1654160 789
1654170 790
1654180 790
1654190 791
1654200 792
1654210 792
1654220 792
1654230 793
1654240 793
1654250 794
1654260 795
1654270 795
1654280 796
1654290 797
1654300 798
1654310 798
1654320 799
1654330 800
1654340 800
1654350 800
1654360 802
1654370 802
1654380 803
1654390 804
1654400 804
1654410 805
1654420 807
1654430 807
1654440 808
1654450 809
1654460 811
1654470 811
1654480 812
1654490 814
1654500 814
1654510 815
1654520 816
1654530 816
1654540 817
1654550 817
1654560 817
1654570 818
1654580 818
1654590 818
1654600 818
1654610 818
1654620 818
1654630 818
1654640 818
1654650 817
1654660 817
1654670 817
1654680 816
1654690 816
1654700 816
1654710 815
1654720 815
1654730 814
1654740 812
1654750 812
1654760 811
1654770 809
1654780 808
1654790 808
1654800 806
1654810 804
1654820 804
1654830 801
1654840 798
1654850 798
1654860 792
1654870 788
1654880 788
1654890 785
1654900 781
1654910 781
1654920 777
1654930 773
1654940 769
1654950 769
1654960 765
1654970 760
1654980 760
1654990 756
1655000 753
1655010 753
1655020 749
1655030 745
1655040 745
1655050 740
1655060 735
1655070 731
1655080 731
1655090 726
1655100 722
1655110 722
1655120 718
1655130 715
1655140 715
1655150 712
1655160 710
1655170 710
1655180 710
1655190 711
1655200 711
1655210 712
1655220 713
1655230 713
1655240 713
1655250 713
1655260 713
1655270 713
1655280 713
1655290 713
1655300 713
1655310 713
1655320 713
1655330 713
1655340 712
1655350 711
1655360 711
1655370 709
1655380 707
1655390 705
1655400 705
1655410 703
1655420 701
1655430 701
1655440 698
1655450 696
1655460 696
1655470 694
1655480 692
1655490 692
1655500 690
1655510 689
1655520 689
1655530 688
1655540 688
1655550 688
1655560 688
1655570 688
1655580 689
1655590 688
1655600 689
1655610 691
1655620 691
1655630 692
1655640 694
1655650 694
1655660 696
1655670 698
1655680 698
1655690 700
1655700 701
1655710 701
1655720 701
1655730 700
1655740 698
1655750 698
1655760 695
1655770 691
1655780 691
1655790 686
1655800 683
1655810 683
1655820 680
1655830 678
1655840 678
1655850 677
1655860 677
1655870 677
1655880 677
1655890 676
1655900 676
1655910 676
1655920 676
1655930 676
1655940 676
1655950 676
1655960 675
1655970 675
1655980 674
1655990 673
1656000 673
1656010 671
1656020 670
1656030 668
1656040 668
1656050 666
1656060 664
1656070 664
1656080 662
1656090 660
1656100 660
1656110 659
1656120 658
1656130 658
1656140 656
1656150 655
1656160 655
1656170 653
1656180 651
1656190 649
1656200 649
1656210 646
1656220 643
1656230 643
1656240 640
1656250 637
1656260 637
1656270 634
1656280 631
1656290 631
1656300 628
1656310 625
1656320 625
1656330 620
1656340 615
1656350 610
1656360 610
1656370 605
1656380 600
1656390 600
1656400 595
1656410 591
1656420 591
1656430 588
1656440 586
1656450 586
1656460 583
1656470 578
1656480 578
1656490 573
1656500 567
1656510 560
1656520 560
1656530 552
1656540 545
1656550 545
1656560 537
1656570 530
1656580 530
1656590 521
1656600 514
1656610 514
1656620 506
1656630 499
1656640 499
1656650 493
1656660 491
1656670 494
1656680 494
1656690 499
1656700 504
1656710 504
1656720 508
1656730 513
1656740 513
1656750 517
1656760 521
1656770 521
1656780 523
1656790 525
1656800 525
1656810 525
1656820 524
1656830 524
1656840 524
1656850 523
1656860 523
1656870 523
1656880 522
1656890 523
1656900 523
1656910 522
1656920 522
1656930 522
1656940 522
1656950 524
1656960 524
1656970 528
1656980 534
1656990 540
1657000 540
1657010 545
1657020 549
1657030 549
1657040 553
1657050 558
1657060 558
1657070 562
1657080 567
1657090 567
1657100 571
1657110 574
1657120 574
1657130 576
1657140 577
1657150 579
1657160 579
1657170 580
1657180 581
1657190 581
1657200 581
1657210 582
1657220 582
1657230 582
1657240 582
1657250 582
1657260 582
1657270 582
1657280 582
1657290 582
1657300 582
1657310 581
1657320 581
1657330 581
1657340 581
1657350 581
1657360 581
1657370 581
1657380 581
1657390 580
1657400 580
1657410 580
1657420 581
1657430 581
1657440 581
1657450 581
1657460 581
1657470 581
1657480 581
1657490 582
1657500 582
1657510 582
1657520 581
1657530 580
1657540 580
1657550 579
1657560 578
1657570 578
1657580 577
1657590 576
1657600 576
1657610 574
1657620 573
1657630 572
1657640 572
1657650 570
1657660 568
1657670 568
1657680 566
1657690 564
1657700 564
1657710 562
1657720 559
1657730 559
1657740 557
1657750 555
1657760 555
1657770 551
1657780 547
1657790 543
1657800 543
1657810 539
1657820 534
1657830 534
1657840 528
1657850 522
1657860 522
1657870 516
1657880 509
1657890 509
1657900 503
1657910 499
1657920 499
1657930 499
1657940 502
1657950 504
1657960 504
1657970 507
1657980 509
1657990 509
1658000 510
1658010 511
1658020 511
1658030 512
1658040 513
1658050 513
1658060 514
1658070 516
1658080 516
1658090 517
1658100 518
1658110 518
1658120 518
1658130 519
1658140 520
1658150 520
1658160 522
1658170 524
1658180 524
1658190 527
1658200 531
1658210 531
1658220 534
1658230 536
1658240 536
1658250 538
1658260 538
1658270 537
1658280 537
1658290 536
1658300 536
1658310 536
1658320 537
1658330 539
1658340 539
1658350 543
1658360 547
1658370 547
1658380 552
1658390 556
1658400 556
1658410 562
1658420 568
1658430 573
1658440 573
1658450 577
1658460 581
1658470 581
1658480 586
1658490 590
1658500 590
1658510 595
1658520 598
1658530 598
1658540 600
1658550 602
1658560 602
1658570 604
1658580 605
1658590 607
1658600 607
1658610 608
1658620 610
1658630 610
1658640 612
1658650 615
1658660 615
1658670 618
1658680 622
1658690 622
1658700 626
1658710 629
1658720 629
1658730 632
1658740 634
1658750 635
1658760 635
1658770 634
1658780 632
1658790 632
1658800 629
1658810 626
1658820 626
1658830 623
1658840 619
1658850 619
1658860 615
1658870 610
1658880 610
1658890 605
1658900 599
1658910 593
1658920 593
1658930 586
1658940 579
1658950 579
1658960 572
1658970 565
1658980 565
1658990 558
1659000 551
1659010 551
1659020 544
1659030 537
1659040 537
1659050 530
1659060 523
1659070 516
1659080 516
1659090 508
1659100 500
1659110 500
1659120 493
1659130 486
1659140 486
1659150 480
1659160 475
1659170 475
1659180 470
1659190 464
1659200 464
1659210 460
1659220 456
1659230 455
1659240 455
1659250 456
1659260 460
1659270 460
1659280 467
1659290 475
1659300 475
1659310 481
1659320 484
1659330 484
1659340 489
1659350 495
1659360 495
1659370 502
1659380 509
1659390 516
1659400 516
1659410 524
1659420 531
1659430 531
1659440 539
1659450 547
1659460 547
1659470 554
1659480 562
1659490 562
1659500 570
1659510 577
1659520 577
1659530 585
1659540 592
1659550 599
1659560 599
1659570 605
1659580 610
1659590 610
1659600 617
1659610 624
1659620 624
1659630 630
1659640 635
1659650 635
1659660 638
1659670 638
1659680 638
1659690 638
1659700 637
1659710 636
1659720 636
1659730 635
1659740 632
1659750 632
1659760 630
1659770 627
1659780 627
1659790 624
1659800 621
1659810 621
1659820 618
1659830 615
1659840 614
1659850 614
1659860 615
1659870 617
1659880 617
1659890 620
1659900 625
1659910 625
1659920 630
1659930 635
1659940 635
1659950 640
1659960 645
1659970 645
1659980 650
1659990 654
