1640000 508
1640010 506
1640020 505
1640030 505
1640040 503
1640050 506
1640060 506
1640070 503
1640080 500
1640090 500
1640100 497
1640110 495
1640120 495
1640130 493
1640140 493
1640150 493
1640160 492
1640170 492
1640180 492
1640190 492
1640200 492
1640210 492
1640220 492
1640230 492
1640240 492
1640250 492
1640260 492
1640270 491
1640280 491
1640290 491
1640300 491
1640310 491
1640320 491
1640330 491
1640340 491
1640350 491
1640360 491
1640370 492
1640380 492
1640390 491
1640400 491
1640410 491
1640420 491
1640430 491
1640440 491
1640450 491
1640460 491
1640470 491
1640480 491
1640490 491
1640500 491
1640510 491
1640520 491
1640530 491
1640540 491
1640550 491
1640560 491
1640570 491
1640580 491
1640590 491
1640600 491
1640610 491
1640620 491
1640630 491
1640640 491
1640650 491
1640660 491
1640670 491
1640680 491
1640690 491
1640700 491
1640710 491
1640720 491
1640730 491
1640740 491
1640750 491
1640760 491
1640770 490
1640780 490
1640790 490
1640800 490
1640810 490
1640820 490
1640830 490
1640840 490
1640850 489
1640860 490
1640870 490
1640880 490
1640890 490
1640900 489
1640910 489
1640920 489
1640930 489
1640940 489
1640950 489
1640960 489
1640970 489
1640980 489
1640990 489
1641000 488
1641010 488
1641020 488
1641030 488
1641040 488
1641050 488
1641060 488
1641070 487
1641080 487
1641090 487
1641100 487
1641110 487
1641120 486
1641130 486
1641140 486
1641150 486
1641160 486
1641170 486
1641180 486
1641190 486
1641200 486
1641210 486
1641220 485
1641230 485
1641240 485
1641250 485
1641260 485
1641270 485
1641280 484
1641290 484
1641300 484
1641310 484
1641320 483
1641330 483
1641340 483
1641350 483
1641360 482
1641370 482
1641380 482
1641390 482
1641400 482
1641410 482
1641420 482
1641430 482
1641440 481
1641450 481
1641460 481
1641470 481
1641480 481
1641490 481
1641500 481
1641510 481
1641520 481
1641530 481
1641540 481
1641550 481
1641560 481
1641570 481
1641580 482
1641590 482
1641600 483
1641610 483
1641620 483
1641630 483
1641640 483
1641650 483
1641660 482
1641670 482
1641680 484
1641690 484
1641700 485
1641710 485
1641720 485
1641730 486
1641740 487
1641750 487
1641760 486
1641770 484
1641780 484
1641790 484
1641800 485
1641810 485
1641820 485
1641830 486
1641840 487
1641850 487
1641860 487
1641870 487
1641880 487
1641890 487
1641900 487
1641910 487
1641920 487
1641930 487
1641940 487
1641950 487
1641960 487
1641970 487
1641980 487
1641990 487
1642000 487
1642010 487
1642020 487
1642030 487
1642040 487
1642050 487
1642060 487
1642070 487
1642080 487
1642090 487
1642100 487
1642110 487
1642120 487
1642130 487
1642140 487
1642150 487
1642160 487
1642170 487
1642180 487
1642190 487
1642200 487
1642210 486
1642220 486
1642230 486
1642240 486
1642250 486
1642260 486
1642270 486
1642280 485
1642290 485
1642300 485
1642310 485
1642320 485
1642330 485
1642340 485
1642350 485
1642360 485
1642370 485
1642380 485
1642390 485
1642400 485
1642410 484
1642420 484
1642430 484
1642440 484
1642450 484
1642460 483
1642470 483
1642480 482
1642490 482
1642500 482
1642510 482
1642520 482
1642530 482
1642540 481
1642550 481
1642560 481
1642570 481
1642580 481
1642590 481
1642600 481
1642610 481
1642620 481
1642630 481
1642640 481
1642650 481
1642660 481
1642670 480
1642680 480
1642690 480
1642700 480
1642710 480
1642720 480
1642730 480
1642740 480
1642750 479
1642760 479
1642770 479
1642780 479
1642790 479
1642800 478
1642810 478
1642820 478
1642830 478
1642840 478
1642850 477
1642860 477
1642870 477
1642880 477
1642890 477
1642900 477
1642910 476
1642920 476
1642930 476
1642940 476
1642950 476
1642960 476
1642970 476
1642980 475
1642990 475
1643000 475
1643010 475
1643020 475
1643030 475
1643040 474
1643050 474
1643060 474
1643070 474
1643080 474
1643090 473
1643100 473
1643110 473
1643120 473
1643130 473
1643140 473
1643150 473
1643160 473
1643170 473
1643180 474
1643190 474
1643200 474
1643210 475
1643220 475
1643230 474
1643240 474
1643250 474
1643260 475
1643270 475
1643280 475
1643290 475
1643300 475
1643310 475
1643320 475
1643330 475
1643340 475
1643350 475
1643360 475
1643370 475
1643380 475
1643390 475
1643400 475
1643410 476
1643420 476
1643430 476
1643440 476
1643450 476
1643460 477
1643470 478
1643480 478
1643490 478
1643500 478
1643510 478
1643520 478
1643530 478
1643540 478
1643550 478
1643560 478
1643570 478
1643580 478
1643590 478
1643600 478
1643610 478
1643620 478
1643630 478
1643640 478
1643650 478
1643660 478
1643670 478
1643680 478
1643690 478
1643700 478
1643710 478
1643720 478
1643730 478
1643740 478
1643750 478
1643760 478
1643770 478
1643780 478
1643790 478
1643800 478
1643810 478
1643820 478
1643830 478
1643840 478
1643850 478
1643860 478
1643870 478
1643880 477
1643890 477
1643900 477
1643910 477
1643920 477
1643930 477
1643940 477
1643950 477
1643960 477
1643970 477
1643980 476
1643990 476
1644000 476
1644010 476
1644020 476
1644030 474
1644040 474
1644050 474
1644060 474
1644070 474
1644080 474
1644090 474
1644100 473
1644110 472
1644120 472
1644130 472
1644140 471
1644150 471
1644160 470
1644170 469
1644180 469
1644190 467
1644200 467
1644210 466
1644220 466
1644230 465
1644240 464
1644250 464
1644260 463
1644270 462
1644280 462
1644290 462
1644300 460
1644310 460
1644320 458
1644330 456
1644340 456
1644350 455
1644360 453
1644370 452
1644380 452
1644390 451
1644400 450
1644410 450
1644420 451
1644430 450
1644440 450
1644450 450
1644460 451
1644470 451
1644480 452
1644490 454
1644500 454
1644510 456
1644520 459
1644530 461
1644540 461
1644550 461
1644560 461
1644570 461
1644580 462
1644590 462
1644600 462
1644610 462
1644620 462
1644630 462
1644640 462
1644650 462
1644660 462
1644670 462
1644680 462
1644690 462
1644700 463
1644710 465
1644720 468
1644730 468
1644740 469
1644750 471
1644760 471
1644770 475
1644780 480
1644790 480
1644800 484
1644810 490
1644820 490
1644830 496
1644840 502
1644850 502
1644860 509
1644870 514
1644880 519
1644890 519
1644900 524
1644910 527
1644920 527
1644930 530
1644940 532
1644950 532
1644960 534
1644970 535
1644980 535
1644990 536
1645000 538
1645010 538
1645020 542
1645030 547
1645040 551
1645050 551
1645060 554
1645070 556
1645080 556
1645090 556
1645100 555
1645110 555
1645120 554
1645130 556
1645140 556
1645150 560
1645160 565
1645170 565
1645180 570
1645190 576
1645200 583
1645210 583
1645220 589
1645230 595
1645240 595
1645250 597
1645260 597
1645270 597
1645280 597
1645290 595
1645300 595
1645310 594
1645320 591
1645330 591
1645340 588
1645350 584
1645360 581
1645370 581
1645380 579
1645390 576
1645400 576
1645410 575
1645420 573
1645430 573
1645440 571
1645450 569
1645460 569
1645470 568
1645480 566
1645490 566
1645500 564
1645510 562
1645520 560
1645530 560
1645540 559
1645550 557
1645560 557
1645570 555
1645580 555
1645590 555
1645600 558
1645610 559
1645620 558
1645630 561
1645640 564
1645650 564
1645660 567
1645670 572
1645680 577
1645690 577
1645700 581
1645710 585
1645720 585
1645730 591
1645740 596
1645750 596
1645760 602
1645770 608
1645780 608
1645790 613
1645800 619
1645810 619
1645820 625
1645830 630
1645840 635
1645850 635
1645860 640
1645870 643
1645880 643
1645890 645
1645900 647
1645910 647
1645920 649
1645930 652
1645940 652
1645950 655
1645960 658
1645970 658
1645980 661
1645990 665
1646000 668
1646010 668
1646020 671
1646030 675
1646040 675
1646050 678
1646060 682
1646070 682
1646080 685
1646090 688
1646100 688
1646110 691
1646120 693
1646130 693
1646140 695
1646150 696
1646160 698
1646170 698
1646180 699
1646190 700
1646200 700
1646210 701
1646220 701
1646230 701
1646240 702
1646250 705
1646260 705
1646270 707
1646280 708
1646290 708
1646300 709
1646310 710
1646320 711
1646330 711
1646340 712
1646350 714
1646360 714
1646370 716
1646380 716
1646390 716
1646400 723
1646410 724
1646420 724
1646430 726
1646440 728
1646450 728
1646460 730
1646470 732
1646480 734
1646490 734
1646500 736
1646510 739
1646520 739
1646530 740
1646540 742
1646550 742
1646560 746
1646570 751
1646580 751
1646590 755
1646600 759
1646610 759
1646620 766
1646630 775
1646640 784
1646650 784
1646660 791
1646670 798
1646680 798
1646690 805
1646700 812
1646710 812
1646720 817
1646730 819
1646740 819
1646750 816
1646760 810
1646770 810
1646780 805
1646790 798
1646800 791
1646810 791
1646820 781
1646830 773
1646840 773
1646850 767
1646860 763
1646870 763
1646880 758
1646890 755
1646900 755
1646910 753
1646920 752
1646930 752
1646940 751
1646950 750
1646960 749
1646970 749
1646980 747
1646990 744
1647000 744
1647010 742
1647020 740
1647030 740
1647040 736
1647050 730
1647060 730
1647070 725
1647080 718
1647090 718
1647100 712
1647110 707
1647120 707
1647130 704
1647140 701
1647150 699
1647160 699
1647170 697
1647180 698
1647190 698
1647200 692
1647210 686
1647220 686
1647230 679
1647240 671
1647250 671
1647260 666
1647270 661
1647280 661
1647290 655
1647300 648
1647310 643
1647320 643
1647330 638
1647340 633
1647350 633
1647360 628
1647370 624
1647380 624
1647390 620
1647400 614
1647410 614
1647420 609
1647430 603
1647440 603
1647450 597
1647460 593
1647470 590
1647480 590
1647490 585
1647500 581
1647510 581
1647520 577
1647530 573
1647540 573
1647550 571
1647560 567
1647570 567
1647580 564
1647590 564
1647600 564
1647610 566
1647620 568
1647630 569
1647640 569
1647650 572
1647660 576
1647670 576
1647680 580
1647690 584
1647700 584
1647710 585
1647720 586
1647730 586
1647740 590
1647750 597
1647760 597
1647770 603
1647780 606
1647790 604
1647800 604
1647810 600
1647820 594
1647830 594
1647840 588
1647850 583
1647860 583
1647870 579
1647880 575
1647890 575
1647900 571
1647910 566
1647920 566
1647930 563
1647940 560
1647950 555
1647960 555
1647970 553
1647980 550
1647990 550
1648000 545
1648010 541
1648020 541
1648030 537
1648040 535
1648050 535
1648060 532
1648070 530
1648080 530
1648090 528
1648100 526
1648110 524
1648120 524
1648130 520
1648140 517
1648150 517
1648160 514
1648170 510
1648180 510
1648190 507
1648200 504
1648210 504
1648220 501
1648230 498
1648240 498
1648250 495
1648260 493
1648270 491
1648280 491
1648290 489
1648300 488
1648310 488
1648320 487
1648330 488
1648340 488
1648350 488
1648360 488
1648370 488
1648380 488
1648390 488
1648400 488
1648410 489
1648420 490
1648430 492
1648440 492
1648450 494
1648460 497
1648470 497
1648480 499
1648490 501
1648500 501
1648510 504
1648520 508
1648530 508
1648540 510
1648550 512
1648560 512
1648570 515
1648580 519
1648590 523
1648600 523
1648610 526
1648620 529
1648630 529
1648640 531
1648650 533
1648660 533
1648670 536
1648680 537
1648690 537
1648700 537
1648710 535
1648720 538
1648730 534
1648740 532
1648750 530
1648760 530
1648770 527
1648780 523
1648790 523
1648800 519
1648810 514
1648820 514
1648830 512
1648840 509
1648850 509
1648860 505
1648870 501
1648880 501
1648890 497
1648900 492
1648910 487
1648920 487
1648930 486
1648940 485
1648950 485
1648960 484
1648970 484
1648980 484
1648990 484
1649000 483
1649010 483
1649020 482
1649030 481
1649040 481
1649050 480
1649060 480
1649070 479
1649080 479
1649090 478
1649100 476
1649110 476
1649120 475
1649130 473
1649140 473
1649150 472
1649160 471
1649170 471
1649180 470
1649190 469
1649200 469
1649210 467
1649220 466
1649230 466
1649240 466
1649250 466
1649260 466
1649270 466
1649280 466
1649290 464
1649300 464
1649310 462
1649320 461
1649330 461
1649340 461
1649350 460
1649360 460
1649370 460
1649380 460
1649390 460
1649400 460
1649410 460
1649420 461
1649430 461
1649440 461
1649450 461
1649460 461
1649470 463
1649480 463
1649490 463
1649500 461
1649510 460
1649520 460
1649530 459
1649540 458
1649550 458
1649560 458
1649570 458
1649580 457
1649590 457
1649600 457
1649610 457
1649620 457
1649630 457
1649640 456
1649650 456
1649660 456
1649670 456
1649680 456
1649690 456
1649700 456
1649710 456
1649720 456
1649730 456
1649740 456
1649750 456
1649760 456
1649770 456
1649780 456
1649790 456
1649800 456
1649810 456
1649820 456
1649830 456
1649840 456
1649850 456
1649860 456
1649870 456
1649880 456
1649890 456
1649900 456
1649910 456
1649920 456
1649930 456
1649940 456
1649950 456
1649960 456
1649970 456
1649980 456
1649990 456
1650000 456
1650010 456
1650020 456
1650030 456
1650040 455
1650050 455
1650060 455
1650070 455
1650080 455
1650090 455
1650100 455
1650110 455
1650120 455
1650130 455
1650140 455
1650150 455
1650160 455
1650170 455
1650180 455
1650190 455
1650200 455
1650210 455
1650220 455
1650230 455
1650240 455
1650250 457
1650260 457
1650270 458
1650280 458
1650290 458
1650300 459
1650310 458
1650320 458
1650330 458
1650340 458
1650350 458
1650360 456
1650370 454
1650380 454
1650390 454
1650400 453
1650410 451
1650420 451
1650430 451
1650440 453
1650450 453
1650460 454
1650470 454
1650480 454
1650490 454
1650500 455
1650510 455
1650520 455
1650530 455
1650540 455
1650550 455
1650560 455
1650570 455
1650580 455
1650590 455
1650600 454
1650610 454
1650620 454
1650630 454
1650640 454
1650650 453
1650660 453
1650670 453
1650680 453
1650690 453
1650700 452
1650710 452
1650720 452
1650730 452
1650740 452
1650750 452
1650760 452
1650770 452
1650780 452
1650790 451
1650800 451
1650810 451
1650820 451
1650830 451
1650840 451
1650850 451
1650860 450
1650870 450
1650880 450
1650890 450
1650900 450
1650910 450
1650920 449
1650930 449
1650940 449
1650950 449
1650960 449
1650970 449
1650980 448
1650990 448
1651000 448
1651010 448
1651020 447
1651030 447
1651040 447
1651050 447
1651060 447
1651070 447
1651080 447
1651090 447
1651100 446
1651110 446
1651120 446
1651130 446
1651140 446
1651150 446
1651160 446
1651170 446
1651180 446
1651190 446
1651200 446
1651210 446
1651220 446
1651230 446
1651240 446
1651250 446
1651260 446
1651270 446
1651280 446
1651290 446
1651300 446
1651310 446
1651320 446
1651330 446
1651340 446
1651350 446
1651360 446
1651370 446
1651380 446
1651390 445
1651400 445
1651410 445
1651420 445
1651430 445
1651440 445
1651450 445
1651460 444
1651470 444
1651480 444
1651490 444
1651500 444
1651510 444
1651520 444
1651530 444
1651540 444
1651550 444
1651560 444
1651570 444
1651580 444
1651590 444
1651600 444
1651610 444
1651620 444
1651630 444
1651640 445
1651650 445
1651660 445
1651670 445
1651680 445
1651690 444
1651700 444
1651710 444
1651720 444
1651730 444
1651740 443
1651750 443
1651760 443
1651770 442
1651780 441
1651790 441
1651800 441
1651810 440
1651820 439
1651830 439
1651840 438
1651850 435
1651860 435
1651870 431
1651880 424
1651890 424
1651900 417
1651910 408
1651920 408
1651930 399
1651940 391
1651950 391
1651960 384
1651970 378
1651980 378
1651990 373
1652000 369
1652010 369
1652020 369
1652030 369
1652040 369
1652050 369
1652060 368
1652070 368
1652080 368
1652090 368
1652100 368
1652110 368
1652120 368
1652130 368
1652140 368
1652150 368
1652160 368
1652170 368
1652180 368
1652190 369
1652200 371
1652210 371
1652220 376
1652230 382
1652240 382
1652250 388
1652260 395
1652270 395
1652280 402
1652290 410
1652300 410
1652310 417
1652320 425
1652330 432
1652340 432
1652350 438
1652360 444
1652370 444
1652380 449
1652390 451
1652400 451
1652410 451
1652420 451
1652430 451
1652440 451
1652450 450
1652460 450
1652470 450
1652480 450
1652490 450
1652500 450
1652510 450
1652520 450
1652530 450
1652540 450
1652550 450
1652560 450
1652570 450
1652580 450
1652590 450
1652600 450
1652610 450
1652620 450
1652630 450
1652640 450
1652650 450
1652660 450
1652670 450
1652680 450
1652690 450
1652700 450
1652710 450
1652720 450
1652730 450
1652740 450
1652750 450
1652760 450
1652770 450
1652780 450
1652790 450
1652800 450
1652810 450
1652820 450
1652830 450
1652840 450
1652850 450
1652860 450
1652870 450
1652880 450
1652890 450
1652900 449
1652910 449
1652920 449
1652930 449
1652940 449
1652950 449
1652960 449
1652970 449
1652980 449
1652990 449
1653000 449
1653010 449
1653020 449
1653030 449
1653040 449
1653050 449
1653060 449
1653070 449
1653080 450
1653090 450
1653100 450
1653110 450
1653120 450
1653130 450
1653140 450
1653150 450
1653160 449
1653170 449
1653180 449
1653190 449
1653200 449
1653210 449
1653220 449
1653230 449
1653240 449
1653250 450
1653260 450
1653270 450
1653280 450
1653290 450
1653300 450
1653310 450
1653320 449
1653330 449
1653340 450
1653350 450
1653360 450
1653370 450
1653380 450
1653390 450
1653400 450
1653410 449
1653420 449
1653430 449
1653440 449
1653450 449
1653460 449
1653470 449
1653480 449
1653490 449
1653500 449
1653510 449
1653520 449
1653530 449
1653540 448
1653550 448
1653560 448
1653570 448
1653580 448
1653590 448
1653600 448
1653610 448
1653620 448
1653630 448
1653640 448
1653650 448
1653660 448
1653670 448
1653680 448
1653690 448
1653700 448
1653710 448
1653720 448
1653730 448
1653740 448
1653750 448
1653760 448
1653770 448
1653780 448
1653790 448
1653800 448
1653810 448
1653820 448
1653830 448
1653840 448
1653850 448
1653860 448
1653870 448
1653880 448
1653890 448
1653900 448
1653910 448
1653920 448
1653930 448
1653940 448
1653950 447
1653960 447
1653970 447
1653980 447
1653990 447
1654000 447
1654010 447
1654020 447
1654030 447
1654040 446
1654050 446
1654060 446
1654070 446
1654080 446
1654090 446
1654100 446
1654110 446
1654120 446
1654130 446
1654140 446
1654150 446
1654160 446
1654170 446
1654180 446
1654190 446
1654200 445
1654210 445
1654220 445
1654230 445
1654240 445
1654250 444
1654260 444
1654270 444
1654280 444
1654290 444
1654300 444
1654310 444
1654320 444
1654330 444
1654340 444
1654350 444
1654360 444
1654370 444
1654380 444
1654390 444
1654400 444
1654410 443
1654420 443
1654430 443
1654440 443
1654450 443
1654460 442
1654470 442
1654480 442
1654490 441
1654500 440
1654510 440
1654520 439
1654530 438
1654540 438
1654550 437
1654560 435
1654570 435
1654580 434
1654590 432
1654600 430
1654610 430
1654620 429
1654630 427
1654640 427
1654650 425
1654660 424
1654670 424
1654680 423
1654690 421
1654700 421
1654710 420
1654720 419
1654730 419
1654740 413
1654750 411
1654760 409
1654770 409
1654780 407
1654790 405
1654800 405
1654810 402
1654820 400
1654830 400
1654840 398
1654850 396
1654860 396
1654870 394
1654880 392
1654890 392
1654900 390
1654910 388
1654920 386
1654930 386
1654940 384
1654950 381
1654960 381
1654970 379
1654980 376
1654990 376
1655000 374
1655010 372
1655020 372
1655030 370
1655040 369
1655050 369
1655060 368
1655070 368
1655080 368
1655090 368
1655100 368
1655110 368
1655120 368
1655130 369
1655140 369
1655150 369
1655160 369
1655170 369
1655180 369
1655190 369
1655200 368
1655210 368
1655220 368
1655230 368
1655240 368
1655250 368
1655260 369
1655270 371
1655280 371
1655290 376
1655300 382
1655310 382
1655320 388
1655330 394
1655340 394
1655350 399
1655360 403
1655370 403
1655380 405
1655390 407
1655400 408
1655410 408
1655420 410
1655430 412
1655440 412
1655450 414
1655460 415
1655470 415
1655480 417
1655490 417
1655500 417
1655510 418
1655520 418
1655530 418
1655540 418
1655550 418
1655560 418
1655570 418
1655580 418
1655590 418
1655600 418
1655610 418
1655620 418
1655630 418
1655640 419
1655650 419
1655660 419
1655670 419
1655680 419
1655690 419
1655700 419
1655710 419
1655720 419
1655730 419
1655740 419
1655750 419
1655760 419
1655770 419
1655780 419
1655790 419
1655800 419
1655810 419
1655820 419
1655830 419
1655840 420
1655850 420
1655860 420
1655870 420
1655880 420
1655890 420
1655900 419
1655910 419
1655920 419
1655930 419
1655940 419
1655950 419
1655960 420
1655970 420
1655980 420
1655990 420
1656000 421
1656010 421
1656020 421
1656030 422
1656040 421
1656050 421
1656060 420
1656070 419
1656080 419
1656090 417
1656100 414
1656110 414
1656120 410
1656130 404
1656140 404
1656150 398
1656160 395
1656170 395
1656180 400
1656190 406
1656200 413
1656210 413
1656220 423
1656230 427
1656240 427
1656250 430
1656260 433
1656270 433
1656280 434
1656290 436
1656300 436
1656310 438
1656320 441
1656330 441
1656340 443
1656350 444
1656360 445
1656370 445
1656380 445
1656390 446
1656400 446
1656410 447
1656420 447
1656430 447
1656440 448
1656450 448
1656460 448
1656470 449
1656480 449
1656490 449
1656500 450
1656510 450
1656520 451
1656530 451
1656540 451
1656550 451
1656560 451
1656570 451
1656580 452
1656590 452
1656600 452
1656610 452
1656620 452
1656630 452
1656640 453
1656650 453
1656660 453
1656670 453
1656680 453
1656690 453
1656700 453
1656710 453
1656720 453
1656730 454
1656740 454
1656750 454
1656760 454
1656770 454
1656780 454
1656790 455
1656800 455
1656810 455
1656820 456
1656830 456
1656840 457
1656850 457
1656860 458
1656870 459
1656880 459
1656890 461
1656900 462
1656910 462
1656920 464
1656930 466
1656940 466
1656950 473
1656960 475
1656970 475
1656980 478
1656990 480
1657000 480
1657010 482
1657020 484
1657030 485
1657040 485
1657050 486
1657060 487
1657070 487
1657080 488
1657090 490
1657100 490
1657110 491
1657120 492
1657130 492
1657140 493
1657150 493
1657160 493
1657170 494
1657180 494
1657190 494
1657200 494
1657210 493
1657220 491
1657230 491
1657240 489
1657250 486
1657260 486
1657270 483
1657280 480
1657290 480
1657300 476
1657310 473
1657320 473
1657330 470
1657340 467
1657350 466
1657360 466
1657370 465
1657380 465
1657390 465
1657400 466
1657410 467
1657420 467
1657430 469
1657440 471
1657450 471
1657460 474
1657470 478
1657480 478
1657490 482
1657500 486
1657510 489
1657520 489
1657530 493
1657540 497
1657550 497
1657560 501
1657570 505
1657580 505
1657590 509
1657600 513
1657610 513
1657620 516
1657630 520
1657640 520
1657650 523
1657660 526
1657670 530
1657680 531
1657690 534
1657700 537
1657710 537
1657720 540
1657730 543
1657740 543
1657750 545
1657760 548
1657770 548
1657780 551
1657790 554
1657800 554
1657810 556
1657820 559
1657830 562
1657840 562
1657850 564
1657860 567
1657870 567
1657880 569
1657890 572
1657900 572
1657910 574
1657920 577
1657930 577
1657940 580
1657950 582
1657960 582
1657970 585
1657980 588
1657990 591
1658000 591
1658010 594
1658020 597
1658030 597
1658040 599
1658050 602
1658060 602
1658070 604
1658080 606
1658090 606
1658100 609
1658110 611
1658120 611
1658130 613
1658140 615
1658150 617
1658160 617
1658170 618
1658180 620
1658190 620
1658200 621
1658210 622
1658220 622
1658230 622
1658240 622
1658250 622
1658260 622
1658270 621
1658280 621
1658290 620
1658300 619
1658310 618
1658320 618
1658330 616
1658340 614
1658350 614
1658360 612
1658370 610
1658380 610
1658390 609
1658400 612
1658410 612
1658420 610
1658430 609
1658440 609
1658450 607
1658460 605
1658470 602
1658480 602
1658490 600
1658500 597
1658510 597
1658520 595
1658530 592
1658540 592
1658550 590
1658560 587
1658570 587
1658580 585
1658590 584
1658600 584
1658610 584
1658620 583
1658630 582
1658640 582
1658650 579
1658660 576
1658670 576
1658680 570
1658690 564
1658700 564
1658710 559
1658720 554
1658730 554
1658740 549
1658750 546
1658760 546
1658770 548
1658780 552
1658790 557
1658800 557
1658810 564
1658820 570
1658830 570
1658840 575
1658850 579
1658860 579
1658870 584
1658880 588
1658890 588
1658900 592
1658910 594
1658920 594
1658930 596
1658940 596
1658950 594
1658960 594
1658970 592
1658980 590
1658990 590
1659000 587
1659010 584
1659020 584
1659030 581
1659040 578
1659050 578
1659060 575
1659070 572
1659080 572
1659090 569
1659100 566
1659110 563
1659120 563
1659130 560
1659140 557
1659150 557
1659160 554
1659170 550
1659180 550
1659190 547
1659200 545
1659210 545
1659220 542
1659230 539
1659240 539
1659250 537
1659260 535
1659270 535
1659280 533
1659290 530
1659300 528
1659310 528
1659320 527
1659330 526
1659340 526
1659350 527
1659360 528
1659370 528
1659380 529
1659390 530
1659400 530
1659410 531
1659420 531
1659430 531
1659440 530
1659450 530
1659460 530
1659470 530
1659480 530
1659490 530
1659500 530
1659510 530
1659520 529
1659530 529
1659540 529
1659550 529
1659560 529
1659570 528
1659580 528
1659590 528
1659600 528
1659610 529
1659620 529
1659630 529
1659640 529
1659650 530
1659660 530
1659670 531
1659680 531
1659690 531
1659700 531
1659710 531
1659720 531
1659730 530
1659740 529
1659750 529
1659760 528
1659770 527
1659780 526
1659790 526
1659800 525
1659810 523
1659820 523
1659830 522
1659840 520
1659850 518
1659860 517
1659870 516
1659880 516
1659890 515
1659900 514
1659910 514
1659920 513
1659930 512
1659940 511
1659950 511
1659960 510
1659970 509
1659980 509
1659990 508
