1640000 490
1640010 490
1640020 490
1640030 491
1640040 491
1640050 492
1640060 492
1640070 493
1640080 493
1640090 493
1640100 494
1640110 495
1640120 495
1640130 496
1640140 497
1640150 497
1640160 499
1640170 500
1640180 500
1640190 500
1640200 500
1640210 499
1640220 499
1640230 499
1640240 499
1640250 499
1640260 499
1640270 500
1640280 500
1640290 500
1640300 500
1640310 500
1640320 501
1640330 502
1640340 502
1640350 502
1640360 503
1640370 502
1640380 502
1640390 502
1640400 502
1640410 502
1640420 501
1640430 501
1640440 501
1640450 500
1640460 499
1640470 499
1640480 499
1640490 498
1640500 498
1640510 498
1640520 497
1640530 497
1640540 497
1640550 497
1640560 497
1640570 497
1640580 498
1640590 498
1640600 498
1640610 497
1640620 498
1640630 498
1640640 498
1640650 498
1640660 498
1640670 497
1640680 495
1640690 492
1640700 492
1640710 492
1640720 493
1640730 493
1640740 495
1640750 496
1640760 496
1640770 496
1640780 495
1640790 495
1640800 495
1640810 495
1640820 495
1640830 495
1640840 495
1640850 495
1640860 496
1640870 496
1640880 497
1640890 497
1640900 499
1640910 501
1640920 501
1640930 504
1640940 507
1640950 507
1640960 510
1640970 514
1640980 514
1640990 518
1641000 522
1641010 522
1641020 525
1641030 527
1641040 529
1641050 529
1641060 533
1641070 535
1641080 535
1641090 537
1641100 535
1641110 535
1641120 532
1641130 528
1641140 528
1641150 524
1641160 520
1641170 520
1641180 517
1641190 514
1641200 510
1641210 510
1641220 507
1641230 504
1641240 504
1641250 502
1641260 500
1641270 500
1641280 499
1641290 498
1641300 498
1641310 498
1641320 497
1641330 497
1641340 497
1641350 496
1641360 496
1641370 496
1641380 496
1641390 496
1641400 496
1641410 495
1641420 495
1641430 495
1641440 495
1641450 495
1641460 495
1641470 495
1641480 495
1641490 495
1641500 495
1641510 495
1641520 495
1641530 495
1641540 494
1641550 494
1641560 494
1641570 494
1641580 494
1641590 494
1641600 494
1641610 494
1641620 494
1641630 494
1641640 494
1641650 494
1641660 494
1641670 494
1641680 494
1641690 494
1641700 494
1641710 494
1641720 494
1641730 493
1641740 493
1641750 493
1641760 493
1641770 493
1641780 493
1641790 493
1641800 493
1641810 493
1641820 493
1641830 493
1641840 493
1641850 493
1641860 493
1641870 493
1641880 493
1641890 493
1641900 493
1641910 493
1641920 493
1641930 493
1641940 493
1641950 492
1641960 492
1641970 492
1641980 492
1641990 492
1642000 492
1642010 492
1642020 492
1642030 492
1642040 492
1642050 492
1642060 491
1642070 491
1642080 491
1642090 491
1642100 491
1642110 491
1642120 490
1642130 490
1642140 490
1642150 490
1642160 489
1642170 489
1642180 489
1642190 489
1642200 489
1642210 489
1642220 489
1642230 489
1642240 489
1642250 489
1642260 489
1642270 489
1642280 489
1642290 489
1642300 488
1642310 488
1642320 487
1642330 487
1642340 487
1642350 487
1642360 487
1642370 486
1642380 486
1642390 486
1642400 486
1642410 486
1642420 486
1642430 486
1642440 486
1642450 486
1642460 486
1642470 486
1642480 487
1642490 487
1642500 487
1642510 488
1642520 488
1642530 489
1642540 489
1642550 489
1642560 490
1642570 490
1642580 490
1642590 491
1642600 491
1642610 491
1642620 491
1642630 491
1642640 491
1642650 491
1642660 491
1642670 491
1642680 491
1642690 491
1642700 491
1642710 491
1642720 490
1642730 490
1642740 490
1642750 490
1642760 490
1642770 490
1642780 490
1642790 490
1642800 490
1642810 490
1642820 490
1642830 490
1642840 490
1642850 490
1642860 489
1642870 489
1642880 489
1642890 489
1642900 489
1642910 489
1642920 489
1642930 489
1642940 489
1642950 489
1642960 489
1642970 489
1642980 489
1642990 489
1643000 489
1643010 488
1643020 488
1643030 488
1643040 488
1643050 488
1643060 488
1643070 488
1643080 487
1643090 487
1643100 487
1643110 487
1643120 487
1643130 487
1643140 487
1643150 487
1643160 487
1643170 486
1643180 486
1643190 486
1643200 486
1643210 486
1643220 486
1643230 485
1643240 485
1643250 485
1643260 485
1643270 484
1643280 484
1643290 484
1643300 484
1643310 483
1643320 483
1643330 481
1643340 481
1643350 481
1643360 483
1643370 482
1643380 482
1643390 482
1643400 482
1643410 482
1643420 482
1643430 481
1643440 481
1643450 481
1643460 481
1643470 481
1643480 481
1643490 480
1643500 480
1643510 480
1643520 480
1643530 479
1643540 479
1643550 479
1643560 478
1643570 478
1643580 478
1643590 477
1643600 475
1643610 475
1643620 472
1643630 471
1643640 471
1643650 470
1643660 470
1643670 470
1643680 470
1643690 470
1643700 470
1643710 470
1643720 469
1643730 469
1643740 468
1643750 467
1643760 467
1643770 467
1643780 467
1643790 466
1643800 466
1643810 466
1643820 466
1643830 466
1643840 467
1643850 467
1643860 467
1643870 467
1643880 466
1643890 466
1643900 466
1643910 466
1643920 466
1643930 466
1643940 466
1643950 466
1643960 466
1643970 465
1643980 465
1643990 465
1644000 464
1644010 464
1644020 464
1644030 464
1644040 464
1644050 464
1644060 464
1644070 462
1644080 462
1644090 462
1644100 462
1644110 462
1644120 462
1644130 461
1644140 461
1644150 461
1644160 460
1644170 460
1644180 460
1644190 459
1644200 458
1644210 458
1644220 458
1644230 457
1644240 457
1644250 456
1644260 455
1644270 454
1644280 454
1644290 452
1644300 447
1644310 447
1644320 446
1644330 446
1644340 446
1644350 446
1644360 447
1644370 447
1644380 448
1644390 449
1644400 449
1644410 450
1644420 451
1644430 452
1644440 452
1644450 455
1644460 456
1644470 456
1644480 457
1644490 459
1644500 459
1644510 462
1644520 463
1644530 463
1644540 464
1644550 465
1644560 465
1644570 466
1644580 468
1644590 470
1644600 470
1644610 471
1644620 473
1644630 473
1644640 476
1644650 478
1644660 478
1644670 482
1644680 487
1644690 487
1644700 492
1644710 498
1644720 498
1644730 504
1644740 510
1644750 516
1644760 516
1644770 522
1644780 528
1644790 528
1644800 534
1644810 540
1644820 540
1644830 545
1644840 550
1644850 548
1644860 551
1644870 554
1644880 554
1644890 556
1644900 559
1644910 562
1644920 562
1644930 565
1644940 569
1644950 569
1644960 572
1644970 576
1644980 576
1644990 578
1645000 580
1645010 580
1645020 582
1645030 581
1645040 581
1645050 581
1645060 580
1645070 579
1645080 579
1645090 578
1645100 576
1645110 576
1645120 576
1645130 576
1645140 576
1645150 576
1645160 576
1645170 576
1645180 576
1645190 576
1645200 576
1645210 576
1645220 575
1645230 572
1645240 572
1645250 572
1645260 571
1645270 571
1645280 570
1645290 568
1645300 568
1645310 566
1645320 564
1645330 564
1645340 562
1645350 559
1645360 559
1645370 557
1645380 554
1645390 552
1645400 552
1645410 549
1645420 545
1645430 545
1645440 542
1645450 538
1645460 538
1645470 534
1645480 531
1645490 531
1645500 528
1645510 525
1645520 525
1645530 520
1645540 518
1645550 517
1645560 517
1645570 515
1645580 512
1645590 512
1645600 510
1645610 509
1645620 509
1645630 510
1645640 513
1645650 513
1645660 516
1645670 518
1645680 518
1645690 521
1645700 523
1645710 524
1645720 524
1645730 527
1645740 530
1645750 530
1645760 532
1645770 534
1645780 534
1645790 536
1645800 538
1645810 538
1645820 540
1645830 543
1645840 543
1645850 546
1645860 548
1645870 550
1645880 550
1645890 552
1645900 555
1645910 555
1645920 559
1645930 562
1645940 562
1645950 565
1645960 569
1645970 569
1645980 573
1645990 577
1646000 577
1646010 580
1646020 583
1646030 587
1646040 587
1646050 589
1646060 590
1646070 590
1646080 592
1646090 594
1646100 594
1646110 596
1646120 598
1646130 598
1646140 601
1646150 603
1646160 603
1646170 606
1646180 608
1646190 610
1646200 610
1646210 614
1646220 619
1646230 619
1646240 625
1646250 630
1646260 630
1646270 635
1646280 639
1646290 639
1646300 642
1646310 645
1646320 645
1646330 647
1646340 648
1646350 649
1646360 649
1646370 651
1646380 653
1646390 653
1646400 657
1646410 661
1646420 661
1646430 665
1646440 668
1646450 668
1646460 671
1646470 675
1646480 675
1646490 679
1646500 683
1646510 685
1646520 685
1646530 688
1646540 692
1646550 692
1646560 697
1646570 701
1646580 701
1646590 704
1646600 706
1646610 706
1646620 708
1646630 709
1646640 709
1646650 710
1646660 710
1646670 710
1646680 710
1646690 711
1646700 709
1646710 709
1646720 707
1646730 705
1646740 705
1646750 703
1646760 701
1646770 701
1646780 700
1646790 699
1646800 699
1646810 697
1646820 695
1646830 692
1646840 692
1646850 687
1646860 682
1646870 682
1646880 677
1646890 672
1646900 672
1646910 666
1646920 661
1646930 661
1646940 655
1646950 649
1646960 649
1646970 644
1646980 640
1646990 636
1647000 636
1647010 632
1647020 629
1647030 629
1647040 625
1647050 623
1647060 623
1647070 620
1647080 618
1647090 618
1647100 616
1647110 614
1647120 614
1647130 612
1647140 610
1647150 609
1647160 609
1647170 608
1647180 607
1647190 606
1647200 604
1647210 603
1647220 603
1647230 602
1647240 601
1647250 601
1647260 600
1647270 598
1647280 598
1647290 597
1647300 596
1647310 596
1647320 595
1647330 594
1647340 593
1647350 593
1647360 592
1647370 592
1647380 592
1647390 592
1647400 592
1647410 592
1647420 592
1647430 592
1647440 592
1647450 593
1647460 593
1647470 593
1647480 594
1647490 595
1647500 597
1647510 597
1647520 599
1647530 602
1647540 602
1647550 604
1647560 605
1647570 605
1647580 604
1647590 603
1647600 603
1647610 600
1647620 598
1647630 598
1647640 594
1647650 591
1647660 588
1647670 588
1647680 585
1647690 582
1647700 582
1647710 580
1647720 577
1647730 577
1647740 574
1647750 572
1647760 572
1647770 570
1647780 568
1647790 568
1647800 565
1647810 563
1647820 561
1647830 561
1647840 559
1647850 557
1647860 557
1647870 554
1647880 552
1647890 552
1647900 549
1647910 545
1647920 545
1647930 542
1647940 539
1647950 539
1647960 534
1647970 532
1647980 530
1647990 530
1648000 527
1648010 525
1648020 525
1648030 522
1648040 518
1648050 518
1648060 514
1648070 510
1648080 510
1648090 506
1648100 502
1648110 502
1648120 499
1648130 498
1648140 495
1648150 495
1648160 492
1648170 490
1648180 490
1648190 488
1648200 485
1648210 485
1648220 482
1648230 480
1648240 480
1648250 478
1648260 475
1648270 475
1648280 474
1648290 473
1648300 472
1648310 472
1648320 472
1648330 471
1648340 471
1648350 471
1648360 470
1648370 470
1648380 470
1648390 470
1648400 470
1648410 469
1648420 469
1648430 469
1648440 469
1648450 469
1648460 469
1648470 469
1648480 468
1648490 468
1648500 468
1648510 467
1648520 467
1648530 467
1648540 467
1648550 467
1648560 467
1648570 467
1648580 467
1648590 467
1648600 467
1648610 467
1648620 467
1648630 467
1648640 467
1648650 467
1648660 467
1648670 467
1648680 467
1648690 467
1648700 467
1648710 467
1648720 467
1648730 467
1648740 467
1648750 467
1648760 467
1648770 467
1648780 466
1648790 466
1648800 466
1648810 465
1648820 465
1648830 465
1648840 465
1648850 465
1648860 464
1648870 464
1648880 464
1648890 464
1648900 464
1648910 464
1648920 464
1648930 463
1648940 463
1648950 463
1648960 463
1648970 463
1648980 463
1648990 463
1649000 463
1649010 463
1649020 462
1649030 462
1649040 462
1649050 462
1649060 462
1649070 462
1649080 462
1649090 461
1649100 461
1649110 461
1649120 461
1649130 461
1649140 461
1649150 461
1649160 460
1649170 460
1649180 460
1649190 460
1649200 460
1649210 460
1649220 460
1649230 460
1649240 460
1649250 459
1649260 459
1649270 459
1649280 459
1649290 459
1649300 459
1649310 458
1649320 458
1649330 458
1649340 458
1649350 458
1649360 458
1649370 458
1649380 458
1649390 458
1649400 458
1649410 457
1649420 457
1649430 457
1649440 457
1649450 457
1649460 457
1649470 457
1649480 457
1649490 457
1649500 456
1649510 456
1649520 456
1649530 456
1649540 456
1649550 456
1649560 456
1649570 456
1649580 457
1649590 457
1649600 457
1649610 457
1649620 457
1649630 457
1649640 457
1649650 457
1649660 457
1649670 458
1649680 458
1649690 459
1649700 459
1649710 459
1649720 459
1649730 458
1649740 458
1649750 458
1649760 458
1649770 458
1649780 458
1649790 458
1649800 458
1649810 458
1649820 458
1649830 458
1649840 458
1649850 458
1649860 458
1649870 458
1649880 458
1649890 458
1649900 458
1649910 458
1649920 458
1649930 458
1649940 458
1649950 458
1649960 458
1649970 458
1649980 458
1649990 458
1650000 458
1650010 458
1650020 458
1650030 458
1650040 458
1650050 455
1650060 452
1650070 452
1650080 452
1650090 452
1650100 452
1650110 452
1650120 452
1650130 452
1650140 452
1650150 452
1650160 452
1650170 452
1650180 452
1650190 452
1650200 452
1650210 452
1650220 452
1650230 452
1650240 451
1650250 452
1650260 452
1650270 451
1650280 451
1650290 451
1650300 451
1650310 451
1650320 451
1650330 451
1650340 451
1650350 451
1650360 451
1650370 451
1650380 451
1650390 451
1650400 452
1650410 452
1650420 452
1650430 452
1650440 452
1650450 452
1650460 452
1650470 452
1650480 452
1650490 452
1650500 452
1650510 452
1650520 452
1650530 452
1650540 452
1650550 452
1650560 452
1650570 452
1650580 452
1650590 452
1650600 452
1650610 452
1650620 452
1650630 452
1650640 452
1650650 452
1650660 452
1650670 452
1650680 452
1650690 452
1650700 452
1650710 451
1650720 451
1650730 451
1650740 451
1650750 451
1650760 451
1650770 451
1650780 451
1650790 451
1650800 451
1650810 451
1650820 451
1650830 451
1650840 451
1650850 451
1650860 451
1650870 451
1650880 451
1650890 451
1650900 451
1650910 452
1650920 452
1650930 452
1650940 452
1650950 452
1650960 452
1650970 452
1650980 451
1650990 451
1651000 451
1651010 451
1651020 451
1651030 451
1651040 451
1651050 451
1651060 451
1651070 451
1651080 450
1651090 450
1651100 450
1651110 450
1651120 450
1651130 451
1651140 450
1651150 450
1651160 450
1651170 450
1651180 450
1651190 450
1651200 450
1651210 450
1651220 450
1651230 450
1651240 449
1651250 449
1651260 449
1651270 449
1651280 449
1651290 449
1651300 448
1651310 448
1651320 448
1651330 448
1651340 448
1651350 447
1651360 447
1651370 447
1651380 447
1651390 447
1651400 447
1651410 447
1651420 447
1651430 447
1651440 447
1651450 447
1651460 447
1651470 447
1651480 447
1651490 447
1651500 447
1651510 447
1651520 447
1651530 447
1651540 447
1651550 446
1651560 446
1651570 446
1651580 446
1651590 445
1651600 445
1651610 444
1651620 440
1651630 440
1651640 436
1651650 430
1651660 430
1651670 425
1651680 419
1651690 414
1651700 414
1651710 409
1651720 404
1651730 404
1651740 399
1651750 394
1651760 394
1651770 391
1651780 387
1651790 387
1651800 383
1651810 379
1651820 379
1651830 376
1651840 373
1651850 371
1651860 371
1651870 369
1651880 369
1651890 369
1651900 369
1651910 369
1651920 369
1651930 369
1651940 369
1651950 369
1651960 369
1651970 369
1651980 369
1651990 369
1652000 368
1652010 368
1652020 368
1652030 368
1652040 368
1652050 368
1652060 368
1652070 368
1652080 368
1652090 368
1652100 368
1652110 368
1652120 370
1652130 377
1652140 377
1652150 385
1652160 392
1652170 399
1652180 399
1652190 405
1652200 411
1652210 411
1652220 416
1652230 420
1652240 420
1652250 424
1652260 428
1652270 428
1652280 433
1652290 437
1652300 437
1652310 441
1652320 445
1652330 448
1652340 448
1652350 451
1652360 453
1652370 453
1652380 454
1652390 455
1652400 455
1652410 455
1652420 455
1652430 455
1652440 455
1652450 456
1652460 456
1652470 456
1652480 456
1652490 456
1652500 456
1652510 456
1652520 456
1652530 456
1652540 456
1652550 456
1652560 456
1652570 456
1652580 456
1652590 456
1652600 456
1652610 456
1652620 456
1652630 455
1652640 455
1652650 455
1652660 455
1652670 455
1652680 455
1652690 455
1652700 455
1652710 455
1652720 455
1652730 455
1652740 455
1652750 455
1652760 455
1652770 454
1652780 454
1652790 454
1652800 454
1652810 454
1652820 454
1652830 454
1652840 454
1652850 454
1652860 454
1652870 454
1652880 454
1652890 454
1652900 454
1652910 454
1652920 454
1652930 454
1652940 454
1652950 454
1652960 454
1652970 454
1652980 454
1652990 454
1653000 454
1653010 454
1653020 454
1653030 455
1653040 455
1653050 455
1653060 455
1653070 455
1653080 454
1653090 454
1653100 454
1653110 454
1653120 454
1653130 454
1653140 454
1653150 454
1653160 454
1653170 454
1653180 455
1653190 455
1653200 455
1653210 455
1653220 455
1653230 455
1653240 455
1653250 455
1653260 455
1653270 455
1653280 455
1653290 455
1653300 455
1653310 455
1653320 455
1653330 455
1653340 455
1653350 455
1653360 455
1653370 455
1653380 455
1653390 455
1653400 455
1653410 455
1653420 455
1653430 456
1653440 456
1653450 456
1653460 456
1653470 456
1653480 456
1653490 456
1653500 456
1653510 456
1653520 456
1653530 456
1653540 456
1653550 456
1653560 456
1653570 456
1653580 456
1653590 455
1653600 455
1653610 455
1653620 455
1653630 455
1653640 455
1653650 455
1653660 455
1653670 455
1653680 455
1653690 455
1653700 455
1653710 455
1653720 455
1653730 455
1653740 455
1653750 455
1653760 454
1653770 454
1653780 454
1653790 454
1653800 453
1653810 453
1653820 453
1653830 453
1653840 453
1653850 453
1653860 453
1653870 453
1653880 453
1653890 452
1653900 452
1653910 452
1653920 452
1653930 452
1653940 452
1653950 453
1653960 453
1653970 453
1653980 453
1653990 453
1654000 453
1654010 453
1654020 453
1654030 453
1654040 453
1654050 453
1654060 453
1654070 453
1654080 453
1654090 453
1654100 453
1654110 453
1654120 452
1654130 452
1654140 452
1654150 451
1654160 451
1654170 451
1654180 451
1654190 451
1654200 451
1654210 451
1654220 451
1654230 451
1654240 451
1654250 451
1654260 451
1654270 451
1654280 451
1654290 451
1654300 451
1654310 451
1654320 451
1654330 451
1654340 451
1654350 451
1654360 451
1654370 451
1654380 451
1654390 451
1654400 450
1654410 450
1654420 450
1654430 450
1654440 450
1654450 450
1654460 450
1654470 450
1654480 450
1654490 449
1654500 449
1654510 449
1654520 449
1654530 449
1654540 449
1654550 449
1654560 449
1654570 449
1654580 449
1654590 449
1654600 448
1654610 448
1654620 448
1654630 448
1654640 448
1654650 448
1654660 448
1654670 448
1654680 447
1654690 447
1654700 447
1654710 447
1654720 447
1654730 447
1654740 447
1654750 447
1654760 447
1654770 447
1654780 447
1654790 447
1654800 447
1654810 448
1654820 448
1654830 448
1654840 447
1654850 447
1654860 447
1654870 447
1654880 447
1654890 447
1654900 446
1654910 446
1654920 446
1654930 446
1654940 445
1654950 445
1654960 445
1654970 444
1654980 443
1654990 443
1655000 443
1655010 442
1655020 442
1655030 441
1655040 440
1655050 440
1655060 439
1655070 437
1655080 436
1655090 436
1655100 434
1655110 433
1655120 433
1655130 431
1655140 429
1655150 429
1655160 427
1655170 425
1655180 425
1655190 423
1655200 421
1655210 421
1655220 418
1655230 416
1655240 413
1655250 413
1655260 410
1655270 407
1655280 407
1655290 405
1655300 403
1655310 403
1655320 400
1655330 397
1655340 397
1655350 393
1655360 389
1655370 389
1655380 384
1655390 379
1655400 374
1655410 374
1655420 369
1655430 365
1655440 365
1655450 361
1655460 358
1655470 358
1655480 355
1655490 352
1655500 352
1655510 348
1655520 347
1655530 347
1655540 347
1655550 347
1655560 347
1655570 347
1655580 347
1655590 347
1655600 347
1655610 347
1655620 347
1655630 347
1655640 347
1655650 347
1655660 347
1655670 347
1655680 347
1655690 347
1655700 348
1655710 350
1655720 353
1655730 353
1655740 356
1655750 358
1655760 358
1655770 359
1655780 359
1655790 359
1655800 358
1655810 358
1655820 358
1655830 357
1655840 357
1655850 357
1655860 357
1655870 357
1655880 356
1655890 356
1655900 356
1655910 356
1655920 356
1655930 356
1655940 357
1655950 357
1655960 358
1655970 359
1655980 359
1655990 360
1656000 363
1656010 363
1656020 369
1656030 374
1656040 379
1656050 379
1656060 381
1656070 382
1656080 382
1656090 381
1656100 380
1656110 380
1656120 380
1656130 380
1656140 380
1656150 380
1656160 380
1656170 380
1656180 380
1656190 380
1656200 380
1656210 380
1656220 380
1656230 380
1656240 380
1656250 380
1656260 380
1656270 380
1656280 380
1656290 380
1656300 380
1656310 380
1656320 380
1656330 380
1656340 380
1656350 380
1656360 380
1656370 380
1656380 379
1656390 379
1656400 379
1656410 379
1656420 379
1656430 379
1656440 379
1656450 378
1656460 378
1656470 378
1656480 378
1656490 378
1656500 378
1656510 378
1656520 378
1656530 378
1656540 378
1656550 377
1656560 377
1656570 377
1656580 377
1656590 377
1656600 377
1656610 377
1656620 377
1656630 377
1656640 377
1656650 377
1656660 377
1656670 377
1656680 377
1656690 377
1656700 377
1656710 377
1656720 377
1656730 377
1656740 378
1656750 378
1656760 378
1656770 379
1656780 379
1656790 380
1656800 380
1656810 380
1656820 381
1656830 381
1656840 381
1656850 381
1656860 381
1656870 381
1656880 381
1656890 381
1656900 381
1656910 381
1656920 382
1656930 383
1656940 383
1656950 384
1656960 389
1656970 389
1656980 390
1656990 392
1657000 392
1657010 394
1657020 396
1657030 398
1657040 398
1657050 400
1657060 400
1657070 400
1657080 398
1657090 397
1657100 397
1657110 399
1657120 404
1657130 404
1657140 406
1657150 406
1657160 406
1657170 405
1657180 404
1657190 404
1657200 404
1657210 405
1657220 406
1657230 406
1657240 407
1657250 409
1657260 409
1657270 410
1657280 411
1657290 411
1657300 412
1657310 414
1657320 414
1657330 416
1657340 418
1657350 421
1657360 421
1657370 424
1657380 427
1657390 427
1657400 430
1657410 432
1657420 432
1657430 434
1657440 436
1657450 436
1657460 437
1657470 438
1657480 438
1657490 438
1657500 438
1657510 438
1657520 438
1657530 438
1657540 438
1657550 438
1657560 438
1657570 438
1657580 438
1657590 438
1657600 438
1657610 438
1657620 438
1657630 438
1657640 438
1657650 438
1657660 438
1657670 438
1657680 438
1657690 438
1657700 439
1657710 439
1657720 439
1657730 439
1657740 439
1657750 439
1657760 439
1657770 439
1657780 439
1657790 440
1657800 440
1657810 440
1657820 440
1657830 440
1657840 440
1657850 440
1657860 440
1657870 440
1657880 440
1657890 440
1657900 440
1657910 440
1657920 440
1657930 440
1657940 440
1657950 440
1657960 440
1657970 440
1657980 439
1657990 439
1658000 439
1658010 439
1658020 439
1658030 439
1658040 439
1658050 439
1658060 439
1658070 439
1658080 439
1658090 439
1658100 439
1658110 439
1658120 439
1658130 439
1658140 439
1658150 438
1658160 438
1658170 438
1658180 438
1658190 438
1658200 438
1658210 438
1658220 438
1658230 438
1658240 438
1658250 438
1658260 438
1658270 438
1658280 438
1658290 438
1658300 438
1658310 438
1658320 438
1658330 437
1658340 437
1658350 437
1658360 437
1658370 437
1658380 437
1658390 437
1658400 437
1658410 437
1658420 437
1658430 437
1658440 437
1658450 437
1658460 437
1658470 437
1658480 437
1658490 437
1658500 437
1658510 437
1658520 438
1658530 438
1658540 438
1658550 438
1658560 438
1658570 438
1658580 439
1658590 439
1658600 439
1658610 439
1658620 439
1658630 439
1658640 439
1658650 439
1658660 439
1658670 439
1658680 440
1658690 440
1658700 440
1658710 441
1658720 441
1658730 441
1658740 442
1658750 443
1658760 443
1658770 444
1658780 444
1658790 445
1658800 445
1658810 445
1658820 445
1658830 445
1658840 445
1658850 444
1658860 444
1658870 444
1658880 444
1658890 444
1658900 444
1658910 443
1658920 443
1658930 443
1658940 443
1658950 442
1658960 442
1658970 442
1658980 442
1658990 442
1659000 442
1659010 442
1659020 442
1659030 442
1659040 441
1659050 441
1659060 441
1659070 442
1659080 442
1659090 442
1659100 442
1659110 442
1659120 442
1659130 442
1659140 445
1659150 445
1659160 447
1659170 448
1659180 448
1659190 450
1659200 452
1659210 452
1659220 453
1659230 455
1659240 455
1659250 456
1659260 456
1659270 456
1659280 456
1659290 456
1659300 455
1659310 455
1659320 455
1659330 455
1659340 455
1659350 454
1659360 454
1659370 454
1659380 453
1659390 452
1659400 452
1659410 452
1659420 452
1659430 452
1659440 452
1659450 453
1659460 455
1659470 455
1659480 457
1659490 459
1659500 459
1659510 461
1659520 464
1659530 464
1659540 467
1659550 468
1659560 468
1659570 469
1659580 468
1659590 467
1659600 467
1659610 462
1659620 456
1659630 456
1659640 450
1659650 444
1659660 444
1659670 441
1659680 439
1659690 439
1659700 439
1659710 437
1659720 437
1659730 437
1659740 437
1659750 437
1659760 437
1659770 437
1659780 438
1659790 438
1659800 438
1659810 439
1659820 439
1659830 440
1659840 441
1659850 441
1659860 441
1659870 441
1659880 441
1659890 441
1659900 441
1659910 441
1659920 441
1659930 441
1659940 441
1659950 441
1659960 441
1659970 441
1659980 441
1659990 441
