1640000 628
1640010 628
1640020 625
1640030 622
1640040 622
1640050 619
1640060 620
1640070 620
1640080 619
1640090 617
1640100 617
1640110 615
1640120 614
1640130 614
1640140 613
1640150 612
1640160 612
1640170 612
1640180 610
1640190 609
1640200 609
1640210 607
1640220 602
1640230 602
1640240 598
1640250 594
1640260 594
1640270 592
1640280 590
1640290 590
1640300 587
1640310 583
1640320 581
1640330 581
1640340 578
1640350 575
1640360 575
1640370 569
1640380 566
1640390 566
1640400 567
1640410 568
1640420 568
1640430 569
1640440 570
1640450 570
1640460 571
1640470 573
1640480 575
1640490 575
1640500 576
1640510 576
1640520 576
1640530 575
1640540 574
1640550 574
1640560 573
1640570 571
1640580 571
1640590 570
1640600 569
1640610 569
1640620 566
1640630 562
1640640 557
1640650 557
1640660 552
1640670 546
1640680 546
1640690 545
1640700 545
1640710 545
1640720 544
1640730 544
1640740 544
1640750 542
1640760 540
1640770 540
1640780 539
1640790 538
1640800 537
1640810 537
1640820 538
1640830 541
1640840 541
1640850 543
1640860 545
1640870 545
1640880 546
1640890 548
1640900 548
1640910 550
1640920 551
1640930 551
1640940 553
1640950 555
1640960 555
1640970 556
1640980 559
1640990 561
1641000 561
1641010 563
1641020 562
1641030 562
1641040 565
1641050 566
1641060 566
1641070 568
1641080 571
1641090 571
1641100 573
1641110 575
1641120 575
1641130 577
1641140 578
1641150 577
1641160 577
1641170 576
1641180 575
1641190 575
1641200 571
1641210 567
1641220 567
1641230 563
1641240 560
1641250 560
1641260 557
1641270 554
1641280 554
1641290 552
1641300 550
1641310 549
1641320 549
1641330 547
1641340 546
1641350 546
1641360 544
1641370 541
1641380 541
1641390 539
1641400 536
1641410 536
1641420 533
1641430 530
1641440 530
1641450 527
1641460 525
1641470 522
1641480 522
1641490 519
1641500 516
1641510 516
1641520 513
1641530 511
1641540 511
1641550 509
1641560 506
1641570 506
1641580 504
1641590 503
1641600 503
1641610 504
1641620 502
1641630 502
1641640 502
1641650 501
1641660 500
1641670 500
1641680 499
1641690 499
1641700 499
1641710 499
1641720 498
1641730 498
1641740 498
1641750 497
1641760 497
1641770 494
1641780 493
1641790 491
1641800 491
1641810 490
1641820 488
1641830 487
1641840 486
1641850 486
1641860 486
1641870 485
1641880 485
1641890 485
1641900 485
1641910 485
1641920 485
1641930 485
1641940 485
1641950 485
1641960 485
1641970 485
1641980 485
1641990 485
1642000 485
1642010 485
1642020 485
1642030 485
1642040 485
1642050 485
1642060 485
1642070 485
1642080 485
1642090 485
1642100 485
1642110 485
1642120 485
1642130 485
1642140 485
1642150 485
1642160 486
1642170 486
1642180 486
1642190 486
1642200 487
1642210 487
1642220 487
1642230 487
1642240 487
1642250 487
1642260 488
1642270 488
1642280 488
1642290 488
1642300 488
1642310 488
1642320 488
1642330 488
1642340 488
1642350 488
1642360 488
1642370 488
1642380 488
1642390 488
1642400 488
1642410 488
1642420 488
1642430 488
1642440 488
1642450 488
1642460 488
1642470 488
1642480 488
1642490 489
1642500 489
1642510 489
1642520 489
1642530 489
1642540 489
1642550 490
1642560 490
1642570 490
1642580 490
1642590 490
1642600 490
1642610 490
1642620 490
1642630 490
1642640 490
1642650 490
1642660 490
1642670 490
1642680 490
1642690 490
1642700 490
1642710 490
1642720 490
1642730 490
1642740 490
1642750 490
1642760 490
1642770 490
1642780 490
1642790 490
1642800 490
1642810 490
1642820 490
1642830 490
1642840 490
1642850 490
1642860 490
1642870 490
1642880 490
1642890 490
1642900 490
1642910 490
1642920 490
1642930 490
1642940 490
1642950 490
1642960 490
1642970 490
1642980 490
1642990 490
1643000 490
1643010 490
1643020 490
1643030 490
1643040 490
1643050 490
1643060 490
1643070 490
1643080 490
1643090 490
1643100 490
1643110 490
1643120 490
1643130 490
1643140 490
1643150 490
1643160 489
1643170 489
1643180 489
1643190 489
1643200 489
1643210 489
1643220 488
1643230 488
1643240 488
1643250 488
1643260 488
1643270 488
1643280 488
1643290 487
1643300 487
1643310 487
1643320 486
1643330 486
1643340 486
1643350 486
1643360 486
1643370 485
1643380 485
1643390 485
1643400 484
1643410 484
1643420 484
1643430 484
1643440 483
1643450 483
1643460 483
1643470 482
1643480 482
1643490 482
1643500 481
1643510 480
1643520 480
1643530 480
1643540 479
1643550 479
1643560 479
1643570 479
1643580 479
1643590 479
1643600 478
1643610 478
1643620 478
1643630 478
1643640 478
1643650 478
1643660 477
1643670 477
1643680 477
1643690 477
1643700 477
1643710 477
1643720 477
1643730 476
1643740 476
1643750 476
1643760 476
1643770 476
1643780 476
1643790 476
1643800 476
1643810 476
1643820 476
1643830 476
1643840 476
1643850 476
1643860 475
1643870 475
1643880 475
1643890 475
1643900 476
1643910 476
1643920 476
1643930 475
1643940 475
1643950 475
1643960 475
1643970 475
1643980 475
1643990 474
1644000 474
1644010 474
1644020 474
1644030 474
1644040 474
1644050 475
1644060 475
1644070 475
1644080 475
1644090 475
1644100 475
1644110 475
1644120 475
1644130 475
1644140 475
1644150 475
1644160 475
1644170 475
1644180 475
1644190 475
1644200 475
1644210 475
1644220 475
1644230 475
1644240 474
1644250 474
1644260 474
1644270 474
1644280 474
1644290 474
1644300 473
1644310 472
1644320 472
1644330 471
1644340 470
1644350 470
1644360 469
1644370 468
1644380 468
1644390 468
1644400 467
1644410 467
1644420 467
1644430 467
1644440 466
1644450 466
1644460 466
1644470 466
1644480 466
1644490 466
1644500 465
1644510 465
1644520 464
1644530 463
1644540 463
1644550 461
1644560 459
1644570 458
1644580 458
1644590 457
1644600 457
1644610 457
1644620 457
1644630 457
1644640 457
1644650 457
1644660 457
1644670 457
1644680 457
1644690 457
1644700 457
1644710 458
1644720 458
1644730 458
1644740 458
1644750 457
1644760 458
1644770 458
1644780 460
1644790 465
1644800 465
1644810 471
1644820 477
1644830 477
1644840 484
1644850 489
1644860 489
1644870 496
1644880 503
1644890 509
1644900 509
1644910 516
1644920 521
1644930 521
1644940 524
1644950 527
1644960 527
1644970 528
1644980 528
1644990 528
1645000 524
1645010 525
1645020 525
1645030 526
1645040 529
1645050 532
1645060 532
1645070 535
1645080 537
1645090 537
1645100 541
1645110 545
1645120 545
1645130 550
1645140 551
1645150 551
1645160 549
1645170 546
1645180 546
1645190 542
1645200 539
1645210 536
1645220 536
1645230 534
1645240 532
1645250 532
1645260 529
1645270 526
1645280 526
1645290 522
1645300 519
1645310 519
1645320 515
1645330 511
1645340 511
1645350 507
1645360 507
1645370 510
1645380 510
1645390 512
1645400 515
1645410 515
1645420 518
1645430 522
1645440 522
1645450 525
1645460 529
1645470 529
1645480 533
1645490 536
1645500 536
1645510 540
1645520 542
1645530 542
1645540 542
1645550 540
1645560 537
1645570 537
1645580 532
1645590 525
1645600 525
1645610 519
1645620 519
1645630 519
1645640 521
1645650 521
1645660 521
1645670 523
1645680 526
1645690 528
1645700 528
1645710 528
1645720 528
1645730 528
1645740 528
1645750 526
1645760 526
1645770 525
1645780 528
1645790 528
1645800 527
1645810 527
1645820 527
1645830 527
1645840 527
1645850 527
1645860 527
1645870 528
1645880 529
1645890 529
1645900 530
1645910 532
1645920 532
1645930 533
1645940 534
1645950 534
1645960 536
1645970 538
1645980 538
1645990 540
1646000 542
1646010 544
1646020 544
1646030 546
1646040 549
1646050 549
1646060 551
1646070 553
1646080 553
1646090 554
1646100 555
1646110 555
1646120 556
1646130 556
1646140 556
1646150 557
1646160 558
1646170 558
1646180 559
1646190 560
1646200 561
1646210 561
1646220 563
1646230 566
1646240 566
1646250 568
1646260 570
1646270 570
1646280 572
1646290 575
1646300 575
1646310 577
1646320 579
1646330 579
1646340 582
1646350 586
1646360 590
1646370 590
1646380 594
1646390 599
1646400 599
1646410 605
1646420 611
1646430 611
1646440 618
1646450 625
1646460 625
1646470 633
1646480 641
1646490 641
1646500 649
1646510 656
1646520 662
1646530 662
1646540 667
1646550 671
1646560 665
1646570 672
1646580 679
1646590 679
1646600 685
1646610 693
1646620 693
1646630 701
1646640 709
1646650 709
1646660 716
1646670 723
1646680 730
1646690 730
1646700 736
1646710 742
1646720 742
1646730 747
1646740 751
1646750 751
1646760 755
1646770 759
1646780 759
1646790 762
1646800 765
1646810 765
1646820 769
1646830 772
1646840 773
1646850 773
1646860 774
1646870 775
1646880 775
1646890 774
1646900 774
1646910 774
1646920 771
1646930 768
1646940 768
1646950 764
1646960 760
1646970 760
1646980 757
1646990 759
1647000 763
1647010 763
1647020 763
1647030 762
1647040 762
1647050 761
1647060 760
1647070 760
1647080 759
1647090 758
1647100 758
1647110 757
1647120 756
1647130 756
1647140 756
1647150 756
1647160 755
1647170 755
1647180 755
1647190 755
1647200 755
1647210 756
1647220 757
1647230 757
1647240 757
1647250 758
1647260 758
1647270 758
1647280 758
1647290 758
1647300 757
1647310 756
1647320 755
1647330 755
1647340 749
1647350 748
1647360 748
1647370 747
1647380 746
1647390 746
1647400 745
1647410 745
1647420 745
1647430 745
1647440 746
1647450 746
1647460 749
1647470 753
1647480 755
1647490 755
1647500 756
1647510 757
1647520 757
1647530 761
1647540 762
1647550 762
1647560 763
1647570 765
1647580 765
1647590 767
1647600 770
1647610 770
1647620 774
1647630 779
1647640 782
1647650 782
1647660 786
1647670 790
1647680 790
1647690 795
1647700 800
1647710 800
1647720 805
1647730 810
1647740 810
1647750 814
1647760 818
1647770 818
1647780 821
1647790 824
1647800 826
1647810 826
1647820 824
1647830 820
1647840 820
1647850 815
1647860 810
1647870 810
1647880 805
1647890 800
1647900 800
1647910 795
1647920 790
1647930 790
1647940 785
1647950 780
1647960 780
1647970 776
1647980 772
1647990 768
1648000 768
1648010 764
1648020 761
1648030 761
1648040 757
1648050 752
1648060 752
1648070 747
1648080 743
1648090 743
1648100 739
1648110 741
1648120 741
1648130 737
1648140 734
1648150 731
1648160 731
1648170 728
1648180 727
1648190 727
1648200 726
1648210 725
1648220 725
1648230 725
1648240 726
1648250 726
1648260 727
1648270 729
1648280 729
1648290 733
1648300 736
1648310 739
1648320 739
1648330 742
1648340 744
1648350 744
1648360 746
1648370 748
1648380 748
1648390 751
1648400 753
1648410 753
1648420 754
1648430 754
1648440 754
1648450 754
1648460 753
1648470 752
1648480 752
1648490 752
1648500 754
1648510 754
1648520 757
1648530 762
1648540 762
1648550 769
1648560 774
1648570 774
1648580 776
1648590 780
1648600 780
1648610 783
1648620 783
1648630 782
1648640 782
1648650 781
1648660 779
1648670 779
1648680 779
1648690 780
1648700 780
1648710 780
1648720 780
1648730 780
1648740 784
1648750 789
1648760 789
1648770 793
1648780 796
1648790 799
1648800 799
1648810 804
1648820 807
1648830 807
1648840 806
1648850 803
1648860 803
1648870 805
1648880 801
1648890 801
1648900 795
1648910 789
1648920 789
1648930 782
1648940 777
1648950 771
1648960 771
1648970 766
1648980 764
1648990 764
1649000 765
1649010 765
1649020 765
1649030 763
1649040 762
1649050 762
1649060 760
1649070 756
1649080 756
1649090 751
1649100 747
1649110 740
1649120 740
1649130 734
1649140 727
1649150 727
1649160 720
1649170 711
1649180 711
1649190 703
1649200 697
1649210 697
1649220 693
1649230 690
1649240 690
1649250 686
1649260 681
1649270 676
1649280 676
1649290 670
1649300 664
1649310 664
1649320 658
1649330 654
1649340 654
1649350 649
1649360 645
1649370 645
1649380 638
1649390 631
1649400 631
1649410 625
1649420 618
1649430 613
1649440 613
1649450 608
1649460 603
1649470 603
1649480 598
1649490 594
1649500 594
1649510 590
1649520 586
1649530 586
1649540 582
1649550 579
1649560 579
1649570 574
1649580 568
1649590 568
1649600 561
1649610 555
1649620 550
1649630 550
1649640 555
1649650 552
1649660 552
1649670 550
1649680 545
1649690 545
1649700 538
1649710 531
1649720 531
1649730 528
1649740 529
1649750 529
1649760 529
1649770 526
1649780 523
1649790 523
1649800 522
1649810 521
1649820 521
1649830 521
1649840 517
1649850 517
1649860 518
1649870 515
1649880 515
1649890 514
1649900 512
1649910 512
1649920 511
1649930 505
1649940 504
1649950 504
1649960 509
1649970 511
1649980 511
1649990 510
1650000 509
1650010 509
1650020 509
1650030 510
1650040 510
1650050 510
1650060 509
1650070 509
1650080 509
1650090 509
1650100 509
1650110 509
1650120 508
1650130 507
1650140 507
1650150 507
1650160 504
1650170 504
1650180 502
1650190 502
1650200 502
1650210 503
1650220 503
1650230 503
1650240 503
1650250 503
1650260 504
1650270 504
1650280 504
1650290 504
1650300 504
1650310 505
1650320 505
1650330 505
1650340 504
1650350 504
1650360 504
1650370 503
1650380 503
1650390 503
1650400 505
1650410 504
1650420 504
1650430 504
1650440 504
1650450 504
1650460 504
1650470 504
1650480 504
1650490 504
1650500 504
1650510 504
1650520 504
1650530 505
1650540 504
1650550 504
1650560 504
1650570 503
1650580 505
1650590 505
1650600 510
1650610 515
1650620 515
1650630 519
1650640 524
1650650 524
1650660 529
1650670 534
1650680 534
1650690 539
1650700 545
1650710 545
1650720 548
1650730 547
1650740 546
1650750 546
1650760 544
1650770 542
1650780 542
1650790 538
1650800 536
1650810 536
1650820 535
1650830 536
1650840 536
1650850 537
1650860 538
1650870 538
1650880 539
1650890 539
1650900 538
1650910 538
1650920 537
1650930 531
1650940 531
1650950 530
1650960 530
1650970 530
1650980 527
1650990 531
1651000 531
1651010 536
1651020 538
1651030 538
1651040 536
1651050 532
1651060 528
1651070 528
1651080 523
1651090 518
1651100 518
1651110 514
1651120 513
1651130 513
1651140 513
1651150 515
1651160 517
1651170 522
1651180 528
1651190 528
1651200 529
1651210 525
1651220 522
1651230 522
1651240 521
1651250 519
1651260 519
1651270 518
1651280 516
1651290 516
1651300 515
1651310 518
1651320 518
1651330 519
1651340 517
1651350 517
1651360 517
1651370 521
1651380 521
1651390 524
1651400 525
1651410 525
1651420 525
1651430 524
1651440 520
1651450 520
1651460 513
1651470 502
1651480 502
1651490 496
1651500 493
1651510 493
1651520 490
1651530 488
1651540 488
1651550 486
1651560 485
1651570 484
1651580 484
1651590 483
1651600 483
1651610 483
1651620 483
1651630 484
1651640 484
1651650 486
1651660 489
1651670 489
1651680 492
1651690 495
1651700 495
1651710 499
1651720 503
1651730 507
1651740 507
1651750 510
1651760 513
1651770 513
1651780 514
1651790 515
1651800 515
1651810 516
1651820 515
1651830 515
1651840 515
1651850 514
1651860 514
1651870 512
1651880 511
1651890 509
1651900 509
1651910 513
1651920 510
1651930 510
1651940 508
1651950 505
1651960 505
1651970 501
1651980 497
1651990 497
1652000 493
1652010 489
1652020 489
1652030 485
1652040 482
1652050 479
1652060 479
1652070 476
1652080 473
1652090 473
1652100 470
1652110 466
1652120 466
1652130 462
1652140 458
1652150 458
1652160 453
1652170 448
1652180 448
1652190 443
1652200 438
1652210 433
1652220 433
1652230 429
1652240 425
1652250 425
1652260 422
1652270 419
1652280 419
1652290 416
1652300 413
1652310 413
1652320 411
1652330 408
1652340 408
1652350 406
1652360 403
1652370 400
1652380 400
1652390 398
1652400 397
1652410 397
1652420 395
1652430 394
1652440 394
1652450 392
1652460 391
1652470 391
1652480 388
1652490 386
1652500 386
1652510 383
1652520 380
1652530 378
1652540 378
1652550 376
1652560 376
1652570 376
1652580 376
1652590 376
1652600 376
1652610 377
1652620 378
1652630 378
1652640 379
1652650 380
1652660 381
1652670 382
1652680 383
1652690 384
1652700 384
1652710 384
1652720 385
1652730 385
1652740 386
1652750 386
1652760 386
1652770 387
1652780 387
1652790 387
1652800 388
1652810 388
1652820 388
1652830 387
1652840 387
1652850 387
1652860 387
1652870 386
1652880 385
1652890 385
1652900 384
1652910 384
1652920 384
1652930 384
1652940 383
1652950 383
1652960 383
1652970 383
1652980 383
1652990 383
1653000 383
1653010 383
1653020 384
1653030 384
1653040 385
1653050 385
1653060 385
1653070 385
1653080 385
1653090 385
1653100 384
1653110 384
1653120 384
1653130 384
1653140 384
1653150 383
1653160 383
1653170 383
1653180 383
1653190 383
1653200 383
1653210 383
1653220 383
1653230 382
1653240 382
1653250 382
1653260 382
1653270 382
1653280 381
1653290 381
1653300 381
1653310 380
1653320 380
1653330 380
1653340 380
1653350 379
1653360 379
1653370 379
1653380 378
1653390 377
1653400 377
1653410 378
1653420 377
1653430 377
1653440 377
1653450 377
1653460 377
1653470 377
1653480 377
1653490 377
1653500 377
1653510 377
1653520 377
1653530 377
1653540 380
1653550 382
1653560 382
1653570 383
1653580 383
1653590 383
1653600 383
1653610 383
1653620 383
1653630 384
1653640 385
1653650 385
1653660 388
1653670 390
1653680 392
1653690 392
1653700 394
1653710 395
1653720 395
1653730 397
1653740 398
1653750 398
1653760 400
1653770 402
1653780 402
1653790 405
1653800 407
1653810 407
1653820 410
1653830 413
1653840 415
1653850 415
1653860 418
1653870 420
1653880 420
1653890 422
1653900 425
1653910 425
1653920 427
1653930 429
1653940 429
1653950 431
1653960 434
1653970 434
1653980 436
1653990 438
1654000 441
1654010 441
1654020 443
1654030 446
1654040 446
1654050 448
1654060 450
1654070 450
1654080 452
1654090 454
1654100 454
1654110 456
1654120 458
1654130 458
1654140 460
1654150 464
1654160 466
1654170 466
1654180 467
1654190 468
1654200 468
1654210 469
1654220 471
1654230 471
1654240 473
1654250 475
1654260 475
1654270 477
1654280 480
1654290 480
1654300 482
1654310 485
1654320 488
1654330 488
1654340 491
1654350 495
1654360 495
1654370 498
1654380 502
1654390 502
1654400 505
1654410 508
1654420 508
1654430 510
1654440 511
1654450 511
1654460 512
1654470 514
1654480 515
1654490 515
1654500 517
1654510 518
1654520 518
1654530 520
1654540 521
1654550 521
1654560 523
1654570 526
1654580 526
1654590 528
1654600 531
1654610 531
1654620 535
1654630 538
1654640 541
1654650 541
1654660 543
1654670 545
1654680 545
1654690 547
1654700 548
1654710 548
1654720 549
1654730 550
1654740 550
1654750 550
1654760 551
1654770 551
1654780 552
1654790 554
1654800 554
1654810 556
1654820 558
1654830 561
1654840 561
1654850 564
1654860 567
1654870 567
1654880 570
1654890 576
1654900 576
1654910 579
1654920 582
1654930 582
1654940 585
1654950 588
1654960 588
1654970 591
1654980 594
1654990 597
1655000 597
1655010 600
1655020 603
1655030 603
1655040 604
1655050 605
1655060 605
1655070 606
1655080 606
1655090 606
1655100 605
1655110 603
1655120 603
1655130 601
1655140 599
1655150 596
1655160 596
1655170 593
1655180 590
1655190 590
1655200 588
1655210 585
1655220 585
1655230 583
1655240 581
1655250 581
1655260 580
1655270 578
1655280 578
1655290 576
1655300 574
1655310 572
1655320 572
1655330 570
1655340 568
1655350 568
1655360 566
1655370 564
1655380 564
1655390 562
1655400 561
1655410 561
1655420 559
1655430 557
1655440 557
1655450 556
1655460 554
1655470 552
1655480 552
1655490 551
1655500 549
1655510 549
1655520 547
1655530 545
1655540 545
1655550 543
1655560 540
1655570 540
1655580 538
1655590 535
1655600 535
1655610 533
1655620 530
1655630 528
1655640 528
1655650 525
1655660 522
1655670 522
1655680 520
1655690 517
1655700 517
1655710 514
1655720 511
1655730 511
1655740 508
1655750 505
1655760 505
1655770 502
1655780 499
1655790 497
1655800 497
1655810 494
1655820 491
1655830 491
1655840 488
1655850 486
1655860 486
1655870 483
1655880 480
1655890 480
1655900 477
1655910 473
1655920 473
1655930 469
1655940 466
1655950 466
1655960 466
1655970 465
1655980 463
1655990 463
1656000 462
1656010 464
1656020 464
1656030 468
1656040 472
1656050 472
1656060 475
1656070 478
1656080 478
1656090 482
1656100 485
1656110 488
1656120 488
1656130 491
1656140 495
1656150 495
1656160 498
1656170 502
1656180 502
1656190 506
1656200 510
1656210 510
1656220 514
1656230 518
1656240 518
1656250 522
1656260 526
1656270 530
1656280 530
1656290 534
1656300 539
1656310 539
1656320 544
1656330 548
1656340 548
1656350 552
1656360 556
1656370 558
1656380 562
1656390 565
1656400 565
1656410 569
1656420 572
1656430 575
1656440 575
1656450 578
1656460 581
1656470 581
1656480 584
1656490 587
1656500 587
1656510 589
1656520 592
1656530 592
1656540 594
1656550 597
1656560 597
1656570 599
1656580 601
1656590 601
1656600 603
1656610 604
1656620 605
1656630 605
1656640 605
1656650 605
1656660 605
1656670 604
1656680 603
1656690 603
1656700 602
1656710 601
1656720 601
1656730 600
1656740 600
1656750 600
1656760 599
1656770 599
1656780 600
1656790 600
1656800 602
1656810 605
1656820 605
1656830 608
1656840 612
1656850 612
1656860 616
1656870 619
1656880 619
1656890 622
1656900 625
1656910 625
1656920 627
1656930 628
1656940 630
1656950 630
1656960 631
1656970 632
1656980 632
1656990 634
1657000 637
1657010 637
1657020 640
1657030 643
1657040 643
1657050 646
1657060 648
1657070 648
1657080 650
1657090 651
1657100 655
1657110 655
1657120 656
1657130 657
1657140 657
1657150 658
1657160 659
1657170 659
1657180 660
1657190 660
1657200 660
1657210 660
1657220 659
1657230 659
1657240 657
1657250 656
1657260 654
1657270 654
1657280 652
1657290 650
1657300 650
1657310 649
1657320 647
1657330 647
1657340 645
1657350 643
1657360 643
1657370 642
1657380 640
1657390 640
1657400 638
1657410 636
1657420 634
1657430 634
1657440 632
1657450 631
1657460 631
1657470 629
1657480 627
1657490 627
1657500 626
1657510 624
1657520 624
1657530 623
1657540 621
1657550 621
1657560 620
1657570 619
1657580 617
1657590 617
1657600 616
1657610 614
1657620 614
1657630 613
1657640 611
1657650 611
1657660 610
1657670 608
1657680 608
1657690 607
1657700 605
1657710 605
1657720 604
1657730 603
1657740 601
1657750 601
1657760 600
1657770 598
1657780 598
1657790 597
1657800 595
1657810 595
1657820 594
1657830 591
1657840 591
1657850 589
1657860 587
1657870 587
1657880 585
1657890 582
1657900 579
1657910 579
1657920 576
1657930 573
1657940 573
1657950 570
1657960 567
1657970 567
1657980 564
1657990 561
1658000 561
1658010 558
1658020 556
1658030 556
1658040 554
1658050 552
1658060 550
1658070 550
1658080 548
1658090 545
1658100 545
1658110 543
1658120 541
1658130 541
1658140 538
1658150 535
1658160 535
1658170 531
1658180 528
1658190 528
1658200 524
1658210 520
1658220 520
1658230 516
1658240 514
1658250 512
1658260 512
1658270 512
1658280 512
1658290 512
1658300 513
1658310 514
1658320 514
1658330 516
1658340 517
1658350 517
1658360 519
1658370 522
1658380 522
1658390 525
1658400 528
1658410 530
1658420 530
1658430 530
1658440 529
1658450 529
1658460 528
1658470 526
1658480 526
1658490 525
1658500 523
1658510 523
1658520 521
1658530 520
1658540 520
1658550 517
1658560 517
1658570 517
1658580 517
1658590 518
1658600 518
1658610 518
1658620 519
1658630 520
1658640 520
1658650 521
1658660 523
1658670 523
1658680 524
1658690 525
1658700 525
1658710 527
1658720 529
1658730 531
1658740 531
1658750 533
1658760 535
1658770 535
1658780 537
1658790 538
1658800 538
1658810 540
1658820 542
1658830 542
1658840 544
1658850 546
1658860 546
1658870 548
1658880 550
1658890 552
1658900 552
1658910 554
1658920 555
1658930 555
1658940 556
1658950 556
1658960 556
1658970 556
1658980 557
1658990 557
1659000 557
1659010 558
1659020 558
1659030 559
1659040 561
1659050 563
1659060 563
1659070 565
1659080 568
1659090 568
1659100 570
1659110 571
1659120 571
1659130 573
1659140 573
1659150 573
1659160 572
1659170 571
1659180 571
1659190 569
1659200 567
1659210 565
1659220 565
1659230 564
1659240 562
1659250 562
1659260 560
1659270 558
1659280 558
1659290 556
1659300 554
1659310 554
1659320 551
1659330 548
1659340 548
1659350 545
1659360 543
1659370 540
1659380 540
1659390 537
1659400 535
1659410 535
1659420 532
1659430 529
1659440 529
1659450 527
1659460 524
1659470 524
1659480 522
1659490 520
1659500 520
1659510 518
1659520 516
1659530 515
1659540 515
1659550 514
1659560 512
1659570 512
1659580 511
1659590 511
1659600 511
1659610 510
1659620 510
1659630 510
1659640 509
1659650 509
1659660 509
1659670 508
1659680 507
1659690 506
1659700 506
1659710 505
1659720 504
1659730 504
1659740 503
1659750 502
1659760 502
1659770 501
1659780 500
1659790 500
1659800 500
1659810 499
1659820 499
1659830 498
1659840 497
1659850 497
1659860 496
1659870 494
1659880 492
1659890 492
1659900 490
1659910 489
1659920 489
1659930 487
1659940 485
1659950 485
1659960 483
1659970 482
1659980 482
1659990 480
