1640000 491
1640010 491
1640020 491
1640030 491
1640040 491
1640050 491
1640060 491
1640070 491
1640080 491
1640090 491
1640100 492
1640110 494
1640120 496
1640130 496
1640140 497
1640150 498
1640160 498
1640170 499
1640180 498
1640190 498
1640200 494
1640210 494
1640220 494
1640230 493
1640240 493
1640250 493
1640260 493
1640270 493
1640280 493
1640290 493
1640300 493
1640310 493
1640320 493
1640330 493
1640340 493
1640350 493
1640360 493
1640370 493
1640380 493
1640390 493
1640400 496
1640410 496
1640420 498
1640430 498
1640440 498
1640450 498
1640460 498
1640470 498
1640480 498
1640490 498
1640500 498
1640510 498
1640520 498
1640530 498
1640540 498
1640550 498
1640560 498
1640570 498
1640580 497
1640590 498
1640600 497
1640610 497
1640620 497
1640630 497
1640640 497
1640650 497
1640660 497
1640670 497
1640680 497
1640690 497
1640700 497
1640710 497
1640720 497
1640730 497
1640740 496
1640750 496
1640760 496
1640770 495
1640780 494
1640790 494
1640800 494
1640810 493
1640820 493
1640830 493
1640840 493
1640850 493
1640860 493
1640870 493
1640880 493
1640890 493
1640900 493
1640910 493
1640920 493
1640930 493
1640940 493
1640950 492
1640960 492
1640970 492
1640980 492
1640990 492
1641000 492
1641010 492
1641020 492
1641030 492
1641040 492
1641050 492
1641060 491
1641070 491
1641080 491
1641090 491
1641100 490
1641110 491
1641120 491
1641130 491
1641140 491
1641150 491
1641160 490
1641170 490
1641180 490
1641190 490
1641200 490
1641210 490
1641220 490
1641230 490
1641240 490
1641250 490
1641260 489
1641270 489
1641280 489
1641290 489
1641300 489
1641310 489
1641320 489
1641330 489
1641340 489
1641350 489
1641360 489
1641370 489
1641380 489
1641390 489
1641400 489
1641410 489
1641420 490
1641430 490
1641440 490
1641450 490
1641460 490
1641470 490
1641480 489
1641490 488
1641500 488
1641510 487
1641520 485
1641530 485
1641540 483
1641550 480
1641560 480
1641570 477
1641580 475
1641590 474
1641600 474
1641610 473
1641620 473
1641630 473
1641640 473
1641650 472
1641660 472
1641670 473
1641680 473
1641690 473
1641700 472
1641710 472
1641720 472
1641730 472
1641740 472
1641750 472
1641760 472
1641770 472
1641780 472
1641790 472
1641800 472
1641810 472
1641820 472
1641830 472
1641840 472
1641850 472
1641860 473
1641870 473
1641880 473
1641890 473
1641900 474
1641910 474
1641920 474
1641930 474
1641940 474
1641950 474
1641960 474
1641970 475
1641980 475
1641990 475
1642000 475
1642010 475
1642020 475
1642030 475
1642040 475
1642050 476
1642060 478
1642070 478
1642080 479
1642090 480
1642100 482
1642110 482
1642120 486
1642130 490
1642140 490
1642150 495
1642160 501
1642170 501
1642180 507
1642190 513
1642200 513
1642210 520
1642220 524
1642230 524
1642240 522
1642250 522
1642260 526
1642270 526
1642280 534
1642290 542
1642300 542
1642310 548
1642320 556
1642330 556
1642340 563
1642350 570
1642360 570
1642370 582
1642380 591
1642390 591
1642400 593
1642410 591
1642420 584
1642430 584
1642440 578
1642450 575
1642460 575
1642470 579
1642480 594
1642490 594
1642500 602
1642510 600
1642520 600
1642530 602
1642540 608
1642550 608
1642560 615
1642570 622
1642580 630
1642590 632
1642600 636
1642610 638
1642620 638
1642630 638
1642640 636
1642650 636
1642660 634
1642670 631
1642680 631
1642690 628
1642700 624
1642710 624
1642720 619
1642730 614
1642740 614
1642750 609
1642760 605
1642770 600
1642780 600
1642790 596
1642800 592
1642810 592
1642820 589
1642830 586
1642840 586
1642850 583
1642860 578
1642870 578
1642880 573
1642890 568
1642900 568
1642910 562
1642920 556
1642930 553
1642940 553
1642950 550
1642960 547
1642970 547
1642980 545
1642990 542
1643000 542
1643010 540
1643020 538
1643030 538
1643040 536
1643050 534
1643060 534
1643070 531
1643080 529
1643090 526
1643100 526
1643110 525
1643120 523
1643130 523
1643140 520
1643150 517
1643160 517
1643170 514
1643180 510
1643190 510
1643200 507
1643210 503
1643220 503
1643230 501
1643240 499
1643250 496
1643260 496
1643270 493
1643280 491
1643290 491
1643300 488
1643310 486
1643320 486
1643330 486
1643340 486
1643350 486
1643360 486
1643370 487
1643380 487
1643390 487
1643400 486
1643410 486
1643420 486
1643430 486
1643440 487
1643450 487
1643460 489
1643470 489
1643480 489
1643490 491
1643500 493
1643510 493
1643520 495
1643530 498
1643540 498
1643550 500
1643560 503
1643570 503
1643580 507
1643590 512
1643600 516
1643610 516
1643620 519
1643630 522
1643640 522
1643650 524
1643660 526
1643670 526
1643680 528
1643690 531
1643700 531
1643710 534
1643720 537
1643730 537
1643740 539
1643750 542
1643760 545
1643770 545
1643780 548
1643790 552
1643800 552
1643810 555
1643820 557
1643830 557
1643840 557
1643850 557
1643860 557
1643870 558
1643880 559
1643890 559
1643900 560
1643910 562
1643920 564
1643930 564
1643940 566
1643950 568
1643960 568
1643970 570
1643980 572
1643990 572
1644000 574
1644010 576
1644020 576
1644030 577
1644040 579
1644050 579
1644060 582
1644070 584
1644080 587
1644090 587
1644100 590
1644110 594
1644120 594
1644130 596
1644140 598
1644150 598
1644160 600
1644170 601
1644180 605
1644190 607
1644200 608
1644210 608
1644220 610
1644230 612
1644240 614
1644250 614
1644260 616
1644270 617
1644280 617
1644290 619
1644300 620
1644310 620
1644320 621
1644330 622
1644340 622
1644350 623
1644360 625
1644370 625
1644380 626
1644390 628
1644400 628
1644410 630
1644420 632
1644430 633
1644440 633
1644450 634
1644460 636
1644470 636
1644480 637
1644490 638
1644500 638
1644510 640
1644520 641
1644530 641
1644540 642
1644550 644
1644560 644
1644570 645
1644580 646
1644590 648
1644600 648
1644610 649
1644620 650
1644630 650
1644640 652
1644650 655
1644660 655
1644670 657
1644680 660
1644690 660
1644700 662
1644710 664
1644720 664
1644730 667
1644740 668
1644750 670
1644760 670
1644770 670
1644780 669
1644790 669
1644800 666
1644810 662
1644820 662
1644830 657
1644840 651
1644850 651
1644860 648
1644870 643
1644880 643
1644890 639
1644900 635
1644910 632
1644920 632
1644930 629
1644940 625
1644950 625
1644960 623
1644970 620
1644980 620
1644990 617
1645000 613
1645010 613
1645020 610
1645030 608
1645040 608
1645050 606
1645060 604
1645070 600
1645080 600
1645090 596
1645100 592
1645110 592
1645120 589
1645130 586
1645140 586
1645150 585
1645160 581
1645170 581
1645180 580
1645190 585
1645200 585
1645210 591
1645220 594
1645230 594
1645240 594
1645250 593
1645260 593
1645270 593
1645280 596
1645290 597
1645300 597
1645310 596
1645320 596
1645330 596
1645340 595
1645350 593
1645360 593
1645370 590
1645380 593
1645390 593
1645400 597
1645410 599
1645420 601
1645430 601
1645440 603
1645450 605
1645460 605
1645470 607
1645480 609
1645490 609
1645500 612
1645510 615
1645520 615
1645530 617
1645540 619
1645550 619
1645560 621
1645570 624
1645580 626
1645590 626
1645600 629
1645610 632
1645620 632
1645630 635
1645640 638
1645650 638
1645660 641
1645670 644
1645680 644
1645690 646
1645700 648
1645710 648
1645720 650
1645730 653
1645740 656
1645750 656
1645760 659
1645770 661
1645780 661
1645790 663
1645800 665
1645810 665
1645820 667
1645830 669
1645840 669
1645850 671
1645860 672
1645870 672
1645880 673
1645890 674
1645900 674
1645910 674
1645920 674
1645930 674
1645940 674
1645950 674
1645960 674
1645970 674
1645980 674
1645990 673
1646000 673
1646010 673
1646020 671
1646030 671
1646040 670
1646050 670
1646060 670
1646070 670
1646080 671
1646090 672
1646100 672
1646110 672
1646120 672
1646130 672
1646140 671
1646150 670
1646160 670
1646170 668
1646180 666
1646190 666
1646200 664
1646210 661
1646220 661
1646230 658
1646240 655
1646250 652
1646260 652
1646270 648
1646280 644
1646290 644
1646300 640
1646310 637
1646320 637
1646330 633
1646340 630
1646350 630
1646360 628
1646370 626
1646380 626
1646390 623
1646400 620
1646410 618
1646420 618
1646430 616
1646440 613
1646450 613
1646460 611
1646470 608
1646480 608
1646490 605
1646500 602
1646510 602
1646520 599
1646530 594
1646540 594
1646550 591
1646560 587
1646570 584
1646580 584
1646590 579
1646600 574
1646610 574
1646620 569
1646630 569
1646640 569
1646650 575
1646660 579
1646670 579
1646680 582
1646690 586
1646700 586
1646710 588
1646720 590
1646730 593
1646740 593
1646750 596
1646760 598
1646770 598
1646780 600
1646790 602
1646800 602
1646810 603
1646820 604
1646830 604
1646840 605
1646850 607
1646860 607
1646870 608
1646880 610
1646890 611
1646900 611
1646910 613
1646920 613
1646930 613
1646940 612
1646950 611
1646960 611
1646970 609
1646980 607
1646990 607
1647000 605
1647010 603
1647020 603
1647030 602
1647040 600
1647050 599
1647060 599
1647070 597
1647080 596
1647090 596
1647100 594
1647110 592
1647120 592
1647130 590
1647140 587
1647150 587
1647160 583
1647170 581
1647180 581
1647190 579
1647200 577
1647210 577
1647220 575
1647230 574
1647240 573
1647250 573
1647260 571
1647270 570
1647280 570
1647290 567
1647300 565
1647310 565
1647320 560
1647330 555
1647340 555
1647350 549
1647360 544
1647370 544
1647380 540
1647390 536
1647400 530
1647410 530
1647420 526
1647430 527
1647440 527
1647450 528
1647460 530
1647470 530
1647480 532
1647490 534
1647500 534
1647510 536
1647520 537
1647530 537
1647540 537
1647550 537
1647560 535
1647570 535
1647580 531
1647590 523
1647600 523
1647610 516
1647620 510
1647630 510
1647640 512
1647650 515
1647660 515
1647670 514
1647680 518
1647690 518
1647700 525
1647710 531
1647720 536
1647730 536
1647740 539
1647750 541
1647760 541
1647770 545
1647780 549
1647790 549
1647800 552
1647810 555
1647820 555
1647830 557
1647840 561
1647850 561
1647860 565
1647870 568
1647880 571
1647890 571
1647900 575
1647910 579
1647920 579
1647930 582
1647940 585
1647950 585
1647960 588
1647970 590
1647980 590
1647990 591
1648000 593
1648010 593
1648020 595
1648030 597
1648040 597
1648050 598
1648060 601
1648070 602
1648080 602
1648090 602
1648100 604
1648110 604
1648120 606
1648130 606
1648140 606
1648150 605
1648160 604
1648170 604
1648180 603
1648190 603
1648200 603
1648210 602
1648220 601
1648230 600
1648240 600
1648250 599
1648260 598
1648270 598
1648280 597
1648290 595
1648300 595
1648310 594
1648320 593
1648330 593
1648340 592
1648350 591
1648360 591
1648370 589
1648380 587
1648390 586
1648400 586
1648410 585
1648420 583
1648430 583
1648440 581
1648450 579
1648460 579
1648470 577
1648480 575
1648490 575
1648500 573
1648510 570
1648520 570
1648530 566
1648540 564
1648550 563
1648560 563
1648570 562
1648580 560
1648590 560
1648600 557
1648610 555
1648620 555
1648630 551
1648640 550
1648650 550
1648660 547
1648670 544
1648680 544
1648690 542
1648700 540
1648710 538
1648720 538
1648730 537
1648740 534
1648750 534
1648760 531
1648770 528
1648780 528
1648790 525
1648800 522
1648810 522
1648820 518
1648830 515
1648840 514
1648850 511
1648860 508
1648870 505
1648880 505
1648890 502
1648900 500
1648910 500
1648920 498
1648930 495
1648940 495
1648950 492
1648960 489
1648970 489
1648980 487
1648990 484
1649000 484
1649010 481
1649020 478
1649030 478
1649040 475
1649050 473
1649060 471
1649070 471
1649080 469
1649090 468
1649100 468
1649110 467
1649120 465
1649130 465
1649140 463
1649150 462
1649160 462
1649170 460
1649180 459
1649190 459
1649200 458
1649210 456
1649220 455
1649230 455
1649240 454
1649250 453
1649260 453
1649270 452
1649280 450
1649290 450
1649300 450
1649310 449
1649320 449
1649330 448
1649340 447
1649350 447
1649360 445
1649370 444
1649380 443
1649390 443
1649400 442
1649410 441
1649420 441
1649430 440
1649440 439
1649450 439
1649460 438
1649470 437
1649480 437
1649490 436
1649500 435
1649510 435
1649520 434
1649530 433
1649540 433
1649550 433
1649560 432
1649570 432
1649580 432
1649590 433
1649600 433
1649610 432
1649620 432
1649630 432
1649640 432
1649650 432
1649660 432
1649670 432
1649680 433
1649690 433
1649700 433
1649710 433
1649720 433
1649730 433
1649740 433
1649750 433
1649760 432
1649770 432
1649780 432
1649790 432
1649800 432
1649810 431
1649820 430
1649830 430
1649840 428
1649850 427
1649860 427
1649870 427
1649880 426
1649890 426
1649900 426
1649910 425
1649920 423
1649930 423
1649940 420
1649950 418
1649960 418
1649970 416
1649980 415
1649990 415
1650000 414
1650010 414
1650020 414
1650030 414
1650040 413
1650050 413
1650060 413
1650070 413
1650080 413
1650090 413
1650100 413
1650110 413
1650120 413
1650130 413
1650140 413
1650150 413
1650160 413
1650170 413
1650180 413
1650190 413
1650200 413
1650210 413
1650220 413
1650230 413
1650240 413
1650250 413
1650260 413
1650270 413
1650280 413
1650290 413
1650300 413
1650310 413
1650320 413
1650330 414
1650340 414
1650350 414
1650360 414
1650370 414
1650380 414
1650390 414
1650400 414
1650410 414
1650420 414
1650430 414
1650440 414
1650450 414
1650460 414
1650470 414
1650480 414
1650490 414
1650500 414
1650510 415
1650520 415
1650530 416
1650540 416
1650550 417
1650560 417
1650570 417
1650580 417
1650590 417
1650600 417
1650610 418
1650620 419
1650630 419
1650640 420
1650650 420
1650660 420
1650670 421
1650680 422
1650690 422
1650700 422
1650710 422
1650720 421
1650730 421
1650740 421
1650750 421
1650760 421
1650770 421
1650780 421
1650790 421
1650800 420
1650810 420
1650820 420
1650830 420
1650840 420
1650850 420
1650860 421
1650870 421
1650880 422
1650890 422
1650900 423
1650910 426
1650920 426
1650930 428
1650940 431
1650950 431
1650960 432
1650970 431
1650980 431
1650990 430
1651000 428
1651010 428
1651020 425
1651030 421
1651040 421
1651050 421
1651060 422
1651070 423
1651080 423
1651090 425
1651100 426
1651110 426
1651120 428
1651130 430
1651140 430
1651150 433
1651160 435
1651170 435
1651180 436
1651190 438
1651200 440
1651210 440
1651220 442
1651230 444
1651240 444
1651250 447
1651260 449
1651270 449
1651280 451
1651290 453
1651300 453
1651310 456
1651320 459
1651330 459
1651340 462
1651350 466
1651360 469
1651370 469
1651380 471
1651390 474
1651400 474
1651410 476
1651420 478
1651430 478
1651440 480
1651450 482
1651460 482
1651470 484
1651480 486
1651490 486
1651500 488
1651510 489
1651520 491
1651530 491
1651540 492
1651550 494
1651560 494
1651570 496
1651580 497
1651590 497
1651600 499
1651610 501
1651620 501
1651630 503
1651640 504
1651650 504
1651660 503
1651670 502
1651680 502
1651690 499
1651700 496
1651710 494
1651720 494
1651730 493
1651740 492
1651750 492
1651760 491
1651770 492
1651780 492
1651790 492
1651800 493
1651810 493
1651820 494
1651830 495
1651840 495
1651850 497
1651860 498
1651870 499
1651880 500
1651890 501
1651900 501
1651910 501
1651920 500
1651930 499
1651940 499
1651950 500
1651960 503
1651970 503
1651980 507
1651990 511
1652000 511
1652010 515
1652020 519
1652030 522
1652040 522
1652050 523
1652060 523
1652070 523
1652080 522
1652090 520
1652100 520
1652110 518
1652120 515
1652130 515
1652140 512
1652150 509
1652160 509
1652170 506
1652180 503
1652190 500
1652200 500
1652210 497
1652220 495
1652230 495
1652240 492
1652250 489
1652260 489
1652270 487
1652280 484
1652290 484
1652300 481
1652310 478
1652320 478
1652330 475
1652340 472
1652350 469
1652360 469
1652370 466
1652380 464
1652390 464
1652400 461
1652410 459
1652420 459
1652430 456
1652440 453
1652450 453
1652460 450
1652470 447
1652480 447
1652490 443
1652500 439
1652510 439
1652520 439
1652530 441
1652540 444
1652550 444
1652560 447
1652570 450
1652580 450
1652590 453
1652600 457
1652610 457
1652620 461
1652630 465
1652640 465
1652650 469
1652660 474
1652670 474
1652680 477
1652690 480
1652700 483
1652710 483
1652720 486
1652730 488
1652740 488
1652750 491
1652760 494
1652770 494
1652780 497
1652790 499
1652800 499
1652810 502
1652820 505
1652830 505
1652840 508
1652850 510
1652860 513
1652870 513
1652880 515
1652890 517
1652900 517
1652910 517
1652920 517
1652930 517
1652940 516
1652950 514
1652960 514
1652970 512
1652980 510
1652990 510
1653000 506
1653010 503
1653020 499
1653030 499
1653040 495
1653050 491
1653060 491
1653070 487
1653080 484
1653090 484
1653100 480
1653110 477
1653120 477
1653130 473
1653140 470
1653150 470
1653160 467
1653170 464
1653180 461
1653190 461
1653200 459
1653210 457
1653220 457
1653230 454
1653240 452
1653250 452
1653260 449
1653270 447
1653280 447
1653290 444
1653300 442
1653310 442
1653320 438
1653330 433
1653340 428
1653350 428
1653360 424
1653370 421
1653380 422
1653390 422
1653400 423
1653410 423
1653420 426
1653430 427
1653440 427
1653450 429
1653460 430
1653470 430
1653480 432
1653490 434
1653500 434
1653510 436
1653520 437
1653530 438
1653540 438
1653550 436
1653560 431
1653570 431
1653580 424
1653590 417
1653600 417
1653610 414
1653620 413
1653630 413
1653640 414
1653650 417
1653660 417
1653670 420
1653680 422
1653690 426
1653700 426
1653710 428
1653720 429
1653730 429
1653740 429
1653750 427
1653760 427
1653770 425
1653780 422
1653790 422
1653800 419
1653810 415
1653820 415
1653830 412
1653840 409
1653850 406
1653860 406
1653870 402
1653880 399
1653890 399
1653900 397
1653910 396
1653920 396
1653930 396
1653940 396
1653950 396
1653960 396
1653970 395
1653980 395
1653990 394
1654000 393
1654010 392
1654020 392
1654030 391
1654040 391
1654050 391
1654060 390
1654070 389
1654080 389
1654090 389
1654100 388
1654110 388
1654120 388
1654130 388
1654140 388
1654150 387
1654160 386
1654170 386
1654180 386
1654190 385
1654200 385
1654210 385
1654220 385
1654230 385
1654240 385
1654250 384
1654260 384
1654270 384
1654280 384
1654290 384
1654300 384
1654310 383
1654320 383
1654330 383
1654340 383
1654350 383
1654360 383
1654370 383
1654380 383
1654390 383
1654400 383
1654410 383
1654420 383
1654430 383
1654440 383
1654450 383
1654460 383
1654470 383
1654480 383
1654490 383
1654500 384
1654510 384
1654520 384
1654530 384
1654540 383
1654550 383
1654560 383
1654570 383
1654580 383
1654590 383
1654600 382
1654610 382
1654620 382
1654630 382
1654640 382
1654650 382
1654660 382
1654670 382
1654680 383
1654690 383
1654700 383
1654710 384
1654720 384
1654730 384
1654740 385
1654750 385
1654760 385
1654770 386
1654780 386
1654790 386
1654800 386
1654810 386
1654820 386
1654830 386
1654840 386
1654850 386
1654860 387
1654870 386
1654880 386
1654890 387
1654900 387
1654910 387
1654920 387
1654930 388
1654940 388
1654950 388
1654960 389
1654970 389
1654980 390
1654990 391
1655000 392
1655010 392
1655020 394
1655030 396
1655040 396
1655050 399
1655060 400
1655070 400
1655080 401
1655090 403
1655100 403
1655110 405
1655120 406
1655130 406
1655140 408
1655150 409
1655160 411
1655170 411
1655180 411
1655190 411
1655200 411
1655210 413
1655220 414
1655230 414
1655240 415
1655250 416
1655260 416
1655270 417
1655280 417
1655290 417
1655300 418
1655310 418
1655320 418
1655330 421
1655340 424
1655350 428
1655360 428
1655370 431
1655380 434
1655390 434
1655400 437
1655410 440
1655420 440
1655430 443
1655440 446
1655450 446
1655460 448
1655470 450
1655480 450
1655490 452
1655500 455
1655510 457
1655520 457
1655530 460
1655540 463
1655550 463
1655560 466
1655570 470
1655580 470
1655590 473
1655600 472
1655610 472
1655620 475
1655630 477
1655640 477
1655650 480
1655660 482
1655670 484
1655680 484
1655690 485
1655700 487
1655710 487
1655720 489
1655730 490
1655740 490
1655750 491
1655760 492
1655770 492
1655780 493
1655790 494
1655800 494
1655810 494
1655820 495
1655830 495
1655840 495
1655850 495
1655860 495
1655870 495
1655880 495
1655890 494
1655900 494
1655910 492
1655920 490
1655930 490
1655940 488
1655950 485
1655960 485
1655970 481
1655980 476
1655990 472
1656000 472
1656010 472
1656020 475
1656030 475
1656040 479
1656050 485
1656060 485
1656070 491
1656080 497
1656090 497
1656100 502
1656110 506
1656120 506
1656130 511
1656140 515
1656150 515
1656160 520
1656170 523
1656180 525
1656190 525
1656200 526
1656210 525
1656220 525
1656230 523
1656240 521
1656250 521
1656260 519
1656270 517
1656280 517
1656290 516
1656300 515
1656310 515
1656320 516
1656330 516
1656340 512
1656350 512
1656360 512
1656370 512
1656380 512
1656390 512
1656400 511
1656410 511
1656420 510
1656430 508
1656440 508
1656450 506
1656460 504
1656470 504
1656480 502
1656490 500
1656500 498
1656510 498
1656520 497
1656530 495
1656540 495
1656550 493
1656560 492
1656570 492
1656580 490
1656590 488
1656600 488
1656610 487
1656620 485
1656630 485
1656640 483
1656650 482
1656660 480
1656670 480
1656680 479
1656690 477
1656700 477
1656710 476
1656720 475
1656730 475
1656740 473
1656750 473
1656760 473
1656770 472
1656780 472
1656790 472
1656800 473
1656810 473
1656820 474
1656830 474
1656840 476
1656850 477
1656860 477
1656870 479
1656880 480
1656890 480
1656900 481
1656910 481
1656920 481
1656930 479
1656940 476
1656950 476
1656960 472
1656970 467
1656980 467
1656990 463
1657000 458
1657010 454
1657020 454
1657030 451
1657040 448
1657050 448
1657060 445
1657070 442
1657080 442
1657090 439
1657100 437
1657110 437
1657120 435
1657130 433
1657140 433
1657150 430
1657160 427
1657170 424
1657180 424
1657190 422
1657200 424
1657210 424
1657220 428
1657230 432
1657240 432
1657250 436
1657260 438
1657270 438
1657280 441
1657290 443
1657300 443
1657310 446
1657320 448
1657330 449
1657340 449
1657350 450
1657360 450
1657370 450
1657380 450
1657390 449
1657400 449
1657410 448
1657420 446
1657430 446
1657440 444
1657450 441
1657460 441
1657470 439
1657480 436
1657490 433
1657500 433
1657510 430
1657520 428
1657530 428
1657540 427
1657550 427
1657560 427
1657570 430
1657580 434
1657590 434
1657600 439
1657610 444
1657620 444
1657630 448
1657640 452
1657650 456
1657660 456
1657670 459
1657680 462
1657690 462
1657700 463
1657710 463
1657720 463
1657730 461
1657740 459
1657750 459
1657760 456
1657770 452
1657780 452
1657790 449
1657800 444
1657810 444
1657820 442
1657830 441
1657840 441
1657850 441
1657860 440
1657870 439
1657880 439
1657890 439
1657900 438
1657910 438
1657920 438
1657930 437
1657940 437
1657950 437
1657960 437
1657970 437
1657980 436
1657990 436
1658000 436
1658010 436
1658020 436
1658030 437
1658040 437
1658050 437
1658060 438
1658070 438
1658080 439
1658090 441
1658100 441
1658110 443
1658120 445
1658130 445
1658140 447
1658150 449
1658160 451
1658170 451
1658180 453
1658190 456
1658200 456
1658210 457
1658220 457
1658230 457
1658240 456
1658250 453
1658260 453
1658270 449
1658280 446
1658290 446
1658300 443
1658310 439
1658320 436
1658330 436
1658340 434
1658350 432
1658360 432
1658370 430
1658380 429
1658390 429
1658400 429
1658410 428
1658420 428
1658430 428
1658440 427
1658450 427
1658460 427
1658470 426
1658480 425
1658490 425
1658500 425
1658510 425
1658520 425
1658530 424
1658540 423
1658550 423
1658560 423
1658570 422
1658580 422
1658590 422
1658600 422
1658610 422
1658620 421
1658630 420
1658640 420
1658650 420
1658660 419
1658670 418
1658680 418
1658690 417
1658700 416
1658710 416
1658720 415
1658730 415
1658740 415
1658750 415
1658760 415
1658770 415
1658780 414
1658790 414
1658800 414
1658810 413
1658820 413
1658830 413
1658840 413
1658850 412
1658860 411
1658870 411
1658880 408
1658890 404
1658900 404
1658910 400
1658920 394
1658930 394
1658940 389
1658950 383
1658960 383
1658970 378
1658980 374
1658990 370
1659000 370
1659010 369
1659020 369
1659030 369
1659040 369
1659050 369
1659060 369
1659070 369
1659080 369
1659090 369
1659100 368
1659110 368
1659120 368
1659130 368
1659140 368
1659150 368
1659160 368
1659170 368
1659180 368
1659190 368
1659200 368
1659210 368
1659220 368
1659230 368
1659240 368
1659250 368
1659260 368
1659270 368
1659280 368
1659290 368
1659300 368
1659310 368
1659320 368
1659330 368
1659340 368
1659350 368
1659360 368
1659370 368
1659380 368
1659390 368
1659400 367
1659410 367
1659420 367
1659430 366
1659440 366
1659450 364
1659460 364
1659470 364
1659480 364
1659490 366
1659500 367
1659510 367
1659520 367
1659530 367
1659540 367
1659550 367
1659560 368
1659570 368
1659580 369
1659590 370
1659600 370
1659610 372
1659620 373
1659630 373
1659640 375
1659650 377
1659660 379
1659670 379
1659680 381
1659690 383
1659700 383
1659710 385
1659720 387
1659730 387
1659740 389
1659750 391
1659760 391
1659770 393
1659780 396
1659790 396
1659800 399
1659810 402
1659820 406
1659830 406
1659840 409
1659850 413
1659860 413
1659870 417
1659880 421
1659890 421
1659900 424
1659910 428
1659920 428
1659930 432
1659940 435
1659950 435
1659960 439
1659970 445
1659980 449
1659990 449
