1640000 615
1640010 612
1640020 607
1640030 604
1640040 604
1640050 600
1640060 596
1640070 596
1640080 591
1640090 584
1640100 584
1640110 578
1640120 571
1640130 571
1640140 565
1640150 561
1640160 561
1640170 556
1640180 550
1640190 545
1640200 545
1640210 542
1640220 540
1640230 540
1640240 538
1640250 536
1640260 536
1640270 536
1640280 535
1640290 535
1640300 534
1640310 533
1640320 533
1640330 532
1640340 528
1640350 528
1640360 528
1640370 528
1640380 528
1640390 528
1640400 530
1640410 531
1640420 531
1640430 532
1640440 534
1640450 534
1640460 535
1640470 537
1640480 537
1640490 541
1640500 546
1640510 552
1640520 552
1640530 558
1640540 562
1640550 562
1640560 567
1640570 570
1640580 570
1640590 575
1640600 578
1640610 578
1640620 582
1640630 586
1640640 586
1640650 589
1640660 591
1640670 591
1640680 594
1640690 596
1640700 599
1640710 599
1640720 602
1640730 606
1640740 606
1640750 609
1640760 612
1640770 612
1640780 616
1640790 620
1640800 620
1640810 624
1640820 626
1640830 626
1640840 627
1640850 629
1640860 630
1640870 630
1640880 631
1640890 632
1640900 632
1640910 633
1640920 633
1640930 633
1640940 634
1640950 634
1640960 634
1640970 635
1640980 636
1640990 636
1641000 637
1641010 638
1641020 639
1641030 639
1641040 640
1641050 642
1641060 642
1641070 645
1641080 648
1641090 648
1641100 650
1641110 653
1641120 653
1641130 655
1641140 658
1641150 658
1641160 660
1641170 661
1641180 661
1641190 663
1641200 663
1641210 663
1641220 663
1641230 663
1641240 662
1641250 662
1641260 661
1641270 658
1641280 658
1641290 656
1641300 653
1641310 653
1641320 650
1641330 648
1641340 648
1641350 646
1641360 645
1641370 642
1641380 642
1641390 642
1641400 644
1641410 644
1641420 649
1641430 654
1641440 654
1641450 660
1641460 665
1641470 665
1641480 670
1641490 674
1641500 674
1641510 677
1641520 680
1641530 683
1641540 683
1641550 686
1641560 690
1641570 690
1641580 692
1641590 694
1641600 694
1641610 696
1641620 697
1641630 697
1641640 698
1641650 697
1641660 697
1641670 697
1641680 697
1641690 697
1641700 697
1641710 696
1641720 696
1641730 696
1641740 695
1641750 695
1641760 695
1641770 696
1641780 696
1641790 696
1641800 696
1641810 696
1641820 696
1641830 694
1641840 692
1641850 692
1641860 690
1641870 689
1641880 687
1641890 687
1641900 686
1641910 685
1641920 685
1641930 683
1641940 681
1641950 681
1641960 679
1641970 677
1641980 677
1641990 674
1642000 670
1642010 670
1642020 668
1642030 667
1642040 667
1642050 667
1642060 666
1642070 664
1642080 664
1642090 661
1642100 658
1642110 658
1642120 656
1642130 654
1642140 654
1642150 654
1642160 654
1642170 654
1642180 655
1642190 657
1642200 661
1642210 661
1642220 664
1642230 668
1642240 668
1642250 671
1642260 674
1642270 674
1642280 677
1642290 679
1642300 679
1642310 680
1642320 680
1642330 680
1642340 680
1642350 683
1642360 683
1642370 687
1642380 692
1642390 696
1642400 696
1642410 698
1642420 701
1642430 701
1642440 705
1642450 707
1642460 707
1642470 708
1642480 708
1642490 708
1642500 709
1642510 712
1642520 712
1642530 713
1642540 714
1642550 715
1642560 715
1642570 717
1642580 718
1642590 718
1642600 720
1642610 721
1642620 721
1642630 721
1642640 722
1642650 722
1642660 722
1642670 722
1642680 722
1642690 722
1642700 721
1642710 719
1642720 719
1642730 717
1642740 714
1642750 714
1642760 711
1642770 708
1642780 708
1642790 705
1642800 703
1642810 703
1642820 701
1642830 699
1642840 699
1642850 697
1642860 695
1642870 695
1642880 693
1642890 692
1642900 692
1642910 692
1642920 692
1642930 692
1642940 692
1642950 693
1642960 693
1642970 693
1642980 693
1642990 693
1643000 693
1643010 693
1643020 694
1643030 694
1643040 695
1643050 697
1643060 697
1643070 697
1643080 698
1643090 698
1643100 698
1643110 697
1643120 697
1643130 697
1643140 696
1643150 692
1643160 692
1643170 689
1643180 685
1643190 685
1643200 682
1643210 679
1643220 676
1643230 676
1643240 673
1643250 671
1643260 671
1643270 669
1643280 667
1643290 667
1643300 666
1643310 665
1643320 665
1643330 664
1643340 663
1643350 663
1643360 662
1643370 659
1643380 659
1643390 656
1643400 651
1643410 647
1643420 647
1643430 643
1643440 639
1643450 639
1643460 636
1643470 633
1643480 633
1643490 631
1643500 628
1643510 628
1643520 624
1643530 621
1643540 621
1643550 619
1643560 616
1643570 613
1643580 613
1643590 611
1643600 607
1643610 607
1643620 603
1643630 600
1643640 600
1643650 595
1643660 592
1643670 592
1643680 595
1643690 596
1643700 596
1643710 597
1643720 600
1643730 601
1643740 601
1643750 601
1643760 601
1643770 601
1643780 600
1643790 595
1643800 595
1643810 592
1643820 591
1643830 591
1643840 589
1643850 586
1643860 586
1643870 583
1643880 582
1643890 580
1643900 580
1643910 578
1643920 576
1643930 576
1643940 574
1643950 574
1643960 574
1643970 574
1643980 572
1643990 572
1644000 570
1644010 570
1644020 570
1644030 571
1644040 572
1644050 572
1644060 573
1644070 574
1644080 576
1644090 576
1644100 578
1644110 580
1644120 580
1644130 583
1644140 585
1644150 585
1644160 586
1644170 588
1644180 588
1644190 590
1644200 593
1644210 593
1644220 595
1644230 596
1644240 596
1644250 596
1644260 595
1644270 592
1644280 592
1644290 589
1644300 593
1644310 593
1644320 597
1644330 603
1644340 603
1644350 609
1644360 612
1644370 612
1644380 615
1644390 619
1644400 623
1644410 623
1644420 627
1644430 630
1644440 630
1644450 631
1644460 631
1644470 631
1644480 629
1644490 628
1644500 628
1644510 627
1644520 627
1644530 627
1644540 628
1644550 629
1644560 629
1644570 632
1644580 637
1644590 640
1644600 640
1644610 642
1644620 645
1644630 645
1644640 648
1644650 651
1644660 651
1644670 654
1644680 657
1644690 657
1644700 660
1644710 663
1644720 663
1644730 666
1644740 667
1644750 667
1644760 667
1644770 665
1644780 662
1644790 662
1644800 657
1644810 653
1644820 653
1644830 648
1644840 643
1644850 643
1644860 638
1644870 633
1644880 633
1644890 629
1644900 625
1644910 621
1644920 621
1644930 619
1644940 617
1644950 617
1644960 614
1644970 611
1644980 611
1644990 607
1645000 604
1645010 604
1645020 601
1645030 599
1645040 599
1645050 596
1645060 594
1645070 594
1645080 591
1645090 588
1645100 588
1645110 588
1645120 586
1645130 584
1645140 584
1645150 583
1645160 582
1645170 582
1645180 579
1645190 576
1645200 576
1645210 573
1645220 570
1645230 570
1645240 567
1645250 565
1645260 562
1645270 562
1645280 560
1645290 557
1645300 557
1645310 554
1645320 551
1645330 551
1645340 548
1645350 545
1645360 545
1645370 540
1645380 537
1645390 537
1645400 532
1645410 529
1645420 529
1645430 529
1645440 527
1645450 525
1645460 525
1645470 523
1645480 521
1645490 521
1645500 519
1645510 517
1645520 517
1645530 516
1645540 515
1645550 515
1645560 515
1645570 514
1645580 513
1645590 513
1645600 511
1645610 511
1645620 511
1645630 509
1645640 507
1645650 507
1645660 505
1645670 504
1645680 504
1645690 501
1645700 499
1645710 499
1645720 496
1645730 491
1645740 491
1645750 488
1645760 483
1645770 479
1645780 479
1645790 474
1645800 470
1645810 470
1645820 469
1645830 469
1645840 469
1645850 470
1645860 470
1645870 470
1645880 470
1645890 470
1645900 470
1645910 470
1645920 470
1645930 470
1645940 470
1645950 470
1645960 469
1645970 469
1645980 471
1645990 475
1646000 475
1646010 478
1646020 481
1646030 481
1646040 484
1646050 486
1646060 486
1646070 487
1646080 488
1646090 490
1646100 490
1646110 492
1646120 493
1646130 493
1646140 494
1646150 498
1646160 498
1646170 500
1646180 503
1646190 503
1646200 507
1646210 509
1646220 509
1646230 512
1646240 515
1646250 515
1646260 517
1646270 519
1646280 521
1646290 521
1646300 525
1646310 531
1646320 531
1646330 535
1646340 539
1646350 539
1646360 543
1646370 546
1646380 546
1646390 548
1646400 551
1646410 551
1646420 555
1646430 560
1646440 565
1646450 565
1646460 571
1646470 578
1646480 578
1646490 585
1646500 591
1646510 591
1646520 597
1646530 603
1646540 603
1646550 608
1646560 611
1646570 611
1646580 610
1646590 606
1646600 602
1646610 602
1646620 598
1646630 595
1646640 595
1646650 593
1646660 591
1646670 591
1646680 589
1646690 585
1646700 585
1646710 581
1646720 576
1646730 576
1646740 572
1646750 569
1646760 569
1646770 565
1646780 562
1646790 559
1646800 559
1646810 561
1646820 564
1646830 564
1646840 569
1646850 573
1646860 573
1646870 578
1646880 582
1646890 582
1646900 588
1646910 590
1646920 590
1646930 594
1646940 596
1646950 601
1646960 601
1646970 607
1646980 613
1646990 613
1647000 618
1647010 623
1647020 623
1647030 628
1647040 632
1647050 632
1647060 636
1647070 639
1647080 639
1647090 639
1647100 637
1647110 633
1647120 633
1647130 629
1647140 626
1647150 626
1647160 624
1647170 621
1647180 621
1647190 616
1647200 612
1647210 612
1647220 611
1647230 613
1647240 613
1647250 616
1647260 616
1647270 615
1647280 615
1647290 616
1647300 618
1647310 618
1647320 621
1647330 624
1647340 624
1647350 628
1647360 631
1647370 631
1647380 635
1647390 640
1647400 640
1647410 645
1647420 649
1647430 649
1647440 654
1647450 657
1647460 661
1647470 661
1647480 664
1647490 666
1647500 666
1647510 667
1647520 667
1647530 667
1647540 667
1647550 667
1647560 667
1647570 666
1647580 665
1647590 665
1647600 662
1647610 659
1647620 655
1647630 655
1647640 651
1647650 646
1647660 646
1647670 641
1647680 636
1647690 636
1647700 629
1647710 624
1647720 624
1647730 618
1647740 613
1647750 613
1647760 607
1647770 601
1647780 596
1647790 596
1647800 592
1647810 587
1647820 587
1647830 582
1647840 578
1647850 578
1647860 575
1647870 572
1647880 572
1647890 569
1647900 566
1647910 566
1647920 564
1647930 563
1647940 563
1647950 561
1647960 559
1647970 557
1647980 557
1647990 554
1648000 549
1648010 549
1648020 546
1648030 546
1648040 546
1648050 545
1648060 543
1648070 543
1648080 541
1648090 539
1648100 539
1648110 539
1648120 539
1648130 539
1648140 539
1648150 539
1648160 540
1648170 540
1648180 542
1648190 546
1648200 546
1648210 547
1648220 549
1648230 549
1648240 551
1648250 554
1648260 554
1648270 556
1648280 558
1648290 559
1648300 559
1648310 558
1648320 556
1648330 556
1648340 554
1648350 553
1648360 553
1648370 552
1648380 551
1648390 551
1648400 551
1648410 551
1648420 551
1648430 552
1648440 552
1648450 552
1648460 553
1648470 555
1648480 557
1648490 557
1648500 558
1648510 559
1648520 559
1648530 560
1648540 561
1648550 561
1648560 563
1648570 565
1648580 565
1648590 568
1648600 570
1648610 570
1648620 572
1648630 575
1648640 577
1648650 577
1648660 582
1648670 584
1648680 584
1648690 584
1648700 584
1648710 584
1648720 583
1648730 583
1648740 583
1648750 583
1648760 583
1648770 583
1648780 582
1648790 581
1648800 582
1648810 582
1648820 582
1648830 582
1648840 582
1648850 583
1648860 583
1648870 583
1648880 583
1648890 584
1648900 584
1648910 584
1648920 584
1648930 584
1648940 585
1648950 586
1648960 586
1648970 586
1648980 587
1648990 588
1649000 588
1649010 589
1649020 590
1649030 590
1649040 590
1649050 591
1649060 591
1649070 593
1649080 594
1649090 594
1649100 595
1649110 595
1649120 595
1649130 595
1649140 594
1649150 594
1649160 594
1649170 593
1649180 593
1649190 593
1649200 592
1649210 593
1649220 593
1649230 593
1649240 596
1649250 596
1649260 597
1649270 598
1649280 598
1649290 599
1649300 600
1649310 601
1649320 601
1649330 602
1649340 602
1649350 602
1649360 602
1649370 602
1649380 602
1649390 602
1649400 601
1649410 601
1649420 600
1649430 599
1649440 599
1649450 598
1649460 597
1649470 596
1649480 596
1649490 595
1649500 594
1649510 594
1649520 593
1649530 592
1649540 592
1649550 591
1649560 590
1649570 590
1649580 589
1649590 588
1649600 588
1649610 587
1649620 586
1649630 586
1649640 585
1649650 583
1649660 582
1649670 582
1649680 581
1649690 580
1649700 580
1649710 578
1649720 576
1649730 576
1649740 574
1649750 572
1649760 572
1649770 570
1649780 568
1649790 568
1649800 566
1649810 563
1649820 562
1649830 562
1649840 560
1649850 557
1649860 557
1649870 556
1649880 554
1649890 554
1649900 553
1649910 552
1649920 552
1649930 551
1649940 551
1649950 551
1649960 551
1649970 551
1649980 551
1649990 551
1650000 552
1650010 554
1650020 554
1650030 555
1650040 557
1650050 557
1650060 559
1650070 561
1650080 561
1650090 562
1650100 563
1650110 563
1650120 564
1650130 565
1650140 565
1650150 565
1650160 565
1650170 565
1650180 565
1650190 565
1650200 565
1650210 565
1650220 565
1650230 565
1650240 565
1650250 565
1650260 564
1650270 564
1650280 563
1650290 561
1650300 561
1650310 559
1650320 557
1650330 555
1650340 555
1650350 552
1650360 550
1650370 550
1650380 547
1650390 545
1650400 545
1650410 542
1650420 539
1650430 539
1650440 536
1650450 532
1650460 532
1650470 530
1650480 529
1650490 528
1650500 528
1650510 528
1650520 527
1650530 527
1650540 526
1650550 525
1650560 525
1650570 523
1650580 522
1650590 522
1650600 520
1650610 518
1650620 518
1650630 516
1650640 514
1650650 514
1650660 512
1650670 509
1650680 506
1650690 506
1650700 505
1650710 503
1650720 503
1650730 501
1650740 500
1650750 500
1650760 495
1650770 493
1650780 493
1650790 491
1650800 489
1650810 489
1650820 487
1650830 484
1650840 483
1650850 483
1650860 482
1650870 481
1650880 481
1650890 479
1650900 477
1650910 477
1650920 476
1650930 474
1650940 474
1650950 472
1650960 470
1650970 470
1650980 469
1650990 467
1651000 465
1651010 465
1651020 463
1651030 461
1651040 461
1651050 459
1651060 458
1651070 458
1651080 456
1651090 454
1651100 454
1651110 452
1651120 449
1651130 449
1651140 447
1651150 446
1651160 444
1651170 444
1651180 443
1651190 442
1651200 442
1651210 441
1651220 440
1651230 440
1651240 439
1651250 438
1651260 438
1651270 436
1651280 435
1651290 435
1651300 434
1651310 433
1651320 433
1651330 432
1651340 432
1651350 431
1651360 431
1651370 430
1651380 430
1651390 430
1651400 429
1651410 428
1651420 428
1651430 428
1651440 428
1651450 428
1651460 427
1651470 427
1651480 427
1651490 427
1651500 427
1651510 427
1651520 427
1651530 427
1651540 427
1651550 427
1651560 427
1651570 427
1651580 427
1651590 427
1651600 426
1651610 426
1651620 426
1651630 426
1651640 426
1651650 426
1651660 426
1651670 426
1651680 426
1651690 426
1651700 426
1651710 426
1651720 425
1651730 425
1651740 425
1651750 425
1651760 425
1651770 425
1651780 425
1651790 425
1651800 425
1651810 425
1651820 425
1651830 425
1651840 425
1651850 425
1651860 425
1651870 425
1651880 425
1651890 425
1651900 425
1651910 425
1651920 425
1651930 425
1651940 425
1651950 425
1651960 425
1651970 425
1651980 424
1651990 424
1652000 424
1652010 423
1652020 423
1652030 423
1652040 421
1652050 420
1652060 420
1652070 419
1652080 417
1652090 417
1652100 416
1652110 417
1652120 417
1652130 417
1652140 418
1652150 418
1652160 420
1652170 421
1652180 421
1652190 421
1652200 421
1652210 420
1652220 420
1652230 418
1652240 416
1652250 416
1652260 414
1652270 413
1652280 413
1652290 412
1652300 411
1652310 411
1652320 409
1652330 408
1652340 408
1652350 407
1652360 405
1652370 404
1652380 404
1652390 401
1652400 399
1652410 399
1652420 398
1652430 397
1652440 397
1652450 396
1652460 395
1652470 395
1652480 395
1652490 394
1652500 394
1652510 394
1652520 393
1652530 393
1652540 393
1652550 393
1652560 393
1652570 393
1652580 392
1652590 390
1652600 390
1652610 386
1652620 386
1652630 386
1652640 386
1652650 385
1652660 385
1652670 385
1652680 385
1652690 385
1652700 385
1652710 385
1652720 385
1652730 385
1652740 385
1652750 385
1652760 385
1652770 386
1652780 386
1652790 386
1652800 386
1652810 385
1652820 385
1652830 385
1652840 385
1652850 385
1652860 385
1652870 385
1652880 385
1652890 385
1652900 385
1652910 386
1652920 386
1652930 386
1652940 386
1652950 386
1652960 386
1652970 386
1652980 386
1652990 386
1653000 386
1653010 386
1653020 386
1653030 386
1653040 386
1653050 386
1653060 385
1653070 385
1653080 385
1653090 385
1653100 385
1653110 385
1653120 385
1653130 385
1653140 385
1653150 385
1653160 385
1653170 385
1653180 385
1653190 385
1653200 385
1653210 385
1653220 385
1653230 385
1653240 385
1653250 385
1653260 385
1653270 385
1653280 385
1653290 385
1653300 385
1653310 385
1653320 385
1653330 385
1653340 385
1653350 385
1653360 385
1653370 385
1653380 385
1653390 385
1653400 385
1653410 384
1653420 384
1653430 384
1653440 384
1653450 384
1653460 384
1653470 384
1653480 384
1653490 384
1653500 384
1653510 384
1653520 384
1653530 384
1653540 384
1653550 384
1653560 384
1653570 384
1653580 385
1653590 385
1653600 386
1653610 384
1653620 384
1653630 382
1653640 383
1653650 383
1653660 385
1653670 385
1653680 385
1653690 384
1653700 384
1653710 384
1653720 384
1653730 384
1653740 384
1653750 384
1653760 384
1653770 384
1653780 384
1653790 384
1653800 384
1653810 384
1653820 384
1653830 384
1653840 384
1653850 384
1653860 384
1653870 384
1653880 384
1653890 384
1653900 384
1653910 384
1653920 384
1653930 384
1653940 384
1653950 384
1653960 384
1653970 384
1653980 384
1653990 384
1654000 384
1654010 384
1654020 384
1654030 384
1654040 384
1654050 384
1654060 384
1654070 384
1654080 385
1654090 385
1654100 385
1654110 385
1654120 385
1654130 385
1654140 385
1654150 385
1654160 385
1654170 385
1654180 385
1654190 385
1654200 386
1654210 385
1654220 385
1654230 385
1654240 385
1654250 385
1654260 385
1654270 385
1654280 387
1654290 387
1654300 391
1654310 391
1654320 391
1654330 391
1654340 391
1654350 391
1654360 393
1654370 397
1654380 400
1654390 400
1654400 406
1654410 410
1654420 410
1654430 411
1654440 412
1654450 412
1654460 413
1654470 413
1654480 413
1654490 413
1654500 413
1654510 414
1654520 414
1654530 414
1654540 414
1654550 414
1654560 414
1654570 414
1654580 414
1654590 415
1654600 415
1654610 415
1654620 415
1654630 416
1654640 416
1654650 416
1654660 417
1654670 417
1654680 419
1654690 420
1654700 420
1654710 420
1654720 421
1654730 421
1654740 421
1654750 422
1654760 422
1654770 422
1654780 422
1654790 421
1654800 421
1654810 421
1654820 421
1654830 421
1654840 420
1654850 420
1654860 420
1654870 420
1654880 420
1654890 421
1654900 421
1654910 422
1654920 423
1654930 423
1654940 424
1654950 424
1654960 424
1654970 424
1654980 424
1654990 424
1655000 424
1655010 425
1655020 425
1655030 425
1655040 425
1655050 425
1655060 425
1655070 425
1655080 425
1655090 425
1655100 425
1655110 425
1655120 425
1655130 425
1655140 425
1655150 425
1655160 425
1655170 425
1655180 425
1655190 425
1655200 425
1655210 425
1655220 425
1655230 425
1655240 425
1655250 425
1655260 425
1655270 425
1655280 425
1655290 425
1655300 425
1655310 425
1655320 425
1655330 425
1655340 425
1655350 425
1655360 425
1655370 425
1655380 426
1655390 426
1655400 426
1655410 426
1655420 426
1655430 426
1655440 426
1655450 426
1655460 426
1655470 426
1655480 426
1655490 426
1655500 426
1655510 426
1655520 426
1655530 426
1655540 426
1655550 426
1655560 426
1655570 426
1655580 426
1655590 426
1655600 426
1655610 427
1655620 427
1655630 427
1655640 427
1655650 427
1655660 427
1655670 427
1655680 427
1655690 427
1655700 427
1655710 427
1655720 427
1655730 427
1655740 427
1655750 427
1655760 427
1655770 427
1655780 427
1655790 427
1655800 427
1655810 427
1655820 427
1655830 427
1655840 427
1655850 427
1655860 427
1655870 427
1655880 427
1655890 427
1655900 427
1655910 427
1655920 427
1655930 427
1655940 427
1655950 427
1655960 427
1655970 427
1655980 427
1655990 428
1656000 427
1656010 427
1656020 427
1656030 428
1656040 428
1656050 428
1656060 427
1656070 427
1656080 427
1656090 427
1656100 427
1656110 427
1656120 427
1656130 427
1656140 427
1656150 427
1656160 427
1656170 427
1656180 427
1656190 427
1656200 427
1656210 427
1656220 427
1656230 427
1656240 427
1656250 427
1656260 427
1656270 427
1656280 427
1656290 427
1656300 427
1656310 427
1656320 427
1656330 427
1656340 428
1656350 428
1656360 428
1656370 428
1656380 428
1656390 428
1656400 428
1656410 428
1656420 428
1656430 428
1656440 428
1656450 428
1656460 428
1656470 428
1656480 428
1656490 428
1656500 428
1656510 428
1656520 428
1656530 428
1656540 428
1656550 428
1656560 428
1656570 428
1656580 428
1656590 428
1656600 428
1656610 428
1656620 428
1656630 428
1656640 428
1656650 428
1656660 429
1656670 429
1656680 429
1656690 429
1656700 430
1656710 430
1656720 430
1656730 430
1656740 430
1656750 431
1656760 431
1656770 431
1656780 431
1656790 431
1656800 431
1656810 431
1656820 431
1656830 432
1656840 432
1656850 432
1656860 432
1656870 432
1656880 432
1656890 432
1656900 432
1656910 433
1656920 433
1656930 433
1656940 433
1656950 433
1656960 433
1656970 433
1656980 434
1656990 434
1657000 434
1657010 434
1657020 434
1657030 434
1657040 434
1657050 434
1657060 434
1657070 435
1657080 435
1657090 435
1657100 435
1657110 436
1657120 436
1657130 436
1657140 437
1657150 437
1657160 437
1657170 437
1657180 437
1657190 437
1657200 437
1657210 438
1657220 438
1657230 438
1657240 438
1657250 438
1657260 439
1657270 439
1657280 439
1657290 439
1657300 439
1657310 440
1657320 440
1657330 440
1657340 440
1657350 440
1657360 440
1657370 441
1657380 441
1657390 441
1657400 441
1657410 441
1657420 441
1657430 441
1657440 441
1657450 442
1657460 442
1657470 442
1657480 442
1657490 442
1657500 442
1657510 442
1657520 443
1657530 443
1657540 443
1657550 443
1657560 443
1657570 443
1657580 443
1657590 444
1657600 444
1657610 444
1657620 445
1657630 445
1657640 445
1657650 445
1657660 445
1657670 445
1657680 446
1657690 446
1657700 446
1657710 447
1657720 447
1657730 447
1657740 448
1657750 449
1657760 449
1657770 450
1657780 450
1657790 451
1657800 451
1657810 453
1657820 454
1657830 454
1657840 456
1657850 459
1657860 459
1657870 461
1657880 463
1657890 463
1657900 464
1657910 466
1657920 466
1657930 468
1657940 470
1657950 472
1657960 472
1657970 473
1657980 475
1657990 475
1658000 476
1658010 477
1658020 477
1658030 478
1658040 477
1658050 477
1658060 477
1658070 480
1658080 480
1658090 482
1658100 483
1658110 483
1658120 483
1658130 483
1658140 483
1658150 483
1658160 482
1658170 482
1658180 481
1658190 481
1658200 480
1658210 480
1658220 480
1658230 480
1658240 480
1658250 480
1658260 479
1658270 479
1658280 479
1658290 480
1658300 479
1658310 479
1658320 479
1658330 479
1658340 479
1658350 479
1658360 479
1658370 479
1658380 479
1658390 479
1658400 479
1658410 479
1658420 479
1658430 479
1658440 479
1658450 479
1658460 479
1658470 479
1658480 479
1658490 480
1658500 480
1658510 480
1658520 480
1658530 480
1658540 480
1658550 480
1658560 480
1658570 480
1658580 479
1658590 479
1658600 479
1658610 478
1658620 477
1658630 477
1658640 475
1658650 473
1658660 473
1658670 471
1658680 470
1658690 470
1658700 467
1658710 468
1658720 468
1658730 469
1658740 468
1658750 468
1658760 468
1658770 469
1658780 469
1658790 469
1658800 469
1658810 470
1658820 470
1658830 471
1658840 471
1658850 471
1658860 471
1658870 471
1658880 471
1658890 471
1658900 470
1658910 471
1658920 471
1658930 471
1658940 471
1658950 472
1658960 472
1658970 472
1658980 472
1658990 472
1659000 472
1659010 472
1659020 472
1659030 472
1659040 472
1659050 472
1659060 472
1659070 472
1659080 472
1659090 472
1659100 472
1659110 473
1659120 473
1659130 474
1659140 474
1659150 474
1659160 475
1659170 475
1659180 475
1659190 476
1659200 476
1659210 476
1659220 477
1659230 477
1659240 477
1659250 477
1659260 477
1659270 478
1659280 478
1659290 478
1659300 478
1659310 479
1659320 479
1659330 479
1659340 479
1659350 480
1659360 480
1659370 480
1659380 480
1659390 480
1659400 480
1659410 481
1659420 481
1659430 481
1659440 481
1659450 481
1659460 481
1659470 481
1659480 481
1659490 481
1659500 481
1659510 481
1659520 481
1659530 481
1659540 481
1659550 481
1659560 481
1659570 481
1659580 481
1659590 481
1659600 481
1659610 481
1659620 482
1659630 483
1659640 484
1659650 484
1659660 485
1659670 486
1659680 486
1659690 486
1659700 486
1659710 486
1659720 486
1659730 486
1659740 486
1659750 486
1659760 486
1659770 486
1659780 486
1659790 487
1659800 487
1659810 487
1659820 487
1659830 487
1659840 487
1659850 486
1659860 486
1659870 486
1659880 486
1659890 486
1659900 486
1659910 485
1659920 485
1659930 485
1659940 484
1659950 484
1659960 484
1659970 484
1659980 485
1659990 486
