1640000 905
1640010 905
1640020 905
1640030 906
1640040 907
1640050 907
1640060 910
1640070 914
1640080 914
1640090 917
1640100 918
1640110 918
1640120 917
1640130 919
1640140 919
1640150 919
1640160 919
1640170 920
1640180 920
1640190 921
1640200 922
1640210 924
1640220 926
1640230 926
1640240 926
1640250 927
1640260 927
1640270 927
1640280 928
1640290 928
1640300 929
1640310 929
1640320 930
1640330 931
1640340 931
1640350 931
1640360 932
1640370 932
1640380 933
1640390 934
1640400 934
1640410 934
1640420 935
1640430 935
1640440 935
1640450 936
1640460 936
1640470 936
1640480 936
1640490 935
1640500 935
1640510 935
1640520 935
1640530 935
1640540 934
1640550 934
1640560 934
1640570 933
1640580 933
1640590 933
1640600 932
1640610 931
1640620 931
1640630 930
1640640 929
1640650 927
1640660 927
1640670 925
1640680 924
1640690 924
1640700 922
1640710 920
1640720 920
1640730 918
1640740 916
1640750 916
1640760 914
1640770 910
1640780 910
1640790 906
1640800 904
1640810 904
1640820 902
1640830 900
1640840 898
1640850 898
1640860 897
1640870 895
1640880 895
1640890 892
1640900 891
1640910 891
1640920 889
1640930 887
1640940 887
1640950 885
1640960 884
1640970 884
1640980 882
1640990 880
1641000 878
1641010 878
1641020 877
1641030 875
1641040 875
1641050 875
1641060 874
1641070 874
1641080 873
1641090 873
1641100 873
1641110 872
1641120 872
1641130 872
1641140 872
1641150 871
1641160 869
1641170 869
1641180 868
1641190 868
1641200 868
1641210 867
1641220 867
1641230 867
1641240 866
1641250 866
1641260 866
1641270 865
1641280 863
1641290 863
1641300 862
1641310 863
1641320 863
1641330 861
1641340 859
1641350 855
1641360 855
1641370 850
1641380 845
1641390 845
1641400 840
1641410 837
1641420 837
1641430 835
1641440 836
1641450 836
1641460 838
1641470 839
1641480 839
1641490 840
1641500 842
1641510 844
1641520 844
1641530 846
1641540 848
1641550 848
1641560 849
1641570 850
1641580 850
1641590 850
1641600 851
1641610 851
1641620 854
1641630 857
1641640 857
1641650 858
1641660 859
1641670 860
1641680 860
1641690 861
1641700 862
1641710 862
1641720 863
1641730 863
1641740 863
1641750 863
1641760 861
1641770 861
1641780 860
1641790 859
1641800 859
1641810 857
1641820 859
1641830 859
1641840 856
1641850 851
1641860 846
1641870 846
1641880 841
1641890 837
1641900 837
1641910 833
1641920 833
1641930 833
1641940 836
1641950 840
1641960 840
1641970 845
1641980 850
1641990 850
1642000 854
1642010 858
1642020 861
1642030 861
1642040 865
1642050 868
1642060 868
1642070 871
1642080 872
1642090 872
1642100 873
1642110 875
1642120 875
1642130 877
1642140 880
1642150 880
1642160 880
1642170 880
1642180 880
1642190 881
1642200 881
1642210 882
1642220 882
1642230 882
1642240 881
1642250 881
1642260 881
1642270 879
1642280 879
1642290 878
1642300 877
1642310 877
1642320 876
1642330 875
1642340 875
1642350 873
1642360 872
1642370 870
1642380 870
1642390 868
1642400 865
1642410 865
1642420 863
1642430 860
1642440 860
1642450 857
1642460 854
1642470 854
1642480 851
1642490 848
1642500 848
1642510 845
1642520 842
1642530 839
1642540 839
1642550 836
1642560 834
1642570 834
1642580 831
1642590 829
1642600 829
1642610 826
1642620 821
1642630 821
1642640 818
1642650 816
1642660 816
1642670 813
1642680 809
1642690 809
1642700 805
1642710 800
1642720 794
1642730 794
1642740 787
1642750 784
1642760 784
1642770 782
1642780 780
1642790 780
1642800 778
1642810 776
1642820 776
1642830 774
1642840 771
1642850 771
1642860 767
1642870 763
1642880 763
1642890 763
1642900 764
1642910 765
1642920 765
1642930 764
1642940 763
1642950 763
1642960 761
1642970 757
1642980 757
1642990 753
1643000 749
1643010 749
1643020 743
1643030 737
1643040 732
1643050 732
1643060 728
1643070 725
1643080 725
1643090 721
1643100 717
1643110 717
1643120 712
1643130 708
1643140 708
1643150 703
1643160 698
1643170 698
1643180 695
1643190 691
1643200 691
1643210 688
1643220 685
1643230 683
1643240 683
1643250 682
1643260 680
1643270 680
1643280 679
1643290 678
1643300 678
1643310 675
1643320 671
1643330 671
1643340 668
1643350 666
1643360 666
1643370 662
1643380 658
1643390 657
1643400 657
1643410 653
1643420 658
1643430 658
1643440 656
1643450 653
1643460 653
1643470 651
1643480 648
1643490 648
1643500 644
1643510 641
1643520 641
1643530 638
1643540 632
1643550 632
1643560 626
1643570 620
1643580 615
1643590 615
1643600 613
1643610 610
1643620 610
1643630 608
1643640 607
1643650 607
1643660 602
1643670 597
1643680 597
1643690 590
1643700 583
1643710 583
1643720 578
1643730 577
1643740 578
1643750 578
1643760 576
1643770 572
1643780 572
1643790 570
1643800 568
1643810 568
1643820 566
1643830 563
1643840 563
1643850 556
1643860 551
1643870 551
1643880 549
1643890 547
1643900 544
1643910 544
1643920 541
1643930 539
1643940 539
1643950 538
1643960 536
1643970 536
1643980 534
1643990 532
1644000 532
1644010 531
1644020 531
1644030 531
1644040 531
1644050 532
1644060 532
1644070 532
1644080 533
1644090 534
1644100 534
1644110 537
1644120 543
1644130 543
1644140 546
1644150 547
1644160 547
1644170 548
1644180 550
1644190 550
1644200 555
1644210 564
1644220 564
1644230 564
1644240 562
1644250 559
1644260 559
1644270 557
1644280 561
1644290 561
1644300 565
1644310 569
1644320 569
1644330 571
1644340 571
1644350 571
1644360 577
1644370 582
1644380 582
1644390 584
1644400 587
1644410 587
1644420 590
1644430 592
1644440 595
1644450 595
1644460 599
1644470 603
1644480 603
1644490 606
1644500 609
1644510 609
1644520 612
1644530 615
1644540 615
1644550 619
1644560 624
1644570 624
1644580 631
1644590 638
1644600 642
1644610 642
1644620 650
1644630 658
1644640 658
1644650 664
1644660 669
1644670 669
1644680 672
1644690 676
1644700 676
1644710 681
1644720 684
1644730 684
1644740 689
1644750 693
1644760 697
1644770 697
1644780 701
1644790 704
1644800 704
1644810 706
1644820 708
1644830 708
1644840 710
1644850 711
1644860 711
1644870 711
1644880 709
1644890 709
1644900 704
1644910 700
1644920 700
1644930 697
1644940 695
1644950 694
1644960 694
1644970 692
1644980 690
1644990 690
1645000 688
1645010 685
1645020 685
1645030 682
1645040 679
1645050 679
1645060 677
1645070 675
1645080 675
1645090 673
1645100 671
1645110 669
1645120 669
1645130 667
1645140 665
1645150 665
1645160 663
1645170 660
1645180 660
1645190 657
1645200 655
1645210 655
1645220 652
1645230 648
1645240 648
1645250 645
1645260 643
1645270 641
1645280 641
1645290 636
1645300 629
1645310 629
1645320 622
1645330 614
1645340 614
1645350 609
1645360 603
1645370 603
1645380 596
1645390 589
1645400 589
1645410 581
1645420 573
1645430 573
1645440 566
1645450 558
1645460 551
1645470 551
1645480 544
1645490 538
1645500 538
1645510 542
1645520 549
1645530 549
1645540 557
1645550 564
1645560 564
1645570 570
1645580 578
1645590 578
1645600 585
1645610 593
1645620 601
1645630 601
1645640 609
1645650 616
1645660 616
1645670 623
1645680 628
1645690 628
1645700 632
1645710 635
1645720 635
1645730 637
1645740 639
1645750 639
1645760 642
1645770 644
1645780 644
1645790 646
1645800 649
1645810 652
1645820 652
1645830 655
1645840 658
1645850 658
1645860 660
1645870 662
1645880 662
1645890 663
1645900 664
1645910 664
1645920 664
1645930 666
1645940 666
1645950 666
1645960 666
1645970 666
1645980 666
1645990 664
1646000 661
1646010 661
1646020 659
1646030 662
1646040 662
1646050 665
1646060 667
1646070 667
1646080 671
1646090 675
1646100 675
1646110 680
1646120 683
1646130 686
1646140 686
1646150 687
1646160 688
1646170 688
1646180 687
1646190 687
1646200 687
1646210 687
1646220 686
1646230 686
1646240 686
1646250 685
1646260 685
1646270 683
1646280 682
1646290 682
1646300 681
1646310 679
1646320 676
1646330 676
1646340 673
1646350 670
1646360 670
1646370 667
1646380 665
1646390 665
1646400 662
1646410 659
1646420 659
1646430 657
1646440 655
1646450 655
1646460 652
1646470 649
1646480 646
1646490 646
1646500 644
1646510 641
1646520 641
1646530 639
1646540 637
1646550 637
1646560 636
1646570 633
1646580 633
1646590 633
1646600 633
1646610 633
1646620 633
1646630 633
1646640 633
1646650 632
1646660 631
1646670 630
1646680 630
1646690 629
1646700 628
1646710 628
1646720 627
1646730 626
1646740 626
1646750 625
1646760 624
1646770 624
1646780 623
1646790 621
1646800 621
1646810 619
1646820 617
1646830 615
1646840 615
1646850 610
1646860 605
1646870 605
1646880 600
1646890 596
1646900 596
1646910 592
1646920 587
1646930 587
1646940 582
1646950 577
1646960 577
1646970 574
1646980 572
1646990 570
1647000 570
1647010 568
1647020 566
1647030 566
1647040 565
1647050 565
1647060 565
1647070 563
1647080 562
1647090 562
1647100 561
1647110 560
1647120 560
1647130 559
1647140 559
1647150 559
1647160 557
1647170 553
1647180 549
1647190 549
1647200 546
1647210 544
1647220 544
1647230 542
1647240 541
1647250 541
1647260 538
1647270 532
1647280 532
1647290 527
1647300 527
1647310 527
1647320 528
1647330 529
1647340 522
1647350 522
1647360 519
1647370 516
1647380 516
1647390 512
1647400 508
1647410 508
1647420 503
1647430 498
1647440 498
1647450 494
1647460 492
1647470 492
1647480 490
1647490 488
1647500 487
1647510 487
1647520 485
1647530 483
1647540 483
1647550 480
1647560 477
1647570 477
1647580 476
1647590 475
1647600 475
1647610 475
1647620 475
1647630 475
1647640 477
1647650 481
1647660 481
1647670 486
1647680 491
1647690 498
1647700 498
1647710 504
1647720 510
1647730 510
1647740 517
1647750 525
1647760 525
1647770 530
1647780 531
1647790 531
1647800 533
1647810 534
1647820 534
1647830 536
1647840 539
1647850 541
1647860 541
1647870 541
1647880 541
1647890 541
1647900 540
1647910 538
1647920 538
1647930 534
1647940 531
1647950 531
1647960 527
1647970 533
1647980 533
1647990 539
1648000 544
1648010 544
1648020 549
1648030 554
1648040 560
1648050 560
1648060 564
1648070 568
1648080 568
1648090 572
1648100 576
1648110 577
1648120 580
1648130 582
1648140 582
1648150 583
1648160 585
1648170 585
1648180 586
1648190 587
1648200 589
1648210 589
1648220 590
1648230 592
1648240 592
1648250 592
1648260 593
1648270 593
1648280 593
1648290 593
1648300 593
1648310 593
1648320 592
1648330 592
1648340 591
1648350 589
1648360 588
1648370 588
1648380 587
1648390 586
1648400 586
1648410 586
1648420 584
1648430 584
1648440 583
1648450 581
1648460 581
1648470 579
1648480 577
1648490 577
1648500 575
1648510 573
1648520 573
1648530 571
1648540 569
1648550 567
1648560 567
1648570 566
1648580 562
1648590 562
1648600 562
1648610 558
1648620 558
1648630 555
1648640 553
1648650 553
1648660 551
1648670 548
1648680 548
1648690 545
1648700 541
1648710 538
1648720 538
1648730 534
1648740 531
1648750 531
1648760 527
1648770 524
1648780 524
1648790 520
1648800 515
1648810 515
1648820 509
1648830 503
1648840 503
1648850 498
1648860 495
1648870 495
1648880 499
1648890 495
1648900 493
1648910 493
1648920 492
1648930 490
1648940 490
1648950 487
1648960 482
1648970 482
1648980 479
1648990 478
1649000 478
1649010 477
1649020 476
1649030 476
1649040 474
1649050 472
1649060 470
1649070 470
1649080 469
1649090 468
1649100 468
1649110 467
1649120 466
1649130 466
1649140 465
1649150 464
1649160 464
1649170 462
1649180 462
1649190 462
1649200 461
1649210 460
1649220 459
1649230 459
1649240 458
1649250 458
1649260 458
1649270 458
1649280 459
1649290 459
1649300 459
1649310 459
1649320 459
1649330 459
1649340 457
1649350 457
1649360 455
1649370 453
1649380 453
1649390 452
1649400 451
1649410 450
1649420 450
1649430 448
1649440 446
1649450 446
1649460 444
1649470 442
1649480 442
1649490 440
1649500 438
1649510 438
1649520 436
1649530 434
1649540 434
1649550 432
1649560 431
1649570 430
1649580 430
1649590 429
1649600 429
1649610 429
1649620 428
1649630 428
1649640 428
1649650 427
1649660 427
1649670 427
1649680 427
1649690 427
1649700 427
1649710 426
1649720 426
1649730 426
1649740 425
1649750 424
1649760 423
1649770 423
1649780 423
1649790 422
1649800 422
1649810 422
1649820 422
1649830 422
1649840 421
1649850 421
1649860 421
1649870 421
1649880 421
1649890 421
1649900 421
1649910 421
1649920 421
1649930 421
1649940 420
1649950 420
1649960 420
1649970 420
1649980 419
1649990 419
1650000 419
1650010 419
1650020 419
1650030 420
1650040 421
1650050 421
1650060 421
1650070 421
1650080 421
1650090 421
1650100 422
1650110 423
1650120 423
1650130 424
1650140 425
1650150 425
1650160 426
1650170 426
1650180 426
1650190 426
1650200 426
1650210 426
1650220 427
1650230 427
1650240 427
1650250 427
1650260 427
1650270 427
1650280 427
1650290 427
1650300 426
1650310 426
1650320 426
1650330 424
1650340 424
1650350 420
1650360 414
1650370 414
1650380 409
1650390 403
1650400 403
1650410 400
1650420 398
1650430 398
1650440 398
1650450 398
1650460 398
1650470 398
1650480 398
1650490 397
1650500 397
1650510 397
1650520 398
1650530 398
1650540 397
1650550 397
1650560 397
1650570 397
1650580 396
1650590 396
1650600 396
1650610 397
1650620 397
1650630 397
1650640 397
1650650 397
1650660 397
1650670 397
1650680 397
1650690 397
1650700 398
1650710 397
1650720 397
1650730 398
1650740 397
1650750 397
1650760 395
1650770 394
1650780 395
1650790 395
1650800 396
1650810 397
1650820 397
1650830 397
1650840 397
1650850 397
1650860 397
1650870 396
1650880 396
1650890 396
1650900 397
1650910 397
1650920 397
1650930 396
1650940 396
1650950 396
1650960 396
1650970 396
1650980 396
1650990 397
1651000 397
1651010 397
1651020 397
1651030 397
1651040 397
1651050 397
1651060 397
1651070 397
1651080 397
1651090 397
1651100 397
1651110 397
1651120 397
1651130 397
1651140 397
1651150 397
1651160 397
1651170 397
1651180 397
1651190 397
1651200 397
1651210 397
1651220 397
1651230 397
1651240 397
1651250 397
1651260 397
1651270 397
1651280 397
1651290 397
1651300 397
1651310 397
1651320 397
1651330 397
1651340 397
1651350 397
1651360 397
1651370 397
1651380 397
1651390 397
1651400 397
1651410 397
1651420 397
1651430 397
1651440 397
1651450 397
1651460 397
1651470 397
1651480 397
1651490 397
1651500 397
1651510 397
1651520 397
1651530 397
1651540 397
1651550 397
1651560 397
1651570 397
1651580 397
1651590 397
1651600 397
1651610 397
1651620 397
1651630 397
1651640 397
1651650 397
1651660 398
1651670 398
1651680 398
1651690 398
1651700 398
1651710 398
1651720 398
1651730 398
1651740 398
1651750 398
1651760 398
1651770 398
1651780 398
1651790 398
1651800 398
1651810 398
1651820 398
1651830 398
1651840 398
1651850 398
1651860 398
1651870 398
1651880 398
1651890 398
1651900 398
1651910 398
1651920 398
1651930 398
1651940 398
1651950 398
1651960 398
1651970 398
1651980 398
1651990 398
1652000 398
1652010 398
1652020 398
1652030 398
1652040 398
1652050 398
1652060 398
1652070 398
1652080 398
1652090 398
1652100 398
1652110 398
1652120 398
1652130 398
1652140 398
1652150 398
1652160 398
1652170 398
1652180 398
1652190 398
1652200 398
1652210 398
1652220 398
1652230 399
1652240 399
1652250 399
1652260 399
1652270 399
1652280 399
1652290 399
1652300 399
1652310 399
1652320 399
1652330 399
1652340 399
1652350 399
1652360 399
1652370 399
1652380 399
1652390 399
1652400 399
1652410 399
1652420 399
1652430 399
1652440 399
1652450 399
1652460 399
1652470 399
1652480 399
1652490 399
1652500 399
1652510 399
1652520 399
1652530 399
1652540 399
1652550 399
1652560 399
1652570 399
1652580 399
1652590 399
1652600 399
1652610 399
1652620 399
1652630 399
1652640 399
1652650 399
1652660 399
1652670 399
1652680 399
1652690 399
1652700 399
1652710 399
1652720 399
1652730 399
1652740 398
1652750 398
1652760 398
1652770 399
1652780 399
1652790 399
1652800 399
1652810 399
1652820 399
1652830 399
1652840 399
1652850 399
1652860 399
1652870 399
1652880 399
1652890 399
1652900 399
1652910 399
1652920 399
1652930 400
1652940 400
1652950 400
1652960 400
1652970 400
1652980 400
1652990 400
1653000 400
1653010 400
1653020 400
1653030 400
1653040 400
1653050 400
1653060 401
1653070 401
1653080 401
1653090 401
1653100 401
1653110 401
1653120 401
1653130 401
1653140 401
1653150 402
1653160 402
1653170 402
1653180 401
1653190 401
1653200 401
1653210 401
1653220 401
1653230 401
1653240 401
1653250 401
1653260 402
1653270 402
1653280 402
1653290 402
1653300 402
1653310 402
1653320 403
1653330 403
1653340 403
1653350 403
1653360 404
1653370 404
1653380 404
1653390 405
1653400 405
1653410 406
1653420 407
1653430 407
1653440 407
1653450 408
1653460 408
1653470 408
1653480 409
1653490 409
1653500 409
1653510 409
1653520 409
1653530 409
1653540 410
1653550 411
1653560 411
1653570 411
1653580 412
1653590 412
1653600 412
1653610 413
1653620 413
1653630 413
1653640 414
1653650 414
1653660 415
1653670 415
1653680 415
1653690 418
1653700 422
1653710 429
1653720 429
1653730 435
1653740 440
1653750 440
1653760 444
1653770 445
1653780 445
1653790 446
1653800 446
1653810 446
1653820 445
1653830 445
1653840 445
1653850 444
1653860 445
1653870 445
1653880 445
1653890 444
1653900 444
1653910 444
1653920 442
1653930 441
1653940 441
1653950 443
1653960 441
1653970 441
1653980 440
1653990 440
1654000 440
1654010 437
1654020 436
1654030 436
1654040 435
1654050 439
1654060 441
1654070 441
1654080 442
1654090 443
1654100 443
1654110 445
1654120 448
1654130 448
1654140 449
1654150 450
1654160 451
1654170 452
1654180 453
1654190 453
1654200 456
1654210 458
1654220 458
1654230 458
1654240 459
1654250 460
1654260 460
1654270 461
1654280 463
1654290 463
1654300 464
1654310 464
1654320 464
1654330 465
1654340 466
1654350 466
1654360 468
1654370 468
1654380 468
1654390 468
1654400 468
1654410 469
1654420 469
1654430 467
1654440 468
1654450 468
1654460 469
1654470 469
1654480 469
1654490 469
1654500 470
1654510 470
1654520 470
1654530 471
1654540 471
1654550 471
1654560 472
1654570 472
1654580 472
1654590 473
1654600 472
1654610 472
1654620 472
1654630 471
1654640 471
1654650 471
1654660 470
1654670 470
1654680 470
1654690 469
1654700 469
1654710 468
1654720 468
1654730 467
1654740 467
1654750 466
1654760 466
1654770 466
1654780 465
1654790 465
1654800 465
1654810 464
1654820 464
1654830 464
1654840 464
1654850 464
1654860 464
1654870 464
1654880 464
1654890 464
1654900 464
1654910 465
1654920 465
1654930 465
1654940 465
1654950 465
1654960 465
1654970 465
1654980 464
1654990 464
1655000 464
1655010 464
1655020 464
1655030 464
1655040 464
1655050 464
1655060 463
1655070 463
1655080 463
1655090 463
1655100 462
1655110 461
1655120 461
1655130 461
1655140 461
1655150 461
1655160 461
1655170 460
1655180 460
1655190 459
1655200 459
1655210 459
1655220 458
1655230 458
1655240 457
1655250 457
1655260 456
1655270 455
1655280 455
1655290 454
1655300 454
1655310 454
1655320 453
1655330 452
1655340 452
1655350 451
1655360 451
1655370 451
1655380 451
1655390 450
1655400 450
1655410 450
1655420 450
1655430 449
1655440 449
1655450 449
1655460 448
1655470 448
1655480 448
1655490 448
1655500 448
1655510 446
1655520 445
1655530 445
1655540 444
1655550 445
1655560 445
1655570 445
1655580 445
1655590 445
1655600 445
1655610 446
1655620 446
1655630 446
1655640 446
1655650 447
1655660 447
1655670 447
1655680 447
1655690 447
1655700 447
1655710 447
1655720 447
1655730 448
1655740 448
1655750 448
1655760 448
1655770 448
1655780 448
1655790 448
1655800 449
1655810 449
1655820 449
1655830 449
1655840 450
1655850 450
1655860 450
1655870 450
1655880 450
1655890 450
1655900 450
1655910 450
1655920 450
1655930 451
1655940 451
1655950 451
1655960 451
1655970 452
1655980 452
1655990 452
1656000 452
1656010 452
1656020 453
1656030 453
1656040 453
1656050 453
1656060 453
1656070 453
1656080 454
1656090 454
1656100 454
1656110 454
1656120 454
1656130 455
1656140 455
1656150 455
1656160 455
1656170 455
1656180 455
1656190 456
1656200 456
1656210 456
1656220 457
1656230 457
1656240 457
1656250 458
1656260 458
1656270 459
1656280 460
1656290 461
1656300 461
1656310 461
1656320 462
1656330 462
1656340 462
1656350 463
1656360 463
1656370 463
1656380 464
1656390 464
1656400 465
1656410 466
1656420 466
1656430 467
1656440 468
1656450 469
1656460 469
1656470 470
1656480 471
1656490 471
1656500 472
1656510 473
1656520 473
1656530 474
1656540 475
1656550 475
1656560 476
1656570 477
1656580 477
1656590 478
1656600 478
1656610 479
1656620 479
1656630 480
1656640 480
1656650 480
1656660 481
1656670 481
1656680 481
1656690 481
1656700 482
1656710 482
1656720 482
1656730 482
1656740 482
1656750 482
1656760 482
1656770 482
1656780 482
1656790 482
1656800 482
1656810 482
1656820 482
1656830 483
1656840 483
1656850 483
1656860 484
1656870 484
1656880 484
1656890 485
1656900 485
1656910 485
1656920 485
1656930 485
1656940 485
1656950 484
1656960 484
1656970 484
1656980 483
1656990 483
1657000 483
1657010 482
1657020 482
1657030 482
1657040 482
1657050 482
1657060 482
1657070 482
1657080 482
1657090 482
1657100 482
1657110 482
1657120 482
1657130 483
1657140 483
1657150 483
1657160 483
1657170 483
1657180 484
1657190 484
1657200 484
1657210 484
1657220 484
1657230 484
1657240 485
1657250 485
1657260 485
1657270 486
1657280 486
1657290 486
1657300 486
1657310 486
1657320 486
1657330 487
1657340 487
1657350 487
1657360 487
1657370 488
1657380 488
1657390 488
1657400 489
1657410 489
1657420 490
1657430 490
1657440 490
1657450 491
1657460 492
1657470 492
1657480 492
1657490 493
1657500 493
1657510 493
1657520 494
1657530 494
1657540 494
1657550 495
1657560 495
1657570 495
1657580 496
1657590 496
1657600 496
1657610 496
1657620 497
1657630 497
1657640 497
1657650 497
1657660 497
1657670 497
1657680 498
1657690 499
1657700 499
1657710 499
1657720 500
1657730 500
1657740 500
1657750 500
1657760 500
1657770 501
1657780 501
1657790 501
1657800 502
1657810 502
1657820 503
1657830 503
1657840 503
1657850 504
1657860 504
1657870 504
1657880 505
1657890 505
1657900 506
1657910 506
1657920 506
1657930 507
1657940 507
1657950 507
1657960 508
1657970 508
1657980 508
1657990 509
1658000 509
1658010 510
1658020 510
1658030 510
1658040 510
1658050 510
1658060 511
1658070 512
1658080 512
1658090 512
1658100 512
1658110 512
1658120 513
1658130 514
1658140 514
1658150 514
1658160 515
1658170 515
1658180 515
1658190 515
1658200 515
1658210 515
1658220 516
1658230 516
1658240 516
1658250 516
1658260 517
1658270 517
1658280 517
1658290 518
1658300 518
1658310 519
1658320 519
1658330 519
1658340 519
1658350 520
1658360 520
1658370 520
1658380 521
1658390 521
1658400 521
1658410 521
1658420 521
1658430 521
1658440 522
1658450 523
1658460 523
1658470 525
1658480 526
1658490 526
1658500 527
1658510 529
1658520 530
1658530 530
1658540 531
1658550 533
1658560 533
1658570 533
1658580 534
1658590 534
1658600 536
1658610 537
1658620 537
1658630 538
1658640 539
1658650 539
1658660 540
1658670 540
1658680 541
1658690 541
1658700 542
1658710 543
1658720 543
1658730 544
1658740 545
1658750 545
1658760 546
1658770 547
1658780 547
1658790 548
1658800 549
1658810 549
1658820 550
1658830 552
1658840 552
1658850 553
1658860 554
1658870 555
1658880 555
1658890 556
1658900 557
1658910 557
1658920 558
1658930 559
1658940 559
1658950 560
1658960 561
1658970 561
1658980 562
1658990 563
1659000 563
1659010 564
1659020 565
1659030 566
1659040 566
1659050 567
1659060 568
1659070 568
1659080 569
1659090 569
1659100 569
1659110 570
1659120 571
1659130 571
1659140 572
1659150 573
1659160 573
1659170 574
1659180 575
1659190 576
1659200 576
1659210 577
1659220 578
1659230 578
1659240 579
1659250 581
1659260 581
1659270 582
1659280 583
1659290 583
1659300 584
1659310 586
1659320 586
1659330 587
1659340 588
1659350 588
1659360 589
1659370 591
1659380 592
1659390 592
1659400 593
1659410 594
1659420 594
1659430 595
1659440 597
1659450 597
1659460 598
1659470 599
1659480 599
1659490 600
1659500 601
1659510 601
1659520 602
1659530 604
1659540 605
1659550 605
1659560 606
1659570 607
1659580 607
1659590 608
1659600 609
1659610 609
1659620 610
1659630 612
1659640 612
1659650 613
1659660 615
1659670 615
1659680 616
1659690 617
1659700 617
1659710 618
1659720 620
1659730 621
1659740 621
1659750 622
1659760 623
1659770 623
1659780 623
1659790 624
1659800 624
1659810 624
1659820 624
1659830 624
1659840 625
1659850 625
1659860 625
1659870 626
1659880 627
1659890 628
1659900 628
1659910 628
1659920 629
1659930 629
1659940 630
1659950 631
1659960 631
1659970 632
1659980 633
1659990 633
