1640000 748
1640010 746
1640020 746
1640030 744
1640040 744
1640050 744
1640060 744
1640070 742
1640080 739
1640090 739
1640100 737
1640110 736
1640120 736
1640130 735
1640140 735
1640150 735
1640160 735
1640170 734
1640180 734
1640190 734
1640200 738
1640210 741
1640220 741
1640230 745
1640240 748
1640250 748
1640260 752
1640270 754
1640280 763
1640290 765
1640300 769
1640310 769
1640320 771
1640330 772
1640340 772
1640350 774
1640360 776
1640370 778
1640380 778
1640390 780
1640400 781
1640410 781
1640420 782
1640430 783
1640440 783
1640450 783
1640460 784
1640470 784
1640480 787
1640490 790
1640500 790
1640510 794
1640520 799
1640530 799
1640540 803
1640550 806
1640560 809
1640570 809
1640580 812
1640590 816
1640600 816
1640610 820
1640620 823
1640630 823
1640640 825
1640650 827
1640660 827
1640670 829
1640680 831
1640690 831
1640700 833
1640710 834
1640720 833
1640730 833
1640740 831
1640750 828
1640760 828
1640770 824
1640780 820
1640790 820
1640800 816
1640810 811
1640820 811
1640830 806
1640840 801
1640850 801
1640860 796
1640870 791
1640880 791
1640890 786
1640900 781
1640910 774
1640920 774
1640930 770
1640940 765
1640950 765
1640960 759
1640970 758
1640980 758
1640990 759
1641000 760
1641010 760
1641020 763
1641030 768
1641040 768
1641050 772
1641060 775
1641070 778
1641080 778
1641090 784
1641100 786
1641110 786
1641120 787
1641130 787
1641140 787
1641150 788
1641160 789
1641170 789
1641180 789
1641190 790
1641200 790
1641210 791
1641220 791
1641230 791
1641240 793
1641250 794
1641260 796
1641270 796
1641280 797
1641290 799
1641300 799
1641310 802
1641320 805
1641330 805
1641340 809
1641350 813
1641360 813
1641370 817
1641380 821
1641390 821
1641400 824
1641410 827
1641420 829
1641430 829
1641440 831
1641450 832
1641460 832
1641470 833
1641480 833
1641490 833
1641500 833
1641510 833
1641520 833
1641530 832
1641540 831
1641550 831
1641560 830
1641570 828
1641580 828
1641590 826
1641600 825
1641610 822
1641620 822
1641630 820
1641640 818
1641650 818
1641660 815
1641670 812
1641680 812
1641690 809
1641700 808
1641710 808
1641720 804
1641730 799
1641740 799
1641750 794
1641760 790
1641770 787
1641780 787
1641790 785
1641800 787
1641810 787
1641820 787
1641830 787
1641840 787
1641850 785
1641860 784
1641870 784
1641880 783
1641890 786
1641900 786
1641910 782
1641920 779
1641930 778
1641940 778
1641950 774
1641960 770
1641970 770
1641980 763
1641990 756
1642000 756
1642010 749
1642020 742
1642030 742
1642040 732
1642050 723
1642060 723
1642070 715
1642080 708
1642090 708
1642100 702
1642110 703
1642120 708
1642130 708
1642140 714
1642150 719
1642160 719
1642170 724
1642180 727
1642190 727
1642200 730
1642210 732
1642220 732
1642230 733
1642240 735
1642250 735
1642260 737
1642270 740
1642280 743
1642290 743
1642300 747
1642310 751
1642320 751
1642330 755
1642340 760
1642350 760
1642360 767
1642370 772
1642380 772
1642390 777
1642400 783
1642410 783
1642420 787
1642430 790
1642440 790
1642450 794
1642460 799
1642470 804
1642480 804
1642490 808
1642500 810
1642510 810
1642520 811
1642530 812
1642540 812
1642550 812
1642560 813
1642570 813
1642580 814
1642590 820
1642600 820
1642610 829
1642620 832
1642630 833
1642640 833
1642650 830
1642660 825
1642670 825
1642680 824
1642690 830
1642700 830
1642710 830
1642720 828
1642730 828
1642740 824
1642750 818
1642760 818
1642770 814
1642780 811
1642790 809
1642800 809
1642810 806
1642820 803
1642830 803
1642840 801
1642850 800
1642860 800
1642870 799
1642880 799
1642890 799
1642900 799
1642910 799
1642920 799
1642930 801
1642940 802
1642950 802
1642960 803
1642970 805
1642980 805
1642990 805
1643000 806
1643010 806
1643020 806
1643030 805
1643040 804
1643050 804
1643060 804
1643070 803
1643080 803
1643090 801
1643100 800
1643110 800
1643120 799
1643130 798
1643140 796
1643150 796
1643160 794
1643170 793
1643180 793
1643190 791
1643200 789
1643210 789
1643220 788
1643230 787
1643240 787
1643250 786
1643260 785
1643270 785
1643280 783
1643290 780
1643300 780
1643310 776
1643320 773
1643330 769
1643340 769
1643350 770
1643360 771
1643370 771
1643380 772
1643390 772
1643400 772
1643410 771
1643420 772
1643430 772
1643440 773
1643450 775
1643460 775
1643470 778
1643480 780
1643490 785
1643500 785
1643510 786
1643520 788
1643530 788
1643540 789
1643550 789
1643560 789
1643570 790
1643580 790
1643590 790
1643600 790
1643610 791
1643620 791
1643630 792
1643640 793
1643650 793
1643660 793
1643670 793
1643680 792
1643690 792
1643700 793
1643710 795
1643720 795
1643730 796
1643740 798
1643750 798
1643760 799
1643770 800
1643780 800
1643790 801
1643800 801
1643810 801
1643820 803
1643830 807
1643840 812
1643850 812
1643860 815
1643870 817
1643880 817
1643890 819
1643900 819
1643910 819
1643920 818
1643930 817
1643940 817
1643950 816
1643960 814
1643970 814
1643980 811
1643990 809
1644000 809
1644010 807
1644020 804
1644030 801
1644040 801
1644050 798
1644060 794
1644070 794
1644080 791
1644090 788
1644100 788
1644110 784
1644120 780
1644130 780
1644140 775
1644150 771
1644160 771
1644170 767
1644180 762
1644190 757
1644200 757
1644210 753
1644220 750
1644230 750
1644240 746
1644250 742
1644260 742
1644270 739
1644280 736
1644290 736
1644300 734
1644310 732
1644320 732
1644330 731
1644340 729
1644350 726
1644360 726
1644370 725
1644380 723
1644390 723
1644400 720
1644410 718
1644420 718
1644430 717
1644440 716
1644450 716
1644460 715
1644470 714
1644480 714
1644490 713
1644500 711
1644510 711
1644520 710
1644530 708
1644540 706
1644550 706
1644560 703
1644570 699
1644580 699
1644590 696
1644600 693
1644610 693
1644620 690
1644630 688
1644640 688
1644650 684
1644660 681
1644670 681
1644680 677
1644690 674
1644700 672
1644710 672
1644720 669
1644730 667
1644740 667
1644750 665
1644760 663
1644770 663
1644780 660
1644790 656
1644800 656
1644810 653
1644820 650
1644830 650
1644840 646
1644850 640
1644860 640
1644870 635
1644880 631
1644890 631
1644900 631
1644910 633
1644920 633
1644930 633
1644940 634
1644950 636
1644960 636
1644970 642
1644980 648
1644990 648
1645000 653
1645010 659
1645020 659
1645030 664
1645040 668
1645050 672
1645060 672
1645070 682
1645080 685
1645090 685
1645100 690
1645110 696
1645120 696
1645130 702
1645140 709
1645150 709
1645160 715
1645170 721
1645180 721
1645190 726
1645200 731
1645210 731
1645220 734
1645230 738
1645240 742
1645250 742
1645260 745
1645270 749
1645280 749
1645290 752
1645300 755
1645310 755
1645320 758
1645330 760
1645340 760
1645350 762
1645360 763
1645370 763
1645380 763
1645390 763
1645400 761
1645410 761
1645420 759
1645430 757
1645440 757
1645450 754
1645460 751
1645470 751
1645480 749
1645490 746
1645500 746
1645510 740
1645520 735
1645530 735
1645540 730
1645550 725
1645560 720
1645570 720
1645580 714
1645590 709
1645600 709
1645610 705
1645620 701
1645630 701
1645640 698
1645650 695
1645660 695
1645670 692
1645680 690
1645690 690
1645700 687
1645710 683
1645720 683
1645730 679
1645740 676
1645750 673
1645760 673
1645770 671
1645780 667
1645790 667
1645800 663
1645810 658
1645820 658
1645830 655
1645840 652
1645850 653
1645860 652
1645870 651
1645880 651
1645890 649
1645900 647
1645910 645
1645920 645
1645930 643
1645940 641
1645950 641
1645960 639
1645970 638
1645980 638
1645990 636
1646000 633
1646010 633
1646020 628
1646030 622
1646040 622
1646050 617
1646060 610
1646070 610
1646080 603
1646090 596
1646100 589
1646110 589
1646120 582
1646130 575
1646140 575
1646150 568
1646160 561
1646170 561
1646180 560
1646190 559
1646200 559
1646210 560
1646220 561
1646230 561
1646240 561
1646250 561
1646260 562
1646270 562
1646280 564
1646290 565
1646300 565
1646310 567
1646320 573
1646330 573
1646340 579
1646350 582
1646360 582
1646370 582
1646380 581
1646390 581
1646400 583
1646410 585
1646420 585
1646430 587
1646440 587
1646450 589
1646460 589
1646470 591
1646480 593
1646490 593
1646500 595
1646510 596
1646520 596
1646530 597
1646540 598
1646550 598
1646560 599
1646570 603
1646580 603
1646590 609
1646600 616
1646610 621
1646620 621
1646630 628
1646640 630
1646650 630
1646660 631
1646670 631
1646680 631
1646690 632
1646700 632
1646710 632
1646720 634
1646730 638
1646740 638
1646750 644
1646760 650
1646770 650
1646780 655
1646790 660
1646800 665
1646810 665
1646820 670
1646830 676
1646840 676
1646850 677
1646860 677
1646870 677
1646880 677
1646890 676
1646900 676
1646910 675
1646920 674
1646930 674
1646940 673
1646950 671
1646960 670
1646970 670
1646980 667
1646990 666
1647000 666
1647010 665
1647020 663
1647030 663
1647040 661
1647050 660
1647060 660
1647070 658
1647080 655
1647090 655
1647100 653
1647110 651
1647120 648
1647130 648
1647140 645
1647150 641
1647160 641
1647170 638
1647180 635
1647190 635
1647200 632
1647210 629
1647220 629
1647230 625
1647240 623
1647250 623
1647260 620
1647270 618
1647280 618
1647290 616
1647300 615
1647310 613
1647320 613
1647330 611
1647340 610
1647350 610
1647360 608
1647370 606
1647380 606
1647390 605
1647400 603
1647410 601
1647420 598
1647430 596
1647440 596
1647450 593
1647460 591
1647470 588
1647480 588
1647490 586
1647500 584
1647510 584
1647520 582
1647530 579
1647540 579
1647550 576
1647560 575
1647570 575
1647580 573
1647590 572
1647600 572
1647610 570
1647620 567
1647630 567
1647640 563
1647650 559
1647660 555
1647670 555
1647680 551
1647690 548
1647700 548
1647710 545
1647720 542
1647730 542
1647740 538
1647750 535
1647760 535
1647770 531
1647780 526
1647790 526
1647800 523
1647810 522
1647820 521
1647830 521
1647840 518
1647850 516
1647860 516
1647870 515
1647880 513
1647890 513
1647900 510
1647910 508
1647920 508
1647930 504
1647940 500
1647950 500
1647960 495
1647970 492
1647980 492
1647990 489
1648000 486
1648010 484
1648020 484
1648030 482
1648040 481
1648050 481
1648060 478
1648070 476
1648080 476
1648090 474
1648100 473
1648110 473
1648120 472
1648130 470
1648140 470
1648150 470
1648160 469
1648170 468
1648180 467
1648190 466
1648200 465
1648210 465
1648220 464
1648230 464
1648240 464
1648250 463
1648260 462
1648270 462
1648280 461
1648290 460
1648300 460
1648310 459
1648320 458
1648330 458
1648340 457
1648350 456
1648360 455
1648370 455
1648380 455
1648390 455
1648400 455
1648410 454
1648420 454
1648430 454
1648440 454
1648450 454
1648460 454
1648470 454
1648480 454
1648490 454
1648500 454
1648510 453
1648520 453
1648530 453
1648540 453
1648550 452
1648560 452
1648570 452
1648580 451
1648590 451
1648600 451
1648610 451
1648620 451
1648630 450
1648640 450
1648650 450
1648660 449
1648670 449
1648680 449
1648690 449
1648700 448
1648710 447
1648720 447
1648730 446
1648740 446
1648750 446
1648760 445
1648770 445
1648780 445
1648790 444
1648800 444
1648810 444
1648820 443
1648830 443
1648840 443
1648850 442
1648860 441
1648870 441
1648880 441
1648890 440
1648900 439
1648910 439
1648920 439
1648930 439
1648940 439
1648950 440
1648960 440
1648970 440
1648980 441
1648990 440
1649000 440
1649010 435
1649020 434
1649030 434
1649040 434
1649050 434
1649060 433
1649070 433
1649080 433
1649090 433
1649100 433
1649110 433
1649120 433
1649130 433
1649140 433
1649150 433
1649160 433
1649170 433
1649180 433
1649190 433
1649200 433
1649210 433
1649220 433
1649230 433
1649240 433
1649250 433
1649260 433
1649270 433
1649280 433
1649290 433
1649300 433
1649310 433
1649320 433
1649330 433
1649340 433
1649350 433
1649360 433
1649370 433
1649380 433
1649390 433
1649400 433
1649410 433
1649420 433
1649430 432
1649440 432
1649450 432
1649460 432
1649470 432
1649480 432
1649490 432
1649500 433
1649510 433
1649520 433
1649530 433
1649540 433
1649550 432
1649560 432
1649570 432
1649580 432
1649590 431
1649600 431
1649610 431
1649620 431
1649630 431
1649640 431
1649650 431
1649660 430
1649670 430
1649680 430
1649690 429
1649700 429
1649710 428
1649720 428
1649730 428
1649740 428
1649750 427
1649760 426
1649770 426
1649780 425
1649790 425
1649800 425
1649810 425
1649820 425
1649830 425
1649840 426
1649850 426
1649860 426
1649870 426
1649880 427
1649890 427
1649900 428
1649910 429
1649920 430
1649930 430
1649940 431
1649950 432
1649960 432
1649970 432
1649980 432
1649990 432
1650000 433
1650010 433
1650020 433
1650030 433
1650040 433
1650050 433
1650060 433
1650070 433
1650080 432
1650090 432
1650100 431
1650110 429
1650120 429
1650130 426
1650140 421
1650150 421
1650160 418
1650170 415
1650180 415
1650190 413
1650200 412
1650210 412
1650220 410
1650230 409
1650240 408
1650250 408
1650260 408
1650270 408
1650280 408
1650290 408
1650300 407
1650310 407
1650320 406
1650330 405
1650340 405
1650350 403
1650360 403
1650370 403
1650380 403
1650390 403
1650400 403
1650410 403
1650420 403
1650430 402
1650440 402
1650450 403
1650460 403
1650470 403
1650480 403
1650490 402
1650500 402
1650510 402
1650520 402
1650530 402
1650540 402
1650550 402
1650560 402
1650570 402
1650580 403
1650590 403
1650600 403
1650610 400
1650620 401
1650630 401
1650640 403
1650650 403
1650660 403
1650670 403
1650680 402
1650690 402
1650700 402
1650710 402
1650720 402
1650730 402
1650740 403
1650750 403
1650760 403
1650770 402
1650780 403
1650790 403
1650800 403
1650810 404
1650820 404
1650830 404
1650840 404
1650850 404
1650860 404
1650870 404
1650880 404
1650890 404
1650900 404
1650910 404
1650920 404
1650930 404
1650940 405
1650950 405
1650960 405
1650970 405
1650980 405
1650990 405
1651000 405
1651010 405
1651020 405
1651030 404
1651040 404
1651050 405
1651060 405
1651070 405
1651080 405
1651090 405
1651100 405
1651110 404
1651120 404
1651130 404
1651140 404
1651150 406
1651160 406
1651170 406
1651180 405
1651190 405
1651200 405
1651210 405
1651220 405
1651230 405
1651240 405
1651250 405
1651260 405
1651270 405
1651280 405
1651290 405
1651300 405
1651310 405
1651320 405
1651330 405
1651340 405
1651350 405
1651360 405
1651370 406
1651380 406
1651390 406
1651400 406
1651410 406
1651420 406
1651430 406
1651440 405
1651450 405
1651460 405
1651470 406
1651480 406
1651490 406
1651500 406
1651510 406
1651520 406
1651530 406
1651540 406
1651550 406
1651560 406
1651570 406
1651580 406
1651590 406
1651600 406
1651610 406
1651620 406
1651630 406
1651640 406
1651650 406
1651660 406
1651670 406
1651680 406
1651690 406
1651700 406
1651710 406
1651720 406
1651730 406
1651740 406
1651750 406
1651760 406
1651770 406
1651780 406
1651790 406
1651800 406
1651810 406
1651820 406
1651830 406
1651840 406
1651850 406
1651860 406
1651870 406
1651880 406
1651890 405
1651900 405
1651910 405
1651920 405
1651930 405
1651940 405
1651950 405
1651960 405
1651970 405
1651980 405
1651990 405
1652000 405
1652010 405
1652020 405
1652030 405
1652040 405
1652050 406
1652060 406
1652070 406
1652080 406
1652090 406
1652100 406
1652110 406
1652120 406
1652130 406
1652140 406
1652150 406
1652160 406
1652170 406
1652180 406
1652190 406
1652200 407
1652210 407
1652220 407
1652230 408
1652240 408
1652250 408
1652260 408
1652270 409
1652280 409
1652290 409
1652300 409
1652310 409
1652320 409
1652330 409
1652340 409
1652350 409
1652360 409
1652370 409
1652380 409
1652390 410
1652400 410
1652410 410
1652420 410
1652430 410
1652440 410
1652450 410
1652460 410
1652470 410
1652480 410
1652490 410
1652500 411
1652510 411
1652520 411
1652530 412
1652540 412
1652550 412
1652560 413
1652570 413
1652580 414
1652590 415
1652600 415
1652610 415
1652620 416
1652630 416
1652640 416
1652650 417
1652660 417
1652670 417
1652680 418
1652690 418
1652700 418
1652710 419
1652720 419
1652730 419
1652740 419
1652750 419
1652760 419
1652770 419
1652780 419
1652790 419
1652800 419
1652810 419
1652820 419
1652830 420
1652840 420
1652850 420
1652860 420
1652870 420
1652880 421
1652890 421
1652900 421
1652910 421
1652920 421
1652930 422
1652940 422
1652950 422
1652960 423
1652970 423
1652980 423
1652990 423
1653000 423
1653010 423
1653020 423
1653030 423
1653040 423
1653050 423
1653060 423
1653070 423
1653080 423
1653090 422
1653100 422
1653110 422
1653120 422
1653130 421
1653140 421
1653150 421
1653160 420
1653170 420
1653180 420
1653190 420
1653200 421
1653210 421
1653220 421
1653230 421
1653240 421
1653250 421
1653260 421
1653270 421
1653280 422
1653290 422
1653300 422
1653310 422
1653320 422
1653330 422
1653340 423
1653350 423
1653360 423
1653370 422
1653380 422
1653390 421
1653400 421
1653410 421
1653420 421
1653430 421
1653440 420
1653450 420
1653460 420
1653470 420
1653480 420
1653490 421
1653500 420
1653510 420
1653520 420
1653530 420
1653540 420
1653550 420
1653560 420
1653570 420
1653580 420
1653590 420
1653600 420
1653610 420
1653620 420
1653630 420
1653640 420
1653650 420
1653660 420
1653670 420
1653680 420
1653690 420
1653700 421
1653710 421
1653720 421
1653730 422
1653740 422
1653750 422
1653760 422
1653770 422
1653780 422
1653790 423
1653800 423
1653810 423
1653820 423
1653830 423
1653840 423
1653850 422
1653860 422
1653870 422
1653880 422
1653890 422
1653900 422
1653910 422
1653920 422
1653930 422
1653940 422
1653950 422
1653960 422
1653970 422
1653980 423
1653990 423
1654000 423
1654010 423
1654020 424
1654030 424
1654040 423
1654050 423
1654060 423
1654070 423
1654080 423
1654090 423
1654100 423
1654110 423
1654120 423
1654130 423
1654140 423
1654150 423
1654160 423
1654170 423
1654180 424
1654190 424
1654200 424
1654210 424
1654220 424
1654230 426
1654240 425
1654250 425
1654260 425
1654270 425
1654280 426
1654290 426
1654300 426
1654310 426
1654320 426
1654330 426
1654340 425
1654350 425
1654360 425
1654370 426
1654380 426
1654390 426
1654400 426
1654410 427
1654420 427
1654430 427
1654440 427
1654450 427
1654460 428
1654470 428
1654480 428
1654490 428
1654500 428
1654510 428
1654520 429
1654530 429
1654540 429
1654550 429
1654560 429
1654570 429
1654580 429
1654590 429
1654600 429
1654610 429
1654620 429
1654630 429
1654640 429
1654650 429
1654660 430
1654670 430
1654680 431
1654690 432
1654700 432
1654710 432
1654720 433
1654730 433
1654740 434
1654750 434
1654760 435
1654770 435
1654780 435
1654790 435
1654800 435
1654810 436
1654820 436
1654830 436
1654840 436
1654850 437
1654860 437
1654870 437
1654880 437
1654890 437
1654900 437
1654910 438
1654920 438
1654930 438
1654940 438
1654950 439
1654960 439
1654970 439
1654980 440
1654990 440
1655000 440
1655010 440
1655020 440
1655030 441
1655040 441
1655050 441
1655060 441
1655070 441
1655080 441
1655090 442
1655100 442
1655110 442
1655120 442
1655130 443
1655140 443
1655150 443
1655160 443
1655170 443
1655180 443
1655190 444
1655200 444
1655210 444
1655220 445
1655230 445
1655240 445
1655250 445
1655260 445
1655270 445
1655280 446
1655290 446
1655300 446
1655310 446
1655320 446
1655330 447
1655340 447
1655350 447
1655360 447
1655370 447
1655380 448
1655390 448
1655400 448
1655410 448
1655420 448
1655430 448
1655440 449
1655450 449
1655460 450
1655470 450
1655480 450
1655490 450
1655500 450
1655510 450
1655520 450
1655530 450
1655540 450
1655550 450
1655560 450
1655570 450
1655580 450
1655590 450
1655600 451
1655610 451
1655620 451
1655630 451
1655640 451
1655650 451
1655660 451
1655670 451
1655680 452
1655690 452
1655700 452
1655710 453
1655720 453
1655730 453
1655740 453
1655750 453
1655760 453
1655770 454
1655780 454
1655790 454
1655800 455
1655810 455
1655820 455
1655830 455
1655840 456
1655850 456
1655860 456
1655870 457
1655880 457
1655890 457
1655900 458
1655910 458
1655920 458
1655930 458
1655940 458
1655950 459
1655960 459
1655970 459
1655980 459
1655990 459
1656000 459
1656010 459
1656020 459
1656030 459
1656040 459
1656050 459
1656060 459
1656070 459
1656080 459
1656090 459
1656100 459
1656110 458
1656120 459
1656130 459
1656140 460
1656150 461
1656160 462
1656170 462
1656180 462
1656190 462
1656200 462
1656210 462
1656220 463
1656230 463
1656240 463
1656250 463
1656260 463
1656270 464
1656280 464
1656290 464
1656300 464
1656310 464
1656320 465
1656330 465
1656340 466
1656350 466
1656360 466
1656370 467
1656380 467
1656390 467
1656400 468
1656410 468
1656420 468
1656430 468
1656440 469
1656450 469
1656460 469
1656470 470
1656480 470
1656490 470
1656500 470
1656510 470
1656520 470
1656530 471
1656540 471
1656550 471
1656560 471
1656570 471
1656580 471
1656590 472
1656600 472
1656610 472
1656620 472
1656630 472
1656640 472
1656650 473
1656660 473
1656670 473
1656680 473
1656690 473
1656700 473
1656710 473
1656720 473
1656730 473
1656740 473
1656750 474
1656760 474
1656770 474
1656780 474
1656790 475
1656800 475
1656810 475
1656820 476
1656830 476
1656840 476
1656850 476
1656860 477
1656870 477
1656880 477
1656890 477
1656900 477
1656910 478
1656920 479
1656930 479
1656940 479
1656950 480
1656960 480
1656970 481
1656980 482
1656990 482
1657000 482
1657010 483
1657020 483
1657030 483
1657040 483
1657050 484
1657060 484
1657070 484
1657080 485
1657090 485
1657100 485
1657110 486
1657120 486
1657130 486
1657140 487
1657150 487
1657160 487
1657170 488
1657180 488
1657190 489
1657200 489
1657210 489
1657220 489
1657230 490
1657240 490
1657250 490
1657260 490
1657270 491
1657280 491
1657290 491
1657300 491
1657310 491
1657320 492
1657330 492
1657340 492
1657350 492
1657360 493
1657370 493
1657380 493
1657390 494
1657400 494
1657410 494
1657420 494
1657430 495
1657440 495
1657450 495
1657460 496
1657470 496
1657480 496
1657490 497
1657500 497
1657510 498
1657520 498
1657530 499
1657540 499
1657550 499
1657560 499
1657570 499
1657580 499
1657590 499
1657600 499
1657610 500
1657620 500
1657630 500
1657640 501
1657650 502
1657660 502
1657670 502
1657680 502
1657690 502
1657700 503
1657710 503
1657720 504
1657730 504
1657740 504
1657750 505
1657760 505
1657770 505
1657780 505
1657790 505
1657800 506
1657810 506
1657820 506
1657830 506
1657840 506
1657850 506
1657860 507
1657870 507
1657880 508
1657890 508
1657900 508
1657910 509
1657920 509
1657930 509
1657940 510
1657950 510
1657960 510
1657970 510
1657980 510
1657990 511
1658000 511
1658010 511
1658020 512
1658030 512
1658040 512
1658050 513
1658060 513
1658070 513
1658080 513
1658090 512
1658100 512
1658110 512
1658120 513
1658130 512
1658140 512
1658150 512
1658160 513
1658170 513
1658180 514
1658190 515
1658200 515
1658210 516
1658220 517
1658230 518
1658240 518
1658250 519
1658260 519
1658270 519
1658280 520
1658290 520
1658300 520
1658310 521
1658320 521
1658330 521
1658340 522
1658350 523
1658360 523
1658370 524
1658380 525
1658390 525
1658400 526
1658410 527
1658420 528
1658430 528
1658440 529
1658450 530
1658460 530
1658470 531
1658480 532
1658490 532
1658500 533
1658510 534
1658520 534
1658530 535
1658540 536
1658550 536
1658560 536
1658570 537
1658580 538
1658590 538
1658600 539
1658610 540
1658620 540
1658630 541
1658640 542
1658650 542
1658660 543
1658670 544
1658680 544
1658690 545
1658700 545
1658710 545
1658720 546
1658730 546
1658740 546
1658750 547
1658760 548
1658770 550
1658780 550
1658790 555
1658800 556
1658810 556
1658820 558
1658830 559
1658840 559
1658850 560
1658860 561
1658870 561
1658880 562
1658890 561
1658900 561
1658910 563
1658920 566
1658930 568
1658940 568
1658950 569
1658960 570
1658970 570
1658980 572
1658990 573
1659000 573
1659010 576
1659020 577
1659030 577
1659040 579
1659050 580
1659060 580
1659070 578
1659080 580
1659090 582
1659100 582
1659110 584
1659120 586
1659130 586
1659140 587
1659150 589
1659160 589
1659170 591
1659180 592
1659190 592
1659200 594
1659210 596
1659220 596
1659230 597
1659240 599
1659250 599
1659260 601
1659270 604
1659280 606
1659290 606
1659300 608
1659310 611
1659320 611
1659330 613
1659340 616
1659350 616
1659360 619
1659370 621
1659380 621
1659390 623
1659400 624
1659410 624
1659420 625
1659430 625
1659440 624
1659450 624
1659460 625
1659470 626
1659480 626
1659490 628
1659500 630
1659510 630
1659520 632
1659530 634
1659540 634
1659550 635
1659560 636
1659570 636
1659580 637
1659590 638
1659600 638
1659610 639
1659620 640
1659630 641
1659640 641
1659650 642
1659660 643
1659670 643
1659680 645
1659690 647
1659700 647
1659710 650
1659720 653
1659730 653
1659740 656
1659750 660
1659760 660
1659770 663
1659780 666
1659790 669
1659800 669
1659810 672
1659820 674
1659830 674
1659840 676
1659850 677
1659860 677
1659870 678
1659880 679
1659890 679
1659900 679
1659910 680
1659920 680
1659930 680
1659940 680
1659950 680
1659960 680
1659970 681
1659980 684
1659990 684
