1640000 1036
1640010 1038
1640020 1038
1640030 1040
1640040 1042
1640050 1042
1640060 1045
1640070 1047
1640080 1047
1640090 1049
1640100 1052
1640110 1052
1640120 1054
1640130 1057
1640140 1059
1640150 1059
1640160 1061
1640170 1063
1640180 1063
1640190 1063
1640200 1064
1640210 1064
1640220 1065
1640230 1066
1640240 1066
1640250 1067
1640260 1068
1640270 1068
1640280 1070
1640290 1072
1640300 1074
1640310 1074
1640320 1075
1640330 1077
1640340 1077
1640350 1079
1640360 1080
1640370 1080
1640380 1081
1640390 1083
1640400 1083
1640410 1084
1640420 1085
1640430 1085
1640440 1086
1640450 1087
1640460 1087
1640470 1088
1640480 1088
1640490 1089
1640500 1089
1640510 1089
1640520 1089
1640530 1089
1640540 1088
1640550 1088
1640560 1088
1640570 1086
1640580 1084
1640590 1084
1640600 1082
1640610 1080
1640620 1080
1640630 1078
1640640 1075
1640650 1073
1640660 1073
1640670 1070
1640680 1068
1640690 1068
1640700 1066
1640710 1064
1640720 1064
1640730 1061
1640740 1058
1640750 1058
1640760 1056
1640770 1054
1640780 1054
1640790 1052
1640800 1050
1640810 1050
1640820 1048
1640830 1046
1640840 1043
1640850 1043
1640860 1041
1640870 1038
1640880 1038
1640890 1035
1640900 1031
1640910 1031
1640920 1027
1640930 1023
1640940 1023
1640950 1018
1640960 1014
1640970 1014
1640980 1010
1640990 1007
1641000 1010
1641010 1010
1641020 1011
1641030 1012
1641040 1012
1641050 1012
1641060 1013
1641070 1013
1641080 1012
1641090 1012
1641100 1012
1641110 1011
1641120 1010
1641130 1010
1641140 1009
1641150 1007
1641160 1007
1641170 1006
1641180 1005
1641190 1005
1641200 1005
1641210 1004
1641220 1004
1641230 1004
1641240 1003
1641250 1003
1641260 1003
1641270 1004
1641280 1004
1641290 1001
1641300 1001
1641310 1002
1641320 1002
1641330 1003
1641340 1003
1641350 1004
1641360 1004
1641370 1004
1641380 1005
1641390 1005
1641400 1005
1641410 1006
1641420 1006
1641430 1007
1641440 1007
1641450 1007
1641460 1007
1641470 1007
1641480 1007
1641490 1007
1641500 1006
1641510 1006
1641520 1006
1641530 1006
1641540 1006
1641550 1006
1641560 1006
1641570 1006
1641580 1006
1641590 1006
1641600 1006
1641610 1006
1641620 1006
1641630 1006
1641640 1006
1641650 1006
1641660 1005
1641670 1005
1641680 1005
1641690 1004
1641700 1002
1641710 1002
1641720 1001
1641730 1000
1641740 1000
1641750 998
1641760 995
1641770 995
1641780 992
1641790 989
1641800 989
1641810 984
1641820 979
1641830 979
1641840 973
1641850 968
1641860 968
1641870 963
1641880 957
1641890 953
1641900 953
1641910 948
1641920 944
1641930 944
1641940 940
1641950 936
1641960 936
1641970 930
1641980 925
1641990 925
1642000 920
1642010 914
1642020 914
1642030 907
1642040 899
1642050 891
1642060 891
1642070 885
1642080 879
1642090 879
1642100 873
1642110 867
1642120 867
1642130 863
1642140 859
1642150 859
1642160 856
1642170 854
1642180 854
1642190 852
1642200 848
1642210 848
1642220 844
1642230 839
1642240 833
1642250 833
1642260 827
1642270 824
1642280 824
1642290 820
1642300 817
1642310 817
1642320 817
1642330 819
1642340 819
1642350 820
1642360 822
1642370 822
1642380 824
1642390 826
1642400 828
1642410 828
1642420 832
1642430 833
1642440 833
1642450 835
1642460 839
1642470 839
1642480 841
1642490 844
1642500 844
1642510 846
1642520 849
1642530 849
1642540 856
1642550 862
1642560 862
1642570 867
1642580 873
1642590 877
1642600 877
1642610 881
1642620 883
1642630 883
1642640 887
1642650 890
1642660 890
1642670 895
1642680 898
1642690 898
1642700 900
1642710 902
1642720 902
1642730 904
1642740 906
1642750 908
1642760 908
1642770 909
1642780 910
1642790 910
1642800 909
1642810 909
1642820 909
1642830 908
1642840 907
1642850 907
1642860 906
1642870 904
1642880 904
1642890 904
1642900 901
1642910 901
1642920 900
1642930 898
1642940 897
1642950 897
1642960 897
1642970 897
1642980 897
1642990 897
1643000 897
1643010 897
1643020 896
1643030 895
1643040 895
1643050 894
1643060 893
1643070 893
1643080 892
1643090 891
1643100 889
1643110 889
1643120 887
1643130 886
1643140 886
1643150 885
1643160 883
1643170 883
1643180 881
1643190 880
1643200 880
1643210 879
1643220 878
1643230 878
1643240 877
1643250 876
1643260 876
1643270 875
1643280 874
1643290 874
1643300 874
1643310 874
1643320 874
1643330 874
1643340 874
1643350 874
1643360 874
1643370 874
1643380 874
1643390 874
1643400 873
1643410 873
1643420 873
1643430 872
1643440 871
1643450 870
1643460 870
1643470 869
1643480 867
1643490 867
1643500 866
1643510 865
1643520 865
1643530 863
1643540 861
1643550 861
1643560 860
1643570 858
1643580 858
1643590 856
1643600 855
1643610 855
1643620 852
1643630 850
1643640 848
1643650 848
1643660 846
1643670 844
1643680 844
1643690 839
1643700 837
1643710 837
1643720 835
1643730 833
1643740 833
1643750 832
1643760 830
1643770 830
1643780 828
1643790 826
1643800 824
1643810 824
1643820 821
1643830 819
1643840 819
1643850 817
1643860 815
1643870 815
1643880 813
1643890 811
1643900 811
1643910 808
1643920 805
1643930 805
1643940 802
1643950 799
1643960 799
1643970 796
1643980 794
1643990 791
1644000 791
1644010 788
1644020 785
1644030 785
1644040 782
1644050 778
1644060 778
1644070 775
1644080 772
1644090 772
1644100 769
1644110 767
1644120 767
1644130 764
1644140 762
1644150 759
1644160 759
1644170 756
1644180 753
1644190 753
1644200 750
1644210 751
1644220 751
1644230 755
1644240 759
1644250 759
1644260 762
1644270 763
1644280 763
1644290 763
1644300 761
1644310 761
1644320 760
1644330 763
1644340 765
1644350 765
1644360 766
1644370 767
1644380 767
1644390 768
1644400 770
1644410 770
1644420 772
1644430 773
1644440 773
1644450 774
1644460 775
1644470 775
1644480 779
1644490 779
1644500 779
1644510 779
1644520 778
1644530 777
1644540 777
1644550 776
1644560 776
1644570 776
1644580 776
1644590 777
1644600 777
1644610 776
1644620 775
1644630 775
1644640 769
1644650 766
1644660 766
1644670 769
1644680 773
1644690 777
1644700 777
1644710 780
1644720 782
1644730 782
1644740 785
1644750 787
1644760 787
1644770 789
1644780 791
1644790 791
1644800 793
1644810 795
1644820 795
1644830 797
1644840 798
1644850 799
1644860 799
1644870 800
1644880 801
1644890 801
1644900 801
1644910 800
1644920 800
1644930 800
1644940 799
1644950 799
1644960 799
1644970 798
1644980 798
1644990 797
1645000 796
1645010 796
1645020 795
1645030 793
1645040 791
1645050 791
1645060 790
1645070 788
1645080 788
1645090 784
1645100 781
1645110 781
1645120 779
1645130 776
1645140 776
1645150 774
1645160 772
1645170 772
1645180 769
1645190 767
1645200 765
1645210 765
1645220 764
1645230 762
1645240 762
1645250 761
1645260 760
1645270 759
1645280 758
1645290 756
1645300 756
1645310 755
1645320 755
1645330 755
1645340 754
1645350 752
1645360 752
1645370 751
1645380 750
1645390 749
1645400 749
1645410 748
1645420 747
1645430 747
1645440 745
1645450 744
1645460 744
1645470 743
1645480 741
1645490 741
1645500 739
1645510 737
1645520 737
1645530 735
1645540 733
1645550 731
1645560 731
1645570 729
1645580 727
1645590 727
1645600 725
1645610 723
1645620 723
1645630 721
1645640 720
1645650 720
1645660 718
1645670 717
1645680 717
1645690 715
1645700 713
1645710 713
1645720 710
1645730 707
1645740 703
1645750 703
1645760 700
1645770 697
1645780 697
1645790 694
1645800 691
1645810 691
1645820 687
1645830 684
1645840 684
1645850 680
1645860 676
1645870 676
1645880 673
1645890 670
1645900 666
1645910 666
1645920 663
1645930 659
1645940 659
1645950 657
1645960 655
1645970 655
1645980 654
1645990 654
1646000 654
1646010 653
1646020 651
1646030 651
1646040 648
1646050 651
1646060 651
1646070 653
1646080 656
1646090 658
1646100 658
1646110 658
1646120 658
1646130 658
1646140 658
1646150 658
1646160 658
1646170 658
1646180 658
1646190 658
1646200 658
1646210 657
1646220 657
1646230 657
1646240 656
1646250 656
1646260 656
1646270 656
1646280 657
1646290 657
1646300 659
1646310 660
1646320 660
1646330 662
1646340 664
1646350 664
1646360 665
1646370 666
1646380 666
1646390 666
1646400 667
1646410 667
1646420 668
1646430 669
1646440 670
1646450 670
1646460 672
1646470 673
1646480 673
1646490 674
1646500 674
1646510 674
1646520 674
1646530 673
1646540 673
1646550 672
1646560 670
1646570 670
1646580 668
1646590 665
1646600 664
1646610 664
1646620 664
1646630 664
1646640 664
1646650 663
1646660 664
1646670 664
1646680 665
1646690 665
1646700 665
1646710 665
1646720 665
1646730 665
1646740 664
1646750 663
1646760 663
1646770 661
1646780 660
1646790 659
1646800 659
1646810 657
1646820 655
1646830 655
1646840 653
1646850 652
1646860 652
1646870 651
1646880 650
1646890 650
1646900 649
1646910 648
1646920 648
1646930 647
1646940 646
1646950 644
1646960 644
1646970 643
1646980 641
1646990 641
1647000 640
1647010 639
1647020 639
1647030 637
1647040 636
1647050 636
1647060 634
1647070 631
1647080 631
1647090 629
1647100 627
1647110 627
1647120 625
1647130 623
1647140 620
1647150 620
1647160 617
1647170 615
1647180 615
1647190 613
1647200 612
1647210 612
1647220 611
1647230 609
1647240 609
1647250 607
1647260 604
1647270 604
1647280 601
1647290 599
1647300 596
1647310 596
1647320 592
1647330 588
1647340 588
1647350 585
1647360 581
1647370 581
1647380 578
1647390 575
1647400 575
1647410 573
1647420 570
1647430 570
1647440 567
1647450 564
1647460 564
1647470 561
1647480 559
1647490 556
1647500 556
1647510 553
1647520 550
1647530 550
1647540 547
1647550 545
1647560 545
1647570 543
1647580 540
1647590 540
1647600 538
1647610 534
1647620 534
1647630 531
1647640 529
1647650 526
1647660 526
1647670 524
1647680 521
1647690 521
1647700 518
1647710 515
1647720 515
1647730 512
1647740 509
1647750 509
1647760 507
1647770 504
1647780 504
1647790 502
1647800 500
1647810 500
1647820 499
1647830 497
1647840 495
1647850 495
1647860 495
1647870 494
1647880 494
1647890 492
1647900 492
1647910 492
1647920 491
1647930 489
1647940 489
1647950 487
1647960 486
1647970 486
1647980 486
1647990 484
1648000 483
1648010 483
1648020 483
1648030 481
1648040 481
1648050 480
1648060 480
1648070 480
1648080 479
1648090 479
1648100 479
1648110 478
1648120 477
1648130 477
1648140 475
1648150 473
1648160 473
1648170 470
1648180 467
1648190 465
1648200 465
1648210 463
1648220 461
1648230 461
1648240 461
1648250 460
1648260 460
1648270 459
1648280 459
1648290 459
1648300 458
1648310 457
1648320 457
1648330 457
1648340 457
1648350 456
1648360 456
1648370 456
1648380 456
1648390 456
1648400 456
1648410 455
1648420 455
1648430 455
1648440 455
1648450 455
1648460 455
1648470 454
1648480 454
1648490 454
1648500 453
1648510 453
1648520 453
1648530 453
1648540 453
1648550 453
1648560 453
1648570 453
1648580 453
1648590 452
1648600 452
1648610 452
1648620 453
1648630 453
1648640 453
1648650 452
1648660 452
1648670 452
1648680 453
1648690 453
1648700 453
1648710 453
1648720 453
1648730 454
1648740 454
1648750 457
1648760 456
1648770 456
1648780 456
1648790 455
1648800 455
1648810 456
1648820 454
1648830 454
1648840 451
1648850 451
1648860 451
1648870 450
1648880 450
1648890 450
1648900 450
1648910 448
1648920 447
1648930 447
1648940 446
1648950 445
1648960 445
1648970 444
1648980 444
1648990 444
1649000 443
1649010 442
1649020 442
1649030 442
1649040 441
1649050 440
1649060 440
1649070 440
1649080 439
1649090 439
1649100 439
1649110 439
1649120 439
1649130 438
1649140 438
1649150 438
1649160 438
1649170 438
1649180 438
1649190 438
1649200 437
1649210 437
1649220 437
1649230 437
1649240 437
1649250 437
1649260 437
1649270 437
1649280 437
1649290 437
1649300 437
1649310 437
1649320 437
1649330 437
1649340 437
1649350 437
1649360 437
1649370 437
1649380 436
1649390 436
1649400 436
1649410 436
1649420 436
1649430 436
1649440 436
1649450 436
1649460 436
1649470 436
1649480 436
1649490 436
1649500 436
1649510 436
1649520 436
1649530 436
1649540 436
1649550 436
1649560 436
1649570 436
1649580 436
1649590 436
1649600 436
1649610 436
1649620 436
1649630 436
1649640 436
1649650 436
1649660 436
1649670 436
1649680 436
1649690 436
1649700 436
1649710 436
1649720 436
1649730 436
1649740 436
1649750 437
1649760 437
1649770 437
1649780 436
1649790 436
1649800 436
1649810 436
1649820 436
1649830 436
1649840 436
1649850 436
1649860 436
1649870 436
1649880 436
1649890 436
1649900 436
1649910 436
1649920 436
1649930 436
1649940 436
1649950 436
1649960 435
1649970 435
1649980 435
1649990 435
1650000 435
1650010 435
1650020 435
1650030 434
1650040 434
1650050 434
1650060 434
1650070 434
1650080 434
1650090 433
1650100 433
1650110 431
1650120 429
1650130 426
1650140 426
1650150 423
1650160 421
1650170 421
1650180 420
1650190 419
1650200 419
1650210 418
1650220 419
1650230 419
1650240 419
1650250 418
1650260 418
1650270 418
1650280 418
1650290 417
1650300 417
1650310 417
1650320 417
1650330 417
1650340 417
1650350 417
1650360 417
1650370 416
1650380 416
1650390 416
1650400 417
1650410 416
1650420 416
1650430 416
1650440 416
1650450 416
1650460 416
1650470 416
1650480 416
1650490 416
1650500 416
1650510 416
1650520 416
1650530 416
1650540 416
1650550 416
1650560 415
1650570 415
1650580 415
1650590 416
1650600 416
1650610 416
1650620 415
1650630 415
1650640 415
1650650 415
1650660 415
1650670 415
1650680 415
1650690 415
1650700 415
1650710 415
1650720 415
1650730 415
1650740 415
1650750 415
1650760 415
1650770 415
1650780 415
1650790 415
1650800 415
1650810 414
1650820 415
1650830 414
1650840 414
1650850 414
1650860 414
1650870 414
1650880 414
1650890 414
1650900 414
1650910 414
1650920 414
1650930 414
1650940 415
1650950 415
1650960 415
1650970 415
1650980 415
1650990 415
1651000 415
1651010 415
1651020 415
1651030 415
1651040 415
1651050 415
1651060 415
1651070 415
1651080 415
1651090 415
1651100 416
1651110 418
1651120 418
1651130 418
1651140 418
1651150 418
1651160 416
1651170 414
1651180 414
1651190 414
1651200 414
1651210 414
1651220 414
1651230 414
1651240 415
1651250 415
1651260 415
1651270 416
1651280 416
1651290 416
1651300 416
1651310 416
1651320 415
1651330 414
1651340 413
1651350 413
1651360 412
1651370 412
1651380 412
1651390 412
1651400 412
1651410 412
1651420 415
1651430 416
1651440 416
1651450 414
1651460 412
1651470 412
1651480 409
1651490 409
1651500 409
1651510 412
1651520 412
1651530 412
1651540 412
1651550 412
1651560 412
1651570 412
1651580 412
1651590 412
1651600 412
1651610 412
1651620 413
1651630 413
1651640 412
1651650 412
1651660 412
1651670 412
1651680 412
1651690 412
1651700 412
1651710 412
1651720 412
1651730 412
1651740 412
1651750 412
1651760 412
1651770 413
1651780 413
1651790 413
1651800 412
1651810 412
1651820 412
1651830 412
1651840 413
1651850 413
1651860 413
1651870 413
1651880 412
1651890 412
1651900 412
1651910 412
1651920 412
1651930 412
1651940 412
1651950 412
1651960 412
1651970 412
1651980 412
1651990 412
1652000 412
1652010 412
1652020 412
1652030 412
1652040 412
1652050 412
1652060 413
1652070 413
1652080 413
1652090 413
1652100 414
1652110 414
1652120 414
1652130 414
1652140 414
1652150 415
1652160 414
1652170 414
1652180 414
1652190 414
1652200 414
1652210 413
1652220 413
1652230 413
1652240 413
1652250 413
1652260 413
1652270 413
1652280 413
1652290 413
1652300 413
1652310 413
1652320 413
1652330 413
1652340 413
1652350 413
1652360 413
1652370 413
1652380 413
1652390 413
1652400 413
1652410 413
1652420 413
1652430 413
1652440 412
1652450 412
1652460 412
1652470 412
1652480 412
1652490 412
1652500 412
1652510 412
1652520 412
1652530 412
1652540 412
1652550 412
1652560 412
1652570 413
1652580 413
1652590 413
1652600 413
1652610 414
1652620 414
1652630 413
1652640 414
1652650 414
1652660 414
1652670 414
1652680 414
1652690 414
1652700 414
1652710 414
1652720 414
1652730 414
1652740 414
1652750 414
1652760 414
1652770 414
1652780 414
1652790 414
1652800 414
1652810 414
1652820 415
1652830 415
1652840 415
1652850 415
1652860 416
1652870 416
1652880 417
1652890 417
1652900 417
1652910 418
1652920 419
1652930 419
1652940 419
1652950 420
1652960 421
1652970 421
1652980 422
1652990 422
1653000 422
1653010 422
1653020 423
1653030 423
1653040 423
1653050 424
1653060 424
1653070 425
1653080 426
1653090 427
1653100 427
1653110 427
1653120 427
1653130 427
1653140 427
1653150 427
1653160 427
1653170 427
1653180 427
1653190 427
1653200 427
1653210 427
1653220 427
1653230 428
1653240 427
1653250 427
1653260 427
1653270 427
1653280 427
1653290 427
1653300 427
1653310 427
1653320 427
1653330 427
1653340 427
1653350 427
1653360 427
1653370 427
1653380 427
1653390 427
1653400 427
1653410 427
1653420 427
1653430 427
1653440 427
1653450 427
1653460 427
1653470 426
1653480 426
1653490 426
1653500 427
1653510 427
1653520 427
1653530 427
1653540 427
1653550 428
1653560 428
1653570 428
1653580 428
1653590 428
1653600 428
1653610 428
1653620 429
1653630 429
1653640 429
1653650 429
1653660 429
1653670 429
1653680 430
1653690 431
1653700 431
1653710 431
1653720 432
1653730 432
1653740 433
1653750 434
1653760 434
1653770 435
1653780 436
1653790 437
1653800 437
1653810 439
1653820 441
1653830 441
1653840 443
1653850 444
1653860 444
1653870 446
1653880 447
1653890 447
1653900 448
1653910 449
1653920 449
1653930 451
1653940 451
1653950 451
1653960 452
1653970 454
1653980 454
1653990 454
1654000 455
1654010 454
1654020 454
1654030 454
1654040 453
1654050 453
1654060 452
1654070 451
1654080 451
1654090 450
1654100 449
1654110 449
1654120 448
1654130 447
1654140 446
1654150 446
1654160 445
1654170 445
1654180 445
1654190 445
1654200 445
1654210 445
1654220 445
1654230 445
1654240 445
1654250 445
1654260 445
1654270 445
1654280 445
1654290 445
1654300 445
1654310 446
1654320 446
1654330 447
1654340 447
1654350 448
1654360 449
1654370 449
1654380 451
1654390 452
1654400 452
1654410 453
1654420 454
1654430 454
1654440 455
1654450 456
1654460 456
1654470 457
1654480 458
1654490 459
1654500 459
1654510 460
1654520 462
1654530 462
1654540 464
1654550 467
1654560 467
1654570 468
1654580 470
1654590 470
1654600 472
1654610 474
1654620 474
1654630 475
1654640 477
1654650 477
1654660 479
1654670 481
1654680 485
1654690 485
1654700 487
1654710 489
1654720 489
1654730 491
1654740 492
1654750 492
1654760 493
1654770 494
1654780 494
1654790 495
1654800 495
1654810 495
1654820 496
1654830 496
1654840 495
1654850 495
1654860 495
1654870 494
1654880 494
1654890 494
1654900 492
1654910 492
1654920 491
1654930 489
1654940 489
1654950 488
1654960 487
1654970 487
1654980 486
1654990 484
1655000 484
1655010 483
1655020 482
1655030 481
1655040 481
1655050 479
1655060 478
1655070 478
1655080 477
1655090 476
1655100 476
1655110 476
1655120 476
1655130 476
1655140 477
1655150 477
1655160 477
1655170 479
1655180 478
1655190 478
1655200 478
1655210 477
1655220 477
1655230 477
1655240 476
1655250 476
1655260 476
1655270 477
1655280 478
1655290 478
1655300 477
1655310 475
1655320 475
1655330 474
1655340 472
1655350 472
1655360 471
1655370 470
1655380 468
1655390 468
1655400 466
1655410 465
1655420 465
1655430 464
1655440 464
1655450 464
1655460 465
1655470 465
1655480 465
1655490 465
1655500 466
1655510 466
1655520 467
1655530 467
1655540 468
1655550 468
1655560 469
1655570 469
1655580 469
1655590 470
1655600 470
1655610 470
1655620 471
1655630 472
1655640 472
1655650 472
1655660 472
1655670 472
1655680 473
1655690 473
1655700 473
1655710 473
1655720 474
1655730 473
1655740 473
1655750 472
1655760 472
1655770 472
1655780 471
1655790 471
1655800 471
1655810 471
1655820 471
1655830 471
1655840 470
1655850 470
1655860 470
1655870 470
1655880 469
1655890 469
1655900 469
1655910 469
1655920 469
1655930 469
1655940 469
1655950 468
1655960 468
1655970 468
1655980 470
1655990 470
1656000 472
1656010 474
1656020 474
1656030 475
1656040 476
1656050 476
1656060 477
1656070 477
1656080 478
1656090 478
1656100 478
1656110 480
1656120 480
1656130 482
1656140 482
1656150 482
1656160 483
1656170 484
1656180 484
1656190 484
1656200 485
1656210 485
1656220 486
1656230 487
1656240 487
1656250 487
1656260 488
1656270 488
1656280 488
1656290 488
1656300 490
1656310 490
1656320 492
1656330 495
1656340 495
1656350 497
1656360 499
1656370 499
1656380 501
1656390 501
1656400 501
1656410 501
1656420 502
1656430 502
1656440 502
1656450 502
1656460 503
1656470 503
1656480 503
1656490 503
1656500 503
1656510 504
1656520 504
1656530 504
1656540 505
1656550 506
1656560 506
1656570 506
1656580 507
1656590 507
1656600 507
1656610 509
1656620 511
1656630 511
1656640 511
1656650 512
1656660 512
1656670 513
1656680 515
1656690 515
1656700 517
1656710 520
1656720 520
1656730 523
1656740 526
1656750 526
1656760 530
1656770 535
1656780 540
1656790 540
1656800 543
1656810 545
1656820 545
1656830 546
1656840 548
1656850 548
1656860 549
1656870 550
1656880 550
1656890 551
1656900 552
1656910 552
1656920 553
1656930 554
1656940 554
1656950 554
1656960 554
1656970 555
1656980 555
1656990 555
1657000 555
1657010 555
1657020 555
1657030 555
1657040 555
1657050 556
1657060 556
1657070 556
1657080 557
1657090 557
1657100 557
1657110 557
1657120 558
1657130 559
1657140 559
1657150 560
1657160 561
1657170 561
1657180 562
1657190 563
1657200 563
1657210 565
1657220 566
1657230 566
1657240 567
1657250 568
1657260 568
1657270 568
1657280 569
1657290 569
1657300 570
1657310 571
1657320 572
1657330 572
1657340 573
1657350 574
1657360 574
1657370 576
1657380 577
1657390 577
1657400 578
1657410 579
1657420 579
1657430 581
1657440 582
1657450 582
1657460 583
1657470 584
1657480 584
1657490 584
1657500 585
1657510 586
1657520 586
1657530 587
1657540 588
1657550 588
1657560 589
1657570 590
1657580 590
1657590 591
1657600 592
1657610 592
1657620 593
1657630 594
1657640 594
1657650 595
1657660 595
1657670 596
1657680 596
1657690 597
1657700 598
1657710 598
1657720 599
1657730 600
1657740 600
1657750 601
1657760 603
1657770 603
1657780 604
1657790 605
1657800 605
1657810 606
1657820 606
1657830 607
1657840 607
1657850 608
1657860 610
1657870 610
1657880 611
1657890 612
1657900 612
1657910 614
1657920 616
1657930 616
1657940 617
1657950 619
1657960 619
1657970 620
1657980 622
1657990 622
1658000 623
1658010 624
1658020 626
1658030 626
1658040 627
1658050 628
1658060 628
1658070 629
1658080 630
1658090 630
1658100 631
1658110 633
1658120 633
1658130 634
1658140 635
1658150 635
1658160 636
1658170 637
1658180 639
1658190 639
1658200 640
1658210 641
1658220 641
1658230 642
1658240 643
1658250 643
1658260 645
1658270 646
1658280 646
1658290 647
1658300 648
1658310 648
1658320 649
1658330 651
1658340 651
1658350 652
1658360 653
1658370 655
1658380 655
1658390 657
1658400 658
1658410 658
1658420 659
1658430 660
1658440 660
1658450 661
1658460 662
1658470 662
1658480 663
1658490 664
1658500 664
1658510 666
1658520 667
1658530 669
1658540 669
1658550 670
1658560 672
1658570 672
1658580 673
1658590 675
1658600 675
1658610 676
1658620 677
1658630 677
1658640 679
1658650 680
1658660 680
1658670 681
1658680 682
1658690 682
1658700 683
1658710 685
1658720 686
1658730 686
1658740 687
1658750 688
1658760 688
1658770 690
1658780 691
1658790 691
1658800 693
1658810 694
1658820 694
1658830 697
1658840 698
1658850 698
1658860 700
1658870 702
1658880 705
1658890 705
1658900 708
1658910 712
1658920 712
1658930 717
1658940 721
1658950 721
1658960 725
1658970 727
1658980 727
1658990 729
1659000 729
1659010 729
1659020 729
1659030 729
1659040 729
1659050 731
1659060 734
1659070 737
1659080 737
1659090 739
1659100 740
1659110 740
1659120 730
1659130 727
1659140 727
1659150 723
1659160 720
1659170 720
1659180 717
1659190 714
1659200 714
1659210 712
1659220 711
1659230 710
1659240 710
1659250 710
1659260 710
1659270 710
1659280 712
1659290 714
1659300 714
1659310 717
1659320 720
1659330 720
1659340 723
1659350 727
1659360 727
1659370 731
1659380 736
1659390 736
1659400 741
1659410 747
1659420 753
1659430 753
1659440 760
1659450 767
1659460 767
1659470 774
1659480 781
1659490 781
1659500 788
1659510 795
1659520 795
1659530 802
1659540 807
1659550 804
1659560 810
1659570 814
1659580 819
1659590 819
1659600 824
1659610 828
1659620 828
1659630 831
1659640 836
1659650 836
1659660 840
1659670 846
1659680 846
1659690 852
1659700 858
1659710 858
1659720 865
1659730 871
1659740 871
1659750 878
1659760 887
1659770 898
1659780 898
1659790 911
1659800 922
1659810 922
1659820 931
1659830 937
1659840 937
1659850 942
1659860 947
1659870 947
1659880 951
1659890 955
1659900 955
1659910 958
1659920 960
1659930 963
1659940 963
1659950 965
1659960 968
1659970 968
1659980 971
1659990 974
