1640000 1032
1640010 1032
1640020 1032
1640030 1032
1640040 1032
1640050 1032
1640060 1032
1640070 1031
1640080 1031
1640090 1030
1640100 1030
1640110 1029
1640120 1028
1640130 1028
1640140 1027
1640150 1026
1640160 1026
1640170 1025
1640180 1024
1640190 1024
1640200 1023
1640210 1023
1640220 1023
1640230 1022
1640240 1021
1640250 1021
1640260 1021
1640270 1020
1640280 1019
1640290 1019
1640300 1018
1640310 1017
1640320 1017
1640330 1017
1640340 1016
1640350 1016
1640360 1016
1640370 1015
1640380 1015
1640390 1014
1640400 1014
1640410 1014
1640420 1013
1640430 1012
1640440 1010
1640450 1010
1640460 1009
1640470 1008
1640480 1008
1640490 1007
1640500 1006
1640510 1006
1640520 1005
1640530 1004
1640540 1004
1640550 1002
1640560 1000
1640570 1000
1640580 999
1640590 999
1640600 998
1640610 998
1640620 997
1640630 996
1640640 994
1640650 994
1640660 993
1640670 993
1640680 992
1640690 991
1640700 991
1640710 990
1640720 989
1640730 989
1640740 988
1640750 987
1640760 987
1640770 986
1640780 984
1640790 983
1640800 983
1640810 983
1640820 982
1640830 982
1640840 981
1640850 980
1640860 980
1640870 981
1640880 984
1640890 984
1640900 986
1640910 987
1640920 987
1640930 988
1640940 987
1640950 983
1640960 983
1640970 978
1640980 973
1640990 973
1641000 969
1641010 968
1641020 968
1641030 968
1641040 967
1641050 967
1641060 966
1641070 965
1641080 965
1641090 964
1641100 967
1641110 967
1641120 969
1641130 970
1641140 969
1641150 969
1641160 966
1641170 961
1641180 961
1641190 958
1641200 955
1641210 955
1641220 955
1641230 957
1641240 957
1641250 960
1641260 963
1641270 963
1641280 965
1641290 966
1641300 968
1641310 968
1641320 969
1641330 968
1641340 968
1641350 967
1641360 966
1641370 966
1641380 965
1641390 964
1641400 964
1641410 963
1641420 961
1641430 961
1641440 959
1641450 953
1641460 953
1641470 952
1641480 950
1641490 948
1641500 948
1641510 947
1641520 946
1641530 946
1641540 943
1641550 940
1641560 940
1641570 938
1641580 935
1641590 935
1641600 932
1641610 928
1641620 928
1641630 926
1641640 925
1641650 925
1641660 925
1641670 925
1641680 925
1641690 925
1641700 927
1641710 928
1641720 928
1641730 929
1641740 930
1641750 930
1641760 932
1641770 934
1641780 934
1641790 936
1641800 940
1641810 940
1641820 943
1641830 946
1641840 948
1641850 948
1641860 950
1641870 952
1641880 952
1641890 955
1641900 957
1641910 957
1641920 957
1641930 957
1641940 957
1641950 958
1641960 958
1641970 958
1641980 958
1641990 956
1642000 956
1642010 955
1642020 955
1642030 954
1642040 954
1642050 953
1642060 951
1642070 951
1642080 949
1642090 947
1642100 947
1642110 944
1642120 942
1642130 942
1642140 940
1642150 937
1642160 937
1642170 934
1642180 932
1642190 929
1642200 929
1642210 927
1642220 923
1642230 923
1642240 920
1642250 916
1642260 916
1642270 913
1642280 910
1642290 910
1642300 907
1642310 903
1642320 903
1642330 900
1642340 897
1642350 897
1642360 892
1642370 889
1642380 886
1642390 886
1642400 883
1642410 881
1642420 881
1642430 876
1642440 871
1642450 871
1642460 867
1642470 862
1642480 862
1642490 856
1642500 849
1642510 849
1642520 845
1642530 842
1642540 840
1642550 840
1642560 844
1642570 851
1642580 851
1642590 855
1642600 859
1642610 859
1642620 863
1642630 868
1642640 868
1642650 872
1642660 874
1642670 874
1642680 875
1642690 877
1642700 877
1642710 878
1642720 878
1642730 879
1642740 879
1642750 880
1642760 881
1642770 881
1642780 882
1642790 883
1642800 883
1642810 884
1642820 885
1642830 885
1642840 886
1642850 886
1642860 886
1642870 886
1642880 885
1642890 884
1642900 884
1642910 883
1642920 882
1642930 882
1642940 882
1642950 882
1642960 882
1642970 882
1642980 883
1642990 883
1643000 885
1643010 887
1643020 887
1643030 888
1643040 890
1643050 892
1643060 892
1643070 893
1643080 892
1643090 892
1643100 892
1643110 893
1643120 893
1643130 892
1643140 891
1643150 891
1643160 891
1643170 890
1643180 890
1643190 889
1643200 887
1643210 887
1643220 885
1643230 882
1643240 879
1643250 879
1643260 877
1643270 874
1643280 874
1643290 871
1643300 868
1643310 868
1643320 865
1643330 862
1643340 862
1643350 860
1643360 857
1643370 857
1643380 856
1643390 854
1643400 854
1643410 851
1643420 849
1643430 848
1643440 848
1643450 847
1643460 846
1643470 846
1643480 845
1643490 843
1643500 843
1643510 840
1643520 837
1643530 837
1643540 835
1643550 831
1643560 831
1643570 828
1643580 825
1643590 822
1643600 822
1643610 819
1643620 816
1643630 816
1643640 812
1643650 807
1643660 807
1643670 802
1643680 797
1643690 797
1643700 791
1643710 786
1643720 786
1643730 784
1643740 783
1643750 783
1643760 781
1643770 779
1643780 776
1643790 776
1643800 772
1643810 768
1643820 768
1643830 764
1643840 760
1643850 760
1643860 762
1643870 765
1643880 765
1643890 767
1643900 767
1643910 767
1643920 767
1643930 767
1643940 767
1643950 767
1643960 767
1643970 768
1643980 768
1643990 767
1644000 767
1644010 767
1644020 766
1644030 765
1644040 765
1644050 764
1644060 762
1644070 762
1644080 760
1644090 758
1644100 758
1644110 756
1644120 753
1644130 750
1644140 750
1644150 748
1644160 746
1644170 746
1644180 744
1644190 743
1644200 743
1644210 741
1644220 740
1644230 740
1644240 737
1644250 735
1644260 735
1644270 734
1644280 733
1644290 732
1644300 732
1644310 731
1644320 731
1644330 731
1644340 730
1644350 729
1644360 729
1644370 729
1644380 728
1644390 728
1644400 728
1644410 725
1644420 725
1644430 722
1644440 718
1644450 718
1644460 716
1644470 718
1644480 718
1644490 718
1644500 716
1644510 713
1644520 713
1644530 711
1644540 708
1644550 708
1644560 704
1644570 702
1644580 702
1644590 700
1644600 698
1644610 698
1644620 697
1644630 694
1644640 694
1644650 692
1644660 691
1644670 691
1644680 691
1644690 690
1644700 689
1644710 689
1644720 687
1644730 685
1644740 685
1644750 684
1644760 684
1644770 684
1644780 683
1644790 681
1644800 681
1644810 680
1644820 678
1644830 676
1644840 676
1644850 674
1644860 672
1644870 672
1644880 671
1644890 670
1644900 670
1644910 668
1644920 666
1644930 666
1644940 664
1644950 662
1644960 662
1644970 658
1644980 656
1644990 656
1645000 654
1645010 653
1645020 650
1645030 650
1645040 648
1645050 653
1645060 653
1645070 657
1645080 661
1645090 661
1645100 663
1645110 663
1645120 663
1645130 662
1645140 659
1645150 659
1645160 657
1645170 656
1645180 655
1645190 655
1645200 656
1645210 657
1645220 657
1645230 658
1645240 660
1645250 660
1645260 662
1645270 664
1645280 664
1645290 666
1645300 667
1645310 667
1645320 668
1645330 667
1645340 667
1645350 664
1645360 660
1645370 655
1645380 655
1645390 650
1645400 646
1645410 646
1645420 641
1645430 639
1645440 639
1645450 636
1645460 634
1645470 634
1645480 632
1645490 629
1645500 629
1645510 627
1645520 625
1645530 623
1645540 623
1645550 621
1645560 620
1645570 620
1645580 617
1645590 617
1645600 617
1645610 618
1645620 619
1645630 619
1645640 619
1645650 618
1645660 618
1645670 615
1645680 611
1645690 611
1645700 606
1645710 601
1645720 596
1645730 596
1645740 591
1645750 583
1645760 583
1645770 580
1645780 579
1645790 579
1645800 579
1645810 579
1645820 579
1645830 578
1645840 579
1645850 579
1645860 580
1645870 582
1645880 585
1645890 585
1645900 587
1645910 587
1645920 587
1645930 586
1645940 584
1645950 584
1645960 582
1645970 579
1645980 579
1645990 576
1646000 573
1646010 573
1646020 570
1646030 568
1646040 568
1646050 566
1646060 564
1646070 562
1646080 562
1646090 562
1646100 560
1646110 560
1646120 560
1646130 561
1646140 561
1646150 560
1646160 558
1646170 558
1646180 555
1646190 552
1646200 552
1646210 548
1646220 547
1646230 544
1646240 544
1646250 540
1646260 536
1646270 536
1646280 533
1646290 529
1646300 529
1646310 525
1646320 522
1646330 522
1646340 519
1646350 517
1646360 517
1646370 516
1646380 515
1646390 515
1646400 514
1646410 512
1646420 510
1646430 510
1646440 508
1646450 506
1646460 506
1646470 505
1646480 504
1646490 504
1646500 502
1646510 500
1646520 500
1646530 499
1646540 497
1646550 497
1646560 496
1646570 495
1646580 494
1646590 494
1646600 493
1646610 492
1646620 492
1646630 491
1646640 491
1646650 491
1646660 490
1646670 490
1646680 490
1646690 490
1646700 490
1646710 490
1646720 490
1646730 489
1646740 489
1646750 489
1646760 488
1646770 488
1646780 488
1646790 488
1646800 488
1646810 488
1646820 487
1646830 487
1646840 487
1646850 487
1646860 487
1646870 487
1646880 486
1646890 485
1646900 485
1646910 485
1646920 485
1646930 484
1646940 484
1646950 484
1646960 484
1646970 484
1646980 483
1646990 483
1647000 483
1647010 483
1647020 484
1647030 484
1647040 487
1647050 488
1647060 488
1647070 488
1647080 485
1647090 485
1647100 483
1647110 481
1647120 480
1647130 480
1647140 479
1647150 478
1647160 478
1647170 478
1647180 477
1647190 477
1647200 477
1647210 477
1647220 477
1647230 476
1647240 476
1647250 476
1647260 476
1647270 476
1647280 476
1647290 475
1647300 475
1647310 474
1647320 474
1647330 474
1647340 474
1647350 474
1647360 474
1647370 473
1647380 473
1647390 473
1647400 473
1647410 473
1647420 472
1647430 472
1647440 472
1647450 472
1647460 472
1647470 472
1647480 472
1647490 471
1647500 471
1647510 471
1647520 471
1647530 471
1647540 471
1647550 471
1647560 470
1647570 470
1647580 469
1647590 469
1647600 469
1647610 468
1647620 467
1647630 467
1647640 467
1647650 467
1647660 467
1647670 467
1647680 467
1647690 467
1647700 467
1647710 467
1647720 467
1647730 467
1647740 467
1647750 467
1647760 466
1647770 466
1647780 466
1647790 466
1647800 466
1647810 465
1647820 465
1647830 465
1647840 465
1647850 465
1647860 465
1647870 464
1647880 464
1647890 464
1647900 464
1647910 464
1647920 464
1647930 464
1647940 463
1647950 463
1647960 463
1647970 463
1647980 463
1647990 462
1648000 462
1648010 461
1648020 461
1648030 461
1648040 460
1648050 460
1648060 460
1648070 460
1648080 460
1648090 459
1648100 459
1648110 459
1648120 459
1648130 459
1648140 459
1648150 458
1648160 458
1648170 458
1648180 458
1648190 458
1648200 458
1648210 458
1648220 457
1648230 456
1648240 456
1648250 456
1648260 456
1648270 456
1648280 455
1648290 455
1648300 455
1648310 455
1648320 454
1648330 454
1648340 454
1648350 453
1648360 453
1648370 453
1648380 453
1648390 452
1648400 452
1648410 452
1648420 452
1648430 452
1648440 452
1648450 451
1648460 451
1648470 451
1648480 451
1648490 451
1648500 450
1648510 450
1648520 450
1648530 450
1648540 450
1648550 450
1648560 450
1648570 449
1648580 449
1648590 449
1648600 449
1648610 449
1648620 449
1648630 448
1648640 448
1648650 448
1648660 448
1648670 448
1648680 448
1648690 448
1648700 448
1648710 448
1648720 448
1648730 448
1648740 447
1648750 447
1648760 447
1648770 447
1648780 447
1648790 448
1648800 448
1648810 448
1648820 448
1648830 447
1648840 447
1648850 447
1648860 447
1648870 447
1648880 447
1648890 446
1648900 446
1648910 446
1648920 446
1648930 446
1648940 446
1648950 445
1648960 445
1648970 445
1648980 445
1648990 445
1649000 445
1649010 445
1649020 444
1649030 444
1649040 444
1649050 444
1649060 444
1649070 444
1649080 443
1649090 443
1649100 443
1649110 443
1649120 443
1649130 443
1649140 443
1649150 443
1649160 443
1649170 447
1649180 447
1649190 447
1649200 447
1649210 447
1649220 443
1649230 443
1649240 441
1649250 441
1649260 441
1649270 441
1649280 441
1649290 441
1649300 441
1649310 440
1649320 440
1649330 440
1649340 439
1649350 439
1649360 438
1649370 438
1649380 438
1649390 438
1649400 438
1649410 438
1649420 438
1649430 438
1649440 438
1649450 438
1649460 438
1649470 437
1649480 437
1649490 437
1649500 437
1649510 437
1649520 436
1649530 436
1649540 436
1649550 435
1649560 435
1649570 434
1649580 434
1649590 434
1649600 434
1649610 434
1649620 434
1649630 434
1649640 434
1649650 433
1649660 433
1649670 433
1649680 433
1649690 433
1649700 433
1649710 433
1649720 433
1649730 433
1649740 434
1649750 435
1649760 435
1649770 435
1649780 436
1649790 436
1649800 436
1649810 437
1649820 437
1649830 437
1649840 437
1649850 437
1649860 437
1649870 437
1649880 436
1649890 436
1649900 436
1649910 435
1649920 435
1649930 432
1649940 429
1649950 427
1649960 427
1649970 426
1649980 426
1649990 426
1650000 426
1650010 426
1650020 426
1650030 426
1650040 425
1650050 425
1650060 425
1650070 425
1650080 425
1650090 425
1650100 424
1650110 424
1650120 424
1650130 424
1650140 424
1650150 424
1650160 424
1650170 424
1650180 424
1650190 424
1650200 424
1650210 424
1650220 424
1650230 423
1650240 423
1650250 423
1650260 423
1650270 423
1650280 423
1650290 423
1650300 422
1650310 422
1650320 422
1650330 422
1650340 422
1650350 424
1650360 424
1650370 424
1650380 422
1650390 422
1650400 422
1650410 422
1650420 422
1650430 422
1650440 422
1650450 422
1650460 421
1650470 421
1650480 421
1650490 421
1650500 421
1650510 421
1650520 421
1650530 421
1650540 421
1650550 421
1650560 421
1650570 421
1650580 421
1650590 421
1650600 420
1650610 420
1650620 420
1650630 420
1650640 420
1650650 420
1650660 420
1650670 420
1650680 420
1650690 420
1650700 420
1650710 420
1650720 420
1650730 420
1650740 421
1650750 421
1650760 421
1650770 421
1650780 421
1650790 421
1650800 422
1650810 424
1650820 423
1650830 424
1650840 424
1650850 424
1650860 423
1650870 423
1650880 423
1650890 422
1650900 420
1650910 420
1650920 420
1650930 421
1650940 421
1650950 422
1650960 422
1650970 422
1650980 422
1650990 422
1651000 422
1651010 422
1651020 422
1651030 422
1651040 422
1651050 422
1651060 423
1651070 423
1651080 423
1651090 424
1651100 424
1651110 427
1651120 429
1651130 429
1651140 430
1651150 430
1651160 430
1651170 430
1651180 428
1651190 424
1651200 424
1651210 421
1651220 421
1651230 421
1651240 420
1651250 419
1651260 419
1651270 419
1651280 418
1651290 418
1651300 418
1651310 418
1651320 418
1651330 418
1651340 419
1651350 418
1651360 418
1651370 418
1651380 417
1651390 417
1651400 417
1651410 417
1651420 417
1651430 417
1651440 417
1651450 417
1651460 417
1651470 418
1651480 418
1651490 417
1651500 416
1651510 417
1651520 417
1651530 416
1651540 416
1651550 416
1651560 416
1651570 416
1651580 416
1651590 416
1651600 416
1651610 416
1651620 417
1651630 416
1651640 416
1651650 416
1651660 417
1651670 417
1651680 418
1651690 417
1651700 416
1651710 416
1651720 414
1651730 416
1651740 416
1651750 417
1651760 418
1651770 418
1651780 417
1651790 417
1651800 417
1651810 417
1651820 416
1651830 416
1651840 416
1651850 417
1651860 417
1651870 417
1651880 417
1651890 417
1651900 417
1651910 417
1651920 417
1651930 417
1651940 417
1651950 417
1651960 417
1651970 417
1651980 416
1651990 416
1652000 417
1652010 417
1652020 417
1652030 417
1652040 417
1652050 417
1652060 417
1652070 417
1652080 417
1652090 417
1652100 417
1652110 417
1652120 417
1652130 418
1652140 418
1652150 418
1652160 418
1652170 418
1652180 418
1652190 418
1652200 418
1652210 418
1652220 418
1652230 418
1652240 418
1652250 418
1652260 418
1652270 417
1652280 417
1652290 417
1652300 417
1652310 417
1652320 417
1652330 417
1652340 417
1652350 417
1652360 417
1652370 417
1652380 417
1652390 417
1652400 417
1652410 417
1652420 417
1652430 417
1652440 417
1652450 417
1652460 417
1652470 417
1652480 417
1652490 416
1652500 416
1652510 416
1652520 416
1652530 416
1652540 416
1652550 417
1652560 417
1652570 417
1652580 417
1652590 417
1652600 417
1652610 417
1652620 417
1652630 417
1652640 418
1652650 418
1652660 418
1652670 417
1652680 420
1652690 420
1652700 420
1652710 418
1652720 418
1652730 417
1652740 417
1652750 417
1652760 417
1652770 417
1652780 417
1652790 417
1652800 418
1652810 418
1652820 418
1652830 418
1652840 418
1652850 418
1652860 418
1652870 418
1652880 418
1652890 418
1652900 418
1652910 418
1652920 418
1652930 419
1652940 419
1652950 419
1652960 418
1652970 418
1652980 418
1652990 418
1653000 418
1653010 418
1653020 418
1653030 419
1653040 419
1653050 421
1653060 423
1653070 423
1653080 425
1653090 427
1653100 428
1653110 428
1653120 429
1653130 430
1653140 430
1653150 430
1653160 431
1653170 431
1653180 431
1653190 432
1653200 432
1653210 432
1653220 433
1653230 433
1653240 434
1653250 435
1653260 435
1653270 436
1653280 437
1653290 438
1653300 438
1653310 439
1653320 441
1653330 441
1653340 442
1653350 443
1653360 443
1653370 443
1653380 444
1653390 444
1653400 445
1653410 446
1653420 446
1653430 446
1653440 447
1653450 447
1653460 447
1653470 447
1653480 448
1653490 448
1653500 448
1653510 449
1653520 449
1653530 449
1653540 450
1653550 450
1653560 451
1653570 451
1653580 451
1653590 451
1653600 452
1653610 452
1653620 452
1653630 452
1653640 452
1653650 452
1653660 452
1653670 452
1653680 452
1653690 453
1653700 453
1653710 453
1653720 453
1653730 453
1653740 453
1653750 453
1653760 453
1653770 453
1653780 453
1653790 452
1653800 452
1653810 452
1653820 452
1653830 453
1653840 453
1653850 453
1653860 453
1653870 453
1653880 453
1653890 453
1653900 453
1653910 453
1653920 453
1653930 453
1653940 453
1653950 453
1653960 453
1653970 452
1653980 452
1653990 451
1654000 451
1654010 451
1654020 450
1654030 450
1654040 450
1654050 450
1654060 450
1654070 450
1654080 450
1654090 450
1654100 450
1654110 450
1654120 450
1654130 449
1654140 449
1654150 449
1654160 449
1654170 449
1654180 449
1654190 449
1654200 449
1654210 450
1654220 450
1654230 451
1654240 452
1654250 452
1654260 452
1654270 454
1654280 454
1654290 455
1654300 455
1654310 455
1654320 455
1654330 456
1654340 456
1654350 456
1654360 456
1654370 457
1654380 457
1654390 457
1654400 458
1654410 458
1654420 458
1654430 459
1654440 459
1654450 459
1654460 461
1654470 461
1654480 464
1654490 465
1654500 465
1654510 465
1654520 465
1654530 464
1654540 464
1654550 463
1654560 465
1654570 463
1654580 465
1654590 466
1654600 466
1654610 467
1654620 468
1654630 468
1654640 469
1654650 470
1654660 470
1654670 470
1654680 470
1654690 467
1654700 467
1654710 467
1654720 468
1654730 468
1654740 469
1654750 469
1654760 469
1654770 469
1654780 469
1654790 469
1654800 469
1654810 469
1654820 469
1654830 470
1654840 470
1654850 470
1654860 470
1654870 471
1654880 473
1654890 473
1654900 474
1654910 475
1654920 475
1654930 475
1654940 474
1654950 474
1654960 474
1654970 474
1654980 474
1654990 474
1655000 475
1655010 475
1655020 476
1655030 477
1655040 477
1655050 477
1655060 478
1655070 479
1655080 479
1655090 479
1655100 480
1655110 480
1655120 480
1655130 481
1655140 481
1655150 482
1655160 483
1655170 483
1655180 483
1655190 484
1655200 484
1655210 484
1655220 486
1655230 488
1655240 488
1655250 489
1655260 491
1655270 491
1655280 492
1655290 491
1655300 491
1655310 491
1655320 492
1655330 492
1655340 495
1655350 500
1655360 500
1655370 502
1655380 503
1655390 505
1655400 505
1655410 506
1655420 507
1655430 507
1655440 509
1655450 510
1655460 510
1655470 512
1655480 514
1655490 514
1655500 513
1655510 510
1655520 510
1655530 508
1655540 509
1655550 509
1655560 513
1655570 515
1655580 514
1655590 514
1655600 512
1655610 511
1655620 511
1655630 509
1655640 507
1655650 507
1655660 506
1655670 505
1655680 505
1655690 503
1655700 502
1655710 502
1655720 502
1655730 502
1655740 502
1655750 503
1655760 503
1655770 503
1655780 503
1655790 503
1655800 504
1655810 504
1655820 504
1655830 504
1655840 504
1655850 505
1655860 506
1655870 506
1655880 506
1655890 507
1655900 507
1655910 508
1655920 508
1655930 509
1655940 509
1655950 509
1655960 510
1655970 510
1655980 510
1655990 511
1656000 511
1656010 512
1656020 512
1656030 512
1656040 513
1656050 514
1656060 514
1656070 514
1656080 515
1656090 515
1656100 515
1656110 516
1656120 516
1656130 516
1656140 516
1656150 517
1656160 517
1656170 518
1656180 519
1656190 519
1656200 520
1656210 520
1656220 520
1656230 520
1656240 521
1656250 521
1656260 521
1656270 522
1656280 523
1656290 523
1656300 524
1656310 527
1656320 527
1656330 530
1656340 532
1656350 532
1656360 533
1656370 534
1656380 534
1656390 535
1656400 535
1656410 535
1656420 536
1656430 537
1656440 537
1656450 537
1656460 538
1656470 538
1656480 538
1656490 539
1656500 541
1656510 541
1656520 542
1656530 543
1656540 543
1656550 544
1656560 544
1656570 544
1656580 545
1656590 546
1656600 546
1656610 547
1656620 547
1656630 548
1656640 548
1656650 548
1656660 549
1656670 549
1656680 549
1656690 550
1656700 550
1656710 550
1656720 550
1656730 550
1656740 551
1656750 552
1656760 552
1656770 553
1656780 553
1656790 554
1656800 554
1656810 556
1656820 557
1656830 557
1656840 558
1656850 560
1656860 560
1656870 561
1656880 562
1656890 562
1656900 563
1656910 565
1656920 565
1656930 567
1656940 568
1656950 568
1656960 569
1656970 571
1656980 572
1656990 572
1657000 573
1657010 576
1657020 576
1657030 578
1657040 580
1657050 580
1657060 583
1657070 584
1657080 584
1657090 586
1657100 588
1657110 588
1657120 591
1657130 593
1657140 593
1657150 595
1657160 597
1657170 599
1657180 599
1657190 601
1657200 603
1657210 603
1657220 606
1657230 608
1657240 608
1657250 610
1657260 612
1657270 612
1657280 614
1657290 617
1657300 617
1657310 620
1657320 624
1657330 628
1657340 628
1657350 632
1657360 635
1657370 635
1657380 638
1657390 642
1657400 642
1657410 645
1657420 649
1657430 649
1657440 654
1657450 657
1657460 657
1657470 660
1657480 659
1657490 659
1657500 657
1657510 656
1657520 662
1657530 662
1657540 661
1657550 658
1657560 658
1657570 653
1657580 649
1657590 649
1657600 646
1657610 645
1657620 645
1657630 645
1657640 644
1657650 644
1657660 642
1657670 640
1657680 640
1657690 639
1657700 638
1657710 637
1657720 637
1657730 636
1657740 634
1657750 634
1657760 633
1657770 632
1657780 632
1657790 630
1657800 630
1657810 630
1657820 630
1657830 630
1657840 630
1657850 629
1657860 629
1657870 628
1657880 628
1657890 628
1657900 627
1657910 627
1657920 627
1657930 626
1657940 626
1657950 625
1657960 625
1657970 625
1657980 626
1657990 624
1658000 624
1658010 624
1658020 626
1658030 626
1658040 628
1658050 630
1658060 632
1658070 632
1658080 634
1658090 636
1658100 636
1658110 638
1658120 641
1658130 641
1658140 643
1658150 645
1658160 645
1658170 647
1658180 649
1658190 649
1658200 652
1658210 656
1658220 658
1658230 658
1658240 660
1658250 662
1658260 662
1658270 664
1658280 665
1658290 665
1658300 667
1658310 668
1658320 668
1658330 670
1658340 672
1658350 672
1658360 675
1658370 678
1658380 678
1658390 682
1658400 687
1658410 692
1658420 692
1658430 697
1658440 703
1658450 703
1658460 708
1658470 713
1658480 713
1658490 718
1658500 722
1658510 722
1658520 727
1658530 731
1658540 731
1658550 735
1658560 741
1658570 746
1658580 746
1658590 751
1658600 757
1658610 757
1658620 762
1658630 769
1658640 769
1658650 776
1658660 783
1658670 783
1658680 789
1658690 794
1658700 794
1658710 799
1658720 803
1658730 803
1658740 806
1658750 809
1658760 812
1658770 812
1658780 814
1658790 817
1658800 817
1658810 819
1658820 822
1658830 822
1658840 825
1658850 828
1658860 828
1658870 831
1658880 833
1658890 833
1658900 837
1658910 839
1658920 842
1658930 842
1658940 845
1658950 848
1658960 848
1658970 851
1658980 853
1658990 853
1659000 856
1659010 859
1659020 859
1659030 863
1659040 867
1659050 867
1659060 872
1659070 875
1659080 875
1659090 878
1659100 881
1659110 885
1659120 885
1659130 890
1659140 897
1659150 897
1659160 901
1659170 904
1659180 904
1659190 907
1659200 910
1659210 910
1659220 913
1659230 917
1659240 917
1659250 920
1659260 924
1659270 927
1659280 927
1659290 931
1659300 935
1659310 935
1659320 940
1659330 945
1659340 945
1659350 950
1659360 955
1659370 955
1659380 959
1659390 963
1659400 963
1659410 967
1659420 971
1659430 971
1659440 975
1659450 978
1659460 982
1659470 982
1659480 985
1659490 989
1659500 989
1659510 992
1659520 995
1659530 995
1659540 999
1659550 1002
1659560 1002
1659570 1006
1659580 1010
1659590 1010
1659600 1013
1659610 1017
1659620 1019
1659630 1019
1659640 1021
1659650 1023
1659660 1023
1659670 1024
1659680 1026
1659690 1024
1659700 1026
1659710 1028
1659720 1028
1659730 1030
1659740 1032
1659750 1032
1659760 1034
1659770 1036
1659780 1036
1659790 1038
1659800 1040
1659810 1043
1659820 1043
1659830 1045
1659840 1047
1659850 1047
1659860 1049
1659870 1051
1659880 1051
1659890 1053
1659900 1056
1659910 1056
1659920 1058
1659930 1061
1659940 1061
1659950 1064
1659960 1067
1659970 1067
1659980 1071
1659990 1076
