1640000 1116
1640010 1116
1640020 1116
1640030 1116
1640040 1116
1640050 1117
1640060 1117
1640070 1117
1640080 1117
1640090 1117
1640100 1117
1640110 1115
1640120 1113
1640130 1113
1640140 1112
1640150 1110
1640160 1110
1640170 1107
1640180 1104
1640190 1104
1640200 1101
1640210 1098
1640220 1096
1640230 1096
1640240 1094
1640250 1092
1640260 1092
1640270 1090
1640280 1087
1640290 1087
1640300 1084
1640310 1081
1640320 1081
1640330 1081
1640340 1080
1640350 1080
1640360 1079
1640370 1077
1640380 1077
1640390 1074
1640400 1072
1640410 1070
1640420 1070
1640430 1067
1640440 1065
1640450 1065
1640460 1062
1640470 1060
1640480 1060
1640490 1059
1640500 1059
1640510 1059
1640520 1059
1640530 1059
1640540 1059
1640550 1059
1640560 1060
1640570 1060
1640580 1060
1640590 1061
1640600 1061
1640610 1061
1640620 1061
1640630 1062
1640640 1062
1640650 1063
1640660 1064
1640670 1064
1640680 1066
1640690 1067
1640700 1067
1640710 1068
1640720 1070
1640730 1070
1640740 1071
1640750 1072
1640760 1072
1640770 1072
1640780 1072
1640790 1073
1640800 1073
1640810 1073
1640820 1072
1640830 1072
1640840 1072
1640850 1071
1640860 1071
1640870 1071
1640880 1072
1640890 1072
1640900 1072
1640910 1069
1640920 1069
1640930 1067
1640940 1063
1640950 1062
1640960 1062
1640970 1060
1640980 1058
1640990 1058
1641000 1056
1641010 1055
1641020 1055
1641030 1053
1641040 1051
1641050 1051
1641060 1049
1641070 1048
1641080 1048
1641090 1046
1641100 1044
1641110 1042
1641120 1042
1641130 1040
1641140 1039
1641150 1039
1641160 1037
1641170 1035
1641180 1035
1641190 1032
1641200 1030
1641210 1030
1641220 1028
1641230 1026
1641240 1026
1641250 1023
1641260 1021
1641270 1021
1641280 1017
1641290 1013
1641300 1010
1641310 1010
1641320 1008
1641330 1006
1641340 1006
1641350 1004
1641360 1003
1641370 1003
1641380 1001
1641390 999
1641400 999
1641410 997
1641420 995
1641430 995
1641440 995
1641450 993
1641460 990
1641470 990
1641480 986
1641490 983
1641500 983
1641510 980
1641520 978
1641530 978
1641540 976
1641550 974
1641560 974
1641570 971
1641580 969
1641590 969
1641600 967
1641610 965
1641620 965
1641630 962
1641640 960
1641650 957
1641660 957
1641670 952
1641680 948
1641690 948
1641700 946
1641710 944
1641720 944
1641730 942
1641740 941
1641750 940
1641760 938
1641770 937
1641780 937
1641790 935
1641800 933
1641810 932
1641820 932
1641830 931
1641840 930
1641850 930
1641860 929
1641870 927
1641880 927
1641890 924
1641900 922
1641910 922
1641920 921
1641930 919
1641940 919
1641950 919
1641960 919
1641970 919
1641980 919
1641990 917
1642000 915
1642010 915
1642020 912
1642030 909
1642040 909
1642050 907
1642060 905
1642070 905
1642080 902
1642090 899
1642100 899
1642110 896
1642120 893
1642130 893
1642140 890
1642150 889
1642160 888
1642170 888
1642180 885
1642190 881
1642200 881
1642210 878
1642220 875
1642230 875
1642240 873
1642250 872
1642260 872
1642270 878
1642280 884
1642290 884
1642300 889
1642310 893
1642320 893
1642330 897
1642340 902
1642350 905
1642360 905
1642370 909
1642380 911
1642390 911
1642400 914
1642410 916
1642420 916
1642430 918
1642440 920
1642450 920
1642460 922
1642470 924
1642480 924
1642490 926
1642500 927
1642510 929
1642520 929
1642530 930
1642540 932
1642550 933
1642560 933
1642570 934
1642580 934
1642590 937
1642600 939
1642610 939
1642620 939
1642630 940
1642640 940
1642650 940
1642660 941
1642670 941
1642680 940
1642690 940
1642700 939
1642710 939
1642720 938
1642730 937
1642740 937
1642750 935
1642760 932
1642770 932
1642780 928
1642790 925
1642800 925
1642810 921
1642820 917
1642830 917
1642840 914
1642850 912
1642860 912
1642870 909
1642880 907
1642890 905
1642900 905
1642910 903
1642920 901
1642930 901
1642940 898
1642950 895
1642960 895
1642970 892
1642980 889
1642990 889
1643000 886
1643010 883
1643020 883
1643030 880
1643040 875
1643050 870
1643060 870
1643070 866
1643080 864
1643090 864
1643100 860
1643110 857
1643120 857
1643130 857
1643140 860
1643150 860
1643160 860
1643170 858
1643180 858
1643190 857
1643200 853
1643210 853
1643220 848
1643230 841
1643240 834
1643250 834
1643260 829
1643270 826
1643280 826
1643290 823
1643300 820
1643310 820
1643320 817
1643330 815
1643340 815
1643350 807
1643360 807
1643370 807
1643380 809
1643390 808
1643400 804
1643410 804
1643420 801
1643430 798
1643440 798
1643450 799
1643460 797
1643470 797
1643480 793
1643490 791
1643500 791
1643510 791
1643520 788
1643530 788
1643540 787
1643550 784
1643560 784
1643570 787
1643580 791
1643590 793
1643600 793
1643610 796
1643620 798
1643630 798
1643640 798
1643650 797
1643660 797
1643670 796
1643680 794
1643690 794
1643700 793
1643710 792
1643720 792
1643730 790
1643740 788
1643750 785
1643760 785
1643770 782
1643780 779
1643790 779
1643800 777
1643810 774
1643820 774
1643830 772
1643840 770
1643850 770
1643860 764
1643870 762
1643880 762
1643890 760
1643900 757
1643910 757
1643920 754
1643930 751
1643940 748
1643950 748
1643960 745
1643970 742
1643980 742
1643990 739
1644000 737
1644010 737
1644020 736
1644030 735
1644040 735
1644050 733
1644060 731
1644070 731
1644080 730
1644090 727
1644100 725
1644110 725
1644120 723
1644130 721
1644140 719
1644150 717
1644160 716
1644170 716
1644180 713
1644190 711
1644200 711
1644210 708
1644220 705
1644230 705
1644240 703
1644250 701
1644260 701
1644270 698
1644280 692
1644290 687
1644300 687
1644310 683
1644320 678
1644330 678
1644340 674
1644350 670
1644360 670
1644370 665
1644380 659
1644390 659
1644400 654
1644410 648
1644420 648
1644430 643
1644440 639
1644450 639
1644460 637
1644470 635
1644480 634
1644490 634
1644500 635
1644510 637
1644520 637
1644530 638
1644540 639
1644550 639
1644560 639
1644570 639
1644580 639
1644590 637
1644600 634
1644610 634
1644620 632
1644630 628
1644640 624
1644650 624
1644660 620
1644670 616
1644680 616
1644690 612
1644700 607
1644710 607
1644720 602
1644730 597
1644740 597
1644750 593
1644760 590
1644770 590
1644780 587
1644790 584
1644800 584
1644810 579
1644820 574
1644830 571
1644840 571
1644850 567
1644860 564
1644870 564
1644880 559
1644890 556
1644900 556
1644910 554
1644920 553
1644930 553
1644940 553
1644950 553
1644960 553
1644970 556
1644980 561
1644990 566
1645000 566
1645010 569
1645020 571
1645030 571
1645040 572
1645050 574
1645060 574
1645070 578
1645080 580
1645090 580
1645100 580
1645110 581
1645120 581
1645130 584
1645140 585
1645150 585
1645160 584
1645170 582
1645180 581
1645190 581
1645200 580
1645210 581
1645220 581
1645230 582
1645240 581
1645250 581
1645260 580
1645270 582
1645280 582
1645290 582
1645300 581
1645310 581
1645320 579
1645330 578
1645340 577
1645350 577
1645360 576
1645370 576
1645380 576
1645390 580
1645400 584
1645410 584
1645420 585
1645430 586
1645440 586
1645450 584
1645460 582
1645470 582
1645480 581
1645490 581
1645500 581
1645510 584
1645520 588
1645530 592
1645540 592
1645550 596
1645560 601
1645570 601
1645580 603
1645590 602
1645600 602
1645610 602
1645620 601
1645630 601
1645640 599
1645650 598
1645660 598
1645670 597
1645680 597
1645690 596
1645700 596
1645710 596
1645720 600
1645730 600
1645740 602
1645750 605
1645760 605
1645770 606
1645780 608
1645790 608
1645800 611
1645810 614
1645820 614
1645830 617
1645840 620
1645850 620
1645860 623
1645870 626
1645880 628
1645890 628
1645900 630
1645910 631
1645920 631
1645930 631
1645940 631
1645950 631
1645960 630
1645970 628
1645980 628
1645990 627
1646000 625
1646010 625
1646020 624
1646030 623
1646040 623
1646050 623
1646060 622
1646070 621
1646080 621
1646090 620
1646100 619
1646110 619
1646120 618
1646130 617
1646140 617
1646150 615
1646160 612
1646170 612
1646180 609
1646190 606
1646200 606
1646210 603
1646220 600
1646230 598
1646240 598
1646250 597
1646260 592
1646270 592
1646280 589
1646290 586
1646300 586
1646310 583
1646320 579
1646330 579
1646340 576
1646350 573
1646360 573
1646370 569
1646380 565
1646390 565
1646400 561
1646410 558
1646420 556
1646430 556
1646440 554
1646450 553
1646460 553
1646470 552
1646480 552
1646490 552
1646500 552
1646510 552
1646520 552
1646530 551
1646540 550
1646550 550
1646560 549
1646570 549
1646580 548
1646590 548
1646600 546
1646610 545
1646620 545
1646630 543
1646640 541
1646650 541
1646660 540
1646670 539
1646680 539
1646690 538
1646700 537
1646710 537
1646720 536
1646730 535
1646740 535
1646750 534
1646760 533
1646770 531
1646780 531
1646790 529
1646800 527
1646810 527
1646820 526
1646830 525
1646840 525
1646850 524
1646860 521
1646870 521
1646880 518
1646890 516
1646900 516
1646910 515
1646920 514
1646930 512
1646940 512
1646950 511
1646960 509
1646970 509
1646980 506
1646990 504
1647000 504
1647010 502
1647020 500
1647030 500
1647040 498
1647050 497
1647060 497
1647070 495
1647080 494
1647090 494
1647100 492
1647110 491
1647120 490
1647130 490
1647140 490
1647150 490
1647160 490
1647170 491
1647180 492
1647190 492
1647200 493
1647210 495
1647220 495
1647230 497
1647240 499
1647250 499
1647260 502
1647270 504
1647280 506
1647290 506
1647300 507
1647310 509
1647320 509
1647330 510
1647340 511
1647350 511
1647360 513
1647370 513
1647380 513
1647390 514
1647400 515
1647410 515
1647420 516
1647430 516
1647440 516
1647450 517
1647460 517
1647470 516
1647480 516
1647490 517
1647500 517
1647510 517
1647520 517
1647530 517
1647540 517
1647550 517
1647560 516
1647570 516
1647580 516
1647590 515
1647600 515
1647610 515
1647620 514
1647630 513
1647640 513
1647650 512
1647660 511
1647670 511
1647680 510
1647690 509
1647700 509
1647710 507
1647720 506
1647730 506
1647740 505
1647750 503
1647760 503
1647770 503
1647780 502
1647790 502
1647800 501
1647810 500
1647820 498
1647830 498
1647840 497
1647850 496
1647860 496
1647870 496
1647880 495
1647890 495
1647900 494
1647910 493
1647920 493
1647930 493
1647940 492
1647950 492
1647960 491
1647970 490
1647980 490
1647990 490
1648000 489
1648010 489
1648020 489
1648030 488
1648040 488
1648050 487
1648060 487
1648070 487
1648080 487
1648090 487
1648100 487
1648110 487
1648120 486
1648130 486
1648140 486
1648150 486
1648160 486
1648170 486
1648180 486
1648190 486
1648200 486
1648210 486
1648220 486
1648230 486
1648240 486
1648250 486
1648260 486
1648270 486
1648280 486
1648290 486
1648300 486
1648310 486
1648320 486
1648330 486
1648340 486
1648350 486
1648360 486
1648370 486
1648380 486
1648390 486
1648400 486
1648410 486
1648420 486
1648430 486
1648440 486
1648450 486
1648460 486
1648470 486
1648480 486
1648490 486
1648500 485
1648510 485
1648520 485
1648530 485
1648540 485
1648550 484
1648560 484
1648570 484
1648580 484
1648590 484
1648600 483
1648610 483
1648620 483
1648630 482
1648640 482
1648650 482
1648660 482
1648670 482
1648680 482
1648690 481
1648700 481
1648710 481
1648720 481
1648730 481
1648740 480
1648750 480
1648760 480
1648770 479
1648780 479
1648790 479
1648800 478
1648810 478
1648820 477
1648830 476
1648840 476
1648850 475
1648860 475
1648870 474
1648880 474
1648890 473
1648900 473
1648910 473
1648920 472
1648930 471
1648940 471
1648950 470
1648960 469
1648970 469
1648980 469
1648990 468
1649000 468
1649010 467
1649020 466
1649030 466
1649040 465
1649050 464
1649060 463
1649070 463
1649080 462
1649090 460
1649100 460
1649110 459
1649120 458
1649130 458
1649140 456
1649150 455
1649160 455
1649170 454
1649180 452
1649190 452
1649200 450
1649210 450
1649220 450
1649230 450
1649240 449
1649250 448
1649260 448
1649270 447
1649280 446
1649290 446
1649300 445
1649310 444
1649320 444
1649330 444
1649340 443
1649350 443
1649360 443
1649370 442
1649380 442
1649390 442
1649400 441
1649410 441
1649420 441
1649430 441
1649440 443
1649450 443
1649460 444
1649470 444
1649480 444
1649490 444
1649500 441
1649510 441
1649520 440
1649530 440
1649540 440
1649550 439
1649560 439
1649570 439
1649580 439
1649590 439
1649600 439
1649610 439
1649620 439
1649630 438
1649640 438
1649650 438
1649660 438
1649670 438
1649680 438
1649690 437
1649700 437
1649710 437
1649720 436
1649730 436
1649740 436
1649750 435
1649760 435
1649770 435
1649780 435
1649790 435
1649800 435
1649810 436
1649820 436
1649830 436
1649840 437
1649850 437
1649860 437
1649870 437
1649880 437
1649890 437
1649900 438
1649910 438
1649920 438
1649930 438
1649940 438
1649950 438
1649960 438
1649970 438
1649980 438
1649990 438
1650000 437
1650010 437
1650020 437
1650030 436
1650040 435
1650050 435
1650060 433
1650070 431
1650080 431
1650090 429
1650100 428
1650110 426
1650120 426
1650130 425
1650140 425
1650150 425
1650160 425
1650170 425
1650180 425
1650190 424
1650200 424
1650210 424
1650220 424
1650230 424
1650240 424
1650250 424
1650260 424
1650270 424
1650280 424
1650290 424
1650300 423
1650310 423
1650320 423
1650330 423
1650340 423
1650350 423
1650360 423
1650370 423
1650380 423
1650390 423
1650400 423
1650410 423
1650420 423
1650430 423
1650440 423
1650450 423
1650460 423
1650470 423
1650480 424
1650490 425
1650500 425
1650510 423
1650520 423
1650530 423
1650540 423
1650550 423
1650560 423
1650570 422
1650580 422
1650590 422
1650600 422
1650610 422
1650620 422
1650630 422
1650640 422
1650650 423
1650660 423
1650670 422
1650680 422
1650690 422
1650700 422
1650710 423
1650720 423
1650730 423
1650740 423
1650750 423
1650760 423
1650770 423
1650780 423
1650790 423
1650800 423
1650810 423
1650820 423
1650830 423
1650840 423
1650850 423
1650860 422
1650870 422
1650880 422
1650890 422
1650900 422
1650910 422
1650920 423
1650930 423
1650940 423
1650950 423
1650960 424
1650970 424
1650980 423
1650990 423
1651000 422
1651010 422
1651020 422
1651030 422
1651040 422
1651050 421
1651060 421
1651070 421
1651080 421
1651090 421
1651100 421
1651110 421
1651120 422
1651130 422
1651140 423
1651150 421
1651160 421
1651170 421
1651180 423
1651190 422
1651200 422
1651210 421
1651220 420
1651230 420
1651240 420
1651250 420
1651260 420
1651270 419
1651280 419
1651290 419
1651300 419
1651310 419
1651320 419
1651330 419
1651340 419
1651350 419
1651360 419
1651370 419
1651380 420
1651390 420
1651400 419
1651410 419
1651420 419
1651430 419
1651440 419
1651450 419
1651460 419
1651470 419
1651480 419
1651490 419
1651500 420
1651510 420
1651520 420
1651530 420
1651540 420
1651550 420
1651560 420
1651570 420
1651580 420
1651590 420
1651600 420
1651610 420
1651620 420
1651630 419
1651640 419
1651650 419
1651660 419
1651670 419
1651680 419
1651690 418
1651700 418
1651710 418
1651720 418
1651730 419
1651740 419
1651750 419
1651760 419
1651770 419
1651780 419
1651790 418
1651800 418
1651810 418
1651820 418
1651830 418
1651840 419
1651850 419
1651860 419
1651870 419
1651880 419
1651890 420
1651900 420
1651910 420
1651920 419
1651930 419
1651940 417
1651950 417
1651960 417
1651970 420
1651980 420
1651990 420
1652000 420
1652010 420
1652020 420
1652030 419
1652040 420
1652050 419
1652060 419
1652070 419
1652080 419
1652090 419
1652100 419
1652110 419
1652120 419
1652130 419
1652140 419
1652150 419
1652160 419
1652170 419
1652180 419
1652190 419
1652200 418
1652210 418
1652220 418
1652230 418
1652240 418
1652250 418
1652260 418
1652270 418
1652280 418
1652290 418
1652300 418
1652310 418
1652320 418
1652330 418
1652340 418
1652350 418
1652360 418
1652370 418
1652380 418
1652390 418
1652400 418
1652410 418
1652420 418
1652430 418
1652440 418
1652450 418
1652460 418
1652470 418
1652480 418
1652490 418
1652500 418
1652510 419
1652520 419
1652530 419
1652540 419
1652550 419
1652560 419
1652570 419
1652580 419
1652590 419
1652600 419
1652610 420
1652620 420
1652630 420
1652640 420
1652650 420
1652660 420
1652670 421
1652680 421
1652690 421
1652700 420
1652710 420
1652720 420
1652730 421
1652740 421
1652750 421
1652760 421
1652770 421
1652780 421
1652790 421
1652800 421
1652810 421
1652820 421
1652830 421
1652840 421
1652850 421
1652860 421
1652870 421
1652880 421
1652890 422
1652900 422
1652910 422
1652920 422
1652930 422
1652940 422
1652950 422
1652960 422
1652970 423
1652980 423
1652990 423
1653000 423
1653010 423
1653020 424
1653030 424
1653040 424
1653050 424
1653060 425
1653070 425
1653080 426
1653090 427
1653100 427
1653110 427
1653120 428
1653130 429
1653140 429
1653150 430
1653160 430
1653170 430
1653180 431
1653190 431
1653200 431
1653210 431
1653220 431
1653230 431
1653240 431
1653250 431
1653260 431
1653270 432
1653280 432
1653290 433
1653300 433
1653310 434
1653320 435
1653330 435
1653340 437
1653350 438
1653360 438
1653370 440
1653380 440
1653390 440
1653400 441
1653410 441
1653420 441
1653430 441
1653440 441
1653450 441
1653460 440
1653470 440
1653480 440
1653490 440
1653500 439
1653510 439
1653520 439
1653530 438
1653540 438
1653550 438
1653560 437
1653570 437
1653580 437
1653590 437
1653600 437
1653610 437
1653620 439
1653630 442
1653640 444
1653650 444
1653660 444
1653670 444
1653680 444
1653690 444
1653700 445
1653710 445
1653720 445
1653730 446
1653740 446
1653750 446
1653760 447
1653770 447
1653780 448
1653790 448
1653800 448
1653810 449
1653820 449
1653830 449
1653840 449
1653850 450
1653860 450
1653870 450
1653880 450
1653890 451
1653900 451
1653910 451
1653920 452
1653930 452
1653940 452
1653950 453
1653960 453
1653970 453
1653980 453
1653990 453
1654000 454
1654010 455
1654020 455
1654030 455
1654040 455
1654050 456
1654060 456
1654070 457
1654080 458
1654090 458
1654100 458
1654110 458
1654120 458
1654130 459
1654140 460
1654150 460
1654160 460
1654170 461
1654180 462
1654190 462
1654200 462
1654210 463
1654220 463
1654230 463
1654240 464
1654250 464
1654260 464
1654270 465
1654280 465
1654290 466
1654300 466
1654310 466
1654320 467
1654330 467
1654340 467
1654350 468
1654360 468
1654370 469
1654380 469
1654390 469
1654400 470
1654410 470
1654420 470
1654430 471
1654440 471
1654450 472
1654460 472
1654470 472
1654480 473
1654490 474
1654500 474
1654510 475
1654520 475
1654530 476
1654540 476
1654550 476
1654560 477
1654570 477
1654580 477
1654590 478
1654600 478
1654610 478
1654620 479
1654630 479
1654640 479
1654650 480
1654660 480
1654670 480
1654680 481
1654690 481
1654700 482
1654710 482
1654720 483
1654730 483
1654740 484
1654750 484
1654760 484
1654770 485
1654780 485
1654790 485
1654800 486
1654810 487
1654820 487
1654830 487
1654840 487
1654850 487
1654860 487
1654870 487
1654880 487
1654890 487
1654900 487
1654910 487
1654920 487
1654930 487
1654940 487
1654950 487
1654960 488
1654970 488
1654980 488
1654990 488
1655000 488
1655010 488
1655020 489
1655030 489
1655040 489
1655050 490
1655060 491
1655070 491
1655080 491
1655090 492
1655100 493
1655110 493
1655120 494
1655130 495
1655140 495
1655150 496
1655160 497
1655170 497
1655180 498
1655190 499
1655200 499
1655210 500
1655220 501
1655230 501
1655240 502
1655250 503
1655260 504
1655270 504
1655280 505
1655290 506
1655300 506
1655310 507
1655320 508
1655330 508
1655340 510
1655350 511
1655360 511
1655370 512
1655380 513
1655390 513
1655400 514
1655410 515
1655420 516
1655430 516
1655440 518
1655450 519
1655460 519
1655470 520
1655480 521
1655490 521
1655500 522
1655510 523
1655520 523
1655530 524
1655540 526
1655550 526
1655560 527
1655570 528
1655580 528
1655590 529
1655600 530
1655610 531
1655620 531
1655630 532
1655640 533
1655650 533
1655660 534
1655670 535
1655680 535
1655690 536
1655700 537
1655710 537
1655720 538
1655730 538
1655740 538
1655750 539
1655760 540
1655770 541
1655780 541
1655790 542
1655800 543
1655810 543
1655820 543
1655830 544
1655840 544
1655850 545
1655860 546
1655870 546
1655880 547
1655890 548
1655900 548
1655910 549
1655920 549
1655930 549
1655940 550
1655950 550
1655960 551
1655970 551
1655980 551
1655990 551
1656000 551
1656010 550
1656020 550
1656030 550
1656040 549
1656050 548
1656060 548
1656070 547
1656080 546
1656090 546
1656100 545
1656110 545
1656120 546
1656130 546
1656140 546
1656150 547
1656160 547
1656170 549
1656180 550
1656190 550
1656200 551
1656210 552
1656220 552
1656230 553
1656240 556
1656250 556
1656260 557
1656270 558
1656280 558
1656290 559
1656300 560
1656310 561
1656320 561
1656330 563
1656340 564
1656350 564
1656360 565
1656370 567
1656380 567
1656390 568
1656400 569
1656410 569
1656420 570
1656430 571
1656440 571
1656450 572
1656460 574
1656470 574
1656480 575
1656490 576
1656500 577
1656510 577
1656520 578
1656530 579
1656540 579
1656550 580
1656560 582
1656570 582
1656580 583
1656590 584
1656600 584
1656610 586
1656620 587
1656630 587
1656640 588
1656650 590
1656660 591
1656670 591
1656680 593
1656690 594
1656700 594
1656710 595
1656720 597
1656730 597
1656740 598
1656750 599
1656760 599
1656770 601
1656780 602
1656790 602
1656800 603
1656810 604
1656820 604
1656830 605
1656840 606
1656850 607
1656860 607
1656870 609
1656880 610
1656890 610
1656900 611
1656910 612
1656920 612
1656930 613
1656940 614
1656950 614
1656960 615
1656970 615
1656980 615
1656990 615
1657000 614
1657010 612
1657020 612
1657030 609
1657040 608
1657050 608
1657060 607
1657070 610
1657080 610
1657090 609
1657100 608
1657110 608
1657120 608
1657130 609
1657140 609
1657150 610
1657160 609
1657170 609
1657180 609
1657190 609
1657200 609
1657210 609
1657220 609
1657230 608
1657240 608
1657250 610
1657260 610
1657270 610
1657280 610
1657290 611
1657300 611
1657310 611
1657320 612
1657330 612
1657340 613
1657350 614
1657360 615
1657370 615
1657380 615
1657390 615
1657400 615
1657410 616
1657420 618
1657430 618
1657440 622
1657450 625
1657460 625
1657470 627
1657480 628
1657490 628
1657500 629
1657510 630
1657520 630
1657530 631
1657540 632
1657550 633
1657560 633
1657570 634
1657580 635
1657590 635
1657600 636
1657610 638
1657620 638
1657630 640
1657640 641
1657650 641
1657660 643
1657670 644
1657680 644
1657690 646
1657700 647
1657710 649
1657720 649
1657730 650
1657740 652
1657750 652
1657760 653
1657770 655
1657780 655
1657790 657
1657800 659
1657810 659
1657820 661
1657830 664
1657840 664
1657850 666
1657860 668
1657870 668
1657880 670
1657890 672
1657900 673
1657910 673
1657920 675
1657930 677
1657940 677
1657950 679
1657960 681
1657970 681
1657980 684
1657990 686
1658000 686
1658010 688
1658020 691
1658030 691
1658040 694
1658050 697
1658060 697
1658070 699
1658080 700
1658090 702
1658100 702
1658110 703
1658120 706
1658130 706
1658140 707
1658150 709
1658160 709
1658170 710
1658180 712
1658190 712
1658200 713
1658210 715
1658220 715
1658230 716
1658240 718
1658250 719
1658260 719
1658270 721
1658280 724
1658290 724
1658300 726
1658310 729
1658320 729
1658330 730
1658340 731
1658350 731
1658360 735
1658370 738
1658380 738
1658390 742
1658400 746
1658410 746
1658420 750
1658430 754
1658440 758
1658450 758
1658460 761
1658470 765
1658480 765
1658490 767
1658500 771
1658510 771
1658520 776
1658530 782
1658540 782
1658550 786
1658560 789
1658570 789
1658580 794
1658590 798
1658600 801
1658610 801
1658620 802
1658630 803
1658640 803
1658650 805
1658660 807
1658670 807
1658680 809
1658690 811
1658700 811
1658710 813
1658720 815
1658730 815
1658740 819
1658750 822
1658760 822
1658770 826
1658780 831
1658790 835
1658800 835
1658810 839
1658820 844
1658830 844
1658840 850
1658850 853
1658860 853
1658870 855
1658880 859
1658890 859
1658900 864
1658910 866
1658920 866
1658930 869
1658940 873
1658950 876
1658960 876
1658970 876
1658980 877
1658990 877
1659000 877
1659010 877
1659020 877
1659030 876
1659040 876
1659050 876
1659060 876
1659070 877
1659080 877
1659090 877
1659100 879
1659110 879
1659120 880
1659130 882
1659140 884
1659150 884
1659160 885
1659170 888
1659180 888
1659190 891
1659200 894
1659210 894
1659220 898
1659230 902
1659240 902
1659250 907
1659260 911
1659270 911
1659280 916
1659290 922
1659300 927
1659310 927
1659320 933
1659330 938
1659340 938
1659350 943
1659360 947
1659370 947
1659380 950
1659390 953
1659400 953
1659410 956
1659420 960
1659430 960
1659440 963
1659450 968
1659460 968
1659470 973
1659480 978
1659490 983
1659500 983
1659510 987
1659520 991
1659530 991
1659540 994
1659550 998
1659560 998
1659570 1001
1659580 1004
1659590 1004
1659600 1006
1659610 1007
1659620 1007
1659630 1010
1659640 1012
1659650 1012
1659660 1014
1659670 1016
1659680 1019
1659690 1019
1659700 1021
1659710 1024
1659720 1024
1659730 1027
1659740 1030
1659750 1030
1659760 1033
1659770 1036
1659780 1036
1659790 1039
1659800 1042
1659810 1042
1659820 1045
1659830 1048
1659840 1052
1659850 1052
1659860 1057
1659870 1061
1659880 1061
1659890 1065
1659900 1070
1659910 1070
1659920 1074
1659930 1078
1659940 1078
1659950 1083
1659960 1087
1659970 1088
1659980 1093
1659990 1097
