1640000 921
1640010 919
1640020 917
1640030 917
1640040 917
1640050 916
1640060 916
1640070 915
1640080 914
1640090 913
1640100 913
1640110 911
1640120 910
1640130 910
1640140 911
1640150 912
1640160 912
1640170 912
1640180 913
1640190 913
1640200 912
1640210 912
1640220 912
1640230 911
1640240 912
1640250 913
1640260 913
1640270 914
1640280 915
1640290 915
1640300 916
1640310 917
1640320 917
1640330 918
1640340 919
1640350 919
1640360 921
1640370 921
1640380 921
1640390 922
1640400 923
1640410 923
1640420 923
1640430 923
1640440 924
1640450 924
1640460 924
1640470 925
1640480 925
1640490 925
1640500 925
1640510 925
1640520 925
1640530 924
1640540 924
1640550 922
1640560 920
1640570 920
1640580 918
1640590 916
1640600 913
1640610 913
1640620 909
1640630 906
1640640 906
1640650 901
1640660 896
1640670 896
1640680 892
1640690 891
1640700 891
1640710 890
1640720 887
1640730 887
1640740 881
1640750 876
1640760 876
1640770 874
1640780 875
1640790 877
1640800 877
1640810 879
1640820 880
1640830 880
1640840 879
1640850 878
1640860 878
1640870 875
1640880 873
1640890 873
1640900 870
1640910 868
1640920 868
1640930 865
1640940 861
1640950 861
1640960 858
1640970 859
1640980 858
1640990 858
1641000 856
1641010 855
1641020 855
1641030 857
1641040 859
1641050 859
1641060 860
1641070 860
1641080 860
1641090 860
1641100 859
1641110 859
1641120 855
1641130 852
1641140 853
1641150 853
1641160 851
1641170 850
1641180 850
1641190 848
1641200 846
1641210 846
1641220 845
1641230 845
1641240 845
1641250 846
1641260 847
1641270 847
1641280 848
1641290 849
1641300 849
1641310 847
1641320 845
1641330 843
1641340 843
1641350 843
1641360 842
1641370 842
1641380 842
1641390 846
1641400 846
1641410 847
1641420 849
1641430 849
1641440 850
1641450 850
1641460 850
1641470 848
1641480 845
1641490 845
1641500 842
1641510 840
1641520 838
1641530 838
1641540 836
1641550 833
1641560 833
1641570 830
1641580 826
1641590 826
1641600 824
1641610 822
1641620 822
1641630 821
1641640 820
1641650 820
1641660 818
1641670 817
1641680 817
1641690 817
1641700 816
1641710 816
1641720 816
1641730 817
1641740 817
1641750 817
1641760 815
1641770 811
1641780 811
1641790 808
1641800 806
1641810 806
1641820 805
1641830 808
1641840 808
1641850 812
1641860 815
1641870 815
1641880 815
1641890 815
1641900 815
1641910 815
1641920 814
1641930 812
1641940 812
1641950 811
1641960 811
1641970 811
1641980 810
1641990 808
1642000 808
1642010 806
1642020 803
1642030 800
1642040 800
1642050 798
1642060 795
1642070 795
1642080 792
1642090 790
1642100 790
1642110 787
1642120 784
1642130 784
1642140 781
1642150 779
1642160 779
1642170 777
1642180 774
1642190 772
1642200 769
1642210 767
1642220 765
1642230 765
1642240 763
1642250 761
1642260 761
1642270 758
1642280 755
1642290 755
1642300 752
1642310 749
1642320 749
1642330 746
1642340 743
1642350 743
1642360 740
1642370 737
1642380 737
1642390 735
1642400 733
1642410 731
1642420 731
1642430 730
1642440 728
1642450 728
1642460 727
1642470 725
1642480 725
1642490 723
1642500 722
1642510 722
1642520 720
1642530 719
1642540 719
1642550 718
1642560 716
1642570 714
1642580 714
1642590 712
1642600 709
1642610 709
1642620 706
1642630 703
1642640 703
1642650 700
1642660 698
1642670 698
1642680 694
1642690 691
1642700 691
1642710 688
1642720 686
1642730 686
1642740 684
1642750 680
1642760 675
1642770 675
1642780 673
1642790 675
1642800 675
1642810 675
1642820 674
1642830 674
1642840 673
1642850 670
1642860 670
1642870 666
1642880 662
1642890 662
1642900 656
1642910 653
1642920 650
1642930 650
1642940 648
1642950 646
1642960 646
1642970 644
1642980 643
1642990 640
1643000 641
1643010 641
1643020 641
1643030 641
1643040 641
1643050 641
1643060 641
1643070 641
1643080 641
1643090 642
1643100 644
1643110 648
1643120 648
1643130 653
1643140 655
1643150 655
1643160 657
1643170 662
1643180 662
1643190 666
1643200 672
1643210 672
1643220 679
1643230 687
1643240 687
1643250 693
1643260 697
1643270 697
1643280 699
1643290 701
1643300 703
1643310 703
1643320 705
1643330 708
1643340 708
1643350 710
1643360 712
1643370 712
1643380 714
1643390 716
1643400 716
1643410 718
1643420 720
1643430 720
1643440 722
1643450 722
1643460 721
1643470 721
1643480 717
1643490 712
1643500 712
1643510 709
1643520 712
1643530 712
1643540 715
1643550 718
1643560 718
1643570 720
1643580 721
1643590 721
1643600 722
1643610 725
1643620 725
1643630 727
1643640 728
1643650 729
1643660 729
1643670 730
1643680 729
1643690 729
1643700 728
1643710 728
1643720 728
1643730 728
1643740 730
1643750 730
1643760 730
1643770 730
1643780 730
1643790 733
1643800 732
1643810 732
1643820 732
1643830 731
1643840 730
1643850 730
1643860 729
1643870 727
1643880 727
1643890 725
1643900 721
1643910 721
1643920 717
1643930 712
1643940 712
1643950 706
1643960 699
1643970 699
1643980 693
1643990 687
1644000 681
1644010 681
1644020 679
1644030 677
1644040 677
1644050 675
1644060 674
1644070 674
1644080 672
1644090 671
1644100 671
1644110 670
1644120 668
1644130 668
1644140 666
1644150 664
1644160 664
1644170 663
1644180 664
1644190 665
1644200 665
1644210 665
1644220 667
1644230 667
1644240 668
1644250 669
1644260 669
1644270 668
1644280 668
1644290 668
1644300 667
1644310 666
1644320 666
1644330 665
1644340 663
1644350 662
1644360 662
1644370 660
1644380 658
1644390 658
1644400 656
1644410 655
1644420 655
1644430 653
1644440 652
1644450 652
1644460 650
1644470 649
1644480 649
1644490 646
1644500 644
1644510 644
1644520 641
1644530 638
1644540 635
1644550 635
1644560 630
1644570 624
1644580 625
1644590 619
1644600 614
1644610 614
1644620 611
1644630 610
1644640 610
1644650 609
1644660 608
1644670 608
1644680 607
1644690 607
1644700 607
1644710 605
1644720 604
1644730 602
1644740 602
1644750 599
1644760 597
1644770 597
1644780 594
1644790 592
1644800 592
1644810 591
1644820 591
1644830 591
1644840 589
1644850 586
1644860 586
1644870 583
1644880 582
1644890 580
1644900 580
1644910 577
1644920 576
1644930 576
1644940 574
1644950 572
1644960 572
1644970 570
1644980 568
1644990 568
1645000 565
1645010 563
1645020 563
1645030 560
1645040 558
1645050 558
1645060 556
1645070 554
1645080 551
1645090 551
1645100 549
1645110 547
1645120 547
1645130 545
1645140 544
1645150 544
1645160 542
1645170 541
1645180 541
1645190 539
1645200 538
1645210 538
1645220 537
1645230 535
1645240 534
1645250 534
1645260 533
1645270 531
1645280 531
1645290 530
1645300 529
1645310 529
1645320 528
1645330 527
1645340 527
1645350 526
1645360 524
1645370 524
1645380 523
1645390 522
1645400 522
1645410 521
1645420 520
1645430 519
1645440 519
1645450 518
1645460 517
1645470 517
1645480 516
1645490 516
1645500 516
1645510 515
1645520 514
1645530 514
1645540 513
1645550 512
1645560 512
1645570 511
1645580 510
1645590 510
1645600 509
1645610 507
1645620 506
1645630 506
1645640 506
1645650 507
1645660 507
1645670 506
1645680 506
1645690 506
1645700 506
1645710 506
1645720 506
1645730 505
1645740 505
1645750 505
1645760 505
1645770 506
1645780 506
1645790 506
1645800 506
1645810 506
1645820 506
1645830 506
1645840 507
1645850 507
1645860 507
1645870 507
1645880 507
1645890 508
1645900 508
1645910 508
1645920 508
1645930 509
1645940 509
1645950 509
1645960 510
1645970 510
1645980 510
1645990 511
1646000 511
1646010 511
1646020 512
1646030 512
1646040 512
1646050 512
1646060 512
1646070 512
1646080 513
1646090 513
1646100 513
1646110 513
1646120 513
1646130 514
1646140 514
1646150 512
1646160 512
1646170 512
1646180 512
1646190 511
1646200 511
1646210 511
1646220 511
1646230 511
1646240 510
1646250 509
1646260 509
1646270 508
1646280 507
1646290 507
1646300 507
1646310 506
1646320 505
1646330 505
1646340 504
1646350 502
1646360 502
1646370 501
1646380 499
1646390 499
1646400 497
1646410 496
1646420 496
1646430 494
1646440 493
1646450 493
1646460 492
1646470 491
1646480 491
1646490 490
1646500 488
1646510 487
1646520 487
1646530 486
1646540 484
1646550 484
1646560 483
1646570 482
1646580 482
1646590 481
1646600 479
1646610 479
1646620 478
1646630 475
1646640 475
1646650 472
1646660 469
1646670 468
1646680 468
1646690 467
1646700 466
1646710 466
1646720 465
1646730 465
1646740 465
1646750 464
1646760 464
1646770 464
1646780 464
1646790 464
1646800 464
1646810 465
1646820 465
1646830 465
1646840 464
1646850 463
1646860 462
1646870 462
1646880 462
1646890 461
1646900 461
1646910 461
1646920 461
1646930 461
1646940 460
1646950 460
1646960 460
1646970 460
1646980 460
1646990 460
1647000 460
1647010 459
1647020 459
1647030 459
1647040 459
1647050 459
1647060 459
1647070 459
1647080 458
1647090 458
1647100 458
1647110 458
1647120 458
1647130 458
1647140 457
1647150 457
1647160 457
1647170 457
1647180 457
1647190 457
1647200 457
1647210 457
1647220 457
1647230 457
1647240 457
1647250 457
1647260 457
1647270 456
1647280 456
1647290 456
1647300 456
1647310 456
1647320 456
1647330 455
1647340 455
1647350 455
1647360 455
1647370 455
1647380 455
1647390 455
1647400 455
1647410 455
1647420 455
1647430 454
1647440 454
1647450 454
1647460 454
1647470 454
1647480 454
1647490 454
1647500 454
1647510 454
1647520 453
1647530 453
1647540 453
1647550 453
1647560 453
1647570 453
1647580 453
1647590 452
1647600 452
1647610 452
1647620 451
1647630 451
1647640 451
1647650 451
1647660 451
1647670 451
1647680 451
1647690 451
1647700 451
1647710 450
1647720 450
1647730 450
1647740 450
1647750 450
1647760 450
1647770 449
1647780 449
1647790 449
1647800 449
1647810 449
1647820 449
1647830 449
1647840 448
1647850 448
1647860 448
1647870 448
1647880 448
1647890 448
1647900 448
1647910 448
1647920 448
1647930 448
1647940 448
1647950 448
1647960 448
1647970 447
1647980 447
1647990 447
1648000 447
1648010 447
1648020 447
1648030 446
1648040 446
1648050 446
1648060 446
1648070 446
1648080 446
1648090 446
1648100 446
1648110 446
1648120 446
1648130 445
1648140 445
1648150 445
1648160 445
1648170 445
1648180 445
1648190 445
1648200 445
1648210 445
1648220 445
1648230 445
1648240 445
1648250 445
1648260 445
1648270 444
1648280 444
1648290 444
1648300 444
1648310 444
1648320 444
1648330 444
1648340 444
1648350 444
1648360 444
1648370 444
1648380 444
1648390 444
1648400 444
1648410 444
1648420 444
1648430 444
1648440 444
1648450 444
1648460 444
1648470 444
1648480 444
1648490 444
1648500 443
1648510 443
1648520 443
1648530 443
1648540 443
1648550 443
1648560 442
1648570 442
1648580 442
1648590 441
1648600 441
1648610 441
1648620 441
1648630 441
1648640 441
1648650 441
1648660 441
1648670 441
1648680 441
1648690 441
1648700 441
1648710 441
1648720 441
1648730 440
1648740 440
1648750 440
1648760 440
1648770 440
1648780 440
1648790 440
1648800 440
1648810 439
1648820 439
1648830 439
1648840 439
1648850 439
1648860 439
1648870 439
1648880 439
1648890 439
1648900 439
1648910 439
1648920 439
1648930 439
1648940 439
1648950 438
1648960 438
1648970 438
1648980 438
1648990 438
1649000 438
1649010 438
1649020 438
1649030 438
1649040 438
1649050 438
1649060 438
1649070 438
1649080 438
1649090 438
1649100 438
1649110 438
1649120 438
1649130 438
1649140 438
1649150 438
1649160 438
1649170 438
1649180 438
1649190 438
1649200 438
1649210 437
1649220 437
1649230 437
1649240 438
1649250 438
1649260 438
1649270 438
1649280 438
1649290 438
1649300 438
1649310 438
1649320 438
1649330 439
1649340 439
1649350 439
1649360 439
1649370 440
1649380 440
1649390 440
1649400 440
1649410 440
1649420 440
1649430 440
1649440 440
1649450 440
1649460 440
1649470 440
1649480 440
1649490 440
1649500 440
1649510 440
1649520 440
1649530 440
1649540 440
1649550 440
1649560 440
1649570 440
1649580 440
1649590 440
1649600 440
1649610 440
1649620 439
1649630 439
1649640 439
1649650 439
1649660 439
1649670 439
1649680 438
1649690 438
1649700 438
1649710 437
1649720 437
1649730 437
1649740 437
1649750 437
1649760 437
1649770 438
1649780 439
1649790 439
1649800 440
1649810 440
1649820 440
1649830 440
1649840 440
1649850 440
1649860 440
1649870 440
1649880 440
1649890 440
1649900 440
1649910 440
1649920 440
1649930 440
1649940 440
1649950 440
1649960 440
1649970 440
1649980 440
1649990 439
1650000 439
1650010 439
1650020 439
1650030 439
1650040 439
1650050 439
1650060 441
1650070 441
1650080 441
1650090 440
1650100 440
1650110 440
1650120 440
1650130 439
1650140 439
1650150 439
1650160 439
1650170 439
1650180 439
1650190 439
1650200 439
1650210 439
1650220 439
1650230 439
1650240 439
1650250 439
1650260 439
1650270 439
1650280 439
1650290 439
1650300 439
1650310 439
1650320 439
1650330 439
1650340 439
1650350 439
1650360 439
1650370 439
1650380 439
1650390 439
1650400 439
1650410 439
1650420 439
1650430 439
1650440 438
1650450 438
1650460 438
1650470 438
1650480 438
1650490 438
1650500 438
1650510 438
1650520 438
1650530 437
1650540 437
1650550 437
1650560 436
1650570 436
1650580 436
1650590 435
1650600 435
1650610 435
1650620 435
1650630 436
1650640 436
1650650 436
1650660 436
1650670 436
1650680 436
1650690 436
1650700 436
1650710 436
1650720 436
1650730 434
1650740 434
1650750 434
1650760 434
1650770 435
1650780 435
1650790 436
1650800 436
1650810 436
1650820 435
1650830 434
1650840 434
1650850 434
1650860 433
1650870 433
1650880 432
1650890 432
1650900 432
1650910 431
1650920 431
1650930 431
1650940 431
1650950 431
1650960 431
1650970 431
1650980 431
1650990 431
1651000 431
1651010 431
1651020 431
1651030 431
1651040 432
1651050 432
1651060 432
1651070 432
1651080 432
1651090 432
1651100 432
1651110 432
1651120 432
1651130 432
1651140 432
1651150 432
1651160 432
1651170 432
1651180 432
1651190 432
1651200 432
1651210 432
1651220 432
1651230 432
1651240 432
1651250 432
1651260 432
1651270 432
1651280 432
1651290 432
1651300 432
1651310 433
1651320 433
1651330 433
1651340 433
1651350 433
1651360 432
1651370 430
1651380 430
1651390 430
1651400 430
1651410 430
1651420 430
1651430 430
1651440 430
1651450 429
1651460 429
1651470 429
1651480 430
1651490 430
1651500 430
1651510 430
1651520 430
1651530 429
1651540 429
1651550 429
1651560 430
1651570 430
1651580 429
1651590 429
1651600 429
1651610 429
1651620 429
1651630 429
1651640 429
1651650 429
1651660 429
1651670 429
1651680 429
1651690 429
1651700 429
1651710 429
1651720 429
1651730 429
1651740 429
1651750 429
1651760 429
1651770 429
1651780 429
1651790 429
1651800 429
1651810 429
1651820 429
1651830 429
1651840 428
1651850 429
1651860 429
1651870 429
1651880 429
1651890 429
1651900 429
1651910 429
1651920 429
1651930 429
1651940 428
1651950 428
1651960 428
1651970 428
1651980 428
1651990 429
1652000 429
1652010 429
1652020 429
1652030 429
1652040 429
1652050 429
1652060 429
1652070 429
1652080 429
1652090 429
1652100 428
1652110 428
1652120 429
1652130 429
1652140 429
1652150 430
1652160 430
1652170 430
1652180 428
1652190 427
1652200 429
1652210 429
1652220 430
1652230 430
1652240 430
1652250 430
1652260 430
1652270 430
1652280 430
1652290 429
1652300 429
1652310 429
1652320 429
1652330 429
1652340 429
1652350 429
1652360 429
1652370 429
1652380 429
1652390 429
1652400 429
1652410 429
1652420 429
1652430 429
1652440 429
1652450 429
1652460 429
1652470 429
1652480 429
1652490 429
1652500 429
1652510 429
1652520 429
1652530 430
1652540 430
1652550 430
1652560 430
1652570 430
1652580 430
1652590 430
1652600 431
1652610 431
1652620 431
1652630 431
1652640 431
1652650 431
1652660 432
1652670 431
1652680 431
1652690 431
1652700 431
1652710 431
1652720 431
1652730 432
1652740 432
1652750 432
1652760 433
1652770 433
1652780 433
1652790 434
1652800 435
1652810 435
1652820 435
1652830 435
1652840 435
1652850 435
1652860 436
1652870 436
1652880 436
1652890 436
1652900 436
1652910 436
1652920 436
1652930 437
1652940 437
1652950 437
1652960 437
1652970 437
1652980 437
1652990 438
1653000 438
1653010 438
1653020 438
1653030 438
1653040 438
1653050 438
1653060 438
1653070 438
1653080 439
1653090 439
1653100 439
1653110 439
1653120 439
1653130 439
1653140 439
1653150 439
1653160 439
1653170 439
1653180 439
1653190 439
1653200 439
1653210 439
1653220 439
1653230 439
1653240 440
1653250 440
1653260 440
1653270 440
1653280 440
1653290 440
1653300 440
1653310 440
1653320 440
1653330 440
1653340 441
1653350 441
1653360 441
1653370 441
1653380 441
1653390 446
1653400 452
1653410 452
1653420 453
1653430 452
1653440 452
1653450 451
1653460 449
1653470 447
1653480 447
1653490 443
1653500 442
1653510 442
1653520 442
1653530 442
1653540 442
1653550 442
1653560 442
1653570 442
1653580 443
1653590 449
1653600 449
1653610 452
1653620 452
1653630 447
1653640 447
1653650 444
1653660 446
1653670 446
1653680 445
1653690 445
1653700 445
1653710 446
1653720 445
1653730 445
1653740 445
1653750 444
1653760 444
1653770 444
1653780 445
1653790 445
1653800 445
1653810 445
1653820 445
1653830 445
1653840 445
1653850 445
1653860 445
1653870 444
1653880 444
1653890 444
1653900 444
1653910 445
1653920 445
1653930 445
1653940 445
1653950 445
1653960 445
1653970 445
1653980 445
1653990 445
1654000 445
1654010 445
1654020 445
1654030 446
1654040 446
1654050 446
1654060 446
1654070 447
1654080 447
1654090 447
1654100 448
1654110 448
1654120 448
1654130 449
1654140 449
1654150 449
1654160 449
1654170 449
1654180 449
1654190 450
1654200 450
1654210 450
1654220 450
1654230 451
1654240 451
1654250 451
1654260 452
1654270 452
1654280 452
1654290 453
1654300 453
1654310 454
1654320 454
1654330 454
1654340 454
1654350 454
1654360 455
1654370 455
1654380 455
1654390 455
1654400 455
1654410 456
1654420 456
1654430 456
1654440 456
1654450 457
1654460 457
1654470 457
1654480 457
1654490 457
1654500 458
1654510 458
1654520 458
1654530 458
1654540 459
1654550 459
1654560 459
1654570 459
1654580 460
1654590 460
1654600 461
1654610 461
1654620 461
1654630 461
1654640 462
1654650 462
1654660 462
1654670 463
1654680 463
1654690 463
1654700 464
1654710 464
1654720 464
1654730 465
1654740 465
1654750 465
1654760 466
1654770 466
1654780 466
1654790 466
1654800 467
1654810 467
1654820 467
1654830 467
1654840 467
1654850 468
1654860 468
1654870 468
1654880 468
1654890 469
1654900 469
1654910 469
1654920 469
1654930 470
1654940 470
1654950 470
1654960 471
1654970 471
1654980 471
1654990 471
1655000 471
1655010 471
1655020 471
1655030 471
1655040 472
1655050 472
1655060 472
1655070 472
1655080 473
1655090 473
1655100 473
1655110 474
1655120 474
1655130 474
1655140 475
1655150 475
1655160 475
1655170 476
1655180 476
1655190 476
1655200 476
1655210 476
1655220 476
1655230 477
1655240 477
1655250 478
1655260 478
1655270 479
1655280 479
1655290 479
1655300 479
1655310 479
1655320 479
1655330 479
1655340 479
1655350 479
1655360 479
1655370 480
1655380 480
1655390 480
1655400 480
1655410 480
1655420 480
1655430 480
1655440 481
1655450 481
1655460 481
1655470 481
1655480 481
1655490 481
1655500 482
1655510 482
1655520 482
1655530 482
1655540 482
1655550 482
1655560 483
1655570 483
1655580 484
1655590 484
1655600 485
1655610 485
1655620 485
1655630 486
1655640 486
1655650 487
1655660 487
1655670 487
1655680 489
1655690 490
1655700 490
1655710 490
1655720 491
1655730 491
1655740 492
1655750 492
1655760 492
1655770 493
1655780 493
1655790 494
1655800 494
1655810 495
1655820 499
1655830 499
1655840 501
1655850 504
1655860 504
1655870 507
1655880 510
1655890 510
1655900 515
1655910 520
1655920 520
1655930 525
1655940 528
1655950 528
1655960 530
1655970 533
1655980 536
1655990 536
1656000 535
1656010 536
1656020 536
1656030 537
1656040 537
1656050 537
1656060 538
1656070 539
1656080 539
1656090 539
1656100 536
1656110 536
1656120 535
1656130 539
1656140 543
1656150 543
1656160 547
1656170 550
1656180 550
1656190 554
1656200 556
1656210 556
1656220 559
1656230 561
1656240 561
1656250 563
1656260 566
1656270 566
1656280 570
1656290 573
1656300 573
1656310 576
1656320 578
1656330 581
1656340 581
1656350 583
1656360 584
1656370 584
1656380 585
1656390 586
1656400 586
1656410 586
1656420 588
1656430 588
1656440 589
1656450 590
1656460 590
1656470 589
1656480 591
1656490 593
1656500 593
1656510 595
1656520 597
1656530 597
1656540 600
1656550 603
1656560 603
1656570 605
1656580 607
1656590 607
1656600 609
1656610 613
1656620 613
1656630 616
1656640 618
1656650 618
1656660 621
1656670 623
1656680 627
1656690 627
1656700 629
1656710 631
1656720 631
1656730 634
1656740 634
1656750 634
1656760 636
1656770 640
1656780 640
1656790 643
1656800 646
1656810 646
1656820 649
1656830 653
1656840 653
1656850 657
1656860 660
1656870 664
1656880 664
1656890 667
1656900 670
1656910 670
1656920 674
1656930 677
1656940 677
1656950 680
1656960 684
1656970 684
1656980 687
1656990 690
1657000 690
1657010 692
1657020 695
1657030 698
1657040 698
1657050 700
1657060 703
1657070 703
1657080 706
1657090 708
1657100 708
1657110 710
1657120 712
1657130 712
1657140 714
1657150 717
1657160 717
1657170 720
1657180 723
1657190 723
1657200 725
1657210 728
1657220 731
1657230 731
1657240 735
1657250 738
1657260 738
1657270 742
1657280 744
1657290 744
1657300 746
1657310 747
1657320 747
1657330 747
1657340 747
1657350 747
1657360 746
1657370 743
1657380 743
1657390 738
1657400 733
1657410 726
1657420 726
1657430 720
1657440 714
1657450 714
1657460 708
1657470 708
1657480 708
1657490 709
1657500 713
1657510 713
1657520 713
1657530 711
1657540 711
1657550 708
1657560 704
1657570 701
1657580 701
1657590 698
1657600 698
1657610 698
1657620 699
1657630 697
1657640 697
1657650 694
1657660 688
1657670 688
1657680 682
1657690 672
1657700 672
1657710 663
1657720 654
1657730 654
1657740 647
1657750 652
1657760 657
1657770 657
1657780 661
1657790 662
1657800 662
1657810 664
1657820 666
1657830 666
1657840 669
1657850 672
1657860 672
1657870 675
1657880 678
1657890 678
1657900 681
1657910 684
1657920 688
1657930 688
1657940 691
1657950 695
1657960 695
1657970 699
1657980 703
1657990 703
1658000 706
1658010 712
1658020 712
1658030 714
1658040 716
1658050 716
1658060 719
1658070 722
1658080 722
1658090 725
1658100 728
1658110 731
1658120 731
1658130 734
1658140 736
1658150 736
1658160 739
1658170 741
1658180 741
1658190 743
1658200 744
1658210 744
1658220 747
1658230 749
1658240 749
1658250 750
1658260 751
1658270 751
1658280 751
1658290 752
1658300 752
1658310 752
1658320 753
1658330 755
1658340 755
1658350 756
1658360 756
1658370 756
1658380 757
1658390 757
1658400 757
1658410 758
1658420 760
1658430 760
1658440 761
1658450 763
1658460 766
1658470 766
1658480 768
1658490 770
1658500 770
1658510 772
1658520 775
1658530 775
1658540 778
1658550 781
1658560 781
1658570 784
1658580 787
1658590 787
1658600 790
1658610 793
1658620 793
1658630 795
1658640 798
1658650 800
1658660 800
1658670 803
1658680 805
1658690 805
1658700 810
1658710 814
1658720 814
1658730 819
1658740 823
1658750 823
1658760 826
1658770 830
1658780 830
1658790 834
1658800 836
1658810 836
1658820 840
1658830 844
1658840 846
1658850 846
1658860 846
1658870 845
1658880 845
1658890 844
1658900 844
1658910 844
1658920 846
1658930 846
1658940 846
1658950 847
1658960 847
1658970 847
1658980 848
1658990 850
1659000 851
1659010 851
1659020 852
1659030 853
1659040 853
1659050 854
1659060 854
1659070 854
1659080 854
1659090 852
1659100 852
1659110 849
1659120 846
1659130 846
1659140 843
1659150 841
1659160 841
1659170 839
1659180 836
1659190 834
1659200 834
1659210 834
1659220 834
1659230 834
1659240 833
1659250 832
1659260 832
1659270 830
1659280 829
1659290 829
1659300 829
1659310 830
1659320 830
1659330 833
1659340 835
1659350 837
1659360 837
1659370 840
1659380 841
1659390 841
1659400 842
1659410 843
1659420 843
1659430 843
1659440 843
1659450 843
1659460 844
1659470 844
1659480 844
1659490 844
1659500 845
1659510 845
1659520 845
1659530 846
1659540 847
1659550 847
1659560 849
1659570 850
1659580 850
1659590 850
1659600 851
1659610 851
1659620 851
1659630 853
1659640 855
1659650 855
1659660 857
1659670 857
1659680 861
1659690 866
1659700 866
1659710 873
1659720 879
1659730 885
1659740 885
1659750 890
1659760 895
1659770 895
1659780 900
1659790 905
1659800 905
1659810 909
1659820 913
1659830 913
1659840 917
1659850 920
1659860 920
1659870 924
1659880 928
1659890 933
1659900 933
1659910 938
1659920 942
1659930 942
1659940 946
1659950 949
1659960 949
1659970 952
1659980 954
1659990 954
