1640000 1012
1640010 1008
1640020 1007
1640030 1007
1640040 1005
1640050 1002
1640060 1002
1640070 1001
1640080 1002
1640090 1004
1640100 1004
1640110 1007
1640120 1009
1640130 1009
1640140 1012
1640150 1015
1640160 1015
1640170 1016
1640180 1018
1640190 1018
1640200 1018
1640210 1017
1640220 1017
1640230 1016
1640240 1016
1640250 1016
1640260 1015
1640270 1013
1640280 1012
1640290 1012
1640300 1010
1640310 1007
1640320 1007
1640330 1004
1640340 1000
1640350 1000
1640360 998
1640370 995
1640380 995
1640390 993
1640400 990
1640410 990
1640420 988
1640430 986
1640440 982
1640450 982
1640460 980
1640470 978
1640480 978
1640490 976
1640500 974
1640510 974
1640520 971
1640530 968
1640540 968
1640550 965
1640560 962
1640570 962
1640580 959
1640590 957
1640600 957
1640610 956
1640620 954
1640630 952
1640640 952
1640650 950
1640660 947
1640670 947
1640680 945
1640690 942
1640700 942
1640710 940
1640720 938
1640730 938
1640740 935
1640750 933
1640760 933
1640770 931
1640780 929
1640790 926
1640800 926
1640810 924
1640820 921
1640830 921
1640840 919
1640850 917
1640860 917
1640870 914
1640880 912
1640890 912
1640900 909
1640910 907
1640920 907
1640930 905
1640940 902
1640950 902
1640960 900
1640970 897
1640980 895
1640990 895
1641000 892
1641010 889
1641020 889
1641030 885
1641040 881
1641050 881
1641060 877
1641070 874
1641080 874
1641090 870
1641100 867
1641110 867
1641120 864
1641130 860
1641140 860
1641150 856
1641160 853
1641170 851
1641180 851
1641190 848
1641200 843
1641210 843
1641220 836
1641230 829
1641240 829
1641250 826
1641260 824
1641270 824
1641280 823
1641290 821
1641300 821
1641310 819
1641320 817
1641330 814
1641340 814
1641350 812
1641360 810
1641370 810
1641380 808
1641390 807
1641400 807
1641410 806
1641420 804
1641430 804
1641440 802
1641450 799
1641460 799
1641470 796
1641480 794
1641490 794
1641500 793
1641510 792
1641520 791
1641530 791
1641540 788
1641550 786
1641560 786
1641570 786
1641580 784
1641590 784
1641600 780
1641610 778
1641620 778
1641630 772
1641640 769
1641650 769
1641660 770
1641670 771
1641680 771
1641690 771
1641700 771
1641710 771
1641720 771
1641730 771
1641740 770
1641750 770
1641760 769
1641770 767
1641780 767
1641790 765
1641800 761
1641810 761
1641820 759
1641830 757
1641840 757
1641850 756
1641860 756
1641870 754
1641880 754
1641890 752
1641900 752
1641910 752
1641920 751
1641930 748
1641940 748
1641950 744
1641960 740
1641970 740
1641980 737
1641990 735
1642000 735
1642010 734
1642020 733
1642030 733
1642040 731
1642050 729
1642060 725
1642070 725
1642080 722
1642090 720
1642100 720
1642110 718
1642120 716
1642130 716
1642140 713
1642150 709
1642160 709
1642170 706
1642180 703
1642190 703
1642200 698
1642210 693
1642220 693
1642230 688
1642240 689
1642250 698
1642260 698
1642270 704
1642280 706
1642290 706
1642300 705
1642310 705
1642320 705
1642330 705
1642340 706
1642350 706
1642360 710
1642370 713
1642380 713
1642390 718
1642400 721
1642410 723
1642420 723
1642430 729
1642440 732
1642450 732
1642460 734
1642470 736
1642480 736
1642490 738
1642500 740
1642510 740
1642520 742
1642530 743
1642540 743
1642550 745
1642560 746
1642570 746
1642580 746
1642590 748
1642600 754
1642610 754
1642620 757
1642630 760
1642640 760
1642650 761
1642660 762
1642670 762
1642680 763
1642690 764
1642700 764
1642710 764
1642720 764
1642730 764
1642740 763
1642750 763
1642760 763
1642770 763
1642780 763
1642790 763
1642800 763
1642810 764
1642820 766
1642830 766
1642840 766
1642850 766
1642860 766
1642870 766
1642880 765
1642890 765
1642900 764
1642910 762
1642920 762
1642930 761
1642940 759
1642950 757
1642960 757
1642970 756
1642980 755
1642990 755
1643000 753
1643010 752
1643020 752
1643030 751
1643040 749
1643050 749
1643060 748
1643070 746
1643080 746
1643090 744
1643100 743
1643110 743
1643120 741
1643130 740
1643140 739
1643150 739
1643160 738
1643170 737
1643180 737
1643190 737
1643200 736
1643210 736
1643220 736
1643230 735
1643240 735
1643250 735
1643260 735
1643270 735
1643280 735
1643290 734
1643300 734
1643310 734
1643320 733
1643330 732
1643340 732
1643350 731
1643360 730
1643370 730
1643380 729
1643390 728
1643400 728
1643410 727
1643420 726
1643430 726
1643440 726
1643450 725
1643460 725
1643470 725
1643480 723
1643490 723
1643500 723
1643510 721
1643520 719
1643530 719
1643540 717
1643550 714
1643560 714
1643570 712
1643580 709
1643590 709
1643600 706
1643610 704
1643620 704
1643630 701
1643640 699
1643650 699
1643660 697
1643670 695
1643680 693
1643690 693
1643700 691
1643710 689
1643720 689
1643730 686
1643740 684
1643750 684
1643760 682
1643770 680
1643780 680
1643790 678
1643800 678
1643810 678
1643820 678
1643830 678
1643840 678
1643850 678
1643860 677
1643870 676
1643880 676
1643890 675
1643900 673
1643910 673
1643920 671
1643930 668
1643940 668
1643950 667
1643960 666
1643970 666
1643980 665
1643990 663
1644000 663
1644010 661
1644020 656
1644030 652
1644040 652
1644050 648
1644060 643
1644070 643
1644080 639
1644090 635
1644100 635
1644110 631
1644120 629
1644130 629
1644140 628
1644150 627
1644160 627
1644170 625
1644180 623
1644190 623
1644200 622
1644210 621
1644220 620
1644230 620
1644240 619
1644250 618
1644260 618
1644270 617
1644280 616
1644290 616
1644300 615
1644310 614
1644320 614
1644330 613
1644340 612
1644350 612
1644360 610
1644370 608
1644380 605
1644390 605
1644400 604
1644410 603
1644420 603
1644430 602
1644440 600
1644450 600
1644460 598
1644470 597
1644480 597
1644490 596
1644500 593
1644510 593
1644520 589
1644530 585
1644540 585
1644550 584
1644560 583
1644570 582
1644580 582
1644590 580
1644600 578
1644610 578
1644620 578
1644630 578
1644640 578
1644650 576
1644660 573
1644670 573
1644680 571
1644690 570
1644700 570
1644710 570
1644720 569
1644730 567
1644740 567
1644750 565
1644760 563
1644770 563
1644780 562
1644790 560
1644800 560
1644810 557
1644820 557
1644830 557
1644840 556
1644850 556
1644860 556
1644870 555
1644880 554
1644890 554
1644900 554
1644910 553
1644920 551
1644930 551
1644940 551
1644950 550
1644960 550
1644970 549
1644980 547
1644990 547
1645000 544
1645010 543
1645020 543
1645030 542
1645040 542
1645050 542
1645060 541
1645070 541
1645080 541
1645090 540
1645100 540
1645110 538
1645120 538
1645130 537
1645140 536
1645150 536
1645160 535
1645170 534
1645180 534
1645190 533
1645200 531
1645210 531
1645220 530
1645230 528
1645240 528
1645250 527
1645260 526
1645270 525
1645280 525
1645290 524
1645300 523
1645310 523
1645320 523
1645330 522
1645340 522
1645350 521
1645360 520
1645370 520
1645380 519
1645390 519
1645400 519
1645410 518
1645420 517
1645430 517
1645440 517
1645450 516
1645460 515
1645470 515
1645480 514
1645490 514
1645500 514
1645510 514
1645520 513
1645530 513
1645540 512
1645550 512
1645560 512
1645570 511
1645580 511
1645590 511
1645600 509
1645610 508
1645620 508
1645630 507
1645640 506
1645650 506
1645660 506
1645670 504
1645680 503
1645690 503
1645700 501
1645710 500
1645720 500
1645730 499
1645740 498
1645750 498
1645760 497
1645770 497
1645780 497
1645790 496
1645800 496
1645810 495
1645820 495
1645830 494
1645840 493
1645850 493
1645860 493
1645870 492
1645880 492
1645890 491
1645900 490
1645910 490
1645920 490
1645930 489
1645940 489
1645950 488
1645960 487
1645970 487
1645980 487
1645990 487
1646000 486
1646010 486
1646020 485
1646030 485
1646040 485
1646050 485
1646060 484
1646070 484
1646080 484
1646090 483
1646100 483
1646110 483
1646120 482
1646130 482
1646140 481
1646150 480
1646160 480
1646170 479
1646180 478
1646190 477
1646200 477
1646210 476
1646220 475
1646230 475
1646240 475
1646250 474
1646260 474
1646270 473
1646280 473
1646290 473
1646300 472
1646310 472
1646320 472
1646330 471
1646340 471
1646350 470
1646360 470
1646370 470
1646380 469
1646390 469
1646400 469
1646410 468
1646420 468
1646430 467
1646440 467
1646450 467
1646460 466
1646470 466
1646480 466
1646490 465
1646500 464
1646510 464
1646520 464
1646530 463
1646540 463
1646550 463
1646560 462
1646570 461
1646580 461
1646590 461
1646600 461
1646610 461
1646620 460
1646630 460
1646640 460
1646650 459
1646660 459
1646670 459
1646680 459
1646690 459
1646700 459
1646710 459
1646720 458
1646730 458
1646740 458
1646750 457
1646760 457
1646770 457
1646780 457
1646790 456
1646800 456
1646810 456
1646820 456
1646830 456
1646840 456
1646850 456
1646860 456
1646870 456
1646880 456
1646890 456
1646900 456
1646910 456
1646920 455
1646930 455
1646940 455
1646950 455
1646960 455
1646970 455
1646980 454
1646990 454
1647000 454
1647010 454
1647020 454
1647030 454
1647040 454
1647050 454
1647060 454
1647070 454
1647080 454
1647090 454
1647100 454
1647110 454
1647120 454
1647130 454
1647140 454
1647150 454
1647160 454
1647170 454
1647180 454
1647190 454
1647200 455
1647210 455
1647220 455
1647230 456
1647240 457
1647250 457
1647260 458
1647270 459
1647280 459
1647290 460
1647300 460
1647310 460
1647320 462
1647330 464
1647340 464
1647350 466
1647360 467
1647370 467
1647380 468
1647390 468
1647400 468
1647410 468
1647420 469
1647430 469
1647440 469
1647450 469
1647460 469
1647470 469
1647480 470
1647490 470
1647500 470
1647510 470
1647520 470
1647530 470
1647540 470
1647550 470
1647560 470
1647570 469
1647580 469
1647590 469
1647600 469
1647610 468
1647620 468
1647630 468
1647640 467
1647650 466
1647660 466
1647670 466
1647680 465
1647690 465
1647700 464
1647710 464
1647720 464
1647730 464
1647740 465
1647750 465
1647760 464
1647770 463
1647780 463
1647790 463
1647800 463
1647810 463
1647820 463
1647830 462
1647840 462
1647850 462
1647860 461
1647870 461
1647880 461
1647890 461
1647900 461
1647910 461
1647920 461
1647930 461
1647940 461
1647950 460
1647960 460
1647970 460
1647980 460
1647990 460
1648000 459
1648010 459
1648020 459
1648030 459
1648040 459
1648050 459
1648060 458
1648070 458
1648080 458
1648090 458
1648100 458
1648110 458
1648120 458
1648130 458
1648140 458
1648150 458
1648160 457
1648170 457
1648180 457
1648190 455
1648200 455
1648210 455
1648220 456
1648230 456
1648240 457
1648250 459
1648260 459
1648270 461
1648280 463
1648290 463
1648300 466
1648310 468
1648320 470
1648330 470
1648340 471
1648350 471
1648360 471
1648370 472
1648380 474
1648390 474
1648400 477
1648410 480
1648420 480
1648430 481
1648440 483
1648450 483
1648460 483
1648470 483
1648480 483
1648490 483
1648500 483
1648510 483
1648520 483
1648530 483
1648540 482
1648550 482
1648560 482
1648570 482
1648580 482
1648590 482
1648600 482
1648610 482
1648620 482
1648630 482
1648640 482
1648650 481
1648660 481
1648670 481
1648680 481
1648690 481
1648700 481
1648710 481
1648720 481
1648730 480
1648740 480
1648750 480
1648760 480
1648770 480
1648780 480
1648790 479
1648800 479
1648810 479
1648820 478
1648830 478
1648840 478
1648850 478
1648860 477
1648870 477
1648880 477
1648890 476
1648900 476
1648910 475
1648920 475
1648930 475
1648940 474
1648950 473
1648960 473
1648970 472
1648980 472
1648990 472
1649000 472
1649010 473
1649020 473
1649030 474
1649040 474
1649050 474
1649060 474
1649070 474
1649080 474
1649090 474
1649100 473
1649110 473
1649120 473
1649130 472
1649140 471
1649150 471
1649160 470
1649170 468
1649180 468
1649190 466
1649200 463
1649210 461
1649220 461
1649230 459
1649240 457
1649250 457
1649260 455
1649270 453
1649280 453
1649290 451
1649300 450
1649310 450
1649320 449
1649330 449
1649340 449
1649350 449
1649360 449
1649370 449
1649380 449
1649390 449
1649400 449
1649410 449
1649420 448
1649430 448
1649440 448
1649450 448
1649460 448
1649470 448
1649480 448
1649490 448
1649500 448
1649510 448
1649520 448
1649530 448
1649540 447
1649550 447
1649560 447
1649570 447
1649580 446
1649590 446
1649600 446
1649610 446
1649620 446
1649630 446
1649640 446
1649650 447
1649660 447
1649670 447
1649680 447
1649690 447
1649700 446
1649710 446
1649720 446
1649730 446
1649740 447
1649750 447
1649760 447
1649770 447
1649780 446
1649790 446
1649800 446
1649810 446
1649820 446
1649830 446
1649840 446
1649850 446
1649860 446
1649870 446
1649880 446
1649890 446
1649900 446
1649910 446
1649920 446
1649930 446
1649940 446
1649950 446
1649960 446
1649970 446
1649980 446
1649990 446
1650000 446
1650010 446
1650020 448
1650030 449
1650040 449
1650050 448
1650060 448
1650070 448
1650080 447
1650090 446
1650100 446
1650110 445
1650120 445
1650130 445
1650140 445
1650150 445
1650160 445
1650170 445
1650180 445
1650190 445
1650200 445
1650210 444
1650220 444
1650230 444
1650240 444
1650250 444
1650260 444
1650270 444
1650280 444
1650290 444
1650300 444
1650310 444
1650320 444
1650330 444
1650340 444
1650350 444
1650360 444
1650370 443
1650380 443
1650390 443
1650400 443
1650410 444
1650420 444
1650430 444
1650440 444
1650450 444
1650460 443
1650470 443
1650480 443
1650490 443
1650500 443
1650510 443
1650520 443
1650530 442
1650540 442
1650550 442
1650560 442
1650570 442
1650580 442
1650590 442
1650600 442
1650610 442
1650620 442
1650630 442
1650640 442
1650650 442
1650660 442
1650670 441
1650680 441
1650690 441
1650700 441
1650710 441
1650720 440
1650730 440
1650740 440
1650750 440
1650760 440
1650770 440
1650780 440
1650790 440
1650800 440
1650810 440
1650820 440
1650830 438
1650840 438
1650850 438
1650860 438
1650870 438
1650880 438
1650890 437
1650900 437
1650910 437
1650920 437
1650930 437
1650940 436
1650950 436
1650960 436
1650970 436
1650980 436
1650990 436
1651000 436
1651010 437
1651020 437
1651030 437
1651040 437
1651050 436
1651060 436
1651070 436
1651080 436
1651090 436
1651100 436
1651110 436
1651120 436
1651130 436
1651140 436
1651150 436
1651160 436
1651170 436
1651180 436
1651190 436
1651200 435
1651210 435
1651220 435
1651230 435
1651240 435
1651250 435
1651260 435
1651270 435
1651280 435
1651290 434
1651300 434
1651310 434
1651320 434
1651330 434
1651340 434
1651350 434
1651360 435
1651370 436
1651380 436
1651390 436
1651400 437
1651410 437
1651420 437
1651430 437
1651440 437
1651450 438
1651460 437
1651470 437
1651480 437
1651490 437
1651500 437
1651510 437
1651520 436
1651530 436
1651540 436
1651550 436
1651560 436
1651570 436
1651580 436
1651590 436
1651600 436
1651610 436
1651620 436
1651630 436
1651640 435
1651650 435
1651660 435
1651670 435
1651680 435
1651690 435
1651700 435
1651710 435
1651720 434
1651730 434
1651740 434
1651750 434
1651760 434
1651770 433
1651780 433
1651790 433
1651800 433
1651810 433
1651820 433
1651830 433
1651840 433
1651850 433
1651860 433
1651870 433
1651880 433
1651890 434
1651900 433
1651910 433
1651920 433
1651930 432
1651940 432
1651950 432
1651960 432
1651970 432
1651980 432
1651990 433
1652000 433
1652010 433
1652020 433
1652030 433
1652040 433
1652050 433
1652060 433
1652070 433
1652080 433
1652090 433
1652100 434
1652110 434
1652120 434
1652130 434
1652140 434
1652150 434
1652160 434
1652170 434
1652180 433
1652190 433
1652200 433
1652210 432
1652220 430
1652230 430
1652240 431
1652250 433
1652260 434
1652270 434
1652280 434
1652290 434
1652300 434
1652310 433
1652320 433
1652330 433
1652340 433
1652350 433
1652360 433
1652370 433
1652380 433
1652390 433
1652400 433
1652410 433
1652420 433
1652430 433
1652440 433
1652450 433
1652460 433
1652470 433
1652480 434
1652490 434
1652500 434
1652510 435
1652520 435
1652530 435
1652540 435
1652550 435
1652560 435
1652570 435
1652580 435
1652590 435
1652600 435
1652610 435
1652620 435
1652630 435
1652640 435
1652650 435
1652660 436
1652670 436
1652680 436
1652690 435
1652700 435
1652710 435
1652720 436
1652730 436
1652740 436
1652750 436
1652760 437
1652770 437
1652780 438
1652790 438
1652800 438
1652810 438
1652820 439
1652830 440
1652840 440
1652850 440
1652860 440
1652870 440
1652880 440
1652890 440
1652900 440
1652910 440
1652920 440
1652930 440
1652940 441
1652950 441
1652960 441
1652970 441
1652980 441
1652990 441
1653000 441
1653010 441
1653020 442
1653030 442
1653040 442
1653050 442
1653060 442
1653070 442
1653080 442
1653090 442
1653100 442
1653110 443
1653120 443
1653130 443
1653140 443
1653150 444
1653160 444
1653170 444
1653180 444
1653190 444
1653200 444
1653210 444
1653220 444
1653230 444
1653240 444
1653250 444
1653260 444
1653270 444
1653280 444
1653290 444
1653300 445
1653310 445
1653320 445
1653330 445
1653340 445
1653350 445
1653360 445
1653370 446
1653380 446
1653390 446
1653400 446
1653410 446
1653420 446
1653430 446
1653440 446
1653450 446
1653460 447
1653470 447
1653480 447
1653490 447
1653500 447
1653510 448
1653520 448
1653530 448
1653540 448
1653550 448
1653560 448
1653570 448
1653580 449
1653590 449
1653600 449
1653610 449
1653620 449
1653630 449
1653640 449
1653650 449
1653660 449
1653670 449
1653680 449
1653690 449
1653700 449
1653710 450
1653720 450
1653730 450
1653740 450
1653750 451
1653760 451
1653770 451
1653780 451
1653790 451
1653800 452
1653810 452
1653820 452
1653830 452
1653840 452
1653850 452
1653860 453
1653870 453
1653880 453
1653890 453
1653900 453
1653910 453
1653920 453
1653930 453
1653940 454
1653950 454
1653960 454
1653970 454
1653980 454
1653990 455
1654000 455
1654010 455
1654020 456
1654030 456
1654040 456
1654050 456
1654060 457
1654070 457
1654080 457
1654090 457
1654100 458
1654110 458
1654120 458
1654130 458
1654140 458
1654150 459
1654160 459
1654170 459
1654180 460
1654190 460
1654200 460
1654210 460
1654220 461
1654230 461
1654240 461
1654250 462
1654260 462
1654270 462
1654280 463
1654290 463
1654300 463
1654310 464
1654320 466
1654330 466
1654340 467
1654350 468
1654360 468
1654370 469
1654380 471
1654390 471
1654400 473
1654410 475
1654420 477
1654430 477
1654440 480
1654450 483
1654460 483
1654470 485
1654480 486
1654490 486
1654500 487
1654510 488
1654520 488
1654530 489
1654540 491
1654550 491
1654560 492
1654570 494
1654580 494
1654590 495
1654600 496
1654610 497
1654620 497
1654630 498
1654640 498
1654650 498
1654660 497
1654670 497
1654680 497
1654690 494
1654700 491
1654710 491
1654720 488
1654730 487
1654740 487
1654750 490
1654760 494
1654770 495
1654780 495
1654790 495
1654800 497
1654810 497
1654820 501
1654830 505
1654840 505
1654850 506
1654860 507
1654870 507
1654880 508
1654890 509
1654900 509
1654910 510
1654920 511
1654930 511
1654940 512
1654950 514
1654960 515
1654970 515
1654980 517
1654990 518
1655000 518
1655010 519
1655020 521
1655030 521
1655040 522
1655050 523
1655060 523
1655070 525
1655080 526
1655090 526
1655100 528
1655110 530
1655120 530
1655130 531
1655140 532
1655150 533
1655160 533
1655170 533
1655180 533
1655190 533
1655200 534
1655210 534
1655220 534
1655230 534
1655240 534
1655250 534
1655260 535
1655270 535
1655280 535
1655290 536
1655300 537
1655310 538
1655320 538
1655330 539
1655340 539
1655350 539
1655360 538
1655370 537
1655380 537
1655390 537
1655400 536
1655410 536
1655420 536
1655430 535
1655440 535
1655450 534
1655460 534
1655470 534
1655480 533
1655490 534
1655500 532
1655510 532
1655520 531
1655530 529
1655540 529
1655550 527
1655560 526
1655570 526
1655580 526
1655590 526
1655600 526
1655610 527
1655620 526
1655630 526
1655640 525
1655650 525
1655660 526
1655670 526
1655680 526
1655690 528
1655700 528
1655710 530
1655720 529
1655730 529
1655740 528
1655750 528
1655760 528
1655770 529
1655780 531
1655790 531
1655800 533
1655810 536
1655820 536
1655830 539
1655840 544
1655850 546
1655860 546
1655870 549
1655880 552
1655890 552
1655900 554
1655910 556
1655920 556
1655930 558
1655940 559
1655950 559
1655960 560
1655970 559
1655980 559
1655990 562
1656000 565
1656010 565
1656020 567
1656030 569
1656040 572
1656050 572
1656060 574
1656070 576
1656080 576
1656090 578
1656100 580
1656110 580
1656120 583
1656130 585
1656140 585
1656150 588
1656160 591
1656170 591
1656180 593
1656190 596
1656200 598
1656210 598
1656220 596
1656230 598
1656240 598
1656250 600
1656260 602
1656270 602
1656280 604
1656290 607
1656300 607
1656310 608
1656320 609
1656330 609
1656340 611
1656350 613
1656360 613
1656370 615
1656380 616
1656390 617
1656400 617
1656410 617
1656420 613
1656430 613
1656440 614
1656450 620
1656460 620
1656470 622
1656480 624
1656490 624
1656500 627
1656510 630
1656520 630
1656530 633
1656540 637
1656550 637
1656560 640
1656570 644
1656580 647
1656590 647
1656600 650
1656610 654
1656620 654
1656630 658
1656640 661
1656650 661
1656660 665
1656670 669
1656680 669
1656690 673
1656700 675
1656710 675
1656720 679
1656730 683
1656740 685
1656750 685
1656760 688
1656770 690
1656780 690
1656790 691
1656800 693
1656810 693
1656820 694
1656830 698
1656840 698
1656850 700
1656860 703
1656870 703
1656880 707
1656890 711
1656900 711
1656910 715
1656920 719
1656930 722
1656940 722
1656950 721
1656960 724
1656970 724
1656980 726
1656990 728
1657000 728
1657010 730
1657020 733
1657030 733
1657040 735
1657050 737
1657060 737
1657070 738
1657080 741
1657090 741
1657100 744
1657110 747
1657120 748
1657130 748
1657140 751
1657150 753
1657160 753
1657170 753
1657180 754
1657190 754
1657200 755
1657210 758
1657220 758
1657230 761
1657240 764
1657250 764
1657260 767
1657270 770
1657280 773
1657290 773
1657300 776
1657310 778
1657320 778
1657330 780
1657340 782
1657350 782
1657360 783
1657370 785
1657380 785
1657390 786
1657400 787
1657410 787
1657420 788
1657430 789
1657440 789
1657450 789
1657460 789
1657470 788
1657480 788
1657490 786
1657500 784
1657510 784
1657520 780
1657530 775
1657540 775
1657550 771
1657560 767
1657570 767
1657580 763
1657590 758
1657600 758
1657610 753
1657620 748
1657630 748
1657640 743
1657650 739
1657660 735
1657670 735
1657680 728
1657690 719
1657700 719
1657710 712
1657720 707
1657730 707
1657740 702
1657750 701
1657760 701
1657770 705
1657780 709
1657790 709
1657800 712
1657810 716
1657820 720
1657830 720
1657840 723
1657850 726
1657860 726
1657870 729
1657880 731
1657890 731
1657900 734
1657910 738
1657920 738
1657930 741
1657940 744
1657950 744
1657960 747
1657970 750
1657980 750
1657990 753
1658000 755
1658010 758
1658020 758
1658030 760
1658040 763
1658050 763
1658060 766
1658070 769
1658080 769
1658090 771
1658100 772
1658110 772
1658120 774
1658130 775
1658140 775
1658150 777
1658160 779
1658170 779
1658180 779
1658190 778
1658200 778
1658210 778
1658220 780
1658230 783
1658240 783
1658250 787
1658260 790
1658270 790
1658280 794
1658290 799
1658300 799
1658310 800
1658320 802
1658330 802
1658340 804
1658350 808
1658360 810
1658370 810
1658380 813
1658390 816
1658400 816
1658410 818
1658420 821
1658430 821
1658440 823
1658450 826
1658460 826
1658470 828
1658480 831
1658490 831
1658500 834
1658510 836
1658520 836
1658530 839
1658540 842
1658550 845
1658560 845
1658570 848
1658580 851
1658590 851
1658600 854
1658610 856
1658620 856
1658630 859
1658640 862
1658650 862
1658660 864
1658670 867
1658680 867
1658690 870
1658700 872
1658710 874
1658720 874
1658730 875
1658740 879
1658750 879
1658760 882
1658770 885
1658780 885
1658790 887
1658800 889
1658810 889
1658820 892
1658830 893
1658840 893
1658850 895
1658860 897
1658870 897
1658880 898
1658890 900
1658900 901
1658910 901
1658920 901
1658930 900
1658940 900
1658950 901
1658960 902
1658970 902
1658980 902
1658990 902
1659000 902
1659010 903
1659020 904
1659030 904
1659040 905
1659050 906
1659060 906
1659070 908
1659080 909
1659090 912
1659100 912
1659110 914
1659120 917
1659130 917
1659140 916
1659150 919
1659160 919
1659170 921
1659180 923
1659190 923
1659200 926
1659210 928
1659220 928
1659230 929
1659240 931
1659250 933
1659260 933
1659270 936
1659280 939
1659290 939
1659300 942
1659310 946
1659320 946
1659330 949
1659340 953
1659350 953
1659360 956
1659370 959
1659380 959
1659390 961
1659400 964
1659410 964
1659420 966
1659430 968
1659440 970
1659450 970
1659460 971
1659470 973
1659480 973
1659490 974
1659500 974
1659510 974
1659520 975
1659530 975
1659540 975
1659550 975
1659560 977
1659570 977
1659580 979
1659590 982
1659600 982
1659610 985
1659620 989
1659630 993
1659640 993
1659650 997
1659660 1001
1659670 1001
1659680 1004
1659690 1007
1659700 1007
1659710 1010
1659720 1012
1659730 1012
1659740 1013
1659750 1014
1659760 1014
1659770 1014
1659780 1015
1659790 1017
1659800 1017
1659810 1021
1659820 1025
1659830 1025
1659840 1029
1659850 1032
1659860 1034
1659870 1036
1659880 1037
1659890 1037
1659900 1037
1659910 1037
1659920 1037
1659930 1037
1659940 1035
1659950 1035
1659960 1032
1659970 1027
1659980 1023
1659990 1023
