1640000 1109
1640010 1109
1640020 1107
1640030 1105
1640040 1105
1640050 1103
1640060 1102
1640070 1102
1640080 1101
1640090 1101
1640100 1101
1640110 1100
1640120 1099
1640130 1099
1640140 1100
1640150 1099
1640160 1099
1640170 1099
1640180 1098
1640190 1097
1640200 1097
1640210 1096
1640220 1094
1640230 1094
1640240 1095
1640250 1095
1640260 1095
1640270 1095
1640280 1095
1640290 1095
1640300 1095
1640310 1096
1640320 1096
1640330 1096
1640340 1097
1640350 1097
1640360 1097
1640370 1097
1640380 1097
1640390 1097
1640400 1096
1640410 1097
1640420 1097
1640430 1097
1640440 1098
1640450 1098
1640460 1096
1640470 1096
1640480 1096
1640490 1097
1640500 1097
1640510 1097
1640520 1097
1640530 1096
1640540 1096
1640550 1096
1640560 1096
1640570 1097
1640580 1097
1640590 1098
1640600 1098
1640610 1098
1640620 1099
1640630 1100
1640640 1100
1640650 1100
1640660 1100
1640670 1100
1640680 1100
1640690 1099
1640700 1099
1640710 1098
1640720 1097
1640730 1097
1640740 1096
1640750 1095
1640760 1094
1640770 1094
1640780 1093
1640790 1091
1640800 1091
1640810 1090
1640820 1089
1640830 1089
1640840 1088
1640850 1086
1640860 1086
1640870 1084
1640880 1081
1640890 1081
1640900 1078
1640910 1076
1640920 1074
1640930 1074
1640940 1072
1640950 1070
1640960 1070
1640970 1069
1640980 1067
1640990 1067
1641000 1065
1641010 1063
1641020 1063
1641030 1060
1641040 1056
1641050 1056
1641060 1054
1641070 1053
1641080 1053
1641090 1050
1641100 1049
1641110 1048
1641120 1048
1641130 1048
1641140 1048
1641150 1048
1641160 1048
1641170 1047
1641180 1047
1641190 1046
1641200 1047
1641210 1047
1641220 1047
1641230 1046
1641240 1046
1641250 1045
1641260 1043
1641270 1043
1641280 1041
1641290 1039
1641300 1037
1641310 1037
1641320 1034
1641330 1030
1641340 1030
1641350 1028
1641360 1026
1641370 1026
1641380 1024
1641390 1021
1641400 1021
1641410 1019
1641420 1017
1641430 1017
1641440 1014
1641450 1012
1641460 1012
1641470 1010
1641480 1007
1641490 1005
1641500 1005
1641510 1003
1641520 1001
1641530 1001
1641540 999
1641550 997
1641560 997
1641570 995
1641580 993
1641590 993
1641600 992
1641610 991
1641620 991
1641630 990
1641640 989
1641650 989
1641660 989
1641670 989
1641680 988
1641690 988
1641700 989
1641710 989
1641720 989
1641730 989
1641740 989
1641750 989
1641760 988
1641770 985
1641780 985
1641790 983
1641800 980
1641810 980
1641820 977
1641830 974
1641840 970
1641850 970
1641860 966
1641870 962
1641880 962
1641890 958
1641900 953
1641910 953
1641920 949
1641930 945
1641940 945
1641950 943
1641960 941
1641970 941
1641980 941
1641990 943
1642000 943
1642010 945
1642020 946
1642030 947
1642040 947
1642050 948
1642060 949
1642070 949
1642080 945
1642090 946
1642100 946
1642110 946
1642120 946
1642130 946
1642140 945
1642150 943
1642160 943
1642170 941
1642180 939
1642190 939
1642200 935
1642210 931
1642220 927
1642230 927
1642240 923
1642250 919
1642260 919
1642270 916
1642280 911
1642290 911
1642300 909
1642310 907
1642320 907
1642330 905
1642340 904
1642350 904
1642360 901
1642370 898
1642380 897
1642390 897
1642400 896
1642410 896
1642420 896
1642430 894
1642440 892
1642450 892
1642460 893
1642470 894
1642480 894
1642490 895
1642500 896
1642510 896
1642520 897
1642530 899
1642540 899
1642550 902
1642560 905
1642570 908
1642580 908
1642590 911
1642600 913
1642610 913
1642620 915
1642630 916
1642640 916
1642650 917
1642660 918
1642670 918
1642680 919
1642690 919
1642700 919
1642710 919
1642720 917
1642730 917
1642740 915
1642750 912
1642760 910
1642770 910
1642780 908
1642790 906
1642800 906
1642810 904
1642820 901
1642830 901
1642840 898
1642850 895
1642860 895
1642870 892
1642880 888
1642890 888
1642900 885
1642910 882
1642920 882
1642930 879
1642940 875
1642950 872
1642960 872
1642970 869
1642980 864
1642990 864
1643000 861
1643010 858
1643020 858
1643030 855
1643040 852
1643050 852
1643060 849
1643070 846
1643080 846
1643090 843
1643100 841
1643110 838
1643120 838
1643130 836
1643140 834
1643150 834
1643160 831
1643170 828
1643180 828
1643190 826
1643200 823
1643210 823
1643220 821
1643230 819
1643240 819
1643250 817
1643260 815
1643270 815
1643280 813
1643290 812
1643300 810
1643310 810
1643320 809
1643330 807
1643340 807
1643350 805
1643360 803
1643370 803
1643380 801
1643390 799
1643400 799
1643410 797
1643420 794
1643430 794
1643440 792
1643450 790
1643460 790
1643470 787
1643480 785
1643490 783
1643500 783
1643510 781
1643520 779
1643530 779
1643540 777
1643550 775
1643560 775
1643570 772
1643580 770
1643590 770
1643600 767
1643610 764
1643620 764
1643630 762
1643640 760
1643650 760
1643660 757
1643670 755
1643680 752
1643690 752
1643700 747
1643710 742
1643720 742
1643730 738
1643740 734
1643750 734
1643760 732
1643770 730
1643780 730
1643790 724
1643800 720
1643810 720
1643820 715
1643830 711
1643840 708
1643850 708
1643860 705
1643870 704
1643880 704
1643890 705
1643900 705
1643910 705
1643920 705
1643930 705
1643940 705
1643950 705
1643960 704
1643970 704
1643980 704
1643990 703
1644000 703
1644010 701
1644020 699
1644030 697
1644040 697
1644050 696
1644060 695
1644070 695
1644080 694
1644090 692
1644100 692
1644110 690
1644120 687
1644130 687
1644140 685
1644150 682
1644160 682
1644170 680
1644180 677
1644190 677
1644200 675
1644210 673
1644220 670
1644230 670
1644240 667
1644250 664
1644260 664
1644270 660
1644280 657
1644290 657
1644300 653
1644310 649
1644320 649
1644330 644
1644340 640
1644350 640
1644360 635
1644370 631
1644380 631
1644390 628
1644400 626
1644410 625
1644420 625
1644430 622
1644440 619
1644450 619
1644460 613
1644470 609
1644480 609
1644490 605
1644500 603
1644510 603
1644520 601
1644530 599
1644540 599
1644550 597
1644560 596
1644570 596
1644580 595
1644590 593
1644600 592
1644610 592
1644620 591
1644630 589
1644640 589
1644650 588
1644660 587
1644670 587
1644680 587
1644690 588
1644700 588
1644710 588
1644720 588
1644730 588
1644740 588
1644750 590
1644760 595
1644770 595
1644780 603
1644790 610
1644800 610
1644810 617
1644820 622
1644830 622
1644840 626
1644850 628
1644860 628
1644870 630
1644880 630
1644890 630
1644900 630
1644910 627
1644920 627
1644930 626
1644940 629
1644950 631
1644960 631
1644970 633
1644980 634
1644990 634
1645000 635
1645010 637
1645020 637
1645030 639
1645040 641
1645050 641
1645060 643
1645070 645
1645080 645
1645090 647
1645100 649
1645110 649
1645120 651
1645130 654
1645140 656
1645150 656
1645160 658
1645170 659
1645180 659
1645190 660
1645200 661
1645210 661
1645220 662
1645230 662
1645240 662
1645250 663
1645260 663
1645270 663
1645280 662
1645290 661
1645300 661
1645310 660
1645320 657
1645330 654
1645340 654
1645350 651
1645360 648
1645370 648
1645380 647
1645390 646
1645400 646
1645410 645
1645420 643
1645430 643
1645440 640
1645450 637
1645460 637
1645470 634
1645480 630
1645490 626
1645500 626
1645510 623
1645520 621
1645530 621
1645540 620
1645550 620
1645560 620
1645570 620
1645580 619
1645590 619
1645600 617
1645610 615
1645620 615
1645630 613
1645640 612
1645650 612
1645660 610
1645670 609
1645680 609
1645690 609
1645700 608
1645710 608
1645720 608
1645730 608
1645740 609
1645750 609
1645760 609
1645770 608
1645780 608
1645790 608
1645800 607
1645810 607
1645820 605
1645830 603
1645840 603
1645850 601
1645860 597
1645870 593
1645880 593
1645890 591
1645900 591
1645910 591
1645920 589
1645930 587
1645940 587
1645950 584
1645960 582
1645970 582
1645980 580
1645990 578
1646000 578
1646010 576
1646020 575
1646030 575
1646040 572
1646050 570
1646060 569
1646070 569
1646080 568
1646090 566
1646100 566
1646110 565
1646120 564
1646130 564
1646140 564
1646150 564
1646160 564
1646170 564
1646180 564
1646190 564
1646200 564
1646210 564
1646220 564
1646230 564
1646240 564
1646250 564
1646260 564
1646270 563
1646280 562
1646290 562
1646300 561
1646310 560
1646320 560
1646330 559
1646340 558
1646350 558
1646360 557
1646370 557
1646380 557
1646390 556
1646400 555
1646410 555
1646420 555
1646430 554
1646440 553
1646450 553
1646460 552
1646470 552
1646480 552
1646490 550
1646500 548
1646510 548
1646520 548
1646530 548
1646540 548
1646550 546
1646560 544
1646570 544
1646580 542
1646590 542
1646600 542
1646610 542
1646620 543
1646630 543
1646640 543
1646650 543
1646660 543
1646670 543
1646680 543
1646690 542
1646700 542
1646710 542
1646720 541
1646730 541
1646740 541
1646750 541
1646760 541
1646770 541
1646780 541
1646790 542
1646800 542
1646810 542
1646820 544
1646830 544
1646840 544
1646850 544
1646860 544
1646870 545
1646880 545
1646890 545
1646900 546
1646910 546
1646920 546
1646930 547
1646940 548
1646950 548
1646960 548
1646970 549
1646980 549
1646990 549
1647000 550
1647010 550
1647020 550
1647030 551
1647040 551
1647050 551
1647060 551
1647070 551
1647080 551
1647090 552
1647100 552
1647110 552
1647120 552
1647130 552
1647140 551
1647150 551
1647160 551
1647170 550
1647180 550
1647190 549
1647200 548
1647210 548
1647220 547
1647230 546
1647240 546
1647250 545
1647260 544
1647270 544
1647280 543
1647290 542
1647300 542
1647310 541
1647320 539
1647330 538
1647340 538
1647350 536
1647360 535
1647370 535
1647380 533
1647390 532
1647400 532
1647410 530
1647420 529
1647430 529
1647440 527
1647450 526
1647460 526
1647470 525
1647480 524
1647490 524
1647500 523
1647510 522
1647520 521
1647530 521
1647540 520
1647550 519
1647560 519
1647570 519
1647580 518
1647590 517
1647600 517
1647610 517
1647620 517
1647630 516
1647640 516
1647650 516
1647660 515
1647670 515
1647680 514
1647690 514
1647700 514
1647710 513
1647720 513
1647730 513
1647740 512
1647750 512
1647760 511
1647770 511
1647780 511
1647790 510
1647800 509
1647810 509
1647820 508
1647830 507
1647840 507
1647850 506
1647860 506
1647870 505
1647880 505
1647890 504
1647900 505
1647910 505
1647920 505
1647930 506
1647940 506
1647950 506
1647960 507
1647970 507
1647980 508
1647990 508
1648000 508
1648010 509
1648020 512
1648030 512
1648040 514
1648050 517
1648060 521
1648070 521
1648080 526
1648090 529
1648100 529
1648110 531
1648120 533
1648130 533
1648140 535
1648150 537
1648160 537
1648170 536
1648180 534
1648190 534
1648200 534
1648210 533
1648220 533
1648230 532
1648240 532
1648250 531
1648260 531
1648270 531
1648280 531
1648290 531
1648300 531
1648310 530
1648320 530
1648330 530
1648340 530
1648350 530
1648360 529
1648370 529
1648380 529
1648390 529
1648400 528
1648410 528
1648420 526
1648430 526
1648440 525
1648450 525
1648460 524
1648470 524
1648480 524
1648490 523
1648500 522
1648510 522
1648520 521
1648530 520
1648540 520
1648550 519
1648560 518
1648570 518
1648580 517
1648590 515
1648600 514
1648610 514
1648620 513
1648630 512
1648640 512
1648650 511
1648660 511
1648670 511
1648680 510
1648690 509
1648700 509
1648710 508
1648720 508
1648730 508
1648740 507
1648750 506
1648760 506
1648770 506
1648780 505
1648790 505
1648800 505
1648810 504
1648820 503
1648830 503
1648840 503
1648850 502
1648860 502
1648870 502
1648880 502
1648890 502
1648900 501
1648910 501
1648920 501
1648930 501
1648940 500
1648950 500
1648960 500
1648970 500
1648980 499
1648990 499
1649000 499
1649010 498
1649020 498
1649030 498
1649040 497
1649050 497
1649060 497
1649070 496
1649080 496
1649090 495
1649100 495
1649110 495
1649120 494
1649130 494
1649140 494
1649150 494
1649160 493
1649170 493
1649180 493
1649190 493
1649200 492
1649210 492
1649220 492
1649230 492
1649240 492
1649250 492
1649260 492
1649270 492
1649280 492
1649290 492
1649300 492
1649310 491
1649320 491
1649330 491
1649340 491
1649350 491
1649360 491
1649370 491
1649380 491
1649390 491
1649400 491
1649410 490
1649420 490
1649430 490
1649440 490
1649450 490
1649460 490
1649470 489
1649480 489
1649490 489
1649500 489
1649510 489
1649520 489
1649530 489
1649540 489
1649550 488
1649560 488
1649570 488
1649580 488
1649590 488
1649600 488
1649610 488
1649620 488
1649630 488
1649640 488
1649650 488
1649660 487
1649670 487
1649680 487
1649690 486
1649700 486
1649710 486
1649720 486
1649730 485
1649740 485
1649750 485
1649760 485
1649770 485
1649780 485
1649790 485
1649800 484
1649810 484
1649820 484
1649830 484
1649840 484
1649850 484
1649860 483
1649870 483
1649880 483
1649890 483
1649900 483
1649910 483
1649920 483
1649930 483
1649940 483
1649950 482
1649960 482
1649970 482
1649980 482
1649990 481
1650000 481
1650010 481
1650020 480
1650030 480
1650040 480
1650050 479
1650060 479
1650070 479
1650080 479
1650090 479
1650100 479
1650110 478
1650120 478
1650130 478
1650140 478
1650150 478
1650160 478
1650170 478
1650180 477
1650190 477
1650200 477
1650210 477
1650220 477
1650230 477
1650240 477
1650250 477
1650260 477
1650270 477
1650280 476
1650290 476
1650300 475
1650310 475
1650320 475
1650330 475
1650340 475
1650350 475
1650360 475
1650370 475
1650380 475
1650390 475
1650400 475
1650410 475
1650420 475
1650430 475
1650440 475
1650450 475
1650460 475
1650470 475
1650480 475
1650490 474
1650500 474
1650510 474
1650520 474
1650530 473
1650540 473
1650550 473
1650560 472
1650570 472
1650580 472
1650590 473
1650600 473
1650610 473
1650620 473
1650630 473
1650640 473
1650650 473
1650660 474
1650670 474
1650680 474
1650690 473
1650700 473
1650710 473
1650720 473
1650730 473
1650740 473
1650750 473
1650760 473
1650770 473
1650780 473
1650790 473
1650800 473
1650810 474
1650820 475
1650830 475
1650840 475
1650850 475
1650860 475
1650870 476
1650880 476
1650890 476
1650900 477
1650910 477
1650920 477
1650930 477
1650940 478
1650950 478
1650960 480
1650970 481
1650980 483
1650990 483
1651000 485
1651010 487
1651020 487
1651030 489
1651040 491
1651050 491
1651060 492
1651070 493
1651080 493
1651090 492
1651100 489
1651110 489
1651120 485
1651130 485
1651140 485
1651150 486
1651160 486
1651170 487
1651180 487
1651190 489
1651200 493
1651210 493
1651220 495
1651230 497
1651240 497
1651250 497
1651260 496
1651270 496
1651280 495
1651290 492
1651300 492
1651310 490
1651320 489
1651330 489
1651340 488
1651350 487
1651360 485
1651370 485
1651380 485
1651390 484
1651400 484
1651410 482
1651420 481
1651430 481
1651440 481
1651450 481
1651460 481
1651470 480
1651480 480
1651490 480
1651500 479
1651510 478
1651520 478
1651530 476
1651540 474
1651550 472
1651560 472
1651570 470
1651580 469
1651590 469
1651600 467
1651610 465
1651620 465
1651630 464
1651640 463
1651650 463
1651660 463
1651670 463
1651680 463
1651690 463
1651700 463
1651710 462
1651720 462
1651730 461
1651740 460
1651750 460
1651760 460
1651770 460
1651780 460
1651790 460
1651800 460
1651810 460
1651820 460
1651830 459
1651840 459
1651850 459
1651860 460
1651870 460
1651880 460
1651890 459
1651900 459
1651910 459
1651920 459
1651930 459
1651940 459
1651950 460
1651960 460
1651970 460
1651980 460
1651990 460
1652000 460
1652010 459
1652020 459
1652030 459
1652040 459
1652050 459
1652060 459
1652070 459
1652080 459
1652090 459
1652100 459
1652110 459
1652120 459
1652130 459
1652140 460
1652150 460
1652160 460
1652170 460
1652180 461
1652190 461
1652200 461
1652210 460
1652220 460
1652230 460
1652240 459
1652250 459
1652260 459
1652270 459
1652280 459
1652290 459
1652300 459
1652310 459
1652320 459
1652330 460
1652340 460
1652350 460
1652360 460
1652370 460
1652380 460
1652390 460
1652400 459
1652410 459
1652420 459
1652430 459
1652440 459
1652450 459
1652460 458
1652470 458
1652480 458
1652490 458
1652500 457
1652510 457
1652520 457
1652530 457
1652540 457
1652550 457
1652560 457
1652570 457
1652580 457
1652590 457
1652600 457
1652610 457
1652620 457
1652630 457
1652640 457
1652650 457
1652660 457
1652670 457
1652680 458
1652690 456
1652700 456
1652710 455
1652720 457
1652730 457
1652740 458
1652750 458
1652760 458
1652770 458
1652780 459
1652790 459
1652800 459
1652810 461
1652820 461
1652830 461
1652840 461
1652850 461
1652860 461
1652870 462
1652880 462
1652890 462
1652900 463
1652910 463
1652920 463
1652930 464
1652940 464
1652950 464
1652960 465
1652970 466
1652980 466
1652990 467
1653000 468
1653010 470
1653020 470
1653030 471
1653040 472
1653050 472
1653060 474
1653070 475
1653080 475
1653090 477
1653100 479
1653110 479
1653120 480
1653130 481
1653140 481
1653150 482
1653160 483
1653170 484
1653180 484
1653190 488
1653200 491
1653210 491
1653220 494
1653230 496
1653240 496
1653250 499
1653260 502
1653270 502
1653280 504
1653290 508
1653300 508
1653310 512
1653320 517
1653330 517
1653340 522
1653350 525
1653360 528
1653370 528
1653380 530
1653390 532
1653400 532
1653410 534
1653420 536
1653430 536
1653440 538
1653450 541
1653460 541
1653470 543
1653480 546
1653490 546
1653500 548
1653510 549
1653520 549
1653530 550
1653540 552
1653550 554
1653560 554
1653570 555
1653580 555
1653590 555
1653600 556
1653610 557
1653620 557
1653630 554
1653640 555
1653650 555
1653660 564
1653670 572
1653680 572
1653690 577
1653700 581
1653710 581
1653720 584
1653730 586
1653740 589
1653750 589
1653760 591
1653770 595
1653780 595
1653790 598
1653800 601
1653810 601
1653820 605
1653830 610
1653840 610
1653850 614
1653860 619
1653870 619
1653880 623
1653890 626
1653900 628
1653910 628
1653920 631
1653930 635
1653940 635
1653950 640
1653960 644
1653970 644
1653980 648
1653990 653
1654000 653
1654010 655
1654020 657
1654030 657
1654040 660
1654050 663
1654060 663
1654070 668
1654080 673
1654090 678
1654100 678
1654110 684
1654120 689
1654130 689
1654140 693
1654150 697
1654160 697
1654170 702
1654180 706
1654190 706
1654200 712
1654210 717
1654220 717
1654230 722
1654240 727
1654250 727
1654260 732
1654270 737
1654280 742
1654290 742
1654300 747
1654310 751
1654320 751
1654330 754
1654340 758
1654350 758
1654360 761
1654370 765
1654380 765
1654390 768
1654400 772
1654410 772
1654420 778
1654430 781
1654440 781
1654450 784
1654460 785
1654470 784
1654480 784
1654490 781
1654500 778
1654510 778
1654520 776
1654530 776
1654540 776
1654550 779
1654560 781
1654570 781
1654580 783
1654590 783
1654600 783
1654610 786
1654620 789
1654630 792
1654640 792
1654650 794
1654660 798
1654670 798
1654680 802
1654690 807
1654700 807
1654710 811
1654720 816
1654730 816
1654740 820
1654750 821
1654760 821
1654770 822
1654780 824
1654790 824
1654800 825
1654810 827
1654820 828
1654830 828
1654840 831
1654850 833
1654860 833
1654870 833
1654880 832
1654890 832
1654900 830
1654910 829
1654920 829
1654930 827
1654940 825
1654950 825
1654960 824
1654970 823
1654980 823
1654990 823
1655000 821
1655010 819
1655020 819
1655030 819
1655040 820
1655050 820
1655060 819
1655070 817
1655080 817
1655090 816
1655100 814
1655110 814
1655120 815
1655130 815
1655140 815
1655150 816
1655160 822
1655170 822
1655180 828
1655190 832
1655200 838
1655210 838
1655220 842
1655230 846
1655240 846
1655250 849
1655260 851
1655270 851
1655280 853
1655290 855
1655300 855
1655310 856
1655320 858
1655330 858
1655340 859
1655350 861
1655360 862
1655370 862
1655380 863
1655390 866
1655400 866
1655410 868
1655420 870
1655430 870
1655440 872
1655450 875
1655460 875
1655470 880
1655480 884
1655490 884
1655500 887
1655510 888
1655520 888
1655530 890
1655540 895
1655550 900
1655560 900
1655570 904
1655580 909
1655590 909
1655600 913
1655610 918
1655620 918
1655630 923
1655640 927
1655650 927
1655660 931
1655670 935
1655680 935
1655690 940
1655700 945
1655710 945
1655720 951
1655730 955
1655740 960
1655750 960
1655760 965
1655770 969
1655780 969
1655790 973
1655800 977
1655810 977
1655820 981
1655830 985
1655840 985
1655850 989
1655860 993
1655870 993
1655880 997
1655890 1001
1655900 1003
1655910 1006
1655920 1009
1655930 1009
1655940 1009
1655950 1008
1655960 1007
1655970 1007
1655980 1004
1655990 1002
1656000 1002
1656010 1000
1656020 998
1656030 998
1656040 996
1656050 995
1656060 995
1656070 994
1656080 994
1656090 994
1656100 993
1656110 993
1656120 993
1656130 993
1656140 994
1656150 994
1656160 994
1656170 994
1656180 994
1656190 994
1656200 995
1656210 996
1656220 996
1656230 997
1656240 999
1656250 999
1656260 1001
1656270 1002
1656280 1003
1656290 1003
1656300 1005
1656310 1007
1656320 1007
1656330 1009
1656340 1011
1656350 1011
1656360 1013
1656370 1014
1656380 1014
1656390 1016
1656400 1018
1656410 1018
1656420 1020
1656430 1022
1656440 1022
1656450 1025
1656460 1028
1656470 1032
1656480 1032
1656490 1037
1656500 1040
1656510 1040
1656520 1042
1656530 1046
1656540 1046
1656550 1048
1656560 1050
1656570 1050
1656580 1054
1656590 1056
1656600 1056
1656610 1059
1656620 1061
1656630 1061
1656640 1061
1656650 1059
1656660 1059
1656670 1059
1656680 1060
1656690 1061
1656700 1061
1656710 1062
1656720 1062
1656730 1062
1656740 1062
1656750 1063
1656760 1063
1656770 1065
1656780 1066
1656790 1066
1656800 1067
1656810 1068
1656820 1068
1656830 1070
1656840 1071
1656850 1072
1656860 1072
1656870 1074
1656880 1075
1656890 1075
1656900 1076
1656910 1077
1656920 1077
1656930 1077
1656940 1077
1656950 1077
1656960 1078
1656970 1078
1656980 1078
1656990 1079
1657000 1079
1657010 1079
1657020 1079
1657030 1079
1657040 1079
1657050 1079
1657060 1078
1657070 1077
1657080 1077
1657090 1075
1657100 1074
1657110 1074
1657120 1073
1657130 1072
1657140 1072
1657150 1072
1657160 1071
1657170 1071
1657180 1071
1657190 1069
1657200 1067
1657210 1067
1657220 1064
1657230 1062
1657240 1062
1657250 1058
1657260 1055
1657270 1055
1657280 1053
1657290 1051
1657300 1051
1657310 1050
1657320 1047
1657330 1047
1657340 1043
1657350 1041
1657360 1041
1657370 1035
1657380 1032
1657390 1028
1657400 1028
1657410 1026
1657420 1023
1657430 1023
1657440 1019
1657450 1015
1657460 1015
1657470 1012
1657480 1009
1657490 1009
1657500 1007
1657510 1004
1657520 1004
1657530 1002
1657540 998
1657550 998
1657560 992
1657570 985
1657580 981
1657590 981
1657600 979
1657610 978
1657620 978
1657630 976
1657640 975
1657650 975
1657660 972
1657670 969
1657680 969
1657690 966
1657700 962
1657710 962
1657720 960
1657730 958
1657740 956
1657750 956
1657760 955
1657770 958
1657780 958
1657790 962
1657800 965
1657810 965
1657820 968
1657830 969
1657840 969
1657850 970
1657860 971
1657870 971
1657880 972
1657890 973
1657900 973
1657910 974
1657920 975
1657930 976
1657940 976
1657950 978
1657960 979
1657970 979
1657980 981
1657990 982
1658000 982
1658010 984
1658020 986
1658030 986
1658040 987
1658050 989
1658060 989
1658070 990
1658080 992
1658090 992
1658100 990
1658110 990
1658120 987
1658130 987
1658140 985
1658150 983
1658160 983
1658170 981
1658180 977
1658190 977
1658200 975
1658210 973
1658220 973
1658230 972
1658240 971
1658250 971
1658260 970
1658270 970
1658280 970
1658290 969
1658300 968
1658310 968
1658320 968
1658330 968
1658340 969
1658350 969
1658360 970
1658370 971
1658380 971
1658390 972
1658400 973
1658410 973
1658420 974
1658430 976
1658440 976
1658450 977
1658460 978
1658470 978
1658480 980
1658490 982
1658500 984
1658510 984
1658520 985
1658530 986
1658540 986
1658550 987
1658560 989
1658570 989
1658580 992
1658590 995
1658600 995
1658610 997
1658620 999
1658630 999
1658640 1000
1658650 999
1658660 998
1658670 998
1658680 996
1658690 993
1658700 993
1658710 990
1658720 988
1658730 988
1658740 984
1658750 979
1658760 979
1658770 972
1658780 966
1658790 966
1658800 959
1658810 952
1658820 952
1658830 943
1658840 937
1658850 930
1658860 930
1658870 924
1658880 916
1658890 916
1658900 909
1658910 901
1658920 901
1658930 895
1658940 889
1658950 889
1658960 884
1658970 878
1658980 878
1658990 873
1659000 870
1659010 870
1659020 866
1659030 864
1659040 861
1659050 861
1659060 856
1659070 849
1659080 849
1659090 842
1659100 838
1659110 838
1659120 841
1659130 845
1659140 845
1659150 850
1659160 855
1659170 855
1659180 859
1659190 863
1659200 863
1659210 869
1659220 874
1659230 881
1659240 881
1659250 886
1659260 891
1659270 891
1659280 896
1659290 900
1659300 900
1659310 905
1659320 908
1659330 908
1659340 912
1659350 917
1659360 917
1659370 921
1659380 924
1659390 928
1659400 928
1659410 931
1659420 934
1659430 934
1659440 936
1659450 939
1659460 939
1659470 941
1659480 943
1659490 943
1659500 946
1659510 948
1659520 948
1659530 950
1659540 952
1659550 949
1659560 951
1659570 953
1659580 955
1659590 955
1659600 957
1659610 959
1659620 959
1659630 961
1659640 963
1659650 963
1659660 965
1659670 967
1659680 967
1659690 969
1659700 971
1659710 971
1659720 972
1659730 973
1659740 973
1659750 974
1659760 975
1659770 975
1659780 975
1659790 975
1659800 973
1659810 973
1659820 970
1659830 966
1659840 966
1659850 961
1659860 958
1659870 958
1659880 954
1659890 950
1659900 950
1659910 947
1659920 944
1659930 944
1659940 941
1659950 939
1659960 938
1659970 938
1659980 938
1659990 941
