1640000 1151
1640010 1150
1640020 1149
1640030 1149
1640040 1148
1640050 1147
1640060 1147
1640070 1146
1640080 1144
1640090 1144
1640100 1142
1640110 1140
1640120 1138
1640130 1138
1640140 1136
1640150 1133
1640160 1133
1640170 1130
1640180 1126
1640190 1126
1640200 1125
1640210 1123
1640220 1123
1640230 1121
1640240 1120
1640250 1120
1640260 1118
1640270 1117
1640280 1117
1640290 1116
1640300 1115
1640310 1113
1640320 1113
1640330 1112
1640340 1111
1640350 1111
1640360 1109
1640370 1108
1640380 1108
1640390 1107
1640400 1106
1640410 1106
1640420 1104
1640430 1103
1640440 1103
1640450 1102
1640460 1102
1640470 1102
1640480 1101
1640490 1100
1640500 1098
1640510 1098
1640520 1097
1640530 1096
1640540 1096
1640550 1094
1640560 1092
1640570 1092
1640580 1090
1640590 1087
1640600 1087
1640610 1085
1640620 1082
1640630 1082
1640640 1079
1640650 1076
1640660 1076
1640670 1073
1640680 1070
1640690 1068
1640700 1068
1640710 1065
1640720 1063
1640730 1063
1640740 1060
1640750 1058
1640760 1058
1640770 1055
1640780 1052
1640790 1052
1640800 1050
1640810 1048
1640820 1048
1640830 1047
1640840 1045
1640850 1042
1640860 1042
1640870 1040
1640880 1038
1640890 1038
1640900 1036
1640910 1034
1640920 1034
1640930 1032
1640940 1031
1640950 1031
1640960 1029
1640970 1028
1640980 1028
1640990 1026
1641000 1025
1641010 1025
1641020 1023
1641030 1022
1641040 1020
1641050 1020
1641060 1020
1641070 1020
1641080 1020
1641090 1019
1641100 1018
1641110 1018
1641120 1016
1641130 1015
1641140 1015
1641150 1013
1641160 1011
1641170 1011
1641180 1010
1641190 1009
1641200 1009
1641210 1009
1641220 1008
1641230 1008
1641240 1008
1641250 1008
1641260 1007
1641270 1007
1641280 1007
1641290 1007
1641300 1007
1641310 1006
1641320 1003
1641330 1003
1641340 1000
1641350 998
1641360 998
1641370 996
1641380 993
1641390 993
1641400 990
1641410 988
1641420 985
1641430 985
1641440 982
1641450 980
1641460 978
1641470 976
1641480 973
1641490 973
1641500 971
1641510 970
1641520 970
1641530 969
1641540 967
1641550 967
1641560 963
1641570 960
1641580 960
1641590 958
1641600 955
1641610 953
1641620 953
1641630 951
1641640 948
1641650 948
1641660 945
1641670 941
1641680 941
1641690 936
1641700 930
1641710 930
1641720 926
1641730 923
1641740 923
1641750 920
1641760 916
1641770 916
1641780 914
1641790 912
1641800 911
1641810 911
1641820 909
1641830 908
1641840 908
1641850 905
1641860 902
1641870 902
1641880 898
1641890 894
1641900 894
1641910 891
1641920 888
1641930 888
1641940 885
1641950 882
1641960 879
1641970 879
1641980 874
1641990 869
1642000 869
1642010 864
1642020 860
1642030 860
1642040 855
1642050 850
1642060 850
1642070 847
1642080 847
1642090 847
1642100 849
1642110 850
1642120 850
1642130 851
1642140 852
1642150 853
1642160 853
1642170 855
1642180 857
1642190 857
1642200 858
1642210 859
1642220 859
1642230 860
1642240 862
1642250 862
1642260 866
1642270 868
1642280 868
1642290 870
1642300 871
1642310 871
1642320 873
1642330 876
1642340 877
1642350 877
1642360 879
1642370 881
1642380 881
1642390 880
1642400 878
1642410 878
1642420 877
1642430 876
1642440 876
1642450 872
1642460 866
1642470 866
1642480 865
1642490 866
1642500 866
1642510 869
1642520 871
1642530 872
1642540 872
1642550 876
1642560 880
1642570 880
1642580 883
1642590 885
1642600 885
1642610 887
1642620 888
1642630 888
1642640 890
1642650 892
1642660 892
1642670 895
1642680 897
1642690 897
1642700 900
1642710 902
1642720 904
1642730 904
1642740 905
1642750 907
1642760 907
1642770 909
1642780 910
1642790 910
1642800 911
1642810 911
1642820 911
1642830 912
1642840 912
1642850 912
1642860 912
1642870 911
1642880 911
1642890 911
1642900 910
1642910 909
1642920 909
1642930 906
1642940 904
1642950 904
1642960 901
1642970 899
1642980 899
1642990 899
1643000 900
1643010 900
1643020 900
1643030 902
1643040 902
1643050 904
1643060 908
1643070 908
1643080 908
1643090 908
1643100 909
1643110 909
1643120 911
1643130 913
1643140 913
1643150 914
1643160 917
1643170 917
1643180 920
1643190 922
1643200 922
1643210 923
1643220 924
1643230 924
1643240 925
1643250 927
1643260 930
1643270 930
1643280 933
1643290 935
1643300 935
1643310 937
1643320 938
1643330 938
1643340 939
1643350 941
1643360 941
1643370 943
1643380 945
1643390 945
1643400 948
1643410 953
1643420 953
1643430 956
1643440 958
1643450 959
1643460 959
1643470 960
1643480 962
1643490 962
1643500 963
1643510 964
1643520 964
1643530 964
1643540 966
1643550 966
1643560 967
1643570 967
1643580 967
1643590 967
1643600 967
1643610 967
1643620 967
1643630 967
1643640 967
1643650 967
1643660 966
1643670 965
1643680 965
1643690 964
1643700 962
1643710 962
1643720 960
1643730 958
1643740 958
1643750 955
1643760 953
1643770 953
1643780 950
1643790 947
1643800 947
1643810 945
1643820 942
1643830 939
1643840 939
1643850 933
1643860 931
1643870 931
1643880 928
1643890 925
1643900 925
1643910 922
1643920 919
1643930 919
1643940 917
1643950 915
1643960 915
1643970 912
1643980 910
1643990 910
1644000 908
1644010 906
1644020 904
1644030 904
1644040 902
1644050 901
1644060 901
1644070 899
1644080 897
1644090 897
1644100 895
1644110 894
1644120 894
1644130 892
1644140 891
1644150 891
1644160 890
1644170 888
1644180 888
1644190 887
1644200 886
1644210 884
1644220 884
1644230 883
1644240 881
1644250 881
1644260 879
1644270 878
1644280 878
1644290 876
1644300 875
1644310 875
1644320 873
1644330 872
1644340 872
1644350 870
1644360 868
1644370 868
1644380 865
1644390 862
1644400 860
1644410 860
1644420 857
1644430 854
1644440 854
1644450 851
1644460 848
1644470 848
1644480 845
1644490 842
1644500 842
1644510 839
1644520 835
1644530 835
1644540 832
1644550 828
1644560 825
1644570 825
1644580 821
1644590 817
1644600 817
1644610 813
1644620 809
1644630 809
1644640 805
1644650 801
1644660 801
1644670 798
1644680 793
1644690 793
1644700 790
1644710 786
1644720 786
1644730 782
1644740 779
1644750 776
1644760 776
1644770 774
1644780 773
1644790 773
1644800 772
1644810 767
1644820 767
1644830 762
1644840 757
1644850 757
1644860 752
1644870 748
1644880 748
1644890 743
1644900 740
1644910 740
1644920 736
1644930 732
1644940 726
1644950 726
1644960 719
1644970 714
1644980 714
1644990 710
1645000 706
1645010 706
1645020 702
1645030 699
1645040 699
1645050 695
1645060 688
1645070 688
1645080 683
1645090 678
1645100 678
1645110 675
1645120 671
1645130 667
1645140 667
1645150 663
1645160 658
1645170 658
1645180 656
1645190 654
1645200 654
1645210 652
1645220 652
1645230 652
1645240 653
1645250 653
1645260 653
1645270 653
1645280 653
1645290 653
1645300 653
1645310 652
1645320 649
1645330 649
1645340 645
1645350 640
1645360 640
1645370 634
1645380 629
1645390 629
1645400 625
1645410 622
1645420 622
1645430 617
1645440 614
1645450 614
1645460 609
1645470 606
1645480 606
1645490 602
1645500 598
1645510 594
1645520 594
1645530 592
1645540 589
1645550 589
1645560 587
1645570 584
1645580 584
1645590 583
1645600 582
1645610 582
1645620 581
1645630 581
1645640 581
1645650 580
1645660 577
1645670 574
1645680 574
1645690 573
1645700 572
1645710 572
1645720 572
1645730 572
1645740 572
1645750 572
1645760 571
1645770 571
1645780 572
1645790 572
1645800 572
1645810 572
1645820 572
1645830 572
1645840 572
1645850 574
1645860 576
1645870 576
1645880 577
1645890 579
1645900 579
1645910 581
1645920 582
1645930 582
1645940 581
1645950 581
1645960 581
1645970 582
1645980 588
1645990 588
1646000 594
1646010 597
1646020 597
1646030 599
1646040 601
1646050 605
1646060 605
1646070 612
1646080 620
1646090 620
1646100 627
1646110 633
1646120 633
1646130 637
1646140 639
1646150 639
1646160 640
1646170 644
1646180 644
1646190 650
1646200 654
1646210 654
1646220 662
1646230 667
1646240 670
1646250 670
1646260 673
1646270 675
1646280 675
1646290 677
1646300 680
1646310 680
1646320 682
1646330 684
1646340 684
1646350 687
1646360 691
1646370 691
1646380 694
1646390 697
1646400 697
1646410 700
1646420 703
1646430 707
1646440 707
1646450 709
1646460 711
1646470 711
1646480 712
1646490 713
1646500 713
1646510 713
1646520 711
1646530 711
1646540 708
1646550 705
1646560 705
1646570 702
1646580 701
1646590 701
1646600 701
1646610 701
1646620 702
1646630 702
1646640 703
1646650 704
1646660 704
1646670 706
1646680 707
1646690 707
1646700 708
1646710 710
1646720 710
1646730 712
1646740 714
1646750 714
1646760 716
1646770 718
1646780 718
1646790 722
1646800 726
1646810 728
1646820 728
1646830 730
1646840 731
1646850 731
1646860 731
1646870 730
1646880 730
1646890 729
1646900 727
1646910 727
1646920 725
1646930 723
1646940 723
1646950 721
1646960 719
1646970 716
1646980 716
1646990 714
1647000 712
1647010 712
1647020 709
1647030 707
1647040 707
1647050 705
1647060 702
1647070 702
1647080 700
1647090 697
1647100 697
1647110 695
1647120 691
1647130 691
1647140 688
1647150 684
1647160 681
1647170 681
1647180 677
1647190 673
1647200 673
1647210 669
1647220 667
1647230 667
1647240 665
1647250 662
1647260 662
1647270 660
1647280 657
1647290 657
1647300 654
1647310 651
1647320 651
1647330 648
1647340 646
1647350 643
1647360 643
1647370 640
1647380 638
1647390 638
1647400 634
1647410 629
1647420 629
1647430 625
1647440 627
1647450 627
1647460 631
1647470 636
1647480 636
1647490 639
1647500 642
1647510 642
1647520 645
1647530 649
1647540 652
1647550 652
1647560 652
1647570 649
1647580 649
1647590 644
1647600 637
1647610 637
1647620 632
1647630 633
1647640 633
1647650 634
1647660 635
1647670 635
1647680 638
1647690 642
1647700 642
1647710 646
1647720 648
1647730 648
1647740 648
1647750 648
1647760 648
1647770 651
1647780 650
1647790 647
1647800 647
1647810 645
1647820 644
1647830 644
1647840 644
1647850 644
1647860 644
1647870 645
1647880 645
1647890 645
1647900 643
1647910 642
1647920 642
1647930 642
1647940 645
1647950 649
1647960 649
1647970 652
1647980 657
1647990 657
1648000 660
1648010 663
1648020 663
1648030 665
1648040 666
1648050 666
1648060 665
1648070 663
1648080 663
1648090 658
1648100 654
1648110 649
1648120 649
1648130 646
1648140 643
1648150 643
1648160 641
1648170 638
1648180 638
1648190 637
1648200 636
1648210 636
1648220 635
1648230 632
1648240 632
1648250 630
1648260 633
1648270 635
1648280 635
1648290 637
1648300 640
1648310 640
1648320 642
1648330 644
1648340 644
1648350 646
1648360 649
1648370 649
1648380 651
1648390 652
1648400 652
1648410 653
1648420 654
1648430 654
1648440 655
1648450 656
1648460 657
1648470 657
1648480 656
1648490 653
1648500 653
1648510 650
1648520 647
1648530 647
1648540 646
1648550 644
1648560 644
1648570 643
1648580 642
1648590 642
1648600 641
1648610 640
1648620 640
1648630 638
1648640 640
1648650 642
1648660 642
1648670 643
1648680 645
1648690 645
1648700 647
1648710 649
1648720 649
1648730 651
1648740 652
1648750 652
1648760 653
1648770 653
1648780 653
1648790 654
1648800 655
1648810 655
1648820 655
1648830 654
1648840 653
1648850 653
1648860 651
1648870 648
1648880 648
1648890 644
1648900 641
1648910 641
1648920 639
1648930 637
1648940 637
1648950 635
1648960 634
1648970 634
1648980 631
1648990 629
1649000 629
1649010 630
1649020 630
1649030 628
1649040 628
1649050 624
1649060 628
1649070 628
1649080 632
1649090 634
1649100 634
1649110 636
1649120 639
1649130 639
1649140 642
1649150 643
1649160 643
1649170 643
1649180 643
1649190 643
1649200 643
1649210 643
1649220 644
1649230 644
1649240 645
1649250 646
1649260 646
1649270 646
1649280 647
1649290 647
1649300 648
1649310 652
1649320 652
1649330 652
1649340 653
1649350 653
1649360 653
1649370 654
1649380 654
1649390 654
1649400 656
1649410 659
1649420 659
1649430 661
1649440 662
1649450 662
1649460 664
1649470 666
1649480 666
1649490 668
1649500 671
1649510 671
1649520 673
1649530 675
1649540 675
1649550 677
1649560 680
1649570 683
1649580 683
1649590 684
1649600 686
1649610 686
1649620 687
1649630 689
1649640 689
1649650 689
1649660 689
1649670 689
1649680 688
1649690 687
1649700 687
1649710 686
1649720 685
1649730 685
1649740 684
1649750 683
1649760 682
1649770 682
1649780 680
1649790 677
1649800 677
1649810 674
1649820 672
1649830 672
1649840 669
1649850 667
1649860 667
1649870 665
1649880 663
1649890 663
1649900 661
1649910 658
1649920 658
1649930 655
1649940 652
1649950 650
1649960 650
1649970 647
1649980 645
1649990 645
1650000 642
1650010 638
1650020 638
1650030 634
1650040 631
1650050 631
1650060 628
1650070 622
1650080 617
1650090 612
1650100 608
1650110 608
1650120 605
1650130 603
1650140 603
1650150 603
1650160 600
1650170 600
1650180 600
1650190 606
1650200 608
1650210 608
1650220 607
1650230 606
1650240 606
1650250 604
1650260 601
1650270 601
1650280 599
1650290 597
1650300 597
1650310 595
1650320 593
1650330 590
1650340 590
1650350 587
1650360 584
1650370 584
1650380 580
1650390 577
1650400 577
1650410 574
1650420 571
1650430 571
1650440 568
1650450 565
1650460 565
1650470 563
1650480 560
1650490 560
1650500 558
1650510 556
1650520 554
1650530 554
1650540 552
1650550 551
1650560 551
1650570 547
1650580 542
1650590 542
1650600 539
1650610 538
1650620 538
1650630 537
1650640 535
1650650 535
1650660 534
1650670 532
1650680 532
1650690 530
1650700 529
1650710 529
1650720 529
1650730 532
1650740 532
1650750 532
1650760 532
1650770 532
1650780 532
1650790 532
1650800 531
1650810 531
1650820 531
1650830 531
1650840 528
1650850 529
1650860 528
1650870 528
1650880 528
1650890 527
1650900 526
1650910 526
1650920 524
1650930 522
1650940 522
1650950 520
1650960 518
1650970 518
1650980 516
1650990 513
1651000 513
1651010 510
1651020 507
1651030 507
1651040 504
1651050 501
1651060 497
1651070 497
1651080 495
1651090 495
1651100 495
1651110 495
1651120 494
1651130 494
1651140 494
1651150 494
1651160 494
1651170 494
1651180 494
1651190 494
1651200 495
1651210 496
1651220 496
1651230 497
1651240 497
1651250 497
1651260 497
1651270 498
1651280 500
1651290 500
1651300 504
1651310 509
1651320 509
1651330 513
1651340 515
1651350 515
1651360 517
1651370 522
1651380 522
1651390 526
1651400 528
1651410 528
1651420 530
1651430 531
1651440 533
1651450 533
1651460 534
1651470 536
1651480 536
1651490 539
1651500 542
1651510 542
1651520 547
1651530 552
1651540 552
1651550 555
1651560 557
1651570 557
1651580 559
1651590 562
1651600 565
1651610 567
1651620 570
1651630 574
1651640 574
1651650 578
1651660 581
1651670 581
1651680 583
1651690 586
1651700 586
1651710 588
1651720 590
1651730 590
1651740 591
1651750 593
1651760 593
1651770 594
1651780 596
1651790 596
1651800 597
1651810 597
1651820 595
1651830 595
1651840 594
1651850 592
1651860 592
1651870 591
1651880 589
1651890 589
1651900 586
1651910 582
1651920 582
1651930 579
1651940 576
1651950 576
1651960 575
1651970 575
1651980 575
1651990 575
1652000 576
1652010 577
1652020 577
1652030 579
1652040 581
1652050 581
1652060 582
1652070 580
1652080 580
1652090 578
1652100 584
1652110 584
1652120 590
1652130 595
1652140 595
1652150 599
1652160 604
1652170 608
1652180 608
1652190 611
1652200 614
1652210 614
1652220 618
1652230 622
1652240 622
1652250 626
1652260 629
1652270 629
1652280 632
1652290 635
1652300 635
1652310 638
1652320 642
1652330 642
1652340 646
1652350 652
1652360 656
1652370 656
1652380 660
1652390 663
1652400 663
1652410 669
1652420 672
1652430 672
1652440 676
1652450 680
1652460 680
1652470 684
1652480 687
1652490 687
1652500 691
1652510 694
1652520 694
1652530 697
1652540 702
1652550 705
1652560 705
1652570 707
1652580 711
1652590 711
1652600 714
1652610 716
1652620 716
1652630 720
1652640 724
1652650 724
1652660 727
1652670 730
1652680 730
1652690 732
1652700 734
1652710 734
1652720 734
1652730 737
1652740 740
1652750 740
1652760 740
1652770 740
1652780 740
1652790 741
1652800 741
1652810 741
1652820 740
1652830 740
1652840 740
1652850 739
1652860 737
1652870 737
1652880 736
1652890 733
1652900 733
1652910 730
1652920 728
1652930 724
1652940 724
1652950 721
1652960 718
1652970 718
1652980 714
1652990 711
1653000 711
1653010 707
1653020 703
1653030 703
1653040 700
1653050 695
1653060 695
1653070 690
1653080 686
1653090 686
1653100 683
1653110 678
1653120 673
1653130 673
1653140 667
1653150 662
1653160 662
1653170 656
1653180 649
1653190 649
1653200 642
1653210 641
1653220 641
1653230 641
1653240 645
1653250 645
1653260 648
1653270 647
1653280 645
1653290 645
1653300 644
1653310 644
1653320 644
1653330 645
1653340 646
1653350 646
1653360 649
1653370 653
1653380 653
1653390 656
1653400 659
1653410 659
1653420 661
1653430 663
1653440 663
1653450 661
1653460 659
1653470 655
1653480 655
1653490 647
1653500 640
1653510 640
1653520 634
1653530 628
1653540 628
1653550 625
1653560 624
1653570 624
1653580 622
1653590 618
1653600 618
1653610 616
1653620 619
1653630 619
1653640 624
1653650 625
1653660 626
1653670 626
1653680 626
1653690 626
1653700 626
1653710 627
1653720 629
1653730 629
1653740 630
1653750 633
1653760 633
1653770 637
1653780 642
1653790 642
1653800 646
1653810 650
1653820 650
1653830 653
1653840 656
1653850 662
1653860 662
1653870 665
1653880 667
1653890 667
1653900 668
1653910 667
1653920 667
1653930 665
1653940 662
1653950 662
1653960 658
1653970 654
1653980 654
1653990 651
1654000 648
1654010 648
1654020 648
1654030 649
1654040 650
1654050 650
1654060 649
1654070 647
1654080 647
1654090 644
1654100 642
1654110 642
1654120 639
1654130 636
1654140 636
1654150 632
1654160 627
1654170 627
1654180 623
1654190 625
1654200 625
1654210 624
1654220 622
1654230 619
1654240 619
1654250 617
1654260 615
1654270 615
1654280 615
1654290 617
1654300 617
1654310 620
1654320 623
1654330 623
1654340 627
1654350 633
1654360 633
1654370 636
1654380 638
1654390 638
1654400 641
1654410 645
1654420 648
1654430 648
1654440 651
1654450 653
1654460 653
1654470 655
1654480 656
1654490 656
1654500 653
1654510 648
1654520 648
1654530 642
1654540 637
1654550 637
1654560 631
1654570 626
1654580 621
1654590 621
1654600 614
1654610 608
1654620 608
1654630 603
1654640 599
1654650 599
1654660 595
1654670 592
1654680 592
1654690 588
1654700 585
1654710 585
1654720 582
1654730 577
1654740 577
1654750 573
1654760 575
1654770 580
1654780 580
1654790 581
1654800 582
1654810 582
1654820 584
1654830 584
1654840 584
1654850 585
1654860 583
1654870 583
1654880 581
1654890 578
1654900 578
1654910 577
1654920 576
1654930 576
1654940 574
1654950 571
1654960 568
1654970 568
1654980 564
1654990 558
1655000 558
1655010 553
1655020 553
1655030 553
1655040 554
1655050 556
1655060 556
1655070 556
1655080 556
1655090 556
1655100 554
1655110 550
1655120 550
1655130 545
1655140 539
1655150 534
1655160 534
1655170 528
1655180 527
1655190 527
1655200 528
1655210 527
1655220 527
1655230 525
1655240 524
1655250 524
1655260 521
1655270 517
1655280 517
1655290 512
1655300 507
1655310 507
1655320 503
1655330 501
1655340 500
1655350 500
1655360 496
1655370 491
1655380 491
1655390 489
1655400 489
1655410 489
1655420 488
1655430 488
1655440 488
1655450 487
1655460 485
1655470 485
1655480 486
1655490 488
1655500 488
1655510 489
1655520 489
1655530 489
1655540 489
1655550 490
1655560 490
1655570 490
1655580 490
1655590 490
1655600 490
1655610 490
1655620 490
1655630 490
1655640 489
1655650 490
1655660 490
1655670 491
1655680 490
1655690 490
1655700 489
1655710 488
1655720 488
1655730 488
1655740 488
1655750 488
1655760 488
1655770 489
1655780 489
1655790 489
1655800 490
1655810 490
1655820 490
1655830 490
1655840 490
1655850 490
1655860 490
1655870 492
1655880 492
1655890 492
1655900 492
1655910 494
1655920 494
1655930 498
1655940 502
1655950 502
1655960 508
1655970 512
1655980 512
1655990 517
1656000 522
1656010 522
1656020 527
1656030 532
1656040 532
1656050 537
1656060 542
1656070 545
1656080 541
1656090 543
1656100 546
1656110 546
1656120 549
1656130 551
1656140 551
1656150 553
1656160 554
1656170 554
1656180 556
1656190 558
1656200 558
1656210 561
1656220 562
1656230 562
1656240 565
1656250 568
1656260 571
1656270 571
1656280 573
1656290 576
1656300 576
1656310 579
1656320 583
1656330 583
1656340 588
1656350 592
1656360 592
1656370 596
1656380 600
1656390 600
1656400 605
1656410 609
1656420 609
1656430 614
1656440 617
1656450 620
1656460 620
1656470 624
1656480 628
1656490 628
1656500 631
1656510 635
1656520 635
1656530 640
1656540 645
1656550 645
1656560 649
1656570 653
1656580 653
1656590 657
1656600 661
1656610 661
1656620 665
1656630 669
1656640 672
1656650 672
1656660 675
1656670 678
1656680 678
1656690 682
1656700 685
1656710 685
1656720 689
1656730 692
1656740 692
1656750 696
1656760 700
1656770 700
1656780 703
1656790 706
1656800 706
1656810 706
1656820 709
1656830 712
1656840 712
1656850 715
1656860 718
1656870 718
1656880 721
1656890 723
1656900 723
1656910 726
1656920 728
1656930 728
1656940 731
1656950 735
1656960 735
1656970 740
1656980 745
1656990 745
1657000 749
1657010 752
1657020 756
1657030 756
1657040 759
1657050 762
1657060 762
1657070 764
1657080 766
1657090 766
1657100 770
1657110 774
1657120 774
1657130 778
1657140 780
1657150 780
1657160 783
1657170 785
1657180 786
1657190 786
1657200 788
1657210 789
1657220 789
1657230 792
1657240 795
1657250 795
1657260 798
1657270 800
1657280 800
1657290 802
1657300 803
1657310 803
1657320 804
1657330 807
1657340 807
1657350 811
1657360 812
1657370 812
1657380 812
1657390 812
1657400 812
1657410 812
1657420 811
1657430 811
1657440 811
1657450 812
1657460 815
1657470 815
1657480 818
1657490 821
1657500 821
1657510 824
1657520 826
1657530 826
1657540 826
1657550 828
1657560 828
1657570 828
1657580 829
1657590 831
1657600 831
1657610 833
1657620 835
1657630 835
1657640 837
1657650 839
1657660 839
1657670 841
1657680 844
1657690 844
1657700 846
1657710 847
1657720 847
1657730 848
1657740 848
1657750 849
1657760 849
1657770 849
1657780 849
1657790 849
1657800 849
1657810 849
1657820 849
1657830 849
1657840 848
1657850 848
1657860 848
1657870 848
1657880 848
1657890 847
1657900 848
1657910 848
1657920 848
1657930 848
1657940 850
1657950 850
1657960 852
1657970 853
1657980 853
1657990 855
1658000 857
1658010 857
1658020 860
1658030 864
1658040 864
1658050 868
1658060 870
1658070 870
1658080 872
1658090 874
1658100 874
1658110 876
1658120 878
1658130 880
1658140 880
1658150 883
1658160 886
1658170 886
1658180 888
1658190 890
1658200 890
1658210 892
1658220 895
1658230 895
1658240 898
1658250 900
1658260 900
1658270 899
1658280 900
1658290 900
1658300 901
1658310 903
1658320 906
1658330 906
1658340 909
1658350 910
1658360 910
1658370 913
1658380 916
1658390 916
1658400 919
1658410 922
1658420 922
1658430 925
1658440 927
1658450 927
1658460 931
1658470 934
1658480 937
1658490 937
1658500 940
1658510 944
1658520 944
1658530 947
1658540 950
1658550 950
1658560 954
1658570 957
1658580 957
1658590 960
1658600 963
1658610 963
1658620 966
1658630 968
1658640 968
1658650 970
1658660 973
1658670 976
1658680 976
1658690 980
1658700 984
1658710 984
1658720 987
1658730 989
1658740 989
1658750 991
1658760 993
1658770 993
1658780 995
1658790 997
1658800 997
1658810 999
1658820 1001
1658830 1001
1658840 1004
1658850 1007
1658860 1009
1658870 1009
1658880 1010
1658890 1010
1658900 1010
1658910 1010
1658920 1010
1658930 1010
1658940 1011
1658950 1012
1658960 1012
1658970 1013
1658980 1015
1658990 1015
1659000 1013
1659010 1016
1659020 1016
1659030 1017
1659040 1019
1659050 1021
1659060 1021
1659070 1022
1659080 1023
1659090 1023
1659100 1024
1659110 1025
1659120 1025
1659130 1026
1659140 1027
1659150 1027
1659160 1028
1659170 1028
1659180 1028
1659190 1028
1659200 1029
1659210 1029
1659220 1029
1659230 1030
1659240 1031
1659250 1031
1659260 1032
1659270 1032
1659280 1032
1659290 1033
1659300 1032
1659310 1032
1659320 1032
1659330 1031
1659340 1031
1659350 1029
1659360 1028
1659370 1028
1659380 1026
1659390 1025
1659400 1025
1659410 1025
1659420 1025
1659430 1025
1659440 1025
1659450 1025
1659460 1025
1659470 1025
1659480 1024
1659490 1024
1659500 1024
1659510 1023
1659520 1022
1659530 1022
1659540 1021
1659550 1019
1659560 1019
1659570 1019
1659580 1018
1659590 1018
1659600 1018
1659610 1019
1659620 1021
1659630 1021
1659640 1023
1659650 1025
1659660 1025
1659670 1027
1659680 1029
1659690 1029
1659700 1032
1659710 1034
1659720 1032
1659730 1034
1659740 1035
1659750 1035
1659760 1034
1659770 1033
1659780 1031
1659790 1031
1659800 1030
1659810 1028
1659820 1028
1659830 1027
1659840 1025
1659850 1025
1659860 1023
1659870 1022
1659880 1022
1659890 1021
1659900 1021
1659910 1021
1659920 1023
1659930 1026
1659940 1026
1659950 1030
1659960 1034
1659970 1038
1659980 1038
1659990 1041
