1640000 1138
1640010 1138
1640020 1137
1640030 1136
1640040 1136
1640050 1136
1640060 1135
1640070 1135
1640080 1134
1640090 1133
1640100 1133
1640110 1132
1640120 1131
1640130 1131
1640140 1130
1640150 1129
1640160 1128
1640170 1127
1640180 1126
1640190 1125
1640200 1125
1640210 1124
1640220 1123
1640230 1123
1640240 1121
1640250 1120
1640260 1120
1640270 1118
1640280 1115
1640290 1115
1640300 1113
1640310 1110
1640320 1110
1640330 1108
1640340 1105
1640350 1104
1640360 1104
1640370 1103
1640380 1101
1640390 1101
1640400 1098
1640410 1096
1640420 1096
1640430 1093
1640440 1090
1640450 1090
1640460 1088
1640470 1087
1640480 1087
1640490 1085
1640500 1083
1640510 1083
1640520 1081
1640530 1078
1640540 1076
1640550 1076
1640560 1075
1640570 1073
1640580 1073
1640590 1071
1640600 1070
1640610 1070
1640620 1069
1640630 1067
1640640 1067
1640650 1066
1640660 1066
1640670 1066
1640680 1065
1640690 1065
1640700 1065
1640710 1065
1640720 1064
1640730 1062
1640740 1062
1640750 1060
1640760 1059
1640770 1059
1640780 1057
1640790 1056
1640800 1056
1640810 1054
1640820 1052
1640830 1052
1640840 1050
1640850 1048
1640860 1048
1640870 1046
1640880 1044
1640890 1044
1640900 1042
1640910 1038
1640920 1033
1640930 1033
1640940 1029
1640950 1025
1640960 1025
1640970 1022
1640980 1016
1640990 1016
1641000 1012
1641010 1007
1641020 1007
1641030 1004
1641040 999
1641050 999
1641060 995
1641070 991
1641080 991
1641090 989
1641100 986
1641110 983
1641120 983
1641130 980
1641140 976
1641150 976
1641160 971
1641170 967
1641180 967
1641190 964
1641200 961
1641210 961
1641220 959
1641230 958
1641240 958
1641250 960
1641260 967
1641270 967
1641280 973
1641290 979
1641300 985
1641310 985
1641320 990
1641330 995
1641340 995
1641350 999
1641360 1002
1641370 1002
1641380 1006
1641390 1010
1641400 1010
1641410 1013
1641420 1016
1641430 1016
1641440 1019
1641450 1023
1641460 1026
1641470 1026
1641480 1030
1641490 1033
1641500 1033
1641510 1037
1641520 1039
1641530 1039
1641540 1042
1641550 1044
1641560 1044
1641570 1045
1641580 1046
1641590 1046
1641600 1046
1641610 1045
1641620 1045
1641630 1045
1641640 1045
1641650 1044
1641660 1044
1641670 1043
1641680 1042
1641690 1042
1641700 1041
1641710 1038
1641720 1038
1641730 1037
1641740 1037
1641750 1037
1641760 1038
1641770 1040
1641780 1040
1641790 1045
1641800 1048
1641810 1048
1641820 1050
1641830 1052
1641840 1054
1641850 1054
1641860 1055
1641870 1057
1641880 1057
1641890 1059
1641900 1060
1641910 1060
1641920 1062
1641930 1062
1641940 1062
1641950 1062
1641960 1062
1641970 1062
1641980 1061
1641990 1060
1642000 1060
1642010 1060
1642020 1058
1642030 1054
1642040 1054
1642050 1051
1642060 1047
1642070 1047
1642080 1045
1642090 1042
1642100 1042
1642110 1039
1642120 1036
1642130 1036
1642140 1032
1642150 1029
1642160 1029
1642170 1025
1642180 1022
1642190 1022
1642200 1019
1642210 1016
1642220 1014
1642230 1014
1642240 1011
1642250 1009
1642260 1009
1642270 1006
1642280 1004
1642290 1004
1642300 1001
1642310 998
1642320 998
1642330 994
1642340 991
1642350 991
1642360 988
1642370 986
1642380 986
1642390 983
1642400 980
1642410 982
1642420 982
1642430 981
1642440 979
1642450 979
1642460 975
1642470 972
1642480 972
1642490 971
1642500 969
1642510 969
1642520 966
1642530 963
1642540 963
1642550 960
1642560 956
1642570 956
1642580 953
1642590 949
1642600 945
1642610 945
1642620 942
1642630 940
1642640 940
1642650 939
1642660 937
1642670 937
1642680 935
1642690 932
1642700 932
1642710 930
1642720 926
1642730 926
1642740 923
1642750 919
1642760 919
1642770 917
1642780 914
1642790 911
1642800 911
1642810 909
1642820 907
1642830 907
1642840 905
1642850 901
1642860 901
1642870 898
1642880 896
1642890 896
1642900 895
1642910 892
1642920 892
1642930 890
1642940 887
1642950 887
1642960 885
1642970 883
1642980 880
1642990 880
1643000 878
1643010 876
1643020 876
1643030 874
1643040 872
1643050 872
1643060 870
1643070 869
1643080 869
1643090 867
1643100 865
1643110 865
1643120 862
1643130 860
1643140 858
1643150 858
1643160 857
1643170 856
1643180 856
1643190 854
1643200 853
1643210 853
1643220 853
1643230 852
1643240 852
1643250 850
1643260 847
1643270 847
1643280 844
1643290 841
1643300 841
1643310 839
1643320 837
1643330 835
1643340 835
1643350 833
1643360 830
1643370 830
1643380 827
1643390 822
1643400 822
1643410 818
1643420 814
1643430 814
1643440 809
1643450 806
1643460 806
1643470 803
1643480 801
1643490 801
1643500 799
1643510 798
1643520 795
1643530 795
1643540 792
1643550 789
1643560 789
1643570 787
1643580 784
1643590 784
1643600 782
1643610 780
1643620 780
1643630 779
1643640 778
1643650 778
1643660 776
1643670 776
1643680 776
1643690 775
1643700 773
1643710 770
1643720 770
1643730 768
1643740 765
1643750 765
1643760 762
1643770 758
1643780 758
1643790 753
1643800 749
1643810 749
1643820 746
1643830 744
1643840 744
1643850 742
1643860 740
1643870 740
1643880 736
1643890 732
1643900 729
1643910 729
1643920 726
1643930 721
1643940 721
1643950 717
1643960 714
1643970 714
1643980 711
1643990 709
1644000 709
1644010 705
1644020 700
1644030 700
1644040 695
1644050 691
1644060 691
1644070 687
1644080 683
1644090 679
1644100 679
1644110 675
1644120 672
1644130 672
1644140 667
1644150 661
1644160 661
1644170 660
1644180 655
1644190 655
1644200 653
1644210 652
1644220 652
1644230 649
1644240 647
1644250 647
1644260 645
1644270 644
1644280 643
1644290 643
1644300 642
1644310 641
1644320 641
1644330 643
1644340 645
1644350 645
1644360 647
1644370 646
1644380 646
1644390 645
1644400 643
1644410 643
1644420 641
1644430 639
1644440 639
1644450 637
1644460 635
1644470 634
1644480 634
1644490 632
1644500 630
1644510 630
1644520 629
1644530 628
1644540 628
1644550 626
1644560 624
1644570 624
1644580 621
1644590 619
1644600 619
1644610 617
1644620 616
1644630 616
1644640 615
1644650 614
1644660 613
1644670 613
1644680 612
1644690 611
1644700 611
1644710 611
1644720 610
1644730 610
1644740 608
1644750 609
1644760 609
1644770 608
1644780 608
1644790 608
1644800 609
1644810 610
1644820 611
1644830 611
1644840 611
1644850 611
1644860 611
1644870 612
1644880 613
1644890 613
1644900 614
1644910 615
1644920 615
1644930 616
1644940 617
1644950 617
1644960 619
1644970 621
1644980 621
1644990 623
1645000 627
1645010 631
1645020 631
1645030 632
1645040 635
1645050 635
1645060 638
1645070 641
1645080 641
1645090 643
1645100 646
1645110 646
1645120 650
1645130 654
1645140 654
1645150 658
1645160 661
1645170 661
1645180 665
1645190 668
1645200 670
1645210 670
1645220 671
1645230 669
1645240 669
1645250 666
1645260 663
1645270 663
1645280 659
1645290 655
1645300 655
1645310 649
1645320 650
1645330 650
1645340 657
1645350 663
1645360 663
1645370 668
1645380 672
1645390 676
1645400 676
1645410 680
1645420 683
1645430 683
1645440 687
1645450 690
1645460 690
1645470 693
1645480 695
1645490 695
1645500 699
1645510 702
1645520 702
1645530 705
1645540 709
1645550 709
1645560 711
1645570 713
1645580 715
1645590 715
1645600 718
1645610 720
1645620 720
1645630 722
1645640 724
1645650 724
1645660 727
1645670 729
1645680 729
1645690 732
1645700 735
1645710 735
1645720 738
1645730 740
1645740 740
1645750 742
1645760 745
1645770 746
1645780 746
1645790 747
1645800 747
1645810 747
1645820 747
1645830 747
1645840 747
1645850 746
1645860 747
1645870 747
1645880 747
1645890 744
1645900 744
1645910 746
1645920 749
1645930 749
1645940 753
1645950 755
1645960 757
1645970 757
1645980 760
1645990 762
1646000 762
1646010 763
1646020 765
1646030 765
1646040 768
1646050 770
1646060 770
1646070 770
1646080 773
1646090 773
1646100 775
1646110 778
1646120 778
1646130 780
1646140 783
1646150 786
1646160 786
1646170 788
1646180 790
1646190 790
1646200 793
1646210 796
1646220 796
1646230 799
1646240 802
1646250 802
1646260 805
1646270 808
1646280 808
1646290 811
1646300 812
1646310 812
1646320 813
1646330 816
1646340 819
1646350 819
1646360 821
1646370 825
1646380 825
1646390 827
1646400 828
1646410 828
1646420 830
1646430 831
1646440 831
1646450 833
1646460 835
1646470 835
1646480 836
1646490 837
1646500 837
1646510 839
1646520 839
1646530 840
1646540 841
1646550 842
1646560 842
1646570 842
1646580 843
1646590 843
1646600 843
1646610 843
1646620 844
1646630 844
1646640 844
1646650 844
1646660 844
1646670 844
1646680 845
1646690 843
1646700 843
1646710 843
1646720 842
1646730 842
1646740 841
1646750 840
1646760 840
1646770 839
1646780 838
1646790 838
1646800 837
1646810 835
1646820 835
1646830 834
1646840 832
1646850 832
1646860 830
1646870 829
1646880 828
1646890 828
1646900 827
1646910 825
1646920 825
1646930 824
1646940 822
1646950 822
1646960 821
1646970 817
1646980 817
1646990 813
1647000 810
1647010 810
1647020 807
1647030 805
1647040 805
1647050 802
1647060 798
1647070 792
1647080 792
1647090 786
1647100 786
1647110 786
1647120 786
1647130 788
1647140 788
1647150 790
1647160 792
1647170 792
1647180 794
1647190 795
1647200 795
1647210 796
1647220 797
1647230 797
1647240 798
1647250 798
1647260 799
1647270 799
1647280 798
1647290 796
1647300 796
1647310 792
1647320 789
1647330 789
1647340 785
1647350 781
1647360 781
1647370 776
1647380 768
1647390 768
1647400 764
1647410 767
1647420 767
1647430 768
1647440 770
1647450 773
1647460 773
1647470 777
1647480 780
1647490 780
1647500 781
1647510 783
1647520 783
1647530 784
1647540 786
1647550 786
1647560 789
1647570 793
1647580 793
1647590 797
1647600 801
1647610 801
1647620 804
1647630 807
1647640 810
1647650 810
1647660 813
1647670 816
1647680 816
1647690 818
1647700 819
1647710 819
1647720 820
1647730 820
1647740 820
1647750 820
1647760 821
1647770 821
1647780 822
1647790 824
1647800 824
1647810 826
1647820 828
1647830 830
1647840 830
1647850 832
1647860 833
1647870 833
1647880 835
1647890 836
1647900 836
1647910 838
1647920 840
1647930 840
1647940 842
1647950 843
1647960 843
1647970 845
1647980 846
1647990 846
1648000 848
1648010 850
1648020 851
1648030 851
1648040 852
1648050 852
1648060 852
1648070 852
1648080 852
1648090 854
1648100 853
1648110 853
1648120 853
1648130 852
1648140 850
1648150 850
1648160 849
1648170 848
1648180 848
1648190 847
1648200 845
1648210 843
1648220 843
1648230 842
1648240 841
1648250 841
1648260 840
1648270 839
1648280 839
1648290 837
1648300 836
1648310 836
1648320 835
1648330 833
1648340 833
1648350 832
1648360 831
1648370 830
1648380 830
1648390 829
1648400 828
1648410 828
1648420 828
1648430 828
1648440 828
1648450 829
1648460 829
1648470 829
1648480 830
1648490 830
1648500 830
1648510 830
1648520 829
1648530 829
1648540 829
1648550 828
1648560 827
1648570 827
1648580 826
1648590 825
1648600 825
1648610 824
1648620 822
1648630 822
1648640 820
1648650 818
1648660 818
1648670 816
1648680 814
1648690 814
1648700 812
1648710 811
1648720 811
1648730 809
1648740 807
1648750 805
1648760 805
1648770 803
1648780 801
1648790 801
1648800 799
1648810 796
1648820 796
1648830 794
1648840 791
1648850 791
1648860 787
1648870 784
1648880 784
1648890 781
1648900 777
1648910 777
1648920 775
1648930 771
1648940 767
1648950 767
1648960 764
1648970 761
1648980 761
1648990 757
1649000 753
1649010 753
1649020 749
1649030 746
1649040 746
1649050 742
1649060 739
1649070 739
1649080 736
1649090 733
1649100 733
1649110 731
1649120 728
1649130 725
1649140 725
1649150 722
1649160 719
1649170 719
1649180 715
1649190 711
1649200 711
1649210 706
1649220 700
1649230 700
1649240 696
1649250 694
1649260 694
1649270 691
1649280 689
1649290 689
1649300 687
1649310 684
1649320 682
1649330 682
1649340 680
1649350 678
1649360 678
1649370 676
1649380 674
1649390 674
1649400 672
1649410 669
1649420 669
1649430 666
1649440 663
1649450 663
1649460 659
1649470 656
1649480 656
1649490 652
1649500 650
1649510 649
1649520 649
1649530 647
1649540 645
1649550 645
1649560 644
1649570 642
1649580 642
1649590 641
1649600 640
1649610 640
1649620 638
1649630 636
1649640 636
1649650 635
1649660 634
1649670 634
1649680 632
1649690 630
1649700 627
1649710 627
1649720 624
1649730 621
1649740 621
1649750 619
1649760 617
1649770 617
1649780 615
1649790 613
1649800 613
1649810 610
1649820 607
1649830 607
1649840 604
1649850 599
1649860 599
1649870 594
1649880 589
1649890 585
1649900 585
1649910 581
1649920 578
1649930 578
1649940 575
1649950 573
1649960 573
1649970 570
1649980 565
1649990 565
1650000 561
1650010 560
1650020 560
1650030 559
1650040 559
1650050 559
1650060 558
1650070 557
1650080 555
1650090 555
1650100 552
1650110 548
1650120 548
1650130 546
1650140 546
1650150 546
1650160 546
1650170 546
1650180 546
1650190 545
1650200 544
1650210 544
1650220 544
1650230 543
1650240 543
1650250 543
1650260 543
1650270 542
1650280 542
1650290 542
1650300 541
1650310 541
1650320 541
1650330 540
1650340 540
1650350 540
1650360 540
1650370 540
1650380 539
1650390 539
1650400 542
1650410 540
1650420 538
1650430 536
1650440 536
1650450 533
1650460 530
1650470 530
1650480 527
1650490 526
1650500 526
1650510 525
1650520 522
1650530 522
1650540 521
1650550 518
1650560 518
1650570 516
1650580 516
1650590 516
1650600 515
1650610 515
1650620 515
1650630 515
1650640 514
1650650 514
1650660 514
1650670 514
1650680 514
1650690 514
1650700 514
1650710 514
1650720 514
1650730 514
1650740 514
1650750 514
1650760 515
1650770 517
1650780 517
1650790 519
1650800 521
1650810 524
1650820 524
1650830 528
1650840 533
1650850 533
1650860 538
1650870 543
1650880 543
1650890 548
1650900 553
1650910 553
1650920 556
1650930 559
1650940 559
1650950 562
1650960 565
1650970 565
1650980 567
1650990 568
1651000 569
1651010 569
1651020 569
1651030 570
1651040 570
1651050 571
1651060 573
1651070 573
1651080 575
1651090 578
1651100 578
1651110 580
1651120 580
1651130 580
1651140 580
1651150 580
1651160 587
1651170 588
1651180 591
1651190 595
1651200 595
1651210 599
1651220 601
1651230 601
1651240 601
1651250 604
1651260 604
1651270 609
1651280 613
1651290 613
1651300 616
1651310 619
1651320 619
1651330 621
1651340 624
1651350 624
1651360 627
1651370 629
1651380 630
1651390 630
1651400 632
1651410 637
1651420 637
1651430 640
1651440 643
1651450 643
1651460 645
1651470 649
1651480 649
1651490 653
1651500 659
1651510 659
1651520 665
1651530 670
1651540 670
1651550 674
1651560 678
1651570 681
1651580 681
1651590 683
1651600 686
1651610 686
1651620 688
1651630 691
1651640 691
1651650 694
1651660 696
1651670 696
1651680 699
1651690 703
1651700 703
1651710 706
1651720 709
1651730 709
1651740 712
1651750 716
1651760 719
1651770 719
1651780 722
1651790 726
1651800 726
1651810 729
1651820 733
1651830 733
1651840 735
1651850 738
1651860 738
1651870 741
1651880 744
1651890 744
1651900 747
1651910 752
1651920 755
1651930 755
1651940 758
1651950 760
1651960 760
1651970 762
1651980 764
1651990 764
1652000 766
1652010 768
1652020 768
1652030 770
1652040 773
1652050 773
1652060 776
1652070 779
1652080 779
1652090 783
1652100 785
1652110 789
1652120 789
1652130 793
1652140 796
1652150 796
1652160 800
1652170 803
1652180 803
1652190 807
1652200 810
1652210 810
1652220 813
1652230 815
1652240 815
1652250 817
1652260 819
1652270 819
1652280 820
1652290 822
1652300 825
1652310 825
1652320 828
1652330 831
1652340 831
1652350 833
1652360 835
1652370 835
1652380 837
1652390 838
1652400 838
1652410 840
1652420 844
1652430 844
1652440 847
1652450 849
1652460 849
1652470 852
1652480 855
1652490 858
1652500 858
1652510 861
1652520 864
1652530 864
1652540 867
1652550 870
1652560 870
1652570 872
1652580 875
1652590 875
1652600 878
1652610 881
1652620 881
1652630 885
1652640 889
1652650 889
1652660 892
1652670 896
1652680 899
1652690 899
1652700 900
1652710 901
1652720 901
1652730 903
1652740 904
1652750 904
1652760 906
1652770 907
1652780 907
1652790 909
1652800 910
1652810 910
1652820 911
1652830 912
1652840 912
1652850 912
1652860 913
1652870 913
1652880 913
1652890 913
1652900 914
1652910 914
1652920 914
1652930 914
1652940 914
1652950 914
1652960 914
1652970 914
1652980 914
1652990 914
1653000 914
1653010 914
1653020 914
1653030 914
1653040 914
1653050 914
1653060 913
1653070 913
1653080 913
1653090 913
1653100 913
1653110 913
1653120 912
1653130 912
1653140 912
1653150 911
1653160 911
1653170 911
1653180 910
1653190 910
1653200 909
1653210 908
1653220 908
1653230 907
1653240 907
1653250 906
1653260 906
1653270 905
1653280 904
1653290 904
1653300 903
1653310 902
1653320 902
1653330 901
1653340 901
1653350 901
1653360 900
1653370 899
1653380 899
1653390 898
1653400 898
1653410 896
1653420 896
1653430 895
1653440 894
1653450 894
1653460 894
1653470 893
1653480 893
1653490 893
1653500 892
1653510 892
1653520 892
1653530 891
1653540 891
1653550 891
1653560 890
1653570 890
1653580 890
1653590 889
1653600 889
1653610 889
1653620 889
1653630 889
1653640 889
1653650 888
1653660 888
1653670 888
1653680 888
1653690 888
1653700 888
1653710 887
1653720 888
1653730 888
1653740 887
1653750 887
1653760 887
1653770 886
1653780 884
1653790 882
1653800 882
1653810 880
1653820 878
1653830 878
1653840 875
1653850 871
1653860 871
1653870 868
1653880 864
1653890 864
1653900 861
1653910 858
1653920 858
1653930 856
1653940 853
1653950 853
1653960 851
1653970 849
1653980 847
1653990 847
1654000 845
1654010 844
1654020 844
1654030 842
1654040 840
1654050 840
1654060 839
1654070 838
1654080 838
1654090 837
1654100 837
1654110 837
1654120 837
1654130 837
1654140 837
1654150 837
1654160 840
1654170 840
1654180 840
1654190 840
1654200 841
1654210 841
1654220 841
1654230 841
1654240 841
1654250 841
1654260 840
1654270 840
1654280 838
1654290 836
1654300 836
1654310 833
1654320 830
1654330 830
1654340 826
1654350 822
1654360 819
1654370 819
1654380 815
1654390 812
1654400 812
1654410 809
1654420 803
1654430 803
1654440 798
1654450 794
1654460 794
1654470 790
1654480 787
1654490 787
1654500 785
1654510 784
1654520 784
1654530 782
1654540 780
1654550 778
1654560 778
1654570 776
1654580 775
1654590 775
1654600 773
1654610 772
1654620 772
1654630 770
1654640 768
1654650 768
1654660 766
1654670 763
1654680 763
1654690 761
1654700 758
1654710 758
1654720 755
1654730 752
1654740 749
1654750 749
1654760 745
1654770 739
1654780 739
1654790 734
1654800 728
1654810 728
1654820 724
1654830 720
1654840 720
1654850 716
1654860 711
1654870 711
1654880 707
1654890 702
1654900 700
1654910 695
1654920 688
1654930 683
1654940 683
1654950 678
1654960 675
1654970 675
1654980 672
1654990 669
1655000 669
1655010 666
1655020 661
1655030 661
1655040 656
1655050 653
1655060 653
1655070 647
1655080 645
1655090 645
1655100 643
1655110 640
1655120 637
1655130 637
1655140 634
1655150 631
1655160 631
1655170 628
1655180 626
1655190 626
1655200 623
1655210 620
1655220 620
1655230 618
1655240 616
1655250 616
1655260 614
1655270 612
1655280 609
1655290 609
1655300 607
1655310 604
1655320 604
1655330 603
1655340 600
1655350 600
1655360 598
1655370 595
1655380 595
1655390 593
1655400 591
1655410 591
1655420 589
1655430 587
1655440 587
1655450 584
1655460 581
1655470 578
1655480 578
1655490 576
1655500 573
1655510 573
1655520 569
1655530 565
1655540 565
1655550 564
1655560 560
1655570 560
1655580 554
1655590 549
1655600 549
1655610 544
1655620 540
1655630 540
1655640 534
1655650 532
1655660 529
1655670 529
1655680 528
1655690 527
1655700 527
1655710 527
1655720 527
1655730 527
1655740 525
1655750 522
1655760 522
1655770 518
1655780 514
1655790 514
1655800 511
1655810 506
1655820 506
1655830 504
1655840 502
1655850 502
1655860 502
1655870 503
1655880 503
1655890 503
1655900 504
1655910 504
1655920 504
1655930 504
1655940 508
1655950 508
1655960 514
1655970 518
1655980 518
1655990 523
1656000 527
1656010 527
1656020 530
1656030 532
1656040 535
1656050 535
1656060 537
1656070 540
1656080 540
1656090 544
1656100 547
1656110 547
1656120 551
1656130 553
1656140 553
1656150 555
1656160 558
1656170 558
1656180 561
1656190 563
1656200 563
1656210 566
1656220 568
1656230 572
1656240 572
1656250 575
1656260 579
1656270 579
1656280 582
1656290 585
1656300 585
1656310 588
1656320 591
1656330 591
1656340 595
1656350 599
1656360 599
1656370 603
1656380 612
1656390 612
1656400 617
1656410 620
1656420 622
1656430 622
1656440 625
1656450 627
1656460 627
1656470 630
1656480 635
1656490 635
1656500 639
1656510 644
1656520 644
1656530 648
1656540 651
1656550 651
1656560 655
1656570 658
1656580 658
1656590 660
1656600 662
1656610 664
1656620 664
1656630 665
1656640 667
1656650 667
1656660 668
1656670 669
1656680 669
1656690 670
1656700 671
1656710 671
1656720 673
1656730 675
1656740 675
1656750 674
1656760 673
1656770 673
1656780 670
1656790 669
1656800 667
1656810 667
1656820 662
1656830 662
1656840 662
1656850 666
1656860 667
1656870 667
1656880 667
1656890 667
1656900 667
1656910 665
1656920 663
1656930 663
1656940 661
1656950 658
1656960 656
1656970 656
1656980 655
1656990 652
1657000 652
1657010 650
1657020 649
1657030 649
1657040 648
1657050 649
1657060 649
1657070 650
1657080 650
1657090 650
1657100 651
1657110 654
1657120 658
1657130 661
1657140 666
1657150 669
1657160 669
1657170 671
1657180 671
1657190 671
1657200 672
1657210 672
1657220 672
1657230 672
1657240 670
1657250 670
1657260 668
1657270 668
1657280 668
1657290 667
1657300 665
1657310 665
1657320 666
1657330 668
1657340 668
1657350 668
1657360 664
1657370 663
1657380 663
1657390 661
1657400 654
1657410 654
1657420 646
1657430 638
1657440 638
1657450 636
1657460 636
1657470 636
1657480 630
1657490 626
1657500 626
1657510 625
1657520 626
1657530 626
1657540 626
1657550 626
1657560 625
1657570 625
1657580 623
1657590 622
1657600 622
1657610 621
1657620 620
1657630 620
1657640 618
1657650 614
1657660 614
1657670 613
1657680 614
1657690 614
1657700 618
1657710 619
1657720 620
1657730 620
1657740 621
1657750 620
1657760 620
1657770 619
1657780 618
1657790 618
1657800 619
1657810 618
1657820 618
1657830 617
1657840 616
1657850 623
1657860 622
1657870 621
1657880 621
1657890 619
1657900 618
1657910 615
1657920 615
1657930 613
1657940 611
1657950 611
1657960 610
1657970 609
1657980 609
1657990 610
1658000 609
1658010 609
1658020 608
1658030 608
1658040 608
1658050 608
1658060 608
1658070 608
1658080 608
1658090 609
1658100 610
1658110 610
1658120 611
1658130 613
1658140 613
1658150 611
1658160 613
1658170 613
1658180 615
1658190 616
1658200 616
1658210 618
1658220 621
1658230 621
1658240 625
1658250 629
1658260 629
1658270 634
1658280 639
1658290 646
1658300 646
1658310 653
1658320 660
1658330 660
1658340 669
1658350 678
1658360 678
1658370 687
1658380 694
1658390 694
1658400 702
1658410 709
1658420 709
1658430 716
1658440 724
1658450 724
1658460 732
1658470 742
1658480 752
1658490 752
1658500 759
1658510 766
1658520 766
1658530 775
1658540 782
1658550 782
1658560 788
1658570 790
1658580 788
1658590 789
1658600 791
1658610 791
1658620 793
1658630 797
1658640 797
1658650 802
1658660 805
1658670 806
1658680 806
1658690 810
1658700 818
1658710 818
1658720 826
1658730 834
1658740 834
1658750 837
1658760 842
1658770 842
1658780 845
1658790 844
1658800 844
1658810 851
1658820 858
1658830 858
1658840 861
1658850 864
1658860 865
1658870 865
1658880 864
1658890 865
1658900 865
1658910 868
1658920 874
1658930 874
1658940 877
1658950 879
1658960 879
1658970 879
1658980 880
1658990 880
1659000 884
1659010 890
1659020 895
1659030 895
1659040 898
1659050 901
1659060 901
1659070 906
1659080 911
1659090 911
1659100 917
1659110 924
1659120 924
1659130 926
1659140 926
1659150 926
1659160 927
1659170 929
1659180 929
1659190 930
1659200 931
1659210 932
1659220 932
1659230 935
1659240 937
1659250 937
1659260 942
1659270 947
1659280 947
1659290 948
1659300 954
1659310 954
1659320 954
1659330 957
1659340 957
1659350 960
1659360 963
1659370 963
1659380 965
1659390 967
1659400 969
1659410 969
1659420 970
1659430 973
1659440 973
1659450 976
1659460 980
1659470 980
1659480 984
1659490 990
1659500 990
1659510 996
1659520 1003
1659530 1003
1659540 1010
1659550 1016
1659560 1016
1659570 1021
1659580 1024
1659590 1027
1659600 1027
1659610 1028
1659620 1030
1659630 1030
1659640 1030
1659650 1031
1659660 1031
1659670 1032
1659680 1032
1659690 1032
1659700 1032
1659710 1032
1659720 1032
1659730 1032
1659740 1032
1659750 1032
1659760 1032
1659770 1031
1659780 1030
1659790 1030
1659800 1029
1659810 1027
1659820 1027
1659830 1025
1659840 1023
1659850 1023
1659860 1022
1659870 1021
1659880 1021
1659890 1020
1659900 1020
1659910 1020
1659920 1019
1659930 1019
1659940 1019
1659950 1019
1659960 1020
1659970 1020
1659980 1020
1659990 1021
