1640000 1076
1640010 1076
1640020 1071
1640030 1068
1640040 1063
1640050 1063
1640060 1057
1640070 1052
1640080 1052
1640090 1051
1640100 1049
1640110 1049
1640120 1048
1640130 1047
1640140 1047
1640150 1047
1640160 1054
1640170 1054
1640180 1061
1640190 1064
1640200 1064
1640210 1066
1640220 1066
1640230 1067
1640240 1067
1640250 1067
1640260 1067
1640270 1067
1640280 1068
1640290 1071
1640300 1071
1640310 1074
1640320 1078
1640330 1078
1640340 1081
1640350 1083
1640360 1083
1640370 1085
1640380 1087
1640390 1087
1640400 1087
1640410 1087
1640420 1087
1640430 1087
1640440 1086
1640450 1086
1640460 1086
1640470 1085
1640480 1084
1640490 1084
1640500 1083
1640510 1082
1640520 1082
1640530 1082
1640540 1081
1640550 1081
1640560 1081
1640570 1081
1640580 1081
1640590 1081
1640600 1082
1640610 1082
1640620 1082
1640630 1082
1640640 1082
1640650 1082
1640660 1082
1640670 1083
1640680 1083
1640690 1085
1640700 1090
1640710 1090
1640720 1092
1640730 1094
1640740 1094
1640750 1096
1640760 1098
1640770 1098
1640780 1099
1640790 1100
1640800 1102
1640810 1102
1640820 1104
1640830 1105
1640840 1105
1640850 1106
1640860 1105
1640870 1105
1640880 1104
1640890 1101
1640900 1101
1640910 1099
1640920 1099
1640930 1099
1640940 1101
1640950 1102
1640960 1102
1640970 1102
1640980 1103
1640990 1103
1641000 1103
1641010 1103
1641020 1104
1641030 1104
1641040 1105
1641050 1106
1641060 1106
1641070 1108
1641080 1111
1641090 1111
1641100 1114
1641110 1115
1641120 1115
1641130 1115
1641140 1117
1641150 1117
1641160 1119
1641170 1119
1641180 1119
1641190 1119
1641200 1119
1641210 1119
1641220 1119
1641230 1119
1641240 1119
1641250 1119
1641260 1119
1641270 1120
1641280 1120
1641290 1121
1641300 1122
1641310 1122
1641320 1122
1641330 1122
1641340 1122
1641350 1122
1641360 1122
1641370 1122
1641380 1122
1641390 1122
1641400 1122
1641410 1122
1641420 1121
1641430 1121
1641440 1121
1641450 1120
1641460 1120
1641470 1120
1641480 1118
1641490 1116
1641500 1117
1641510 1115
1641520 1113
1641530 1113
1641540 1110
1641550 1108
1641560 1104
1641570 1104
1641580 1101
1641590 1096
1641600 1096
1641610 1092
1641620 1089
1641630 1089
1641640 1088
1641650 1086
1641660 1086
1641670 1085
1641680 1083
1641690 1083
1641700 1081
1641710 1078
1641720 1078
1641730 1075
1641740 1072
1641750 1069
1641760 1069
1641770 1066
1641780 1063
1641790 1063
1641800 1061
1641810 1058
1641820 1058
1641830 1057
1641840 1056
1641850 1056
1641860 1053
1641870 1052
1641880 1052
1641890 1050
1641900 1049
1641910 1049
1641920 1048
1641930 1047
1641940 1045
1641950 1045
1641960 1041
1641970 1037
1641980 1037
1641990 1033
1642000 1031
1642010 1031
1642020 1028
1642030 1025
1642040 1025
1642050 1021
1642060 1017
1642070 1017
1642080 1013
1642090 1010
1642100 1006
1642110 1006
1642120 1002
1642130 997
1642140 997
1642150 993
1642160 989
1642170 989
1642180 987
1642190 984
1642200 984
1642210 981
1642220 978
1642230 978
1642240 975
1642250 972
1642260 972
1642270 970
1642280 968
1642290 966
1642300 966
1642310 964
1642320 962
1642330 962
1642340 960
1642350 958
1642360 958
1642370 956
1642380 954
1642390 954
1642400 952
1642410 949
1642420 949
1642430 947
1642440 945
1642450 945
1642460 944
1642470 943
1642480 941
1642490 941
1642500 940
1642510 939
1642520 939
1642530 936
1642540 934
1642550 934
1642560 931
1642570 927
1642580 927
1642590 920
1642600 913
1642610 913
1642620 908
1642630 904
1642640 904
1642650 901
1642660 900
1642670 896
1642680 896
1642690 892
1642700 888
1642710 888
1642720 885
1642730 883
1642740 883
1642750 883
1642760 882
1642770 882
1642780 880
1642790 876
1642800 876
1642810 874
1642820 872
1642830 872
1642840 869
1642850 866
1642860 861
1642870 861
1642880 856
1642890 853
1642900 853
1642910 851
1642920 847
1642930 847
1642940 843
1642950 840
1642960 840
1642970 839
1642980 838
1642990 838
1643000 837
1643010 837
1643020 837
1643030 835
1643040 834
1643050 832
1643060 832
1643070 830
1643080 827
1643090 827
1643100 824
1643110 821
1643120 821
1643130 819
1643140 818
1643150 818
1643160 817
1643170 816
1643180 816
1643190 816
1643200 815
1643210 815
1643220 815
1643230 813
1643240 811
1643250 811
1643260 808
1643270 804
1643280 804
1643290 798
1643300 796
1643310 796
1643320 794
1643330 792
1643340 792
1643350 791
1643360 788
1643370 788
1643380 785
1643390 782
1643400 782
1643410 781
1643420 779
1643430 778
1643440 778
1643450 777
1643460 776
1643470 776
1643480 774
1643490 773
1643500 773
1643510 771
1643520 769
1643530 769
1643540 767
1643550 765
1643560 765
1643570 762
1643580 761
1643590 761
1643600 759
1643610 758
1643620 757
1643630 757
1643640 755
1643650 752
1643660 752
1643670 749
1643680 747
1643690 747
1643700 746
1643710 744
1643720 744
1643730 743
1643740 742
1643750 742
1643760 740
1643770 738
1643780 738
1643790 736
1643800 734
1643810 731
1643820 731
1643830 729
1643840 726
1643850 726
1643860 724
1643870 722
1643880 722
1643890 719
1643900 718
1643910 718
1643920 716
1643930 714
1643940 714
1643950 712
1643960 711
1643970 711
1643980 710
1643990 708
1644000 706
1644010 706
1644020 704
1644030 701
1644040 701
1644050 699
1644060 697
1644070 697
1644080 696
1644090 694
1644100 694
1644110 690
1644120 687
1644130 687
1644140 684
1644150 681
1644160 679
1644170 679
1644180 677
1644190 675
1644200 675
1644210 671
1644220 668
1644230 668
1644240 666
1644250 664
1644260 664
1644270 660
1644280 658
1644290 658
1644300 656
1644310 654
1644320 654
1644330 652
1644340 651
1644350 649
1644360 649
1644370 646
1644380 643
1644390 643
1644400 640
1644410 637
1644420 637
1644430 636
1644440 636
1644450 636
1644460 634
1644470 633
1644480 633
1644490 632
1644500 630
1644510 630
1644520 628
1644530 627
1644540 626
1644550 626
1644560 625
1644570 626
1644580 626
1644590 627
1644600 632
1644610 632
1644620 638
1644630 644
1644640 644
1644650 649
1644660 654
1644670 654
1644680 658
1644690 667
1644700 667
1644710 669
1644720 672
1644730 675
1644740 675
1644750 678
1644760 682
1644770 682
1644780 687
1644790 691
1644800 691
1644810 693
1644820 693
1644830 693
1644840 694
1644850 694
1644860 694
1644870 693
1644880 691
1644890 691
1644900 690
1644910 689
1644920 685
1644930 685
1644940 681
1644950 676
1644960 676
1644970 673
1644980 671
1644990 671
1645000 669
1645010 667
1645020 667
1645030 663
1645040 662
1645050 662
1645060 661
1645070 661
1645080 661
1645090 660
1645100 660
1645110 666
1645120 666
1645130 674
1645140 680
1645150 680
1645160 683
1645170 686
1645180 686
1645190 689
1645200 692
1645210 692
1645220 695
1645230 698
1645240 698
1645250 701
1645260 704
1645270 704
1645280 707
1645290 710
1645300 712
1645310 712
1645320 715
1645330 717
1645340 717
1645350 719
1645360 722
1645370 722
1645380 724
1645390 726
1645400 726
1645410 729
1645420 732
1645430 732
1645440 735
1645450 738
1645460 738
1645470 742
1645480 744
1645490 747
1645500 747
1645510 750
1645520 753
1645530 753
1645540 755
1645550 758
1645560 758
1645570 760
1645580 762
1645590 762
1645600 765
1645610 767
1645620 767
1645630 770
1645640 773
1645650 773
1645660 775
1645670 776
1645680 777
1645690 777
1645700 777
1645710 777
1645720 777
1645730 777
1645740 778
1645750 778
1645760 779
1645770 780
1645780 780
1645790 782
1645800 783
1645810 783
1645820 784
1645830 787
1645840 787
1645850 792
1645860 794
1645870 796
1645880 796
1645890 798
1645900 801
1645910 801
1645920 803
1645930 807
1645940 807
1645950 811
1645960 815
1645970 815
1645980 817
1645990 817
1646000 817
1646010 819
1646020 822
1646030 822
1646040 825
1646050 829
1646060 833
1646070 833
1646080 835
1646090 838
1646100 838
1646110 841
1646120 843
1646130 843
1646140 845
1646150 848
1646160 848
1646170 850
1646180 853
1646190 853
1646200 855
1646210 858
1646220 860
1646230 860
1646240 862
1646250 865
1646260 867
1646270 870
1646280 873
1646290 873
1646300 875
1646310 877
1646320 877
1646330 879
1646340 881
1646350 881
1646360 882
1646370 883
1646380 883
1646390 884
1646400 885
1646410 889
1646420 889
1646430 890
1646440 891
1646450 891
1646460 893
1646470 894
1646480 894
1646490 895
1646500 896
1646510 896
1646520 896
1646530 897
1646540 897
1646550 898
1646560 899
1646570 899
1646580 900
1646590 902
1646600 903
1646610 903
1646620 903
1646630 904
1646640 904
1646650 906
1646660 907
1646670 907
1646680 908
1646690 910
1646700 910
1646710 911
1646720 912
1646730 912
1646740 914
1646750 915
1646760 915
1646770 916
1646780 917
1646790 918
1646800 918
1646810 918
1646820 918
1646830 918
1646840 919
1646850 919
1646860 919
1646870 920
1646880 920
1646890 920
1646900 921
1646910 921
1646920 921
1646930 920
1646940 920
1646950 920
1646960 920
1646970 920
1646980 920
1646990 920
1647000 920
1647010 920
1647020 920
1647030 920
1647040 922
1647050 922
1647060 921
1647070 921
1647080 921
1647090 919
1647100 917
1647110 917
1647120 916
1647130 915
1647140 915
1647150 915
1647160 914
1647170 913
1647180 913
1647190 913
1647200 912
1647210 912
1647220 912
1647230 911
1647240 911
1647250 910
1647260 909
1647270 909
1647280 907
1647290 905
1647300 905
1647310 904
1647320 902
1647330 902
1647340 899
1647350 895
1647360 892
1647370 892
1647380 890
1647390 888
1647400 888
1647410 886
1647420 884
1647430 884
1647440 883
1647450 879
1647460 879
1647470 879
1647480 880
1647490 880
1647500 883
1647510 885
1647520 885
1647530 888
1647540 891
1647550 893
1647560 893
1647570 896
1647580 898
1647590 898
1647600 901
1647610 903
1647620 903
1647630 904
1647640 906
1647650 906
1647660 907
1647670 908
1647680 908
1647690 908
1647700 908
1647710 908
1647720 908
1647730 908
1647740 907
1647750 907
1647760 907
1647770 906
1647780 906
1647790 905
1647800 904
1647810 904
1647820 904
1647830 902
1647840 902
1647850 900
1647860 898
1647870 898
1647880 896
1647890 893
1647900 893
1647910 891
1647920 888
1647930 885
1647940 885
1647950 882
1647960 878
1647970 878
1647980 874
1647990 871
1648000 871
1648010 866
1648020 862
1648030 862
1648040 859
1648050 856
1648060 856
1648070 853
1648080 850
1648090 850
1648100 847
1648110 844
1648120 841
1648130 841
1648140 838
1648150 835
1648160 835
1648170 833
1648180 830
1648190 830
1648200 827
1648210 825
1648220 825
1648230 822
1648240 820
1648250 820
1648260 817
1648270 814
1648280 812
1648290 812
1648300 810
1648310 808
1648320 808
1648330 806
1648340 804
1648350 804
1648360 802
1648370 801
1648380 801
1648390 798
1648400 795
1648410 795
1648420 793
1648430 790
1648440 790
1648450 788
1648460 785
1648470 782
1648480 782
1648490 779
1648500 776
1648510 776
1648520 774
1648530 771
1648540 771
1648550 769
1648560 766
1648570 766
1648580 762
1648590 759
1648600 759
1648610 756
1648620 754
1648630 754
1648640 751
1648650 748
1648660 743
1648670 743
1648680 738
1648690 732
1648700 732
1648710 729
1648720 731
1648730 731
1648740 731
1648750 730
1648760 730
1648770 729
1648780 728
1648790 728
1648800 726
1648810 726
1648820 726
1648830 726
1648840 726
1648850 726
1648860 726
1648870 726
1648880 727
1648890 727
1648900 727
1648910 726
1648920 726
1648930 726
1648940 725
1648950 725
1648960 724
1648970 723
1648980 723
1648990 721
1649000 720
1649010 720
1649020 717
1649030 715
1649040 713
1649050 713
1649060 711
1649070 710
1649080 710
1649090 707
1649100 704
1649110 704
1649120 701
1649130 698
1649140 698
1649150 695
1649160 693
1649170 693
1649180 692
1649190 690
1649200 690
1649210 688
1649220 686
1649230 684
1649240 684
1649250 682
1649260 680
1649270 680
1649280 678
1649290 677
1649300 677
1649310 674
1649320 672
1649330 672
1649340 670
1649350 668
1649360 665
1649370 663
1649380 661
1649390 661
1649400 659
1649410 657
1649420 654
1649430 654
1649440 652
1649450 650
1649460 650
1649470 648
1649480 646
1649490 646
1649500 644
1649510 641
1649520 641
1649530 638
1649540 634
1649550 634
1649560 631
1649570 629
1649580 629
1649590 626
1649600 624
1649610 622
1649620 622
1649630 620
1649640 619
1649650 619
1649660 618
1649670 617
1649680 617
1649690 616
1649700 614
1649710 614
1649720 612
1649730 608
1649740 608
1649750 604
1649760 600
1649770 600
1649780 596
1649790 592
1649800 588
1649810 588
1649820 585
1649830 582
1649840 582
1649850 580
1649860 577
1649870 577
1649880 574
1649890 570
1649900 570
1649910 568
1649920 564
1649930 564
1649940 560
1649950 558
1649960 558
1649970 557
1649980 556
1649990 555
1650000 555
1650010 554
1650020 554
1650030 554
1650040 554
1650050 553
1650060 553
1650070 553
1650080 552
1650090 552
1650100 552
1650110 551
1650120 551
1650130 553
1650140 552
1650150 552
1650160 551
1650170 550
1650180 550
1650190 550
1650200 549
1650210 547
1650220 547
1650230 544
1650240 543
1650250 543
1650260 540
1650270 536
1650280 536
1650290 533
1650300 531
1650310 531
1650320 530
1650330 529
1650340 528
1650350 528
1650360 528
1650370 527
1650380 527
1650390 526
1650400 525
1650410 525
1650420 525
1650430 525
1650440 525
1650450 524
1650460 524
1650470 524
1650480 524
1650490 524
1650500 524
1650510 524
1650520 525
1650530 526
1650540 526
1650550 527
1650560 528
1650570 528
1650580 529
1650590 531
1650600 531
1650610 532
1650620 534
1650630 534
1650640 536
1650650 538
1650660 538
1650670 541
1650680 546
1650690 546
1650700 551
1650710 556
1650720 561
1650730 561
1650740 567
1650750 573
1650760 573
1650770 577
1650780 581
1650790 581
1650800 585
1650810 590
1650820 590
1650830 593
1650840 597
1650850 597
1650860 599
1650870 601
1650880 601
1650890 605
1650900 607
1650910 609
1650920 609
1650930 611
1650940 614
1650950 614
1650960 621
1650970 624
1650980 624
1650990 624
1651000 626
1651010 626
1651020 626
1651030 626
1651040 626
1651050 628
1651060 632
1651070 632
1651080 633
1651090 636
1651100 639
1651110 639
1651120 644
1651130 649
1651140 649
1651150 653
1651160 657
1651170 657
1651180 661
1651190 665
1651200 665
1651210 669
1651220 672
1651230 672
1651240 674
1651250 677
1651260 677
1651270 679
1651280 680
1651290 681
1651300 681
1651310 681
1651320 683
1651330 683
1651340 685
1651350 688
1651360 688
1651370 691
1651380 693
1651390 693
1651400 696
1651410 698
1651420 698
1651430 702
1651440 705
1651450 705
1651460 708
1651470 712
1651480 716
1651490 716
1651500 719
1651510 721
1651520 721
1651530 724
1651540 726
1651550 726
1651560 729
1651570 731
1651580 731
1651590 733
1651600 735
1651610 735
1651620 737
1651630 739
1651640 739
1651650 743
1651660 746
1651670 750
1651680 750
1651690 754
1651700 757
1651710 757
1651720 760
1651730 763
1651740 763
1651750 766
1651760 770
1651770 770
1651780 773
1651790 774
1651800 774
1651810 775
1651820 776
1651830 776
1651840 778
1651850 780
1651860 782
1651870 782
1651880 785
1651890 788
1651900 788
1651910 790
1651920 792
1651930 792
1651940 794
1651950 796
1651960 796
1651970 798
1651980 800
1651990 800
1652000 801
1652010 802
1652020 802
1652030 804
1652040 805
1652050 808
1652060 808
1652070 810
1652080 814
1652090 814
1652100 817
1652110 819
1652120 819
1652130 821
1652140 824
1652150 824
1652160 827
1652170 831
1652180 831
1652190 834
1652200 837
1652210 837
1652220 840
1652230 843
1652240 846
1652250 846
1652260 849
1652270 852
1652280 852
1652290 855
1652300 858
1652310 858
1652320 862
1652330 865
1652340 865
1652350 869
1652360 873
1652370 873
1652380 877
1652390 879
1652400 882
1652410 882
1652420 885
1652430 887
1652440 887
1652450 889
1652460 890
1652470 890
1652480 891
1652490 892
1652500 892
1652510 893
1652520 893
1652530 893
1652540 892
1652550 892
1652560 892
1652570 891
1652580 891
1652590 890
1652600 890
1652610 889
1652620 887
1652630 887
1652640 886
1652650 885
1652660 885
1652670 883
1652680 881
1652690 881
1652700 879
1652710 877
1652720 877
1652730 876
1652740 874
1652750 874
1652760 873
1652770 872
1652780 870
1652790 870
1652800 869
1652810 869
1652820 869
1652830 868
1652840 867
1652850 867
1652860 866
1652870 865
1652880 865
1652890 865
1652900 864
1652910 864
1652920 862
1652930 860
1652940 860
1652950 861
1652960 863
1652970 863
1652980 863
1652990 863
1653000 863
1653010 863
1653020 863
1653030 864
1653040 864
1653050 864
1653060 864
1653070 864
1653080 864
1653090 865
1653100 865
1653110 865
1653120 866
1653130 866
1653140 866
1653150 865
1653160 865
1653170 865
1653180 865
1653190 865
1653200 865
1653210 865
1653220 864
1653230 864
1653240 863
1653250 861
1653260 861
1653270 860
1653280 859
1653290 859
1653300 857
1653310 856
1653320 856
1653330 854
1653340 852
1653350 849
1653360 849
1653370 847
1653380 844
1653390 844
1653400 841
1653410 839
1653420 839
1653430 837
1653440 835
1653450 835
1653460 833
1653470 830
1653480 830
1653490 828
1653500 826
1653510 826
1653520 825
1653530 824
1653540 823
1653550 823
1653560 821
1653570 819
1653580 819
1653590 817
1653600 819
1653610 819
1653620 819
1653630 819
1653640 819
1653650 818
1653660 818
1653670 818
1653680 817
1653690 816
1653700 816
1653710 815
1653720 814
1653730 812
1653740 812
1653750 811
1653760 809
1653770 809
1653780 809
1653790 808
1653800 808
1653810 808
1653820 807
1653830 807
1653840 806
1653850 804
1653860 804
1653870 803
1653880 805
1653890 805
1653900 801
1653910 801
1653920 800
1653930 800
1653940 798
1653950 798
1653960 798
1653970 797
1653980 797
1653990 797
1654000 797
1654010 798
1654020 798
1654030 800
1654040 801
1654050 801
1654060 802
1654070 803
1654080 803
1654090 804
1654100 804
1654110 805
1654120 805
1654130 805
1654140 806
1654150 806
1654160 807
1654170 808
1654180 808
1654190 809
1654200 809
1654210 809
1654220 809
1654230 809
1654240 809
1654250 808
1654260 807
1654270 807
1654280 806
1654290 804
1654300 803
1654310 803
1654320 802
1654330 800
1654340 800
1654350 799
1654360 796
1654370 796
1654380 794
1654390 792
1654400 792
1654410 790
1654420 788
1654430 788
1654440 786
1654450 784
1654460 781
1654470 781
1654480 777
1654490 773
1654500 773
1654510 770
1654520 766
1654530 766
1654540 757
1654550 747
1654560 747
1654570 741
1654580 735
1654590 735
1654600 732
1654610 728
1654620 728
1654630 726
1654640 719
1654650 717
1654660 717
1654670 714
1654680 711
1654690 711
1654700 707
1654710 703
1654720 703
1654730 696
1654740 691
1654750 691
1654760 686
1654770 679
1654780 679
1654790 674
1654800 669
1654810 669
1654820 664
1654830 660
1654840 656
1654850 656
1654860 652
1654870 647
1654880 647
1654890 643
1654900 640
1654910 640
1654920 636
1654930 633
1654940 633
1654950 630
1654960 627
1654970 627
1654980 624
1654990 621
1655000 621
1655010 618
1655020 614
1655030 611
1655040 611
1655050 607
1655060 604
1655070 604
1655080 601
1655090 598
1655100 598
1655110 595
1655120 589
1655130 589
1655140 582
1655150 576
1655160 576
1655170 573
1655180 570
1655190 570
1655200 566
1655210 563
1655220 559
1655230 559
1655240 555
1655250 550
1655260 550
1655270 544
1655280 538
1655290 538
1655300 530
1655310 524
1655320 524
1655330 517
1655340 511
1655350 511
1655360 507
1655370 504
1655380 505
1655390 507
1655400 508
1655410 510
1655420 510
1655430 514
1655440 519
1655450 519
1655460 521
1655470 521
1655480 521
1655490 524
1655500 527
1655510 527
1655520 531
1655530 535
1655540 535
1655550 540
1655560 544
1655570 544
1655580 550
1655590 555
1655600 559
1655610 559
1655620 563
1655630 568
1655640 568
1655650 572
1655660 576
1655670 576
1655680 581
1655690 587
1655700 587
1655710 591
1655720 595
1655730 595
1655740 597
1655750 598
1655760 598
1655770 599
1655780 600
1655790 601
1655800 601
1655810 602
1655820 603
1655830 603
1655840 605
1655850 607
1655860 607
1655870 609
1655880 612
1655890 612
1655900 614
1655910 618
1655920 618
1655930 622
1655940 625
1655950 625
1655960 628
1655970 630
1655980 633
1655990 633
1656000 637
1656010 639
1656020 639
1656030 641
1656040 645
1656050 645
1656060 649
1656070 652
1656080 652
1656090 657
1656100 663
1656110 663
1656120 673
1656130 679
1656140 679
1656150 686
1656160 691
1656170 695
1656180 695
1656190 697
1656200 698
1656210 698
1656220 700
1656230 703
1656240 703
1656250 705
1656260 706
1656270 706
1656280 707
1656290 708
1656300 708
1656310 711
1656320 716
1656330 716
1656340 721
1656350 726
1656360 730
1656370 730
1656380 733
1656390 735
1656400 735
1656410 738
1656420 741
1656430 741
1656440 746
1656450 752
1656460 752
1656470 757
1656480 761
1656490 761
1656500 765
1656510 769
1656520 773
1656530 773
1656540 777
1656550 781
1656560 781
1656570 783
1656580 785
1656590 785
1656600 785
1656610 786
1656620 786
1656630 789
1656640 791
1656650 791
1656660 792
1656670 793
1656680 793
1656690 794
1656700 795
1656710 796
1656720 796
1656730 797
1656740 798
1656750 798
1656760 799
1656770 799
1656780 799
1656790 800
1656800 800
1656810 800
1656820 802
1656830 804
1656840 804
1656850 805
1656860 810
1656870 810
1656880 811
1656890 811
1656900 812
1656910 812
1656920 812
1656930 813
1656940 813
1656950 812
1656960 812
1656970 812
1656980 813
1656990 813
1657000 813
1657010 813
1657020 813
1657030 813
1657040 813
1657050 814
1657060 814
1657070 815
1657080 815
1657090 815
1657100 815
1657110 815
1657120 815
1657130 815
1657140 814
1657150 814
1657160 814
1657170 815
1657180 816
1657190 816
1657200 817
1657210 819
1657220 819
1657230 820
1657240 820
1657250 820
1657260 821
1657270 821
1657280 823
1657290 823
1657300 825
1657310 827
1657320 827
1657330 829
1657340 831
1657350 831
1657360 833
1657370 835
1657380 835
1657390 836
1657400 838
1657410 838
1657420 839
1657430 840
1657440 840
1657450 840
1657460 840
1657470 840
1657480 840
1657490 839
1657500 838
1657510 838
1657520 835
1657530 831
1657540 831
1657550 827
1657560 824
1657570 824
1657580 821
1657590 823
1657600 823
1657610 826
1657620 829
1657630 829
1657640 830
1657650 831
1657660 832
1657670 832
1657680 834
1657690 836
1657700 836
1657710 836
1657720 834
1657730 834
1657740 833
1657750 831
1657760 831
1657770 830
1657780 830
1657790 830
1657800 831
1657810 832
1657820 832
1657830 834
1657840 837
1657850 839
1657860 839
1657870 839
1657880 840
1657890 840
1657900 841
1657910 842
1657920 842
1657930 843
1657940 845
1657950 845
1657960 846
1657970 848
1657980 848
1657990 849
1658000 850
1658010 850
1658020 851
1658030 852
1658040 854
1658050 854
1658060 854
1658070 855
1658080 855
1658090 855
1658100 855
1658110 855
1658120 854
1658130 854
1658140 854
1658150 854
1658160 854
1658170 854
1658180 854
1658190 855
1658200 855
1658210 855
1658220 854
1658230 854
1658240 854
1658250 853
1658260 852
1658270 852
1658280 850
1658290 848
1658300 848
1658310 845
1658320 845
1658330 845
1658340 841
1658350 837
1658360 837
1658370 835
1658380 830
1658390 830
1658400 826
1658410 827
1658420 832
1658430 832
1658440 835
1658450 835
1658460 835
1658470 836
1658480 838
1658490 838
1658500 839
1658510 837
1658520 837
1658530 834
1658540 832
1658550 832
1658560 829
1658570 828
1658580 828
1658590 825
1658600 821
1658610 816
1658620 816
1658630 813
1658640 811
1658650 811
1658660 809
1658670 805
1658680 805
1658690 798
1658700 790
1658710 790
1658720 782
1658730 775
1658740 775
1658750 770
1658760 766
1658770 766
1658780 764
1658790 770
1658800 778
1658810 778
1658820 784
1658830 790
1658840 790
1658850 795
1658860 801
1658870 801
1658880 807
1658890 813
1658900 813
1658910 819
1658920 826
1658930 826
1658940 833
1658950 839
1658960 845
1658970 845
1658980 850
1658990 855
1659000 855
1659010 860
1659020 864
1659030 864
1659040 868
1659050 872
1659060 872
1659070 874
1659080 877
1659090 877
1659100 880
1659110 883
1659120 883
1659130 886
1659140 890
1659150 893
1659160 893
1659170 896
1659180 899
1659190 899
1659200 903
1659210 907
1659220 907
1659230 910
1659240 913
1659250 913
1659260 915
1659270 918
1659280 918
1659290 920
1659300 922
1659310 922
1659320 925
1659330 927
1659340 929
1659350 929
1659360 931
1659370 934
1659380 934
1659390 937
1659400 940
1659410 940
1659420 943
1659430 946
1659440 946
1659450 949
1659460 952
1659470 952
1659480 954
1659490 956
1659500 956
1659510 957
1659520 958
1659530 959
1659540 959
1659550 960
1659560 960
1659570 960
1659580 960
1659590 961
1659600 961
1659610 963
1659620 965
1659630 965
1659640 967
1659650 969
1659660 969
1659670 971
1659680 973
1659690 973
1659700 975
1659710 978
1659720 982
1659730 982
1659740 985
1659750 988
1659760 988
1659770 990
1659780 993
1659790 993
1659800 995
1659810 998
1659820 998
1659830 1000
1659840 1003
1659850 1003
1659860 1006
1659870 1009
1659880 1009
1659890 1011
1659900 1014
1659910 1017
1659920 1017
1659930 1020
1659940 1023
1659950 1023
1659960 1026
1659970 1029
1659980 1029
1659990 1032
