1640000 926
1640010 927
1640020 929
1640030 929
1640040 931
1640050 933
1640060 933
1640070 935
1640080 936
1640090 936
1640100 936
1640110 936
1640120 935
1640130 935
1640140 934
1640150 932
1640160 932
1640170 932
1640180 931
1640190 931
1640200 930
1640210 930
1640220 930
1640230 929
1640240 928
1640250 928
1640260 926
1640270 923
1640280 923
1640290 918
1640300 912
1640310 906
1640320 906
1640330 900
1640340 896
1640350 896
1640360 893
1640370 892
1640380 892
1640390 890
1640400 887
1640410 887
1640420 884
1640430 881
1640440 881
1640450 879
1640460 880
1640470 880
1640480 882
1640490 886
1640500 892
1640510 892
1640520 897
1640530 900
1640540 900
1640550 902
1640560 902
1640570 902
1640580 902
1640590 904
1640600 904
1640610 906
1640620 910
1640630 910
1640640 913
1640650 915
1640660 915
1640670 915
1640680 913
1640690 911
1640700 919
1640710 917
1640720 916
1640730 916
1640740 915
1640750 916
1640760 916
1640770 917
1640780 919
1640790 919
1640800 919
1640810 917
1640820 917
1640830 913
1640840 909
1640850 909
1640860 906
1640870 903
1640880 899
1640890 899
1640900 896
1640910 892
1640920 892
1640930 888
1640940 886
1640950 886
1640960 885
1640970 887
1640980 887
1640990 889
1641000 892
1641010 892
1641020 895
1641030 897
1641040 897
1641050 900
1641060 902
1641070 902
1641080 904
1641090 906
1641100 908
1641110 908
1641120 910
1641130 912
1641140 912
1641150 914
1641160 916
1641170 916
1641180 919
1641190 922
1641200 922
1641210 926
1641220 929
1641230 929
1641240 932
1641250 935
1641260 935
1641270 937
1641280 939
1641290 941
1641300 941
1641310 942
1641320 943
1641330 943
1641340 944
1641350 943
1641360 943
1641370 940
1641380 935
1641390 935
1641400 930
1641410 924
1641420 924
1641430 918
1641440 912
1641450 912
1641460 907
1641470 902
1641480 897
1641490 897
1641500 892
1641510 886
1641520 886
1641530 881
1641540 875
1641550 875
1641560 870
1641570 865
1641580 865
1641590 860
1641600 855
1641610 855
1641620 850
1641630 846
1641640 846
1641650 842
1641660 838
1641670 834
1641680 834
1641690 830
1641700 826
1641710 826
1641720 821
1641730 816
1641740 816
1641750 811
1641760 804
1641770 804
1641780 797
1641790 789
1641800 789
1641810 781
1641820 774
1641830 774
1641840 768
1641850 764
1641860 762
1641870 762
1641880 763
1641890 768
1641900 768
1641910 774
1641920 781
1641930 781
1641940 786
1641950 790
1641960 790
1641970 795
1641980 799
1641990 799
1642000 803
1642010 807
1642020 807
1642030 811
1642040 815
1642050 819
1642060 819
1642070 822
1642080 825
1642090 825
1642100 826
1642110 828
1642120 828
1642130 829
1642140 831
1642150 831
1642160 834
1642170 837
1642180 837
1642190 839
1642200 840
1642210 840
1642220 842
1642230 844
1642240 847
1642250 847
1642260 850
1642270 851
1642280 851
1642290 853
1642300 856
1642310 859
1642320 863
1642330 868
1642340 868
1642350 873
1642360 878
1642370 878
1642380 883
1642390 888
1642400 888
1642410 893
1642420 897
1642430 902
1642440 902
1642450 906
1642460 910
1642470 910
1642480 914
1642490 918
1642500 918
1642510 921
1642520 924
1642530 924
1642540 926
1642550 929
1642560 929
1642570 932
1642580 935
1642590 935
1642600 938
1642610 941
1642620 944
1642630 944
1642640 947
1642650 950
1642660 950
1642670 953
1642680 958
1642690 958
1642700 963
1642710 967
1642720 967
1642730 972
1642740 977
1642750 977
1642760 981
1642770 984
1642780 984
1642790 987
1642800 991
1642810 994
1642820 994
1642830 997
1642840 1000
1642850 1000
1642860 1002
1642870 1003
1642880 1003
1642890 1005
1642900 1006
1642910 1006
1642920 1008
1642930 1009
1642940 1009
1642950 1009
1642960 1009
1642970 1009
1642980 1008
1642990 1008
1643000 1009
1643010 1009
1643020 1011
1643030 1014
1643040 1014
1643050 1015
1643060 1015
1643070 1015
1643080 1014
1643090 1012
1643100 1012
1643110 1016
1643120 1017
1643130 1017
1643140 1019
1643150 1022
1643160 1022
1643170 1025
1643180 1027
1643190 1029
1643200 1029
1643210 1031
1643220 1032
1643230 1032
1643240 1033
1643250 1038
1643260 1038
1643270 1041
1643280 1045
1643290 1045
1643300 1048
1643310 1051
1643320 1051
1643330 1055
1643340 1059
1643350 1059
1643360 1063
1643370 1067
1643380 1072
1643390 1072
1643400 1076
1643410 1081
1643420 1081
1643430 1086
1643440 1090
1643450 1090
1643460 1095
1643470 1099
1643480 1099
1643490 1103
1643500 1106
1643510 1106
1643520 1111
1643530 1116
1643540 1116
1643550 1121
1643560 1126
1643570 1131
1643580 1131
1643590 1135
1643600 1139
1643610 1139
1643620 1142
1643630 1145
1643640 1145
1643650 1149
1643660 1152
1643670 1152
1643680 1155
1643690 1157
1643700 1157
1643710 1160
1643720 1163
1643730 1163
1643740 1165
1643750 1167
1643760 1169
1643770 1169
1643780 1171
1643790 1173
1643800 1173
1643810 1174
1643820 1175
1643830 1175
1643840 1175
1643850 1174
1643860 1174
1643870 1172
1643880 1170
1643890 1170
1643900 1167
1643910 1168
1643920 1168
1643930 1166
1643940 1165
1643950 1164
1643960 1164
1643970 1162
1643980 1160
1643990 1160
1644000 1158
1644010 1155
1644020 1155
1644030 1151
1644040 1148
1644050 1148
1644060 1145
1644070 1141
1644080 1141
1644090 1138
1644100 1137
1644110 1137
1644120 1138
1644130 1140
1644140 1142
1644150 1142
1644160 1144
1644170 1146
1644180 1146
1644190 1148
1644200 1149
1644210 1149
1644220 1151
1644230 1152
1644240 1152
1644250 1154
1644260 1155
1644270 1155
1644280 1156
1644290 1158
1644300 1158
1644310 1159
1644320 1160
1644330 1162
1644340 1162
1644350 1163
1644360 1165
1644370 1165
1644380 1166
1644390 1168
1644400 1168
1644410 1170
1644420 1172
1644430 1172
1644440 1173
1644450 1174
1644460 1174
1644470 1176
1644480 1177
1644490 1177
1644500 1177
1644510 1176
1644520 1175
1644530 1175
1644540 1173
1644550 1170
1644560 1170
1644570 1167
1644580 1164
1644590 1164
1644600 1160
1644610 1155
1644620 1155
1644630 1151
1644640 1147
1644650 1147
1644660 1143
1644670 1138
1644680 1138
1644690 1134
1644700 1127
1644710 1123
1644720 1123
1644730 1119
1644740 1116
1644750 1116
1644760 1113
1644770 1110
1644780 1110
1644790 1108
1644800 1106
1644810 1106
1644820 1104
1644830 1103
1644840 1103
1644850 1102
1644860 1100
1644870 1100
1644880 1099
1644890 1098
1644900 1097
1644910 1097
1644920 1095
1644930 1094
1644940 1094
1644950 1092
1644960 1091
1644970 1091
1644980 1089
1644990 1088
1645000 1088
1645010 1086
1645020 1084
1645030 1084
1645040 1082
1645050 1080
1645060 1080
1645070 1078
1645080 1077
1645090 1076
1645100 1076
1645110 1076
1645120 1077
1645130 1077
1645140 1078
1645150 1079
1645160 1079
1645170 1080
1645180 1082
1645190 1082
1645200 1084
1645210 1086
1645220 1086
1645230 1087
1645240 1089
1645250 1089
1645260 1090
1645270 1090
1645280 1090
1645290 1090
1645300 1088
1645310 1086
1645320 1086
1645330 1084
1645340 1082
1645350 1082
1645360 1079
1645370 1077
1645380 1077
1645390 1074
1645400 1072
1645410 1072
1645420 1071
1645430 1069
1645440 1069
1645450 1067
1645460 1065
1645470 1063
1645480 1063
1645490 1056
1645500 1053
1645510 1053
1645520 1049
1645530 1046
1645540 1046
1645550 1043
1645560 1041
1645570 1041
1645580 1040
1645590 1039
1645600 1039
1645610 1037
1645620 1035
1645630 1035
1645640 1033
1645650 1030
1645660 1028
1645670 1028
1645680 1025
1645690 1022
1645700 1022
1645710 1019
1645720 1017
1645730 1017
1645740 1014
1645750 1010
1645760 1010
1645770 1006
1645780 1001
1645790 1001
1645800 995
1645810 989
1645820 989
1645830 982
1645840 976
1645850 970
1645860 970
1645870 967
1645880 963
1645890 963
1645900 958
1645910 953
1645920 953
1645930 948
1645940 942
1645950 942
1645960 937
1645970 931
1645980 931
1645990 926
1646000 920
1646010 920
1646020 915
1646030 909
1646040 902
1646050 902
1646060 896
1646070 891
1646080 891
1646090 887
1646100 883
1646110 883
1646120 879
1646130 876
1646140 876
1646150 873
1646160 869
1646170 869
1646180 865
1646190 866
1646200 866
1646210 866
1646220 866
1646230 865
1646240 865
1646250 863
1646260 861
1646270 855
1646280 853
1646290 852
1646300 852
1646310 850
1646320 849
1646330 849
1646340 848
1646350 847
1646360 847
1646370 846
1646380 845
1646390 845
1646400 844
1646410 843
1646420 842
1646430 842
1646440 841
1646450 838
1646460 838
1646470 836
1646480 832
1646490 832
1646500 825
1646510 816
1646520 816
1646530 808
1646540 808
1646550 808
1646560 817
1646570 826
1646580 826
1646590 834
1646600 838
1646610 839
1646620 839
1646630 837
1646640 835
1646650 835
1646660 833
1646670 832
1646680 832
1646690 831
1646700 830
1646710 830
1646720 830
1646730 829
1646740 829
1646750 829
1646760 830
1646770 830
1646780 830
1646790 830
1646800 830
1646810 830
1646820 830
1646830 830
1646840 830
1646850 830
1646860 830
1646870 830
1646880 830
1646890 830
1646900 830
1646910 830
1646920 831
1646930 831
1646940 831
1646950 832
1646960 832
1646970 832
1646980 832
1646990 833
1647000 833
1647010 833
1647020 833
1647030 833
1647040 833
1647050 829
1647060 829
1647070 828
1647080 827
1647090 827
1647100 825
1647110 822
1647120 822
1647130 819
1647140 816
1647150 816
1647160 812
1647170 808
1647180 803
1647190 803
1647200 799
1647210 795
1647220 795
1647230 790
1647240 785
1647250 785
1647260 781
1647270 777
1647280 777
1647290 773
1647300 770
1647310 770
1647320 767
1647330 767
1647340 767
1647350 767
1647360 767
1647370 766
1647380 766
1647390 765
1647400 764
1647410 764
1647420 763
1647430 762
1647440 762
1647450 761
1647460 759
1647470 759
1647480 758
1647490 757
1647500 757
1647510 756
1647520 755
1647530 755
1647540 754
1647550 753
1647560 752
1647570 752
1647580 751
1647590 749
1647600 749
1647610 748
1647620 746
1647630 746
1647640 744
1647650 741
1647660 741
1647670 739
1647680 737
1647690 737
1647700 735
1647710 733
1647720 733
1647730 730
1647740 728
1647750 725
1647760 725
1647770 721
1647780 717
1647790 717
1647800 714
1647810 710
1647820 710
1647830 703
1647840 699
1647850 699
1647860 696
1647870 693
1647880 693
1647890 690
1647900 687
1647910 687
1647920 683
1647930 679
1647940 675
1647950 675
1647960 670
1647970 665
1647980 665
1647990 660
1648000 656
1648010 656
1648020 651
1648030 647
1648040 647
1648050 643
1648060 639
1648070 639
1648080 636
1648090 633
1648100 633
1648110 630
1648120 628
1648130 626
1648140 626
1648150 625
1648160 625
1648170 625
1648180 625
1648190 625
1648200 625
1648210 625
1648220 625
1648230 625
1648240 625
1648250 625
1648260 625
1648270 625
1648280 625
1648290 625
1648300 625
1648310 625
1648320 625
1648330 625
1648340 625
1648350 625
1648360 625
1648370 625
1648380 625
1648390 625
1648400 624
1648410 624
1648420 624
1648430 623
1648440 623
1648450 623
1648460 623
1648470 623
1648480 623
1648490 624
1648500 625
1648510 625
1648520 625
1648530 626
1648540 627
1648550 627
1648560 630
1648570 633
1648580 633
1648590 636
1648600 643
1648610 643
1648620 645
1648630 646
1648640 646
1648650 649
1648660 651
1648670 651
1648680 654
1648690 658
1648700 661
1648710 661
1648720 665
1648730 669
1648740 669
1648750 673
1648760 677
1648770 677
1648780 680
1648790 683
1648800 683
1648810 685
1648820 685
1648830 685
1648840 685
1648850 684
1648860 684
1648870 683
1648880 682
1648890 680
1648900 680
1648910 679
1648920 677
1648930 677
1648940 675
1648950 674
1648960 674
1648970 676
1648980 681
1648990 681
1649000 686
1649010 691
1649020 691
1649030 697
1649040 703
1649050 703
1649060 707
1649070 711
1649080 715
1649090 715
1649100 719
1649110 723
1649120 723
1649130 727
1649140 730
1649150 730
1649160 734
1649170 737
1649180 737
1649190 741
1649200 744
1649210 744
1649220 747
1649230 750
1649240 750
1649250 753
1649260 754
1649270 755
1649280 755
1649290 757
1649300 758
1649310 758
1649320 759
1649330 760
1649340 760
1649350 761
1649360 761
1649370 763
1649380 764
1649390 764
1649400 764
1649410 765
1649420 766
1649430 766
1649440 767
1649450 768
1649460 770
1649470 770
1649480 771
1649490 772
1649500 772
1649510 774
1649520 775
1649530 775
1649540 776
1649550 778
1649560 778
1649570 780
1649580 781
1649590 781
1649600 783
1649610 784
1649620 784
1649630 786
1649640 788
1649650 789
1649660 789
1649670 791
1649680 792
1649690 792
1649700 793
1649710 795
1649720 795
1649730 796
1649740 797
1649750 797
1649760 799
1649770 800
1649780 800
1649790 801
1649800 803
1649810 803
1649820 805
1649830 807
1649840 808
1649850 808
1649860 810
1649870 811
1649880 811
1649890 812
1649900 812
1649910 812
1649920 813
1649930 813
1649940 813
1649950 813
1649960 813
1649970 813
1649980 812
1649990 811
1650000 811
1650010 811
1650020 812
1650030 812
1650040 812
1650050 813
1650060 815
1650070 815
1650080 817
1650090 820
1650100 820
1650110 823
1650120 825
1650130 825
1650140 830
1650150 832
1650160 832
1650170 835
1650180 836
1650190 836
1650200 838
1650210 840
1650220 842
1650230 842
1650240 843
1650250 845
1650260 845
1650270 846
1650280 848
1650290 848
1650300 849
1650310 851
1650320 851
1650330 851
1650340 852
1650350 852
1650360 852
1650370 852
1650380 852
1650390 852
1650400 851
1650410 851
1650420 851
1650430 849
1650440 847
1650450 847
1650460 846
1650470 845
1650480 845
1650490 844
1650500 843
1650510 843
1650520 842
1650530 841
1650540 841
1650550 841
1650560 841
1650570 841
1650580 841
1650590 842
1650600 842
1650610 842
1650620 842
1650630 843
1650640 843
1650650 843
1650660 843
1650670 843
1650680 844
1650690 844
1650700 844
1650710 844
1650720 844
1650730 844
1650740 844
1650750 844
1650760 844
1650770 844
1650780 843
1650790 843
1650800 843
1650810 843
1650820 843
1650830 843
1650840 843
1650850 842
1650860 842
1650870 842
1650880 841
1650890 841
1650900 841
1650910 840
1650920 840
1650930 838
1650940 836
1650950 836
1650960 832
1650970 829
1650980 825
1650990 825
1651000 823
1651010 821
1651020 821
1651030 820
1651040 819
1651050 819
1651060 817
1651070 815
1651080 815
1651090 813
1651100 813
1651110 813
1651120 813
1651130 813
1651140 813
1651150 813
1651160 813
1651170 812
1651180 812
1651190 812
1651200 811
1651210 811
1651220 810
1651230 809
1651240 809
1651250 808
1651260 805
1651270 805
1651280 802
1651290 799
1651300 799
1651310 795
1651320 791
1651330 791
1651340 788
1651350 784
1651360 780
1651370 780
1651380 775
1651390 772
1651400 772
1651410 769
1651420 768
1651430 768
1651440 769
1651450 771
1651460 771
1651470 774
1651480 777
1651490 777
1651500 779
1651510 782
1651520 782
1651530 784
1651540 787
1651550 790
1651560 790
1651570 792
1651580 794
1651590 794
1651600 796
1651610 797
1651620 797
1651630 797
1651640 797
1651650 798
1651660 796
1651670 793
1651680 793
1651690 789
1651700 784
1651710 784
1651720 779
1651730 773
1651740 767
1651750 767
1651760 762
1651770 756
1651780 756
1651790 750
1651800 746
1651810 746
1651820 741
1651830 736
1651840 736
1651850 731
1651860 726
1651870 726
1651880 720
1651890 714
1651900 714
1651910 708
1651920 702
1651930 695
1651940 695
1651950 689
1651960 682
1651970 682
1651980 676
1651990 669
1652000 669
1652010 663
1652020 657
1652030 657
1652040 650
1652050 644
1652060 644
1652070 638
1652080 632
1652090 632
1652100 626
1652110 620
1652120 614
1652130 614
1652140 608
1652150 602
1652160 602
1652170 597
1652180 591
1652190 591
1652200 585
1652210 580
1652220 580
1652230 574
1652240 571
1652250 571
1652260 572
1652270 575
1652280 575
1652290 580
1652300 586
1652310 593
1652320 593
1652330 599
1652340 606
1652350 606
1652360 613
1652370 620
1652380 620
1652390 627
1652400 634
1652410 636
1652420 643
1652430 650
1652440 650
1652450 657
1652460 663
1652470 663
1652480 669
1652490 675
1652500 682
1652510 682
1652520 688
1652530 693
1652540 693
1652550 697
1652560 701
1652570 701
1652580 706
1652590 711
1652600 711
1652610 717
1652620 723
1652630 723
1652640 729
1652650 734
1652660 734
1652670 740
1652680 746
1652690 751
1652700 751
1652710 755
1652720 760
1652730 760
1652740 763
1652750 765
1652760 765
1652770 765
1652780 764
1652790 764
1652800 762
1652810 760
1652820 760
1652830 758
1652840 755
1652850 755
1652860 754
1652870 752
1652880 750
1652890 750
1652900 747
1652910 743
1652920 743
1652930 738
1652940 731
1652950 731
1652960 724
1652970 717
1652980 717
1652990 710
1653000 703
1653010 703
1653020 695
1653030 689
1653040 689
1653050 684
1653060 681
1653070 679
1653080 679
1653090 678
1653100 677
1653110 677
1653120 677
1653130 677
1653140 677
1653150 677
1653160 684
1653170 684
1653180 683
1653190 681
1653200 681
1653210 678
1653220 676
1653230 676
1653240 672
1653250 669
1653260 665
1653270 665
1653280 662
1653290 658
1653300 658
1653310 654
1653320 651
1653330 651
1653340 648
1653350 644
1653360 644
1653370 641
1653380 639
1653390 639
1653400 640
1653410 641
1653420 641
1653430 644
1653440 647
1653450 651
1653460 651
1653470 654
1653480 657
1653490 657
1653500 660
1653510 662
1653520 662
1653530 663
1653540 663
1653550 663
1653560 662
1653570 661
1653580 661
1653590 660
1653600 657
1653610 657
1653620 655
1653630 652
1653640 648
1653650 648
1653660 644
1653670 641
1653680 641
1653690 639
1653700 637
1653710 637
1653720 637
1653730 637
1653740 637
1653750 637
1653760 639
1653770 639
1653780 640
1653790 641
1653800 641
1653810 642
1653820 643
1653830 644
1653840 644
1653850 644
1653860 644
1653870 644
1653880 644
1653890 643
1653900 643
1653910 647
1653920 644
1653930 644
1653940 641
1653950 637
1653960 637
1653970 635
1653980 632
1653990 632
1654000 630
1654010 628
1654020 627
1654030 627
1654040 629
1654050 632
1654060 632
1654070 634
1654080 633
1654090 633
1654100 630
1654110 627
1654120 627
1654130 625
1654140 628
1654150 628
1654160 632
1654170 638
1654180 638
1654190 643
1654200 647
1654210 651
1654220 651
1654230 653
1654240 655
1654250 655
1654260 657
1654270 658
1654280 658
1654290 658
1654300 658
1654310 658
1654320 658
1654330 658
1654340 658
1654350 658
1654360 659
1654370 659
1654380 660
1654390 662
1654400 664
1654410 664
1654420 667
1654430 670
1654440 670
1654450 673
1654460 677
1654470 677
1654480 682
1654490 686
1654500 686
1654510 690
1654520 694
1654530 694
1654540 696
1654550 697
1654560 697
1654570 698
1654580 699
1654590 700
1654600 700
1654610 701
1654620 703
1654630 703
1654640 705
1654650 713
1654660 713
1654670 714
1654680 716
1654690 716
1654700 718
1654710 720
1654720 720
1654730 722
1654740 724
1654750 724
1654760 726
1654770 728
1654780 731
1654790 731
1654800 732
1654810 734
1654820 734
1654830 736
1654840 738
1654850 738
1654860 740
1654870 742
1654880 742
1654890 745
1654900 749
1654910 749
1654920 752
1654930 756
1654940 756
1654950 759
1654960 763
1654970 767
1654980 767
1654990 771
1655000 775
1655010 775
1655020 780
1655030 784
1655040 784
1655050 788
1655060 792
1655070 792
1655080 797
1655090 802
1655100 802
1655110 806
1655120 810
1655130 810
1655140 813
1655150 817
1655160 820
1655170 820
1655180 823
1655190 827
1655200 827
1655210 830
1655220 833
1655230 833
1655240 835
1655250 837
1655260 837
1655270 839
1655280 840
1655290 840
1655300 842
1655310 842
1655320 842
1655330 842
1655340 843
1655350 843
1655360 843
1655370 842
1655380 842
1655390 842
1655400 844
1655410 843
1655420 843
1655430 843
1655440 843
1655450 843
1655460 844
1655470 845
1655480 845
1655490 847
1655500 850
1655510 850
1655520 853
1655530 856
1655540 856
1655550 859
1655560 861
1655570 864
1655580 864
1655590 866
1655600 869
1655610 869
1655620 872
1655630 875
1655640 875
1655650 878
1655660 880
1655670 880
1655680 882
1655690 883
1655700 883
1655710 883
1655720 883
1655730 883
1655740 882
1655750 881
1655760 879
1655770 879
1655780 877
1655790 874
1655800 874
1655810 871
1655820 867
1655830 867
1655840 863
1655850 860
1655860 860
1655870 858
1655880 857
1655890 857
1655900 858
1655910 859
1655920 859
1655930 863
1655940 867
1655950 871
1655960 871
1655970 874
1655980 875
1655990 875
1656000 875
1656010 872
1656020 872
1656030 867
1656040 861
1656050 861
1656060 854
1656070 848
1656080 848
1656090 843
1656100 838
1656110 838
1656120 835
1656130 839
1656140 842
1656150 842
1656160 846
1656170 851
1656180 851
1656190 854
1656200 854
1656210 854
1656220 852
1656230 849
1656240 849
1656250 846
1656260 843
1656270 843
1656280 842
1656290 840
1656300 840
1656310 839
1656320 838
1656330 837
1656340 837
1656350 836
1656360 835
1656370 835
1656380 834
1656390 833
1656400 833
1656410 831
1656420 829
1656430 829
1656440 827
1656450 826
1656460 826
1656470 824
1656480 822
1656490 822
1656500 819
1656510 816
1656520 813
1656530 813
1656540 810
1656550 808
1656560 808
1656570 805
1656580 803
1656590 803
1656600 802
1656610 804
1656620 804
1656630 808
1656640 811
1656650 811
1656660 816
1656670 820
1656680 820
1656690 825
1656700 828
1656710 831
1656720 831
1656730 832
1656740 834
1656750 834
1656760 836
1656770 838
1656780 838
1656790 840
1656800 843
1656810 843
1656820 845
1656830 847
1656840 847
1656850 849
1656860 852
1656870 848
1656880 851
1656890 854
1656900 856
1656910 856
1656920 860
1656930 863
1656940 863
1656950 865
1656960 867
1656970 867
1656980 870
1656990 872
1657000 872
1657010 873
1657020 875
1657030 875
1657040 876
1657050 878
1657060 878
1657070 880
1657080 882
1657090 885
1657100 885
1657110 888
1657120 890
1657130 890
1657140 893
1657150 897
1657160 897
1657170 900
1657180 904
1657190 904
1657200 908
1657210 912
1657220 912
1657230 915
1657240 918
1657250 918
1657260 922
1657270 925
1657280 929
1657290 929
1657300 933
1657310 937
1657320 937
1657330 940
1657340 943
1657350 943
1657360 945
1657370 948
1657380 948
1657390 950
1657400 952
1657410 952
1657420 954
1657430 956
1657440 956
1657450 958
1657460 960
1657470 963
1657480 963
1657490 966
1657500 969
1657510 969
1657520 971
1657530 973
1657540 973
1657550 975
1657560 976
1657570 976
1657580 978
1657590 980
1657600 980
1657610 982
1657620 984
1657630 984
1657640 986
1657650 988
1657660 990
1657670 990
1657680 992
1657690 994
1657700 994
1657710 996
1657720 998
1657730 998
1657740 1001
1657750 1003
1657760 1003
1657770 1005
1657780 1007
1657790 1007
1657800 1009
1657810 1011
1657820 1011
1657830 1013
1657840 1015
1657850 1016
1657860 1016
1657870 1018
1657880 1019
1657890 1019
1657900 1020
1657910 1021
1657920 1021
1657930 1022
1657940 1022
1657950 1022
1657960 1022
1657970 1022
1657980 1022
1657990 1022
1658000 1022
1658010 1022
1658020 1021
1658030 1020
1658040 1018
1658050 1018
1658060 1016
1658070 1012
1658080 1012
1658090 1008
1658100 1006
1658110 1006
1658120 1007
1658130 1010
1658140 1010
1658150 1014
1658160 1015
1658170 1015
1658180 1015
1658190 1015
1658200 1015
1658210 1013
1658220 1012
1658230 1012
1658240 1012
1658250 1012
1658260 1014
1658270 1014
1658280 1016
1658290 1019
1658300 1019
1658310 1022
1658320 1026
1658330 1025
1658340 1028
1658350 1032
1658360 1032
1658370 1035
1658380 1038
1658390 1038
1658400 1041
1658410 1044
1658420 1047
1658430 1047
1658440 1049
1658450 1052
1658460 1052
1658470 1055
1658480 1058
1658490 1058
1658500 1061
1658510 1064
1658520 1064
1658530 1067
1658540 1069
1658550 1069
1658560 1071
1658570 1073
1658580 1073
1658590 1075
1658600 1077
1658610 1079
1658620 1079
1658630 1082
1658640 1085
1658650 1085
1658660 1087
1658670 1090
1658680 1090
1658690 1092
1658700 1095
1658710 1095
1658720 1098
1658730 1100
1658740 1100
1658750 1103
1658760 1105
1658770 1105
1658780 1108
1658790 1110
1658800 1113
1658810 1113
1658820 1115
1658830 1117
1658840 1117
1658850 1119
1658860 1122
1658870 1122
1658880 1125
1658890 1127
1658900 1127
1658910 1130
1658920 1134
1658930 1134
1658940 1137
1658950 1139
1658960 1139
1658970 1142
1658980 1145
1658990 1147
1659000 1147
1659010 1149
1659020 1151
1659030 1151
1659040 1153
1659050 1156
1659060 1157
1659070 1160
1659080 1162
1659090 1162
1659100 1165
1659110 1168
1659120 1168
1659130 1170
1659140 1172
1659150 1172
1659160 1174
1659170 1177
1659180 1179
1659190 1179
1659200 1180
1659210 1182
1659220 1182
1659230 1184
1659240 1187
1659250 1187
1659260 1190
1659270 1193
1659280 1193
1659290 1196
1659300 1198
1659310 1198
1659320 1199
1659330 1199
1659340 1199
1659350 1198
1659360 1198
1659370 1197
1659380 1197
1659390 1197
1659400 1197
1659410 1197
1659420 1198
1659430 1199
1659440 1199
1659450 1200
1659460 1202
1659470 1202
1659480 1203
1659490 1204
1659500 1204
1659510 1206
1659520 1207
1659530 1207
1659540 1208
1659550 1209
1659560 1211
1659570 1211
1659580 1212
1659590 1214
1659600 1214
1659610 1215
1659620 1217
1659630 1217
1659640 1218
1659650 1219
1659660 1219
1659670 1220
1659680 1221
1659690 1221
1659700 1222
1659710 1223
1659720 1223
1659730 1224
1659740 1225
1659750 1226
1659760 1226
1659770 1226
1659780 1226
1659790 1226
1659800 1225
1659810 1224
1659820 1224
1659830 1223
1659840 1222
1659850 1222
1659860 1221
1659870 1220
1659880 1220
1659890 1218
1659900 1217
1659910 1217
1659920 1215
1659930 1213
1659940 1212
1659950 1212
1659960 1210
1659970 1208
1659980 1208
1659990 1205
