1640000 902
1640010 901
1640020 900
1640030 900
1640040 897
1640050 893
1640060 893
1640070 888
1640080 885
1640090 885
1640100 882
1640110 878
1640120 875
1640130 875
1640140 871
1640150 866
1640160 866
1640170 864
1640180 864
1640190 864
1640200 863
1640210 863
1640220 863
1640230 864
1640240 864
1640250 864
1640260 864
1640270 864
1640280 864
1640290 864
1640300 864
1640310 864
1640320 864
1640330 863
1640340 863
1640350 863
1640360 862
1640370 862
1640380 862
1640390 862
1640400 863
1640410 863
1640420 865
1640430 867
1640440 867
1640450 869
1640460 872
1640470 872
1640480 875
1640490 878
1640500 881
1640510 881
1640520 885
1640530 889
1640540 889
1640550 892
1640560 896
1640570 896
1640580 899
1640590 903
1640600 903
1640610 910
1640620 912
1640630 912
1640640 915
1640650 917
1640660 917
1640670 920
1640680 922
1640690 924
1640700 924
1640710 926
1640720 928
1640730 928
1640740 930
1640750 932
1640760 932
1640770 934
1640780 936
1640790 936
1640800 938
1640810 940
1640820 940
1640830 941
1640840 942
1640850 942
1640860 942
1640870 942
1640880 940
1640890 940
1640900 940
1640910 938
1640920 938
1640930 937
1640940 935
1640950 935
1640960 935
1640970 933
1640980 933
1640990 931
1641000 928
1641010 928
1641020 924
1641030 918
1641040 918
1641050 911
1641060 904
1641070 896
1641080 896
1641090 890
1641100 883
1641110 883
1641120 877
1641130 871
1641140 871
1641150 866
1641160 862
1641170 862
1641180 860
1641190 861
1641200 861
1641210 864
1641220 870
1641230 870
1641240 877
1641250 884
1641260 890
1641270 890
1641280 895
1641290 899
1641300 899
1641310 901
1641320 904
1641330 904
1641340 908
1641350 914
1641360 914
1641370 920
1641380 926
1641390 926
1641400 932
1641410 937
1641420 935
1641430 939
1641440 944
1641450 947
1641460 947
1641470 949
1641480 951
1641490 951
1641500 953
1641510 955
1641520 955
1641530 956
1641540 958
1641550 958
1641560 959
1641570 961
1641580 961
1641590 962
1641600 964
1641610 964
1641620 967
1641630 970
1641640 974
1641650 974
1641660 979
1641670 984
1641680 984
1641690 990
1641700 996
1641710 996
1641720 1003
1641730 1010
1641740 1010
1641750 1015
1641760 1019
1641770 1019
1641780 1023
1641790 1026
1641800 1026
1641810 1029
1641820 1031
1641830 1032
1641840 1032
1641850 1034
1641860 1036
1641870 1036
1641880 1037
1641890 1040
1641900 1040
1641910 1044
1641920 1049
1641930 1049
1641940 1054
1641950 1060
1641960 1060
1641970 1065
1641980 1069
1641990 1069
1642000 1072
1642010 1075
1642020 1076
1642030 1076
1642040 1077
1642050 1077
1642060 1077
1642070 1078
1642080 1080
1642090 1080
1642100 1083
1642110 1086
1642120 1086
1642130 1090
1642140 1096
1642150 1096
1642160 1101
1642170 1106
1642180 1106
1642190 1110
1642200 1113
1642210 1115
1642220 1116
1642230 1118
1642240 1119
1642250 1119
1642260 1120
1642270 1122
1642280 1122
1642290 1123
1642300 1124
1642310 1124
1642320 1125
1642330 1126
1642340 1126
1642350 1128
1642360 1129
1642370 1129
1642380 1131
1642390 1133
1642400 1135
1642410 1135
1642420 1138
1642430 1142
1642440 1142
1642450 1146
1642460 1150
1642470 1150
1642480 1154
1642490 1158
1642500 1158
1642510 1162
1642520 1167
1642530 1167
1642540 1171
1642550 1175
1642560 1175
1642570 1180
1642580 1185
1642590 1190
1642600 1190
1642610 1195
1642620 1200
1642630 1200
1642640 1204
1642650 1209
1642660 1209
1642670 1214
1642680 1219
1642690 1219
1642700 1223
1642710 1227
1642720 1227
1642730 1231
1642740 1235
1642750 1235
1642760 1238
1642770 1242
1642780 1245
1642790 1245
1642800 1249
1642810 1252
1642820 1252
1642830 1256
1642840 1260
1642850 1260
1642860 1263
1642870 1266
1642880 1266
1642890 1270
1642900 1272
1642910 1272
1642920 1275
1642930 1278
1642940 1278
1642950 1280
1642960 1281
1642970 1281
1642980 1283
1642990 1283
1643000 1283
1643010 1283
1643020 1284
1643030 1282
1643040 1282
1643050 1279
1643060 1276
1643070 1276
1643080 1272
1643090 1268
1643100 1268
1643110 1264
1643120 1259
1643130 1259
1643140 1255
1643150 1250
1643160 1250
1643170 1246
1643180 1241
1643190 1236
1643200 1236
1643210 1231
1643220 1226
1643230 1226
1643240 1220
1643250 1214
1643260 1214
1643270 1208
1643280 1204
1643290 1204
1643300 1201
1643310 1197
1643320 1197
1643330 1195
1643340 1192
1643350 1192
1643360 1190
1643370 1187
1643380 1184
1643390 1184
1643400 1181
1643410 1178
1643420 1178
1643430 1174
1643440 1171
1643450 1171
1643460 1167
1643470 1162
1643480 1162
1643490 1158
1643500 1153
1643510 1153
1643520 1148
1643530 1143
1643540 1143
1643550 1138
1643560 1134
1643570 1129
1643580 1129
1643590 1125
1643600 1120
1643610 1120
1643620 1115
1643630 1111
1643640 1111
1643650 1108
1643660 1107
1643670 1107
1643680 1105
1643690 1104
1643700 1104
1643710 1105
1643720 1107
1643730 1107
1643740 1111
1643750 1115
1643760 1117
1643770 1117
1643780 1116
1643790 1113
1643800 1113
1643810 1110
1643820 1104
1643830 1104
1643840 1101
1643850 1098
1643860 1098
1643870 1093
1643880 1087
1643890 1087
1643900 1080
1643910 1073
1643920 1073
1643930 1067
1643940 1060
1643950 1053
1643960 1053
1643970 1047
1643980 1043
1643990 1043
1644000 1040
1644010 1038
1644020 1038
1644030 1037
1644040 1037
1644050 1037
1644060 1038
1644070 1039
1644080 1039
1644090 1039
1644100 1040
1644110 1040
1644120 1040
1644130 1040
1644140 1040
1644150 1040
1644160 1040
1644170 1040
1644180 1040
1644190 1041
1644200 1042
1644210 1042
1644220 1043
1644230 1045
1644240 1045
1644250 1048
1644260 1050
1644270 1050
1644280 1052
1644290 1054
1644300 1054
1644310 1056
1644320 1058
1644330 1060
1644340 1060
1644350 1062
1644360 1062
1644370 1062
1644380 1060
1644390 1057
1644400 1057
1644410 1052
1644420 1047
1644430 1047
1644440 1042
1644450 1037
1644460 1037
1644470 1031
1644480 1025
1644490 1025
1644500 1020
1644510 1014
1644520 1008
1644530 1008
1644540 1003
1644550 998
1644560 998
1644570 993
1644580 989
1644590 989
1644600 983
1644610 979
1644620 979
1644630 973
1644640 968
1644650 968
1644660 963
1644670 959
1644680 959
1644690 955
1644700 951
1644710 948
1644720 948
1644730 944
1644740 941
1644750 941
1644760 937
1644770 932
1644780 932
1644790 927
1644800 922
1644810 922
1644820 916
1644830 910
1644840 910
1644850 905
1644860 900
1644870 900
1644880 895
1644890 891
1644900 887
1644910 887
1644920 884
1644930 881
1644940 881
1644950 878
1644960 875
1644970 875
1644980 872
1644990 869
1645000 869
1645010 865
1645020 861
1645030 861
1645040 857
1645050 854
1645060 854
1645070 850
1645080 847
1645090 844
1645100 844
1645110 841
1645120 837
1645130 837
1645140 834
1645150 832
1645160 832
1645170 829
1645180 826
1645190 826
1645200 824
1645210 822
1645220 822
1645230 820
1645240 818
1645250 818
1645260 815
1645270 813
1645280 811
1645290 811
1645300 808
1645310 806
1645320 806
1645330 804
1645340 802
1645350 802
1645360 800
1645370 799
1645380 799
1645390 799
1645400 803
1645410 803
1645420 803
1645430 803
1645440 803
1645450 802
1645460 802
1645470 801
1645480 801
1645490 800
1645500 799
1645510 799
1645520 797
1645530 795
1645540 795
1645550 793
1645560 791
1645570 791
1645580 789
1645590 787
1645600 787
1645610 785
1645620 783
1645630 783
1645640 781
1645650 778
1645660 776
1645670 776
1645680 773
1645690 770
1645700 770
1645710 767
1645720 764
1645730 764
1645740 761
1645750 758
1645760 758
1645770 755
1645780 752
1645790 752
1645800 750
1645810 747
1645820 747
1645830 744
1645840 741
1645850 738
1645860 738
1645870 736
1645880 736
1645890 736
1645900 738
1645910 742
1645920 742
1645930 746
1645940 749
1645950 749
1645960 753
1645970 756
1645980 756
1645990 759
1646000 761
1646010 761
1646020 764
1646030 766
1646040 766
1646050 767
1646060 768
1646070 768
1646080 768
1646090 769
1646100 768
1646110 768
1646120 768
1646130 766
1646140 766
1646150 763
1646160 761
1646170 761
1646180 761
1646190 760
1646200 760
1646210 766
1646220 770
1646230 770
1646240 775
1646250 780
1646260 785
1646270 785
1646280 789
1646290 793
1646300 793
1646310 797
1646320 801
1646330 801
1646340 805
1646350 808
1646360 808
1646370 811
1646380 814
1646390 814
1646400 817
1646410 820
1646420 820
1646430 822
1646440 825
1646450 827
1646460 827
1646470 829
1646480 832
1646490 832
1646500 834
1646510 836
1646520 836
1646530 838
1646540 840
1646550 840
1646560 842
1646570 844
1646580 844
1646590 845
1646600 847
1646610 847
1646620 848
1646630 849
1646640 850
1646650 850
1646660 851
1646670 852
1646680 852
1646690 852
1646700 853
1646710 853
1646720 853
1646730 854
1646740 854
1646750 854
1646760 854
1646770 854
1646780 855
1646790 855
1646800 855
1646810 856
1646820 857
1646830 858
1646840 858
1646850 858
1646860 859
1646870 859
1646880 859
1646890 859
1646900 859
1646910 858
1646920 858
1646930 858
1646940 858
1646950 858
1646960 861
1646970 860
1646980 859
1646990 859
1647000 858
1647010 856
1647020 855
1647030 855
1647040 855
1647050 855
1647060 855
1647070 856
1647080 856
1647090 856
1647100 855
1647110 854
1647120 854
1647130 852
1647140 850
1647150 850
1647160 848
1647170 846
1647180 846
1647190 844
1647200 843
1647210 842
1647220 842
1647230 842
1647240 841
1647250 841
1647260 841
1647270 840
1647280 840
1647290 838
1647300 836
1647310 836
1647320 835
1647330 834
1647340 834
1647350 834
1647360 835
1647370 835
1647380 836
1647390 837
1647400 839
1647410 839
1647420 842
1647430 845
1647440 845
1647450 848
1647460 851
1647470 851
1647480 854
1647490 856
1647500 856
1647510 859
1647520 861
1647530 861
1647540 862
1647550 864
1647560 864
1647570 866
1647580 867
1647590 868
1647600 868
1647610 869
1647620 869
1647630 869
1647640 870
1647650 870
1647660 870
1647670 870
1647680 871
1647690 871
1647700 871
1647710 871
1647720 871
1647730 871
1647740 873
1647750 873
1647760 873
1647770 872
1647780 872
1647790 872
1647800 871
1647810 870
1647820 870
1647830 868
1647840 866
1647850 866
1647860 864
1647870 862
1647880 862
1647890 859
1647900 856
1647910 856
1647920 854
1647930 851
1647940 851
1647950 847
1647960 844
1647970 840
1647980 840
1647990 835
1648000 829
1648010 829
1648020 823
1648030 818
1648040 818
1648050 816
1648060 818
1648070 818
1648080 821
1648090 824
1648100 824
1648110 827
1648120 830
1648130 830
1648140 833
1648150 836
1648160 838
1648170 838
1648180 841
1648190 843
1648200 843
1648210 845
1648220 847
1648230 847
1648240 849
1648250 850
1648260 850
1648270 852
1648280 853
1648290 853
1648300 854
1648310 856
1648320 856
1648330 857
1648340 858
1648350 860
1648360 860
1648370 861
1648380 862
1648390 862
1648400 863
1648410 864
1648420 864
1648430 865
1648440 866
1648450 866
1648460 867
1648470 868
1648480 868
1648490 869
1648500 870
1648510 871
1648520 872
1648530 873
1648540 873
1648550 873
1648560 873
1648570 873
1648580 873
1648590 874
1648600 874
1648610 874
1648620 874
1648630 874
1648640 874
1648650 875
1648660 875
1648670 875
1648680 875
1648690 875
1648700 875
1648710 876
1648720 876
1648730 876
1648740 876
1648750 876
1648760 875
1648770 875
1648780 875
1648790 875
1648800 875
1648810 875
1648820 874
1648830 874
1648840 874
1648850 873
1648860 873
1648870 873
1648880 873
1648890 873
1648900 872
1648910 872
1648920 871
1648930 871
1648940 871
1648950 871
1648960 871
1648970 870
1648980 870
1648990 870
1649000 870
1649010 869
1649020 869
1649030 869
1649040 869
1649050 869
1649060 868
1649070 868
1649080 868
1649090 868
1649100 868
1649110 868
1649120 867
1649130 867
1649140 867
1649150 867
1649160 866
1649170 866
1649180 866
1649190 866
1649200 865
1649210 865
1649220 865
1649230 865
1649240 865
1649250 864
1649260 864
1649270 864
1649280 863
1649290 863
1649300 863
1649310 863
1649320 863
1649330 863
1649340 863
1649350 863
1649360 863
1649370 863
1649380 863
1649390 864
1649400 864
1649410 864
1649420 865
1649430 865
1649440 866
1649450 866
1649460 866
1649470 867
1649480 868
1649490 868
1649500 869
1649510 870
1649520 871
1649530 871
1649540 872
1649550 873
1649560 873
1649570 875
1649580 876
1649590 876
1649600 877
1649610 879
1649620 879
1649630 880
1649640 882
1649650 882
1649660 883
1649670 885
1649680 885
1649690 886
1649700 888
1649710 890
1649720 890
1649730 891
1649740 892
1649750 892
1649760 894
1649770 895
1649780 895
1649790 896
1649800 897
1649810 897
1649820 897
1649830 898
1649840 898
1649850 898
1649860 899
1649870 899
1649880 899
1649890 899
1649900 899
1649910 899
1649920 899
1649930 898
1649940 898
1649950 897
1649960 896
1649970 896
1649980 894
1649990 893
1650000 893
1650010 893
1650020 892
1650030 892
1650040 891
1650050 890
1650060 890
1650070 888
1650080 887
1650090 886
1650100 886
1650110 885
1650120 884
1650130 884
1650140 882
1650150 881
1650160 881
1650170 879
1650180 877
1650190 877
1650200 875
1650210 873
1650220 873
1650230 872
1650240 871
1650250 871
1650260 871
1650270 870
1650280 869
1650290 869
1650300 868
1650310 868
1650320 868
1650330 868
1650340 868
1650350 868
1650360 869
1650370 869
1650380 869
1650390 870
1650400 870
1650410 870
1650420 870
1650430 870
1650440 870
1650450 870
1650460 870
1650470 870
1650480 870
1650490 870
1650500 870
1650510 870
1650520 870
1650530 869
1650540 869
1650550 869
1650560 869
1650570 869
1650580 869
1650590 868
1650600 868
1650610 868
1650620 867
1650630 867
1650640 867
1650650 867
1650660 866
1650670 866
1650680 866
1650690 865
1650700 865
1650710 865
1650720 864
1650730 864
1650740 863
1650750 863
1650760 863
1650770 862
1650780 862
1650790 862
1650800 861
1650810 859
1650820 859
1650830 858
1650840 857
1650850 857
1650860 857
1650870 856
1650880 855
1650890 855
1650900 854
1650910 853
1650920 853
1650930 852
1650940 851
1650950 851
1650960 850
1650970 849
1650980 849
1650990 848
1651000 847
1651010 847
1651020 846
1651030 845
1651040 844
1651050 844
1651060 843
1651070 842
1651080 842
1651090 841
1651100 840
1651110 840
1651120 840
1651130 840
1651140 840
1651150 840
1651160 839
1651170 839
1651180 839
1651190 839
1651200 839
1651210 839
1651220 839
1651230 839
1651240 839
1651250 840
1651260 840
1651270 840
1651280 841
1651290 841
1651300 841
1651310 842
1651320 842
1651330 842
1651340 843
1651350 843
1651360 843
1651370 843
1651380 843
1651390 843
1651400 842
1651410 842
1651420 841
1651430 841
1651440 840
1651450 839
1651460 839
1651470 838
1651480 837
1651490 837
1651500 836
1651510 835
1651520 835
1651530 834
1651540 833
1651550 833
1651560 832
1651570 828
1651580 828
1651590 827
1651600 826
1651610 825
1651620 825
1651630 823
1651640 822
1651650 822
1651660 819
1651670 817
1651680 817
1651690 815
1651700 812
1651710 812
1651720 810
1651730 808
1651740 808
1651750 805
1651760 803
1651770 803
1651780 799
1651790 796
1651800 793
1651810 793
1651820 789
1651830 785
1651840 785
1651850 781
1651860 777
1651870 777
1651880 773
1651890 769
1651900 769
1651910 764
1651920 760
1651930 760
1651940 756
1651950 751
1651960 751
1651970 747
1651980 743
1651990 738
1652000 738
1652010 734
1652020 728
1652030 728
1652040 722
1652050 716
1652060 716
1652070 711
1652080 705
1652090 705
1652100 699
1652110 694
1652120 694
1652130 689
1652140 684
1652150 684
1652160 680
1652170 675
1652180 671
1652190 671
1652200 667
1652210 663
1652220 663
1652230 660
1652240 656
1652250 656
1652260 653
1652270 648
1652280 648
1652290 642
1652300 636
1652310 636
1652320 629
1652330 620
1652340 620
1652350 614
1652360 610
1652370 610
1652380 605
1652390 601
1652400 597
1652410 597
1652420 592
1652430 589
1652440 589
1652450 591
1652460 593
1652470 593
1652480 597
1652490 604
1652500 604
1652510 610
1652520 617
1652530 617
1652540 624
1652550 631
1652560 631
1652570 639
1652580 646
1652590 653
1652600 653
1652610 660
1652620 667
1652630 667
1652640 673
1652650 679
1652660 679
1652670 685
1652680 690
1652690 690
1652700 695
1652710 700
1652720 700
1652730 704
1652740 709
1652750 709
1652760 713
1652770 718
1652780 722
1652790 722
1652800 727
1652810 732
1652820 732
1652830 737
1652840 743
1652850 743
1652860 748
1652870 753
1652880 753
1652890 758
1652900 763
1652910 763
1652920 768
1652930 773
1652940 773
1652950 778
1652960 783
1652970 787
1652980 787
1652990 791
1653000 795
1653010 795
1653020 800
1653030 804
1653040 804
1653050 809
1653060 815
1653070 815
1653080 819
1653090 825
1653100 825
1653110 831
1653120 836
1653130 836
1653140 841
1653150 846
1653160 851
1653170 851
1653180 856
1653190 861
1653200 861
1653210 867
1653220 873
1653230 873
1653240 879
1653250 885
1653260 885
1653270 891
1653280 897
1653290 897
1653300 902
1653310 906
1653320 906
1653330 909
1653340 912
1653350 914
1653360 914
1653370 917
1653380 918
1653390 918
1653400 920
1653410 921
1653420 921
1653430 922
1653440 923
1653450 923
1653460 925
1653470 926
1653480 926
1653490 927
1653500 928
1653510 928
1653520 928
1653530 929
1653540 930
1653550 930
1653560 930
1653570 930
1653580 930
1653590 930
1653600 929
1653610 929
1653620 929
1653630 928
1653640 928
1653650 927
1653660 926
1653670 926
1653680 926
1653690 925
1653700 925
1653710 926
1653720 926
1653730 926
1653740 926
1653750 926
1653760 927
1653770 927
1653780 927
1653790 927
1653800 927
1653810 926
1653820 926
1653830 922
1653840 921
1653850 920
1653860 920
1653870 919
1653880 918
1653890 918
1653900 917
1653910 917
1653920 917
1653930 917
1653940 918
1653950 918
1653960 918
1653970 919
1653980 919
1653990 919
1654000 920
1654010 920
1654020 920
1654030 921
1654040 921
1654050 921
1654060 922
1654070 923
1654080 923
1654090 924
1654100 924
1654110 925
1654120 925
1654130 926
1654140 927
1654150 927
1654160 928
1654170 928
1654180 928
1654190 929
1654200 930
1654210 930
1654220 931
1654230 932
1654240 932
1654250 933
1654260 934
1654270 934
1654280 935
1654290 936
1654300 936
1654310 936
1654320 937
1654330 937
1654340 937
1654350 937
1654360 937
1654370 937
1654380 937
1654390 938
1654400 938
1654410 938
1654420 939
1654430 939
1654440 939
1654450 939
1654460 939
1654470 940
1654480 940
1654490 941
1654500 941
1654510 943
1654520 944
1654530 944
1654540 946
1654550 947
1654560 947
1654570 948
1654580 949
1654590 949
1654600 951
1654610 952
1654620 952
1654630 953
1654640 954
1654650 954
1654660 955
1654670 956
1654680 958
1654690 958
1654700 959
1654710 960
1654720 960
1654730 961
1654740 963
1654750 963
1654760 963
1654770 964
1654780 964
1654790 964
1654800 965
1654810 965
1654820 965
1654830 965
1654840 965
1654850 964
1654860 964
1654870 964
1654880 964
1654890 965
1654900 966
1654910 966
1654920 967
1654930 969
1654940 969
1654950 970
1654960 972
1654970 972
1654980 973
1654990 975
1655000 975
1655010 976
1655020 978
1655030 978
1655040 979
1655050 981
1655060 982
1655070 982
1655080 984
1655090 985
1655100 985
1655110 986
1655120 988
1655130 988
1655140 990
1655150 992
1655160 992
1655170 994
1655180 996
1655190 996
1655200 998
1655210 1001
1655220 1001
1655230 1003
1655240 1005
1655250 1006
1655260 1006
1655270 1007
1655280 1008
1655290 1008
1655300 1010
1655310 1009
1655320 1009
1655330 1010
1655340 1012
1655350 1012
1655360 1013
1655370 1014
1655380 1014
1655390 1016
1655400 1017
1655410 1017
1655420 1019
1655430 1020
1655440 1022
1655450 1022
1655460 1024
1655470 1025
1655480 1025
1655490 1027
1655500 1029
1655510 1029
1655520 1031
1655530 1033
1655540 1033
1655550 1035
1655560 1037
1655570 1037
1655580 1039
1655590 1041
1655600 1041
1655610 1043
1655620 1045
1655630 1045
1655640 1046
1655650 1048
1655660 1049
1655670 1049
1655680 1050
1655690 1052
1655700 1052
1655710 1053
1655720 1055
1655730 1055
1655740 1057
1655750 1058
1655760 1058
1655770 1060
1655780 1062
1655790 1062
1655800 1063
1655810 1065
1655820 1065
1655830 1067
1655840 1069
1655850 1070
1655860 1070
1655870 1072
1655880 1075
1655890 1075
1655900 1077
1655910 1079
1655920 1079
1655930 1081
1655940 1083
1655950 1083
1655960 1085
1655970 1086
1655980 1086
1655990 1088
1656000 1090
1656010 1090
1656020 1092
1656030 1094
1656040 1097
1656050 1097
1656060 1099
1656070 1101
1656080 1101
1656090 1104
1656100 1105
1656110 1105
1656120 1107
1656130 1109
1656140 1109
1656150 1111
1656160 1112
1656170 1112
1656180 1114
1656190 1115
1656200 1115
1656210 1116
1656220 1118
1656230 1119
1656240 1119
1656250 1120
1656260 1121
1656270 1121
1656280 1122
1656290 1123
1656300 1123
1656310 1123
1656320 1123
1656330 1123
1656340 1123
1656350 1123
1656360 1123
1656370 1122
1656380 1122
1656390 1122
1656400 1122
1656410 1122
1656420 1121
1656430 1121
1656440 1121
1656450 1121
1656460 1121
1656470 1121
1656480 1121
1656490 1121
1656500 1122
1656510 1122
1656520 1122
1656530 1122
1656540 1122
1656550 1122
1656560 1122
1656570 1122
1656580 1122
1656590 1122
1656600 1122
1656610 1122
1656620 1122
1656630 1123
1656640 1125
1656650 1125
1656660 1127
1656670 1129
1656680 1129
1656690 1132
1656700 1134
1656710 1134
1656720 1136
1656730 1138
1656740 1138
1656750 1139
1656760 1140
1656770 1140
1656780 1141
1656790 1140
1656800 1140
1656810 1140
1656820 1140
1656830 1139
1656840 1139
1656850 1139
1656860 1138
1656870 1138
1656880 1138
1656890 1138
1656900 1138
1656910 1138
1656920 1138
1656930 1138
1656940 1138
1656950 1138
1656960 1138
1656970 1139
1656980 1140
1656990 1140
1657000 1140
1657010 1141
1657020 1142
1657030 1142
1657040 1142
1657050 1143
1657060 1143
1657070 1143
1657080 1144
1657090 1144
1657100 1144
1657110 1145
1657120 1145
1657130 1145
1657140 1145
1657150 1145
1657160 1146
1657170 1147
1657180 1147
1657190 1147
1657200 1148
1657210 1149
1657220 1149
1657230 1149
1657240 1149
1657250 1149
1657260 1150
1657270 1150
1657280 1150
1657290 1150
1657300 1150
1657310 1150
1657320 1149
1657330 1149
1657340 1149
1657350 1149
1657360 1148
1657370 1148
1657380 1148
1657390 1147
1657400 1147
1657410 1147
1657420 1147
1657430 1147
1657440 1147
1657450 1147
1657460 1147
1657470 1147
1657480 1148
1657490 1148
1657500 1148
1657510 1149
1657520 1148
1657530 1148
1657540 1149
1657550 1150
1657560 1151
1657570 1151
1657580 1151
1657590 1150
1657600 1150
1657610 1150
1657620 1149
1657630 1149
1657640 1148
1657650 1147
1657660 1147
1657670 1146
1657680 1146
1657690 1146
1657700 1145
1657710 1145
1657720 1145
1657730 1146
1657740 1146
1657750 1147
1657760 1147
1657770 1148
1657780 1149
1657790 1149
1657800 1150
1657810 1151
1657820 1151
1657830 1153
1657840 1155
1657850 1155
1657860 1156
1657870 1158
1657880 1158
1657890 1159
1657900 1161
1657910 1161
1657920 1162
1657930 1164
1657940 1164
1657950 1164
1657960 1165
1657970 1166
1657980 1166
1657990 1166
1658000 1167
1658010 1167
1658020 1167
1658030 1167
1658040 1167
1658050 1168
1658060 1168
1658070 1168
1658080 1168
1658090 1169
1658100 1169
1658110 1169
1658120 1170
1658130 1171
1658140 1171
1658150 1172
1658160 1173
1658170 1173
1658180 1174
1658190 1175
1658200 1175
1658210 1176
1658220 1177
1658230 1177
1658240 1178
1658250 1178
1658260 1178
1658270 1179
1658280 1180
1658290 1180
1658300 1181
1658310 1182
1658320 1184
1658330 1184
1658340 1186
1658350 1187
1658360 1187
1658370 1189
1658380 1191
1658390 1191
1658400 1192
1658410 1194
1658420 1194
1658430 1195
1658440 1196
1658450 1196
1658460 1198
1658470 1199
1658480 1199
1658490 1200
1658500 1201
1658510 1202
1658520 1202
1658530 1204
1658540 1206
1658550 1206
1658560 1207
1658570 1209
1658580 1209
1658590 1210
1658600 1211
1658610 1211
1658620 1211
1658630 1211
1658640 1211
1658650 1211
1658660 1210
1658670 1210
1658680 1209
1658690 1208
1658700 1208
1658710 1207
1658720 1206
1658730 1206
1658740 1206
1658750 1205
1658760 1205
1658770 1205
1658780 1205
1658790 1205
1658800 1205
1658810 1205
1658820 1205
1658830 1205
1658840 1206
1658850 1206
1658860 1206
1658870 1207
1658880 1207
1658890 1207
1658900 1208
1658910 1208
1658920 1209
1658930 1209
1658940 1210
1658950 1210
1658960 1210
1658970 1210
1658980 1209
1658990 1209
1659000 1209
1659010 1208
1659020 1208
1659030 1207
1659040 1206
1659050 1206
1659060 1204
1659070 1202
1659080 1202
1659090 1200
1659100 1198
1659110 1195
1659120 1195
1659130 1192
1659140 1190
1659150 1190
1659160 1187
1659170 1184
1659180 1184
1659190 1182
1659200 1179
1659210 1179
1659220 1177
1659230 1174
1659240 1174
1659250 1172
1659260 1170
1659270 1170
1659280 1168
1659290 1166
1659300 1164
1659310 1164
1659320 1162
1659330 1160
1659340 1160
1659350 1158
1659360 1156
1659370 1156
1659380 1154
1659390 1153
1659400 1153
1659410 1151
1659420 1148
1659430 1148
1659440 1146
1659450 1145
1659460 1145
1659470 1143
1659480 1141
1659490 1139
1659500 1139
1659510 1136
1659520 1132
1659530 1132
1659540 1129
1659550 1126
1659560 1126
1659570 1124
1659580 1121
1659590 1121
1659600 1119
1659610 1117
1659620 1117
1659630 1115
1659640 1113
1659650 1113
1659660 1111
1659670 1108
1659680 1106
1659690 1106
1659700 1100
1659710 1097
1659720 1097
1659730 1093
1659740 1089
1659750 1089
1659760 1085
1659770 1083
1659780 1083
1659790 1080
1659800 1078
1659810 1078
1659820 1076
1659830 1074
1659840 1074
1659850 1072
1659860 1071
1659870 1069
1659880 1069
1659890 1067
1659900 1065
1659910 1065
1659920 1063
1659930 1060
1659940 1060
1659950 1058
1659960 1056
1659970 1056
1659980 1055
1659990 1053
