1640000 1275
1640010 1276
1640020 1276
1640030 1277
1640040 1278
1640050 1278
1640060 1280
1640070 1280
1640080 1280
1640090 1280
1640100 1279
1640110 1279
1640120 1277
1640130 1275
1640140 1269
1640150 1269
1640160 1264
1640170 1258
1640180 1258
1640190 1254
1640200 1248
1640210 1248
1640220 1242
1640230 1237
1640240 1237
1640250 1232
1640260 1227
1640270 1227
1640280 1222
1640290 1218
1640300 1218
1640310 1213
1640320 1208
1640330 1203
1640340 1203
1640350 1198
1640360 1194
1640370 1194
1640380 1189
1640390 1185
1640400 1185
1640410 1181
1640420 1177
1640430 1177
1640440 1173
1640450 1169
1640460 1169
1640470 1165
1640480 1162
1640490 1162
1640500 1159
1640510 1155
1640520 1152
1640530 1152
1640540 1149
1640550 1147
1640560 1147
1640570 1147
1640580 1146
1640590 1146
1640600 1146
1640610 1146
1640620 1146
1640630 1148
1640640 1151
1640650 1151
1640660 1155
1640670 1159
1640680 1159
1640690 1164
1640700 1169
1640710 1173
1640720 1173
1640730 1178
1640740 1181
1640750 1181
1640760 1185
1640770 1188
1640780 1188
1640790 1191
1640800 1193
1640810 1193
1640820 1196
1640830 1198
1640840 1198
1640850 1201
1640860 1204
1640870 1204
1640880 1208
1640890 1213
1640900 1217
1640910 1217
1640920 1221
1640930 1223
1640940 1223
1640950 1225
1640960 1226
1640970 1226
1640980 1226
1640990 1226
1641000 1226
1641010 1226
1641020 1226
1641030 1226
1641040 1226
1641050 1226
1641060 1226
1641070 1225
1641080 1224
1641090 1222
1641100 1222
1641110 1221
1641120 1223
1641130 1223
1641140 1227
1641150 1230
1641160 1230
1641170 1235
1641180 1240
1641190 1240
1641200 1245
1641210 1249
1641220 1249
1641230 1252
1641240 1254
1641250 1254
1641260 1256
1641270 1258
1641280 1261
1641290 1261
1641300 1263
1641310 1266
1641320 1266
1641330 1268
1641340 1271
1641350 1271
1641360 1273
1641370 1276
1641380 1276
1641390 1278
1641400 1281
1641410 1281
1641420 1283
1641430 1285
1641440 1285
1641450 1287
1641460 1288
1641470 1289
1641480 1289
1641490 1289
1641500 1289
1641510 1289
1641520 1289
1641530 1289
1641540 1289
1641550 1289
1641560 1289
1641570 1289
1641580 1289
1641590 1290
1641600 1290
1641610 1291
1641620 1293
1641630 1293
1641640 1295
1641650 1296
1641660 1296
1641670 1296
1641680 1296
1641690 1295
1641700 1295
1641710 1293
1641720 1291
1641730 1291
1641740 1288
1641750 1289
1641760 1289
1641770 1286
1641780 1284
1641790 1284
1641800 1281
1641810 1279
1641820 1279
1641830 1276
1641840 1273
1641850 1273
1641860 1270
1641870 1267
1641880 1264
1641890 1264
1641900 1262
1641910 1260
1641920 1260
1641930 1258
1641940 1257
1641950 1257
1641960 1256
1641970 1255
1641980 1255
1641990 1255
1642000 1255
1642010 1255
1642020 1256
1642030 1258
1642040 1258
1642050 1260
1642060 1261
1642070 1262
1642080 1262
1642090 1264
1642100 1266
1642110 1266
1642120 1266
1642130 1266
1642140 1266
1642150 1265
1642160 1263
1642170 1263
1642180 1261
1642190 1258
1642200 1258
1642210 1253
1642220 1249
1642230 1249
1642240 1246
1642250 1243
1642260 1240
1642270 1240
1642280 1236
1642290 1233
1642300 1233
1642310 1231
1642320 1228
1642330 1228
1642340 1225
1642350 1222
1642360 1222
1642370 1218
1642380 1214
1642390 1214
1642400 1210
1642410 1205
1642420 1205
1642430 1200
1642440 1195
1642450 1190
1642460 1190
1642470 1184
1642480 1179
1642490 1179
1642500 1174
1642510 1169
1642520 1169
1642530 1164
1642540 1159
1642550 1156
1642560 1151
1642570 1145
1642580 1145
1642590 1139
1642600 1132
1642610 1132
1642620 1126
1642630 1119
1642640 1111
1642650 1111
1642660 1104
1642670 1095
1642680 1095
1642690 1086
1642700 1077
1642710 1077
1642720 1070
1642730 1063
1642740 1063
1642750 1056
1642760 1049
1642770 1049
1642780 1043
1642790 1038
1642800 1038
1642810 1035
1642820 1036
1642830 1039
1642840 1039
1642850 1041
1642860 1042
1642870 1042
1642880 1042
1642890 1041
1642900 1041
1642910 1039
1642920 1037
1642930 1037
1642940 1035
1642950 1032
1642960 1032
1642970 1028
1642980 1025
1642990 1025
1643000 1021
1643010 1018
1643020 1017
1643030 1017
1643040 1016
1643050 1016
1643060 1016
1643070 1015
1643080 1015
1643090 1015
1643100 1014
1643110 1013
1643120 1013
1643130 1011
1643140 1010
1643150 1010
1643160 1008
1643170 1005
1643180 1005
1643190 1003
1643200 1000
1643210 999
1643220 999
1643230 998
1643240 999
1643250 999
1643260 1001
1643270 1001
1643280 1001
1643290 1002
1643300 1004
1643310 1004
1643320 1006
1643330 1007
1643340 1007
1643350 1015
1643360 1017
1643370 1017
1643380 1019
1643390 1020
1643400 1020
1643410 1021
1643420 1022
1643430 1022
1643440 1022
1643450 1023
1643460 1023
1643470 1023
1643480 1024
1643490 1024
1643500 1024
1643510 1025
1643520 1026
1643530 1026
1643540 1027
1643550 1028
1643560 1028
1643570 1029
1643580 1030
1643590 1030
1643600 1032
1643610 1035
1643620 1037
1643630 1037
1643640 1040
1643650 1043
1643660 1043
1643670 1046
1643680 1049
1643690 1049
1643700 1052
1643710 1054
1643720 1054
1643730 1056
1643740 1057
1643750 1057
1643760 1057
1643770 1056
1643780 1056
1643790 1054
1643800 1051
1643810 1047
1643820 1047
1643830 1043
1643840 1038
1643850 1038
1643860 1034
1643870 1030
1643880 1030
1643890 1030
1643900 1031
1643910 1031
1643920 1033
1643930 1036
1643940 1036
1643950 1038
1643960 1040
1643970 1040
1643980 1042
1643990 1043
1644000 1044
1644010 1044
1644020 1046
1644030 1047
1644040 1047
1644050 1048
1644060 1050
1644070 1050
1644080 1051
1644090 1053
1644100 1053
1644110 1054
1644120 1054
1644130 1054
1644140 1057
1644150 1056
1644160 1056
1644170 1054
1644180 1052
1644190 1049
1644200 1049
1644210 1047
1644220 1044
1644230 1044
1644240 1042
1644250 1039
1644260 1039
1644270 1036
1644280 1032
1644290 1032
1644300 1028
1644310 1025
1644320 1025
1644330 1023
1644340 1024
1644350 1024
1644360 1025
1644370 1028
1644380 1030
1644390 1030
1644400 1030
1644410 1030
1644420 1030
1644430 1029
1644440 1027
1644450 1027
1644460 1025
1644470 1023
1644480 1023
1644490 1021
1644500 1020
1644510 1020
1644520 1020
1644530 1020
1644540 1020
1644550 1020
1644560 1020
1644570 1021
1644580 1021
1644590 1023
1644600 1024
1644610 1024
1644620 1025
1644630 1027
1644640 1027
1644650 1029
1644660 1030
1644670 1030
1644680 1031
1644690 1032
1644700 1032
1644710 1033
1644720 1033
1644730 1033
1644740 1032
1644750 1031
1644760 1028
1644770 1028
1644780 1026
1644790 1023
1644800 1023
1644810 1020
1644820 1017
1644830 1017
1644840 1014
1644850 1011
1644860 1011
1644870 1010
1644880 1009
1644890 1009
1644900 1010
1644910 1010
1644920 1010
1644930 1016
1644940 1015
1644950 1015
1644960 1015
1644970 1014
1644980 1013
1644990 1013
1645000 1011
1645010 1009
1645020 1009
1645030 1007
1645040 1004
1645050 1004
1645060 1002
1645070 999
1645080 999
1645090 997
1645100 997
1645110 997
1645120 998
1645130 1000
1645140 1000
1645150 1003
1645160 1006
1645170 1007
1645180 1007
1645190 1009
1645200 1009
1645210 1009
1645220 1010
1645230 1009
1645240 1009
1645250 1009
1645260 1009
1645270 1009
1645280 1009
1645290 1008
1645300 1008
1645310 1008
1645320 1007
1645330 1007
1645340 1008
1645350 1008
1645360 1009
1645370 1009
1645380 1011
1645390 1013
1645400 1013
1645410 1015
1645420 1017
1645430 1017
1645440 1019
1645450 1021
1645460 1021
1645470 1023
1645480 1025
1645490 1025
1645500 1027
1645510 1029
1645520 1029
1645530 1031
1645540 1033
1645550 1035
1645560 1035
1645570 1038
1645580 1040
1645590 1040
1645600 1042
1645610 1045
1645620 1045
1645630 1047
1645640 1050
1645650 1050
1645660 1052
1645670 1055
1645680 1055
1645690 1057
1645700 1060
1645710 1060
1645720 1064
1645730 1066
1645740 1068
1645750 1068
1645760 1070
1645770 1072
1645780 1072
1645790 1074
1645800 1076
1645810 1076
1645820 1078
1645830 1080
1645840 1080
1645850 1081
1645860 1083
1645870 1083
1645880 1084
1645890 1086
1645900 1086
1645910 1087
1645920 1089
1645930 1090
1645940 1090
1645950 1091
1645960 1092
1645970 1092
1645980 1093
1645990 1092
1646000 1092
1646010 1091
1646020 1090
1646030 1090
1646040 1089
1646050 1087
1646060 1087
1646070 1086
1646080 1084
1646090 1084
1646100 1083
1646110 1081
1646120 1079
1646130 1079
1646140 1077
1646150 1075
1646160 1075
1646170 1073
1646180 1071
1646190 1071
1646200 1068
1646210 1065
1646220 1065
1646230 1061
1646240 1058
1646250 1058
1646260 1055
1646270 1052
1646280 1052
1646290 1049
1646300 1045
1646310 1042
1646320 1042
1646330 1039
1646340 1036
1646350 1036
1646360 1033
1646370 1030
1646380 1030
1646390 1026
1646400 1023
1646410 1023
1646420 1019
1646430 1015
1646440 1015
1646450 1013
1646460 1010
1646470 1010
1646480 1007
1646490 1005
1646500 1001
1646510 1001
1646520 998
1646530 995
1646540 995
1646550 992
1646560 989
1646570 989
1646580 986
1646590 983
1646600 983
1646610 981
1646620 978
1646630 978
1646640 975
1646650 973
1646660 973
1646670 970
1646680 968
1646690 968
1646700 965
1646710 963
1646720 962
1646730 962
1646740 960
1646750 958
1646760 958
1646770 955
1646780 953
1646790 953
1646800 950
1646810 948
1646820 948
1646830 945
1646840 943
1646850 943
1646860 942
1646870 940
1646880 940
1646890 940
1646900 939
1646910 938
1646920 938
1646930 938
1646940 937
1646950 937
1646960 937
1646970 936
1646980 936
1646990 936
1647000 936
1647010 936
1647020 935
1647030 932
1647040 932
1647050 929
1647060 927
1647070 927
1647080 925
1647090 923
1647100 920
1647110 920
1647120 918
1647130 915
1647140 915
1647150 913
1647160 910
1647170 910
1647180 908
1647190 905
1647200 905
1647210 902
1647220 899
1647230 899
1647240 896
1647250 894
1647260 894
1647270 892
1647280 895
1647290 894
1647300 894
1647310 893
1647320 891
1647330 891
1647340 888
1647350 886
1647360 886
1647370 883
1647380 880
1647390 880
1647400 877
1647410 874
1647420 874
1647430 871
1647440 868
1647450 868
1647460 866
1647470 864
1647480 862
1647490 862
1647500 860
1647510 858
1647520 858
1647530 856
1647540 854
1647550 854
1647560 852
1647570 849
1647580 849
1647590 846
1647600 843
1647610 843
1647620 840
1647630 838
1647640 838
1647650 835
1647660 832
1647670 829
1647680 829
1647690 826
1647700 823
1647710 823
1647720 821
1647730 819
1647740 819
1647750 816
1647760 813
1647770 813
1647780 811
1647790 808
1647800 808
1647810 806
1647820 805
1647830 805
1647840 804
1647850 804
1647860 803
1647870 803
1647880 802
1647890 801
1647900 801
1647910 800
1647920 799
1647930 799
1647940 797
1647950 796
1647960 796
1647970 794
1647980 792
1647990 792
1648000 791
1648010 791
1648020 791
1648030 793
1648040 795
1648050 799
1648060 798
1648070 800
1648080 803
1648090 803
1648100 805
1648110 806
1648120 806
1648130 808
1648140 810
1648150 810
1648160 812
1648170 813
1648180 813
1648190 816
1648200 818
1648210 818
1648220 821
1648230 824
1648240 824
1648250 827
1648260 829
1648270 833
1648280 833
1648290 836
1648300 841
1648310 841
1648320 846
1648330 851
1648340 851
1648350 857
1648360 863
1648370 863
1648380 868
1648390 871
1648400 871
1648410 872
1648420 871
1648430 871
1648440 870
1648450 868
1648460 866
1648470 866
1648480 865
1648490 864
1648500 864
1648510 863
1648520 862
1648530 862
1648540 860
1648550 859
1648560 859
1648570 857
1648580 856
1648590 856
1648600 855
1648610 854
1648620 854
1648630 852
1648640 852
1648650 851
1648660 851
1648670 850
1648680 849
1648690 849
1648700 848
1648710 848
1648720 848
1648730 847
1648740 847
1648750 847
1648760 846
1648770 846
1648780 846
1648790 845
1648800 845
1648810 845
1648820 844
1648830 840
1648840 839
1648850 839
1648860 839
1648870 839
1648880 839
1648890 838
1648900 838
1648910 838
1648920 838
1648930 838
1648940 838
1648950 838
1648960 837
1648970 837
1648980 837
1648990 837
1649000 837
1649010 837
1649020 837
1649030 836
1649040 836
1649050 836
1649060 835
1649070 835
1649080 835
1649090 835
1649100 835
1649110 835
1649120 835
1649130 835
1649140 835
1649150 836
1649160 836
1649170 836
1649180 837
1649190 837
1649200 837
1649210 837
1649220 837
1649230 837
1649240 837
1649250 837
1649260 837
1649270 836
1649280 836
1649290 836
1649300 837
1649310 836
1649320 836
1649330 835
1649340 834
1649350 834
1649360 832
1649370 830
1649380 830
1649390 828
1649400 826
1649410 824
1649420 824
1649430 822
1649440 820
1649450 820
1649460 817
1649470 815
1649480 815
1649490 813
1649500 811
1649510 811
1649520 809
1649530 806
1649540 806
1649550 804
1649560 802
1649570 802
1649580 800
1649590 798
1649600 794
1649610 794
1649620 793
1649630 792
1649640 792
1649650 790
1649660 788
1649670 788
1649680 785
1649690 783
1649700 783
1649710 782
1649720 781
1649730 781
1649740 780
1649750 778
1649760 778
1649770 777
1649780 776
1649790 774
1649800 774
1649810 772
1649820 771
1649830 771
1649840 769
1649850 768
1649860 768
1649870 768
1649880 768
1649890 768
1649900 769
1649910 771
1649920 771
1649930 773
1649940 776
1649950 776
1649960 778
1649970 780
1649980 780
1649990 782
1650000 784
1650010 786
1650020 786
1650030 788
1650040 788
1650050 788
1650060 789
1650070 789
1650080 789
1650090 789
1650100 789
1650110 789
1650120 789
1650130 788
1650140 788
1650150 788
1650160 788
1650170 788
1650180 788
1650190 787
1650200 787
1650210 787
1650220 786
1650230 786
1650240 786
1650250 785
1650260 784
1650270 784
1650280 784
1650290 783
1650300 783
1650310 782
1650320 781
1650330 781
1650340 780
1650350 778
1650360 779
1650370 777
1650380 776
1650390 775
1650400 775
1650410 774
1650420 772
1650430 772
1650440 771
1650450 770
1650460 770
1650470 769
1650480 767
1650490 767
1650500 767
1650510 766
1650520 766
1650530 765
1650540 765
1650550 765
1650560 766
1650570 767
1650580 767
1650590 767
1650600 768
1650610 768
1650620 768
1650630 767
1650640 767
1650650 767
1650660 767
1650670 767
1650680 767
1650690 767
1650700 767
1650710 767
1650720 766
1650730 766
1650740 766
1650750 766
1650760 765
1650770 765
1650780 765
1650790 764
1650800 762
1650810 762
1650820 760
1650830 757
1650840 757
1650850 752
1650860 745
1650870 745
1650880 739
1650890 734
1650900 734
1650910 732
1650920 730
1650930 730
1650940 727
1650950 723
1650960 719
1650970 719
1650980 715
1650990 712
1651000 712
1651010 708
1651020 705
1651030 705
1651040 703
1651050 700
1651060 700
1651070 697
1651080 694
1651090 694
1651100 692
1651110 691
1651120 688
1651130 687
1651140 686
1651150 685
1651160 685
1651170 685
1651180 684
1651190 684
1651200 683
1651210 682
1651220 682
1651230 680
1651240 677
1651250 677
1651260 673
1651270 667
1651280 667
1651290 661
1651300 655
1651310 655
1651320 647
1651330 640
1651340 633
1651350 633
1651360 626
1651370 621
1651380 621
1651390 618
1651400 617
1651410 617
1651420 618
1651430 621
1651440 621
1651450 626
1651460 632
1651470 632
1651480 637
1651490 641
1651500 641
1651510 645
1651520 650
1651530 650
1651540 655
1651550 660
1651560 666
1651570 666
1651580 671
1651590 676
1651600 676
1651610 679
1651620 682
1651630 682
1651640 684
1651650 686
1651660 686
1651670 689
1651680 692
1651690 692
1651700 694
1651710 695
1651720 695
1651730 696
1651740 697
1651750 697
1651760 697
1651770 696
1651780 695
1651790 695
1651800 692
1651810 689
1651820 689
1651830 686
1651840 683
1651850 683
1651860 681
1651870 678
1651880 683
1651890 681
1651900 679
1651910 679
1651920 678
1651930 677
1651940 676
1651950 676
1651960 675
1651970 674
1651980 674
1651990 674
1652000 674
1652010 674
1652020 673
1652030 673
1652040 673
1652050 672
1652060 671
1652070 671
1652080 670
1652090 670
1652100 670
1652110 669
1652120 669
1652130 668
1652140 668
1652150 668
1652160 667
1652170 667
1652180 666
1652190 664
1652200 664
1652210 663
1652220 661
1652230 661
1652240 659
1652250 656
1652260 656
1652270 653
1652280 650
1652290 650
1652300 648
1652310 647
1652320 646
1652330 646
1652340 648
1652350 651
1652360 651
1652370 657
1652380 664
1652390 664
1652400 670
1652410 676
1652420 676
1652430 681
1652440 686
1652450 686
1652460 691
1652470 695
1652480 695
1652490 699
1652500 703
1652510 706
1652520 706
1652530 708
1652540 710
1652550 710
1652560 713
1652570 715
1652580 715
1652590 717
1652600 719
1652610 719
1652620 720
1652630 727
1652640 727
1652650 730
1652660 734
1652670 734
1652680 736
1652690 738
1652700 739
1652710 739
1652720 740
1652730 743
1652740 743
1652750 746
1652760 749
1652770 749
1652780 752
1652790 754
1652800 754
1652810 757
1652820 760
1652830 760
1652840 764
1652850 768
1652860 768
1652870 773
1652880 778
1652890 782
1652900 782
1652910 786
1652920 790
1652930 790
1652940 794
1652950 798
1652960 798
1652970 802
1652980 806
1652990 806
1653000 810
1653010 814
1653020 814
1653030 817
1653040 820
1653050 820
1653060 823
1653070 826
1653080 828
1653090 828
1653100 830
1653110 832
1653120 832
1653130 835
1653140 838
1653150 838
1653160 841
1653170 844
1653180 844
1653190 846
1653200 848
1653210 848
1653220 849
1653230 850
1653240 850
1653250 849
1653260 847
1653270 847
1653280 844
1653290 841
1653300 836
1653310 836
1653320 832
1653330 827
1653340 827
1653350 823
1653360 819
1653370 819
1653380 822
1653390 820
1653400 820
1653410 818
1653420 816
1653430 816
1653440 815
1653450 814
1653460 814
1653470 812
1653480 811
1653490 810
1653500 810
1653510 809
1653520 808
1653530 808
1653540 808
1653550 807
1653560 807
1653570 806
1653580 804
1653590 804
1653600 802
1653610 800
1653620 800
1653630 797
1653640 794
1653650 794
1653660 791
1653670 786
1653680 782
1653690 782
1653700 778
1653710 776
1653720 776
1653730 776
1653740 777
1653750 777
1653760 778
1653770 776
1653780 776
1653790 772
1653800 766
1653810 766
1653820 760
1653830 755
1653840 755
1653850 751
1653860 750
1653870 751
1653880 751
1653890 753
1653900 755
1653910 755
1653920 757
1653930 760
1653940 760
1653950 762
1653960 764
1653970 764
1653980 766
1653990 767
1654000 767
1654010 767
1654020 766
1654030 766
1654040 765
1654050 761
1654060 756
1654070 756
1654080 751
1654090 744
1654100 744
1654110 737
1654120 729
1654130 732
1654140 724
1654150 717
1654160 717
1654170 712
1654180 707
1654190 707
1654200 704
1654210 702
1654220 702
1654230 700
1654240 699
1654250 697
1654260 697
1654270 695
1654280 692
1654290 692
1654300 687
1654310 682
1654320 682
1654330 678
1654340 676
1654350 676
1654360 674
1654370 672
1654380 672
1654390 672
1654400 674
1654410 674
1654420 679
1654430 684
1654440 689
1654450 689
1654460 692
1654470 694
1654480 694
1654490 697
1654500 699
1654510 699
1654520 702
1654530 706
1654540 706
1654550 710
1654560 713
1654570 713
1654580 716
1654590 718
1654600 718
1654610 719
1654620 721
1654630 722
1654640 722
1654650 724
1654660 725
1654670 725
1654680 726
1654690 728
1654700 728
1654710 730
1654720 733
1654730 733
1654740 739
1654750 746
1654760 746
1654770 754
1654780 761
1654790 761
1654800 766
1654810 769
1654820 769
1654830 771
1654840 772
1654850 774
1654860 774
1654870 776
1654880 773
1654890 773
1654900 774
1654910 774
1654920 774
1654930 775
1654940 777
1654950 777
1654960 779
1654970 781
1654980 781
1654990 784
1655000 787
1655010 787
1655020 790
1655030 794
1655040 798
1655050 798
1655060 801
1655070 804
1655080 804
1655090 807
1655100 809
1655110 809
1655120 811
1655130 813
1655140 813
1655150 816
1655160 818
1655170 818
1655180 820
1655190 823
1655200 823
1655210 825
1655220 828
1655230 830
1655240 830
1655250 832
1655260 834
1655270 834
1655280 836
1655290 838
1655300 838
1655310 839
1655320 841
1655330 841
1655340 842
1655350 843
1655360 843
1655370 844
1655380 845
1655390 845
1655400 846
1655410 848
1655420 849
1655430 849
1655440 850
1655450 852
1655460 852
1655470 853
1655480 854
1655490 854
1655500 856
1655510 857
1655520 857
1655530 859
1655540 860
1655550 860
1655560 862
1655570 863
1655580 863
1655590 864
1655600 864
1655610 863
1655620 858
1655630 856
1655640 853
1655650 853
1655660 851
1655670 848
1655680 848
1655690 846
1655700 844
1655710 844
1655720 842
1655730 840
1655740 840
1655750 838
1655760 836
1655770 836
1655780 834
1655790 833
1655800 831
1655810 831
1655820 830
1655830 829
1655840 829
1655850 827
1655860 826
1655870 826
1655880 825
1655890 824
1655900 824
1655910 822
1655920 820
1655930 820
1655940 818
1655950 815
1655960 815
1655970 814
1655980 815
1655990 817
1656000 817
1656010 821
1656020 827
1656030 827
1656040 833
1656050 841
1656060 841
1656070 847
1656080 853
1656090 853
1656100 859
1656110 865
1656120 865
1656130 871
1656140 877
1656150 877
1656160 883
1656170 889
1656180 895
1656190 895
1656200 901
1656210 906
1656220 906
1656230 911
1656240 916
1656250 916
1656260 921
1656270 925
1656280 925
1656290 929
1656300 933
1656310 933
1656320 936
1656330 939
1656340 939
1656350 941
1656360 942
1656370 943
1656380 943
1656390 944
1656400 945
1656410 945
1656420 946
1656430 946
1656440 946
1656450 946
1656460 946
1656470 946
1656480 946
1656490 947
1656500 947
1656510 947
1656520 949
1656530 949
1656540 950
1656550 951
1656560 951
1656570 952
1656580 952
1656590 953
1656600 953
1656610 954
1656620 955
1656630 955
1656640 956
1656650 957
1656660 957
1656670 958
1656680 960
1656690 960
1656700 961
1656710 963
1656720 963
1656730 964
1656740 966
1656750 966
1656760 967
1656770 969
1656780 970
1656790 970
1656800 972
1656810 973
1656820 973
1656830 974
1656840 975
1656850 975
1656860 976
1656870 976
1656880 976
1656890 976
1656900 976
1656910 976
1656920 975
1656930 975
1656940 975
1656950 974
1656960 973
1656970 973
1656980 973
1656990 972
1657000 971
1657010 971
1657020 970
1657030 970
1657040 970
1657050 969
1657060 968
1657070 968
1657080 967
1657090 963
1657100 963
1657110 962
1657120 961
1657130 961
1657140 960
1657150 959
1657160 958
1657170 958
1657180 957
1657190 955
1657200 955
1657210 953
1657220 951
1657230 951
1657240 949
1657250 946
1657260 946
1657270 944
1657280 942
1657290 942
1657300 942
1657310 943
1657320 943
1657330 945
1657340 947
1657350 950
1657360 950
1657370 952
1657380 953
1657390 953
1657400 955
1657410 956
1657420 956
1657430 958
1657440 959
1657450 959
1657460 961
1657470 963
1657480 963
1657490 965
1657500 967
1657510 967
1657520 969
1657530 971
1657540 973
1657550 973
1657560 975
1657570 978
1657580 978
1657590 980
1657600 983
1657610 983
1657620 986
1657630 989
1657640 989
1657650 992
1657660 995
1657670 995
1657680 998
1657690 1000
1657700 1000
1657710 1001
1657720 1001
1657730 1002
1657740 1002
1657750 1002
1657760 1004
1657770 1004
1657780 1005
1657790 1007
1657800 1007
1657810 1010
1657820 1009
1657830 1009
1657840 1012
1657850 1014
1657860 1014
1657870 1017
1657880 1019
1657890 1019
1657900 1021
1657910 1024
1657920 1027
1657930 1027
1657940 1029
1657950 1032
1657960 1032
1657970 1035
1657980 1038
1657990 1038
1658000 1041
1658010 1044
1658020 1044
1658030 1048
1658040 1051
1658050 1051
1658060 1054
1658070 1057
1658080 1057
1658090 1060
1658100 1063
1658110 1065
1658120 1065
1658130 1067
1658140 1069
1658150 1069
1658160 1070
1658170 1071
1658180 1071
1658190 1073
1658200 1074
1658210 1074
1658220 1075
1658230 1076
1658240 1076
1658250 1077
1658260 1078
1658270 1078
1658280 1079
1658290 1080
1658300 1080
1658310 1081
1658320 1083
1658330 1084
1658340 1084
1658350 1086
1658360 1087
1658370 1087
1658380 1088
1658390 1090
1658400 1090
1658410 1091
1658420 1093
1658430 1093
1658440 1095
1658450 1096
1658460 1096
1658470 1098
1658480 1099
1658490 1099
1658500 1101
1658510 1102
1658520 1103
1658530 1103
1658540 1104
1658550 1103
1658560 1103
1658570 1104
1658580 1105
1658590 1105
1658600 1106
1658610 1107
1658620 1107
1658630 1108
1658640 1108
1658650 1108
1658660 1109
1658670 1110
1658680 1110
1658690 1110
1658700 1110
1658710 1110
1658720 1110
1658730 1110
1658740 1110
1658750 1110
1658760 1109
1658770 1109
1658780 1109
1658790 1108
1658800 1107
1658810 1107
1658820 1106
1658830 1105
1658840 1105
1658850 1104
1658860 1102
1658870 1102
1658880 1101
1658890 1100
1658900 1098
1658910 1098
1658920 1097
1658930 1095
1658940 1095
1658950 1093
1658960 1092
1658970 1092
1658980 1090
1658990 1088
1659000 1088
1659010 1086
1659020 1084
1659030 1084
1659040 1082
1659050 1080
1659060 1080
1659070 1078
1659080 1076
1659090 1074
1659100 1074
1659110 1071
1659120 1069
1659130 1069
1659140 1067
1659150 1065
1659160 1065
1659170 1063
1659180 1061
1659190 1061
1659200 1059
1659210 1057
1659220 1057
1659230 1055
1659240 1053
1659250 1053
1659260 1052
1659270 1050
1659280 1048
1659290 1048
1659300 1046
1659310 1044
1659320 1044
1659330 1043
1659340 1041
1659350 1041
1659360 1040
1659370 1038
1659380 1038
1659390 1036
1659400 1034
1659410 1034
1659420 1031
1659430 1029
1659440 1029
1659450 1026
1659460 1023
1659470 1020
1659480 1020
1659490 1018
1659500 1016
1659510 1016
1659520 1015
1659530 1014
1659540 1014
1659550 1014
1659560 1014
1659570 1014
1659580 1013
1659590 1012
1659600 1012
1659610 1010
1659620 1009
1659630 1009
1659640 1007
1659650 1004
1659660 1001
1659670 1001
1659680 998
1659690 996
1659700 996
1659710 993
1659720 989
1659730 989
1659740 986
1659750 983
1659760 983
1659770 980
1659780 977
1659790 977
1659800 974
1659810 971
1659820 971
1659830 968
1659840 965
1659850 965
1659860 961
1659870 957
1659880 953
1659890 953
1659900 949
1659910 946
1659920 946
1659930 942
1659940 939
1659950 939
1659960 935
1659970 934
1659980 934
1659990 933
