1640000 1211
1640010 1213
1640020 1215
1640030 1215
1640040 1217
1640050 1219
1640060 1221
1640070 1221
1640080 1222
1640090 1224
1640100 1224
1640110 1225
1640120 1227
1640130 1227
1640140 1228
1640150 1229
1640160 1229
1640170 1229
1640180 1230
1640190 1230
1640200 1230
1640210 1230
1640220 1230
1640230 1229
1640240 1227
1640250 1224
1640260 1224
1640270 1220
1640280 1217
1640290 1217
1640300 1213
1640310 1209
1640320 1209
1640330 1206
1640340 1201
1640350 1201
1640360 1197
1640370 1192
1640380 1192
1640390 1187
1640400 1182
1640410 1182
1640420 1178
1640430 1173
1640440 1169
1640450 1169
1640460 1165
1640470 1161
1640480 1161
1640490 1157
1640500 1152
1640510 1152
1640520 1148
1640530 1144
1640540 1144
1640550 1139
1640560 1136
1640570 1136
1640580 1130
1640590 1125
1640600 1125
1640610 1117
1640620 1110
1640630 1103
1640640 1103
1640650 1096
1640660 1090
1640670 1090
1640680 1085
1640690 1083
1640700 1083
1640710 1087
1640720 1093
1640730 1093
1640740 1098
1640750 1103
1640760 1103
1640770 1107
1640780 1111
1640790 1111
1640800 1115
1640810 1118
1640820 1120
1640830 1120
1640840 1121
1640850 1121
1640860 1121
1640870 1120
1640880 1118
1640890 1118
1640900 1115
1640910 1112
1640920 1112
1640930 1110
1640940 1109
1640950 1109
1640960 1108
1640970 1108
1640980 1108
1640990 1107
1641000 1107
1641010 1108
1641020 1108
1641030 1113
1641040 1120
1641050 1120
1641060 1128
1641070 1136
1641080 1136
1641090 1143
1641100 1148
1641110 1148
1641120 1153
1641130 1156
1641140 1156
1641150 1158
1641160 1160
1641170 1160
1641180 1162
1641190 1164
1641200 1165
1641210 1165
1641220 1166
1641230 1167
1641240 1167
1641250 1167
1641260 1166
1641270 1166
1641280 1166
1641290 1164
1641300 1164
1641310 1162
1641320 1160
1641330 1160
1641340 1157
1641350 1154
1641360 1154
1641370 1151
1641380 1149
1641390 1149
1641400 1149
1641410 1155
1641420 1158
1641430 1158
1641440 1161
1641450 1164
1641460 1164
1641470 1167
1641480 1170
1641490 1170
1641500 1174
1641510 1177
1641520 1177
1641530 1181
1641540 1184
1641550 1184
1641560 1187
1641570 1190
1641580 1193
1641590 1193
1641600 1195
1641610 1196
1641620 1196
1641630 1196
1641640 1196
1641650 1196
1641660 1196
1641670 1196
1641680 1196
1641690 1194
1641700 1193
1641710 1193
1641720 1190
1641730 1188
1641740 1188
1641750 1185
1641760 1183
1641770 1180
1641780 1180
1641790 1178
1641800 1176
1641810 1176
1641820 1173
1641830 1171
1641840 1171
1641850 1169
1641860 1167
1641870 1167
1641880 1165
1641890 1163
1641900 1163
1641910 1164
1641920 1169
1641930 1169
1641940 1174
1641950 1179
1641960 1179
1641970 1185
1641980 1190
1641990 1193
1642000 1193
1642010 1196
1642020 1197
1642030 1197
1642040 1198
1642050 1199
1642060 1199
1642070 1200
1642080 1201
1642090 1201
1642100 1202
1642110 1204
1642120 1204
1642130 1206
1642140 1208
1642150 1208
1642160 1211
1642170 1212
1642180 1216
1642190 1216
1642200 1219
1642210 1223
1642220 1225
1642230 1228
1642240 1232
1642250 1232
1642260 1236
1642270 1240
1642280 1240
1642290 1244
1642300 1247
1642310 1247
1642320 1251
1642330 1256
1642340 1256
1642350 1259
1642360 1262
1642370 1264
1642380 1264
1642390 1265
1642400 1264
1642410 1264
1642420 1261
1642430 1257
1642440 1257
1642450 1252
1642460 1249
1642470 1249
1642480 1245
1642490 1241
1642500 1241
1642510 1238
1642520 1234
1642530 1234
1642540 1229
1642550 1225
1642560 1220
1642570 1220
1642580 1215
1642590 1210
1642600 1210
1642610 1205
1642620 1200
1642630 1200
1642640 1195
1642650 1191
1642660 1191
1642670 1186
1642680 1182
1642690 1182
1642700 1177
1642710 1173
1642720 1173
1642730 1168
1642740 1163
1642750 1157
1642760 1157
1642770 1151
1642780 1145
1642790 1145
1642800 1138
1642810 1132
1642820 1132
1642830 1126
1642840 1120
1642850 1120
1642860 1114
1642870 1110
1642880 1110
1642890 1105
1642900 1101
1642910 1101
1642920 1098
1642930 1095
1642940 1092
1642950 1092
1642960 1090
1642970 1087
1642980 1087
1642990 1084
1643000 1081
1643010 1081
1643020 1073
1643030 1070
1643040 1070
1643050 1068
1643060 1067
1643070 1067
1643080 1065
1643090 1062
1643100 1062
1643110 1060
1643120 1057
1643130 1054
1643140 1054
1643150 1049
1643160 1045
1643170 1045
1643180 1040
1643190 1036
1643200 1036
1643210 1032
1643220 1028
1643230 1028
1643240 1023
1643250 1019
1643260 1019
1643270 1016
1643280 1012
1643290 1012
1643300 1007
1643310 1001
1643320 995
1643330 995
1643340 989
1643350 984
1643360 984
1643370 979
1643380 975
1643390 975
1643400 971
1643410 967
1643420 967
1643430 963
1643440 959
1643450 959
1643460 955
1643470 952
1643480 952
1643490 948
1643500 943
1643510 939
1643520 939
1643530 934
1643540 929
1643550 929
1643560 925
1643570 921
1643580 921
1643590 919
1643600 919
1643610 919
1643620 921
1643630 923
1643640 923
1643650 926
1643660 928
1643670 928
1643680 929
1643690 929
1643700 929
1643710 929
1643720 929
1643730 928
1643740 928
1643750 927
1643760 927
1643770 927
1643780 926
1643790 924
1643800 924
1643810 923
1643820 929
1643830 929
1643840 928
1643850 928
1643860 928
1643870 928
1643880 926
1643890 926
1643900 924
1643910 919
1643920 912
1643930 912
1643940 904
1643950 900
1643960 900
1643970 906
1643980 912
1643990 912
1644000 916
1644010 919
1644020 919
1644030 921
1644040 923
1644050 923
1644060 925
1644070 926
1644080 926
1644090 928
1644100 929
1644110 930
1644120 930
1644130 931
1644140 932
1644150 932
1644160 933
1644170 934
1644180 934
1644190 935
1644200 937
1644210 937
1644220 939
1644230 942
1644240 942
1644250 945
1644260 948
1644270 948
1644280 951
1644290 955
1644300 959
1644310 959
1644320 962
1644330 963
1644340 963
1644350 963
1644360 961
1644370 961
1644380 957
1644390 953
1644400 953
1644410 947
1644420 941
1644430 941
1644440 934
1644450 929
1644460 929
1644470 926
1644480 929
1644490 931
1644500 931
1644510 933
1644520 935
1644530 935
1644540 936
1644550 937
1644560 937
1644570 937
1644580 936
1644590 936
1644600 935
1644610 937
1644620 937
1644630 935
1644640 933
1644650 933
1644660 931
1644670 929
1644680 927
1644690 927
1644700 925
1644710 923
1644720 923
1644730 920
1644740 918
1644750 918
1644760 916
1644770 914
1644780 914
1644790 912
1644800 911
1644810 911
1644820 910
1644830 909
1644840 909
1644850 908
1644860 908
1644870 908
1644880 908
1644890 908
1644900 908
1644910 908
1644920 907
1644930 905
1644940 905
1644950 902
1644960 899
1644970 899
1644980 895
1644990 890
1645000 890
1645010 886
1645020 883
1645030 883
1645040 888
1645050 893
1645060 899
1645070 899
1645080 905
1645090 910
1645100 910
1645110 913
1645120 915
1645130 915
1645140 917
1645150 919
1645160 919
1645170 921
1645180 922
1645190 922
1645200 924
1645210 926
1645220 926
1645230 929
1645240 932
1645250 935
1645260 935
1645270 938
1645280 941
1645290 941
1645300 945
1645310 948
1645320 948
1645330 952
1645340 955
1645350 955
1645360 959
1645370 963
1645380 963
1645390 966
1645400 973
1645410 973
1645420 977
1645430 980
1645440 982
1645450 982
1645460 984
1645470 987
1645480 987
1645490 990
1645500 994
1645510 994
1645520 998
1645530 1000
1645540 1000
1645550 1002
1645560 1004
1645570 1004
1645580 1006
1645590 1008
1645600 1008
1645610 1010
1645620 1012
1645630 1012
1645640 1014
1645650 1017
1645660 1019
1645670 1019
1645680 1021
1645690 1023
1645700 1023
1645710 1025
1645720 1027
1645730 1027
1645740 1029
1645750 1031
1645760 1031
1645770 1033
1645780 1035
1645790 1035
1645800 1036
1645810 1038
1645820 1038
1645830 1039
1645840 1041
1645850 1042
1645860 1042
1645870 1043
1645880 1044
1645890 1044
1645900 1046
1645910 1046
1645920 1046
1645930 1047
1645940 1048
1645950 1048
1645960 1049
1645970 1049
1645980 1049
1645990 1049
1646000 1049
1646010 1049
1646020 1049
1646030 1049
1646040 1049
1646050 1049
1646060 1048
1646070 1048
1646080 1048
1646090 1048
1646100 1047
1646110 1047
1646120 1047
1646130 1047
1646140 1047
1646150 1046
1646160 1046
1646170 1046
1646180 1047
1646190 1047
1646200 1047
1646210 1047
1646220 1047
1646230 1047
1646240 1047
1646250 1046
1646260 1046
1646270 1046
1646280 1046
1646290 1046
1646300 1046
1646310 1045
1646320 1044
1646330 1044
1646340 1042
1646350 1040
1646360 1040
1646370 1037
1646380 1035
1646390 1035
1646400 1033
1646410 1030
1646420 1028
1646430 1028
1646440 1026
1646450 1025
1646460 1025
1646470 1023
1646480 1022
1646490 1022
1646500 1020
1646510 1018
1646520 1018
1646530 1016
1646540 1015
1646550 1015
1646560 1012
1646570 1010
1646580 1010
1646590 1007
1646600 1005
1646610 1002
1646620 1002
1646630 999
1646640 997
1646650 997
1646660 994
1646670 991
1646680 991
1646690 988
1646700 986
1646710 986
1646720 983
1646730 980
1646740 980
1646750 978
1646760 975
1646770 975
1646780 972
1646790 970
1646800 967
1646810 967
1646820 965
1646830 962
1646840 962
1646850 960
1646860 958
1646870 958
1646880 955
1646890 953
1646900 953
1646910 951
1646920 949
1646930 949
1646940 947
1646950 945
1646960 944
1646970 942
1646980 941
1646990 939
1647000 939
1647010 937
1647020 936
1647030 936
1647040 935
1647050 933
1647060 933
1647070 932
1647080 931
1647090 931
1647100 930
1647110 929
1647120 929
1647130 927
1647140 926
1647150 926
1647160 924
1647170 922
1647180 920
1647190 920
1647200 917
1647210 914
1647220 914
1647230 911
1647240 909
1647250 909
1647260 906
1647270 903
1647280 903
1647290 900
1647300 897
1647310 897
1647320 895
1647330 892
1647340 892
1647350 890
1647360 887
1647370 886
1647380 886
1647390 884
1647400 882
1647410 882
1647420 881
1647430 880
1647440 880
1647450 878
1647460 877
1647470 877
1647480 876
1647490 875
1647500 875
1647510 874
1647520 874
1647530 874
1647540 873
1647550 873
1647560 873
1647570 873
1647580 872
1647590 871
1647600 871
1647610 870
1647620 869
1647630 869
1647640 868
1647650 867
1647660 867
1647670 866
1647680 865
1647690 865
1647700 864
1647710 863
1647720 863
1647730 863
1647740 860
1647750 860
1647760 860
1647770 859
1647780 858
1647790 858
1647800 857
1647810 856
1647820 856
1647830 856
1647840 855
1647850 855
1647860 854
1647870 853
1647880 853
1647890 852
1647900 851
1647910 851
1647920 850
1647930 848
1647940 848
1647950 846
1647960 845
1647970 843
1647980 843
1647990 841
1648000 839
1648010 839
1648020 837
1648030 835
1648040 835
1648050 833
1648060 831
1648070 831
1648080 830
1648090 829
1648100 829
1648110 829
1648120 830
1648130 830
1648140 831
1648150 834
1648160 837
1648170 837
1648180 840
1648190 842
1648200 842
1648210 845
1648220 847
1648230 847
1648240 849
1648250 851
1648260 851
1648270 852
1648280 854
1648290 854
1648300 856
1648310 858
1648320 858
1648330 861
1648340 864
1648350 867
1648360 867
1648370 870
1648380 874
1648390 874
1648400 877
1648410 881
1648420 881
1648430 885
1648440 888
1648450 888
1648460 892
1648470 896
1648480 896
1648490 900
1648500 904
1648510 904
1648520 908
1648530 911
1648540 914
1648550 914
1648560 918
1648570 921
1648580 921
1648590 924
1648600 926
1648610 926
1648620 929
1648630 931
1648640 931
1648650 933
1648660 935
1648670 935
1648680 936
1648690 936
1648700 936
1648710 937
1648720 937
1648730 936
1648740 936
1648750 936
1648760 935
1648770 935
1648780 935
1648790 935
1648800 935
1648810 935
1648820 935
1648830 935
1648840 934
1648850 934
1648860 934
1648870 933
1648880 932
1648890 932
1648900 931
1648910 930
1648920 928
1648930 928
1648940 926
1648950 925
1648960 925
1648970 923
1648980 922
1648990 922
1649000 920
1649010 918
1649020 918
1649030 917
1649040 915
1649050 915
1649060 913
1649070 911
1649080 911
1649090 909
1649100 908
1649110 907
1649120 907
1649130 906
1649140 905
1649150 905
1649160 904
1649170 903
1649180 903
1649190 901
1649200 899
1649210 899
1649220 897
1649230 895
1649240 895
1649250 893
1649260 891
1649270 891
1649280 888
1649290 886
1649300 886
1649310 883
1649320 881
1649330 879
1649340 879
1649350 877
1649360 874
1649370 874
1649380 872
1649390 870
1649400 870
1649410 868
1649420 865
1649430 865
1649440 863
1649450 861
1649460 861
1649470 859
1649480 857
1649490 857
1649500 855
1649510 853
1649520 851
1649530 851
1649540 849
1649550 848
1649560 848
1649570 846
1649580 844
1649590 844
1649600 842
1649610 841
1649620 841
1649630 839
1649640 837
1649650 837
1649660 835
1649670 834
1649680 834
1649690 833
1649700 833
1649710 833
1649720 833
1649730 834
1649740 834
1649750 834
1649760 834
1649770 834
1649780 834
1649790 834
1649800 834
1649810 834
1649820 834
1649830 833
1649840 833
1649850 833
1649860 833
1649870 833
1649880 832
1649890 832
1649900 832
1649910 832
1649920 832
1649930 831
1649940 831
1649950 831
1649960 831
1649970 831
1649980 831
1649990 830
1650000 830
1650010 830
1650020 829
1650030 829
1650040 829
1650050 827
1650060 827
1650070 826
1650080 825
1650090 824
1650100 824
1650110 823
1650120 822
1650130 822
1650140 821
1650150 820
1650160 820
1650170 820
1650180 819
1650190 819
1650200 818
1650210 817
1650220 817
1650230 816
1650240 816
1650250 816
1650260 816
1650270 816
1650280 817
1650290 817
1650300 817
1650310 818
1650320 818
1650330 818
1650340 819
1650350 819
1650360 819
1650370 820
1650380 820
1650390 821
1650400 821
1650410 821
1650420 821
1650430 821
1650440 821
1650450 821
1650460 821
1650470 821
1650480 821
1650490 821
1650500 820
1650510 820
1650520 820
1650530 819
1650540 819
1650550 818
1650560 817
1650570 817
1650580 817
1650590 816
1650600 816
1650610 815
1650620 815
1650630 815
1650640 814
1650650 813
1650660 812
1650670 812
1650680 811
1650690 810
1650700 810
1650710 809
1650720 808
1650730 808
1650740 807
1650750 806
1650760 806
1650770 805
1650780 803
1650790 803
1650800 802
1650810 800
1650820 800
1650830 798
1650840 796
1650850 794
1650860 794
1650870 792
1650880 789
1650890 789
1650900 787
1650910 783
1650920 783
1650930 779
1650940 775
1650950 775
1650960 771
1650970 767
1650980 767
1650990 763
1651000 760
1651010 760
1651020 756
1651030 753
1651040 753
1651050 750
1651060 747
1651070 746
1651080 746
1651090 745
1651100 744
1651110 744
1651120 743
1651130 743
1651140 743
1651150 743
1651160 743
1651170 743
1651180 743
1651190 744
1651200 744
1651210 744
1651220 743
1651230 743
1651240 741
1651250 738
1651260 734
1651270 734
1651280 730
1651290 726
1651300 726
1651310 721
1651320 717
1651330 717
1651340 712
1651350 708
1651360 708
1651370 703
1651380 698
1651390 698
1651400 693
1651410 689
1651420 689
1651430 684
1651440 680
1651450 676
1651460 676
1651470 673
1651480 669
1651490 669
1651500 666
1651510 663
1651520 663
1651530 661
1651540 658
1651550 658
1651560 655
1651570 648
1651580 648
1651590 645
1651600 643
1651610 643
1651620 640
1651630 637
1651640 635
1651650 635
1651660 633
1651670 632
1651680 632
1651690 630
1651700 629
1651710 629
1651720 628
1651730 627
1651740 627
1651750 626
1651760 626
1651770 626
1651780 625
1651790 625
1651800 625
1651810 624
1651820 623
1651830 622
1651840 622
1651850 621
1651860 622
1651870 622
1651880 624
1651890 627
1651900 627
1651910 631
1651920 635
1651930 635
1651940 638
1651950 641
1651960 641
1651970 643
1651980 644
1651990 644
1652000 645
1652010 645
1652020 644
1652030 644
1652040 642
1652050 641
1652060 641
1652070 641
1652080 644
1652090 644
1652100 646
1652110 646
1652120 646
1652130 643
1652140 637
1652150 637
1652160 632
1652170 627
1652180 627
1652190 622
1652200 618
1652210 614
1652220 614
1652230 610
1652240 608
1652250 608
1652260 607
1652270 608
1652280 608
1652290 610
1652300 614
1652310 614
1652320 618
1652330 622
1652340 622
1652350 627
1652360 631
1652370 631
1652380 636
1652390 641
1652400 645
1652410 645
1652420 650
1652430 654
1652440 654
1652450 659
1652460 663
1652470 663
1652480 667
1652490 671
1652500 671
1652510 674
1652520 677
1652530 677
1652540 680
1652550 684
1652560 684
1652570 689
1652580 694
1652590 698
1652600 698
1652610 702
1652620 705
1652630 705
1652640 707
1652650 710
1652660 710
1652670 714
1652680 717
1652690 717
1652700 720
1652710 723
1652720 723
1652730 726
1652740 729
1652750 729
1652760 732
1652770 734
1652780 736
1652790 736
1652800 738
1652810 741
1652820 741
1652830 742
1652840 744
1652850 744
1652860 746
1652870 749
1652880 749
1652890 752
1652900 755
1652910 755
1652920 758
1652930 762
1652940 762
1652950 767
1652960 771
1652970 771
1652980 777
1652990 782
1653000 788
1653010 788
1653020 795
1653030 801
1653040 801
1653050 806
1653060 808
1653070 808
1653080 807
1653090 802
1653100 802
1653110 797
1653120 791
1653130 791
1653140 786
1653150 781
1653160 781
1653170 776
1653180 771
1653190 766
1653200 766
1653210 761
1653220 756
1653230 756
1653240 751
1653250 746
1653260 746
1653270 741
1653280 736
1653290 736
1653300 730
1653310 725
1653320 725
1653330 719
1653340 714
1653350 714
1653360 709
1653370 703
1653380 698
1653390 698
1653400 693
1653410 687
1653420 687
1653430 682
1653440 677
1653450 677
1653460 672
1653470 667
1653480 667
1653490 662
1653500 658
1653510 658
1653520 654
1653530 650
1653540 650
1653550 648
1653560 646
1653570 645
1653580 645
1653590 645
1653600 646
1653610 646
1653620 647
1653630 648
1653640 648
1653650 648
1653660 649
1653670 649
1653680 649
1653690 650
1653700 650
1653710 651
1653720 651
1653730 651
1653740 652
1653750 652
1653760 653
1653770 653
1653780 654
1653790 655
1653800 655
1653810 656
1653820 656
1653830 656
1653840 658
1653850 660
1653860 660
1653870 662
1653880 665
1653890 665
1653900 669
1653910 672
1653920 672
1653930 675
1653940 677
1653950 678
1653960 678
1653970 680
1653980 683
1653990 683
1654000 686
1654010 689
1654020 689
1654030 693
1654040 697
1654050 697
1654060 700
1654070 704
1654080 704
1654090 707
1654100 710
1654110 710
1654120 713
1654130 715
1654140 718
1654150 718
1654160 722
1654170 726
1654180 726
1654190 729
1654200 733
1654210 733
1654220 736
1654230 739
1654240 739
1654250 742
1654260 744
1654270 744
1654280 746
1654290 748
1654300 748
1654310 749
1654320 751
1654330 753
1654340 753
1654350 754
1654360 756
1654370 756
1654380 758
1654390 759
1654400 759
1654410 761
1654420 763
1654430 763
1654440 764
1654450 766
1654460 766
1654470 768
1654480 770
1654490 770
1654500 772
1654510 773
1654520 775
1654530 775
1654540 776
1654550 776
1654560 776
1654570 772
1654580 771
1654590 771
1654600 770
1654610 771
1654620 771
1654630 772
1654640 775
1654650 775
1654660 780
1654670 785
1654680 785
1654690 791
1654700 796
1654710 796
1654720 801
1654730 806
1654740 810
1654750 810
1654760 814
1654770 818
1654780 818
1654790 822
1654800 826
1654810 826
1654820 830
1654830 834
1654840 834
1654850 838
1654860 842
1654870 842
1654880 846
1654890 850
1654900 850
1654910 855
1654920 859
1654930 862
1654940 862
1654950 866
1654960 868
1654970 868
1654980 871
1654990 873
1655000 873
1655010 875
1655020 877
1655030 877
1655040 880
1655050 882
1655060 882
1655070 884
1655080 887
1655090 887
1655100 890
1655110 893
1655120 895
1655130 895
1655140 898
1655150 900
1655160 900
1655170 902
1655180 904
1655190 904
1655200 905
1655210 907
1655220 907
1655230 910
1655240 911
1655250 911
1655260 913
1655270 915
1655280 915
1655290 917
1655300 919
1655310 920
1655320 920
1655330 923
1655340 926
1655350 926
1655360 929
1655370 931
1655380 931
1655390 933
1655400 935
1655410 935
1655420 936
1655430 939
1655440 939
1655450 942
1655460 945
1655470 945
1655480 948
1655490 951
1655500 953
1655510 953
1655520 956
1655530 957
1655540 957
1655550 959
1655560 960
1655570 960
1655580 961
1655590 962
1655600 962
1655610 963
1655620 962
1655630 962
1655640 962
1655650 961
1655660 961
1655670 959
1655680 958
1655690 956
1655700 956
1655710 954
1655720 952
1655730 952
1655740 950
1655750 947
1655760 947
1655770 945
1655780 943
1655790 943
1655800 941
1655810 939
1655820 939
1655830 937
1655840 935
1655850 935
1655860 933
1655870 931
1655880 929
1655890 929
1655900 927
1655910 925
1655920 925
1655930 924
1655940 922
1655950 922
1655960 920
1655970 919
1655980 919
1655990 917
1656000 916
1656010 916
1656020 914
1656030 913
1656040 913
1656050 908
1656060 906
1656070 904
1656080 904
1656090 902
1656100 899
1656110 899
1656120 897
1656130 894
1656140 894
1656150 891
1656160 888
1656170 888
1656180 885
1656190 883
1656200 883
1656210 881
1656220 880
1656230 880
1656240 879
1656250 880
1656260 882
1656270 882
1656280 885
1656290 889
1656300 889
1656310 892
1656320 895
1656330 895
1656340 899
1656350 903
1656360 903
1656370 907
1656380 912
1656390 912
1656400 916
1656410 922
1656420 922
1656430 927
1656440 931
1656450 935
1656460 935
1656470 939
1656480 941
1656490 941
1656500 944
1656510 946
1656520 946
1656530 949
1656540 951
1656550 951
1656560 954
1656570 956
1656580 956
1656590 958
1656600 961
1656610 961
1656620 964
1656630 967
1656640 967
1656650 970
1656660 973
1656670 976
1656680 976
1656690 978
1656700 980
1656710 980
1656720 982
1656730 984
1656740 984
1656750 986
1656760 987
1656770 987
1656780 989
1656790 991
1656800 991
1656810 993
1656820 995
1656830 995
1656840 997
1656850 999
1656860 1001
1656870 1001
1656880 1003
1656890 1004
1656900 1004
1656910 1006
1656920 1007
1656930 1007
1656940 1008
1656950 1010
1656960 1010
1656970 1011
1656980 1013
1656990 1013
1657000 1014
1657010 1016
1657020 1016
1657030 1017
1657040 1019
1657050 1021
1657060 1021
1657070 1022
1657080 1023
1657090 1023
1657100 1025
1657110 1026
1657120 1026
1657130 1028
1657140 1029
1657150 1029
1657160 1030
1657170 1031
1657180 1031
1657190 1032
1657200 1032
1657210 1032
1657220 1032
1657230 1031
1657240 1030
1657250 1030
1657260 1029
1657270 1029
1657280 1029
1657290 1028
1657300 1028
1657310 1028
1657320 1029
1657330 1030
1657340 1030
1657350 1032
1657360 1034
1657370 1034
1657380 1036
1657390 1038
1657400 1038
1657410 1040
1657420 1042
1657430 1044
1657440 1044
1657450 1046
1657460 1047
1657470 1047
1657480 1049
1657490 1050
1657500 1050
1657510 1052
1657520 1050
1657530 1050
1657540 1051
1657550 1052
1657560 1052
1657570 1053
1657580 1055
1657590 1055
1657600 1056
1657610 1057
1657620 1058
1657630 1058
1657640 1059
1657650 1060
1657660 1060
1657670 1062
1657680 1063
1657690 1063
1657700 1065
1657710 1066
1657720 1066
1657730 1068
1657740 1070
1657750 1070
1657760 1071
1657770 1073
1657780 1073
1657790 1074
1657800 1075
1657810 1077
1657820 1077
1657830 1078
1657840 1079
1657850 1079
1657860 1080
1657870 1082
1657880 1082
1657890 1083
1657900 1084
1657910 1084
1657920 1085
1657930 1086
1657940 1086
1657950 1087
1657960 1088
1657970 1088
1657980 1089
1657990 1090
1658000 1091
1658010 1091
1658020 1093
1658030 1094
1658040 1094
1658050 1095
1658060 1097
1658070 1097
1658080 1098
1658090 1100
1658100 1100
1658110 1102
1658120 1103
1658130 1103
1658140 1105
1658150 1107
1658160 1107
1658170 1109
1658180 1111
1658190 1113
1658200 1113
1658210 1114
1658220 1116
1658230 1116
1658240 1117
1658250 1117
1658260 1117
1658270 1118
1658280 1120
1658290 1120
1658300 1121
1658310 1122
1658320 1122
1658330 1124
1658340 1125
1658350 1125
1658360 1126
1658370 1127
1658380 1127
1658390 1129
1658400 1130
1658410 1131
1658420 1131
1658430 1133
1658440 1134
1658450 1134
1658460 1135
1658470 1136
1658480 1136
1658490 1138
1658500 1139
1658510 1139
1658520 1140
1658530 1141
1658540 1141
1658550 1142
1658560 1142
1658570 1142
1658580 1143
1658590 1143
1658600 1143
1658610 1143
1658620 1143
1658630 1143
1658640 1143
1658650 1143
1658660 1142
1658670 1142
1658680 1141
1658690 1141
1658700 1141
1658710 1140
1658720 1139
1658730 1139
1658740 1138
1658750 1137
1658760 1137
1658770 1135
1658780 1134
1658790 1131
1658800 1131
1658810 1129
1658820 1126
1658830 1126
1658840 1123
1658850 1120
1658860 1120
1658870 1117
1658880 1114
1658890 1114
1658900 1112
1658910 1109
1658920 1109
1658930 1106
1658940 1103
1658950 1103
1658960 1101
1658970 1097
1658980 1094
1658990 1094
1659000 1091
1659010 1088
1659020 1088
1659030 1084
1659040 1081
1659050 1081
1659060 1078
1659070 1075
1659080 1075
1659090 1072
1659100 1069
1659110 1069
1659120 1067
1659130 1064
1659140 1064
1659150 1061
1659160 1059
1659170 1056
1659180 1056
1659190 1053
1659200 1051
1659210 1051
1659220 1048
1659230 1046
1659240 1046
1659250 1043
1659260 1041
1659270 1041
1659280 1039
1659290 1036
1659300 1036
1659310 1034
1659320 1031
1659330 1031
1659340 1028
1659350 1026
1659360 1023
1659370 1023
1659380 1019
1659390 1016
1659400 1016
1659410 1013
1659420 1011
1659430 1011
1659440 1009
1659450 1007
1659460 1007
1659470 1005
1659480 1002
1659490 1002
1659500 1000
1659510 998
1659520 998
1659530 995
1659540 993
1659550 992
1659560 992
1659570 991
1659580 991
1659590 991
1659600 993
1659610 997
1659620 997
1659630 1000
1659640 1002
1659650 1002
1659660 1004
1659670 1005
1659680 1005
1659690 1007
1659700 1007
1659710 1007
1659720 1009
1659730 1012
1659740 1014
1659750 1014
1659760 1017
1659770 1019
1659780 1019
1659790 1023
1659800 1026
1659810 1026
1659820 1030
1659830 1035
1659840 1035
1659850 1041
1659860 1046
1659870 1046
1659880 1046
1659890 1041
1659900 1041
1659910 1034
1659920 1025
1659930 1018
1659940 1018
1659950 1012
1659960 1006
1659970 1006
1659980 1002
1659990 998
