1640000 1357
1640010 1355
1640020 1354
1640030 1354
1640040 1353
1640050 1352
1640060 1350
1640070 1350
1640080 1349
1640090 1348
1640100 1348
1640110 1346
1640120 1346
1640130 1346
1640140 1345
1640150 1345
1640160 1345
1640170 1344
1640180 1344
1640190 1344
1640200 1344
1640210 1344
1640220 1344
1640230 1344
1640240 1344
1640250 1343
1640260 1343
1640270 1343
1640280 1343
1640290 1343
1640300 1343
1640310 1343
1640320 1343
1640330 1342
1640340 1342
1640350 1342
1640360 1342
1640370 1342
1640380 1342
1640390 1341
1640400 1341
1640410 1341
1640420 1341
1640430 1342
1640440 1342
1640450 1342
1640460 1342
1640470 1343
1640480 1343
1640490 1343
1640500 1343
1640510 1343
1640520 1343
1640530 1344
1640540 1344
1640550 1344
1640560 1345
1640570 1345
1640580 1345
1640590 1345
1640600 1345
1640610 1346
1640620 1346
1640630 1346
1640640 1347
1640650 1347
1640660 1348
1640670 1348
1640680 1349
1640690 1347
1640700 1347
1640710 1348
1640720 1349
1640730 1349
1640740 1351
1640750 1352
1640760 1352
1640770 1353
1640780 1355
1640790 1355
1640800 1356
1640810 1356
1640820 1356
1640830 1357
1640840 1358
1640850 1358
1640860 1358
1640870 1359
1640880 1360
1640890 1360
1640900 1361
1640910 1362
1640920 1362
1640930 1363
1640940 1363
1640950 1363
1640960 1364
1640970 1365
1640980 1365
1640990 1365
1641000 1366
1641010 1366
1641020 1366
1641030 1366
1641040 1367
1641050 1367
1641060 1367
1641070 1367
1641080 1367
1641090 1368
1641100 1368
1641110 1368
1641120 1368
1641130 1368
1641140 1368
1641150 1367
1641160 1366
1641170 1366
1641180 1366
1641190 1365
1641200 1365
1641210 1364
1641220 1363
1641230 1363
1641240 1362
1641250 1360
1641260 1359
1641270 1359
1641280 1357
1641290 1355
1641300 1355
1641310 1353
1641320 1351
1641330 1351
1641340 1349
1641350 1347
1641360 1347
1641370 1344
1641380 1342
1641390 1342
1641400 1340
1641410 1338
1641420 1338
1641430 1336
1641440 1333
1641450 1331
1641460 1331
1641470 1329
1641480 1327
1641490 1326
1641500 1324
1641510 1322
1641520 1322
1641530 1320
1641540 1319
1641550 1319
1641560 1317
1641570 1315
1641580 1315
1641590 1313
1641600 1311
1641610 1311
1641620 1309
1641630 1307
1641640 1305
1641650 1305
1641660 1304
1641670 1302
1641680 1302
1641690 1300
1641700 1298
1641710 1298
1641720 1295
1641730 1293
1641740 1293
1641750 1291
1641760 1288
1641770 1288
1641780 1286
1641790 1283
1641800 1283
1641810 1280
1641820 1277
1641830 1277
1641840 1274
1641850 1271
1641860 1268
1641870 1268
1641880 1265
1641890 1263
1641900 1263
1641910 1261
1641920 1259
1641930 1259
1641940 1258
1641950 1257
1641960 1257
1641970 1255
1641980 1253
1641990 1253
1642000 1248
1642010 1243
1642020 1243
1642030 1239
1642040 1235
1642050 1232
1642060 1232
1642070 1231
1642080 1232
1642090 1232
1642100 1233
1642110 1235
1642120 1235
1642130 1236
1642140 1235
1642150 1235
1642160 1234
1642170 1233
1642180 1233
1642190 1231
1642200 1229
1642210 1229
1642220 1226
1642230 1223
1642240 1220
1642250 1220
1642260 1217
1642270 1213
1642280 1213
1642290 1210
1642300 1208
1642310 1208
1642320 1205
1642330 1202
1642340 1202
1642350 1198
1642360 1195
1642370 1195
1642380 1192
1642390 1188
1642400 1188
1642410 1186
1642420 1184
1642430 1184
1642440 1181
1642450 1179
1642460 1177
1642470 1177
1642480 1176
1642490 1174
1642500 1174
1642510 1172
1642520 1170
1642530 1170
1642540 1169
1642550 1167
1642560 1167
1642570 1165
1642580 1164
1642590 1164
1642600 1162
1642610 1160
1642620 1160
1642630 1159
1642640 1157
1642650 1155
1642660 1155
1642670 1153
1642680 1151
1642690 1151
1642700 1149
1642710 1147
1642720 1147
1642730 1145
1642740 1143
1642750 1143
1642760 1141
1642770 1140
1642780 1140
1642790 1138
1642800 1137
1642810 1137
1642820 1136
1642830 1135
1642840 1134
1642850 1134
1642860 1134
1642870 1133
1642880 1133
1642890 1132
1642900 1131
1642910 1131
1642920 1130
1642930 1129
1642940 1129
1642950 1128
1642960 1127
1642970 1127
1642980 1126
1642990 1125
1643000 1125
1643010 1124
1643020 1123
1643030 1123
1643040 1122
1643050 1121
1643060 1120
1643070 1120
1643080 1120
1643090 1119
1643100 1121
1643110 1121
1643120 1120
1643130 1120
1643140 1119
1643150 1119
1643160 1119
1643170 1118
1643180 1117
1643190 1117
1643200 1115
1643210 1112
1643220 1112
1643230 1109
1643240 1106
1643250 1103
1643260 1103
1643270 1101
1643280 1098
1643290 1098
1643300 1095
1643310 1093
1643320 1093
1643330 1090
1643340 1086
1643350 1086
1643360 1082
1643370 1077
1643380 1077
1643390 1073
1643400 1069
1643410 1069
1643420 1065
1643430 1062
1643440 1060
1643450 1060
1643460 1057
1643470 1055
1643480 1055
1643490 1053
1643500 1051
1643510 1051
1643520 1050
1643530 1049
1643540 1049
1643550 1048
1643560 1047
1643570 1047
1643580 1046
1643590 1045
1643600 1045
1643610 1044
1643620 1042
1643630 1042
1643640 1040
1643650 1037
1643660 1035
1643670 1035
1643680 1034
1643690 1034
1643700 1034
1643710 1034
1643720 1033
1643730 1033
1643740 1033
1643750 1032
1643760 1032
1643770 1030
1643780 1029
1643790 1029
1643800 1027
1643810 1024
1643820 1024
1643830 1021
1643840 1019
1643850 1018
1643860 1018
1643870 1017
1643880 1017
1643890 1017
1643900 1016
1643910 1015
1643920 1015
1643930 1014
1643940 1013
1643950 1013
1643960 1012
1643970 1011
1643980 1011
1643990 1010
1644000 1009
1644010 1009
1644020 1009
1644030 1009
1644040 1009
1644050 1009
1644060 1008
1644070 1008
1644080 1008
1644090 1007
1644100 1006
1644110 1006
1644120 1005
1644130 1004
1644140 1004
1644150 1002
1644160 1001
1644170 1001
1644180 1000
1644190 999
1644200 999
1644210 999
1644220 998
1644230 998
1644240 998
1644250 998
1644260 998
1644270 998
1644280 999
1644290 999
1644300 999
1644310 1000
1644320 1000
1644330 1000
1644340 1001
1644350 1002
1644360 1002
1644370 1003
1644380 1003
1644390 1003
1644400 1004
1644410 1004
1644420 1004
1644430 1004
1644440 1003
1644450 1002
1644460 1002
1644470 1001
1644480 999
1644490 999
1644500 997
1644510 995
1644520 995
1644530 993
1644540 991
1644550 991
1644560 989
1644570 987
1644580 987
1644590 984
1644600 981
1644610 981
1644620 978
1644630 975
1644640 972
1644650 972
1644660 968
1644670 965
1644680 965
1644690 962
1644700 958
1644710 958
1644720 955
1644730 950
1644740 950
1644750 946
1644760 941
1644770 941
1644780 936
1644790 931
1644800 931
1644810 926
1644820 920
1644830 920
1644840 915
1644850 910
1644860 906
1644870 906
1644880 901
1644890 896
1644900 896
1644910 892
1644920 887
1644930 887
1644940 884
1644950 883
1644960 883
1644970 882
1644980 882
1644990 882
1645000 882
1645010 881
1645020 881
1645030 882
1645040 882
1645050 882
1645060 882
1645070 883
1645080 883
1645090 883
1645100 884
1645110 884
1645120 884
1645130 884
1645140 884
1645150 884
1645160 884
1645170 883
1645180 883
1645190 881
1645200 877
1645210 877
1645220 871
1645230 866
1645240 860
1645250 860
1645260 854
1645270 849
1645280 849
1645290 843
1645300 837
1645310 837
1645320 831
1645330 826
1645340 826
1645350 821
1645360 816
1645370 816
1645380 812
1645390 808
1645400 808
1645410 803
1645420 798
1645430 798
1645440 793
1645450 787
1645460 782
1645470 782
1645480 780
1645490 774
1645500 774
1645510 768
1645520 764
1645530 764
1645540 759
1645550 755
1645560 755
1645570 750
1645580 745
1645590 745
1645600 741
1645610 736
1645620 736
1645630 731
1645640 725
1645650 720
1645660 720
1645670 716
1645680 712
1645690 712
1645700 708
1645710 705
1645720 705
1645730 702
1645740 700
1645750 700
1645760 700
1645770 699
1645780 699
1645790 699
1645800 699
1645810 699
1645820 699
1645830 699
1645840 699
1645850 699
1645860 698
1645870 698
1645880 698
1645890 697
1645900 697
1645910 697
1645920 696
1645930 696
1645940 696
1645950 696
1645960 697
1645970 697
1645980 698
1645990 698
1646000 698
1646010 698
1646020 698
1646030 698
1646040 699
1646050 699
1646060 699
1646070 699
1646080 699
1646090 699
1646100 699
1646110 699
1646120 698
1646130 698
1646140 698
1646150 698
1646160 698
1646170 697
1646180 697
1646190 697
1646200 697
1646210 698
1646220 698
1646230 698
1646240 699
1646250 699
1646260 700
1646270 701
1646280 702
1646290 702
1646300 705
1646310 709
1646320 709
1646330 714
1646340 716
1646350 716
1646360 717
1646370 717
1646380 717
1646390 717
1646400 717
1646410 717
1646420 716
1646430 715
1646440 714
1646450 714
1646460 714
1646470 714
1646480 714
1646490 714
1646500 714
1646510 714
1646520 714
1646530 714
1646540 714
1646550 714
1646560 714
1646570 714
1646580 714
1646590 714
1646600 714
1646610 714
1646620 715
1646630 715
1646640 715
1646650 715
1646660 715
1646670 715
1646680 715
1646690 715
1646700 715
1646710 716
1646720 716
1646730 716
1646740 716
1646750 716
1646760 716
1646770 716
1646780 716
1646790 716
1646800 716
1646810 716
1646820 716
1646830 716
1646840 716
1646850 716
1646860 716
1646870 716
1646880 716
1646890 716
1646900 716
1646910 715
1646920 715
1646930 714
1646940 715
1646950 715
1646960 716
1646970 718
1646980 718
1646990 719
1647000 720
1647010 720
1647020 722
1647030 723
1647040 723
1647050 723
1647060 724
1647070 726
1647080 726
1647090 728
1647100 729
1647110 729
1647120 731
1647130 733
1647140 733
1647150 734
1647160 736
1647170 736
1647180 738
1647190 740
1647200 740
1647210 742
1647220 744
1647230 745
1647240 745
1647250 747
1647260 749
1647270 749
1647280 752
1647290 754
1647300 754
1647310 757
1647320 760
1647330 760
1647340 763
1647350 766
1647360 766
1647370 770
1647380 773
1647390 773
1647400 776
1647410 779
1647420 779
1647430 781
1647440 784
1647450 786
1647460 786
1647470 790
1647480 793
1647490 793
1647500 797
1647510 800
1647520 800
1647530 804
1647540 808
1647550 808
1647560 811
1647570 815
1647580 815
1647590 818
1647600 821
1647610 821
1647620 824
1647630 827
1647640 830
1647650 830
1647660 833
1647670 836
1647680 836
1647690 839
1647700 842
1647710 842
1647720 845
1647730 848
1647740 848
1647750 850
1647760 853
1647770 853
1647780 856
1647790 858
1647800 858
1647810 861
1647820 862
1647830 865
1647840 865
1647850 868
1647860 870
1647870 870
1647880 873
1647890 876
1647900 876
1647910 878
1647920 880
1647930 880
1647940 882
1647950 884
1647960 884
1647970 886
1647980 888
1647990 888
1648000 889
1648010 890
1648020 890
1648030 892
1648040 893
1648050 894
1648060 894
1648070 896
1648080 897
1648090 897
1648100 898
1648110 900
1648120 900
1648130 901
1648140 901
1648150 901
1648160 902
1648170 903
1648180 903
1648190 905
1648200 906
1648210 906
1648220 907
1648230 907
1648240 906
1648250 906
1648260 904
1648270 903
1648280 903
1648290 903
1648300 903
1648310 903
1648320 904
1648330 906
1648340 906
1648350 908
1648360 911
1648370 911
1648380 913
1648390 916
1648400 916
1648410 918
1648420 920
1648430 922
1648440 922
1648450 923
1648460 924
1648470 924
1648480 925
1648490 925
1648500 925
1648510 927
1648520 929
1648530 929
1648540 932
1648550 935
1648560 935
1648570 937
1648580 939
1648590 939
1648600 942
1648610 944
1648620 944
1648630 946
1648640 948
1648650 949
1648660 949
1648670 949
1648680 950
1648690 950
1648700 950
1648710 951
1648720 951
1648730 953
1648740 955
1648750 955
1648760 957
1648770 960
1648780 960
1648790 962
1648800 966
1648810 966
1648820 969
1648830 973
1648840 977
1648850 977
1648860 980
1648870 983
1648880 983
1648890 987
1648900 990
1648910 990
1648920 993
1648930 996
1648940 996
1648950 999
1648960 1002
1648970 1002
1648980 1005
1648990 1008
1649000 1008
1649010 1011
1649020 1014
1649030 1017
1649040 1017
1649050 1020
1649060 1022
1649070 1022
1649080 1025
1649090 1028
1649100 1028
1649110 1030
1649120 1032
1649130 1032
1649140 1035
1649150 1037
1649160 1037
1649170 1040
1649180 1042
1649190 1042
1649200 1044
1649210 1046
1649220 1046
1649230 1048
1649240 1050
1649250 1053
1649260 1053
1649270 1055
1649280 1058
1649290 1058
1649300 1061
1649310 1064
1649320 1064
1649330 1067
1649340 1070
1649350 1070
1649360 1073
1649370 1077
1649380 1077
1649390 1080
1649400 1083
1649410 1083
1649420 1086
1649430 1088
1649440 1091
1649450 1091
1649460 1094
1649470 1097
1649480 1097
1649490 1100
1649500 1103
1649510 1103
1649520 1106
1649530 1109
1649540 1109
1649550 1112
1649560 1114
1649570 1114
1649580 1116
1649590 1118
1649600 1118
1649610 1120
1649620 1122
1649630 1123
1649640 1123
1649650 1125
1649660 1127
1649670 1127
1649680 1129
1649690 1131
1649700 1131
1649710 1133
1649720 1135
1649730 1135
1649740 1137
1649750 1138
1649760 1138
1649770 1140
1649780 1141
1649790 1141
1649800 1142
1649810 1143
1649820 1143
1649830 1144
1649840 1144
1649850 1143
1649860 1143
1649870 1143
1649880 1142
1649890 1142
1649900 1141
1649910 1139
1649920 1139
1649930 1138
1649940 1137
1649950 1137
1649960 1135
1649970 1134
1649980 1134
1649990 1133
1650000 1132
1650010 1132
1650020 1131
1650030 1130
1650040 1129
1650050 1129
1650060 1129
1650070 1128
1650080 1128
1650090 1127
1650100 1127
1650110 1127
1650120 1127
1650130 1130
1650140 1130
1650150 1129
1650160 1129
1650170 1129
1650180 1129
1650190 1129
1650200 1129
1650210 1129
1650220 1128
1650230 1128
1650240 1128
1650250 1126
1650260 1124
1650270 1124
1650280 1123
1650290 1122
1650300 1122
1650310 1122
1650320 1123
1650330 1123
1650340 1125
1650350 1126
1650360 1126
1650370 1128
1650380 1130
1650390 1130
1650400 1131
1650410 1133
1650420 1133
1650430 1134
1650440 1134
1650450 1135
1650460 1135
1650470 1136
1650480 1136
1650490 1136
1650500 1136
1650510 1137
1650520 1137
1650530 1137
1650540 1137
1650550 1137
1650560 1137
1650570 1137
1650580 1137
1650590 1138
1650600 1138
1650610 1138
1650620 1138
1650630 1137
1650640 1137
1650650 1137
1650660 1137
1650670 1136
1650680 1136
1650690 1136
1650700 1135
1650710 1135
1650720 1135
1650730 1135
1650740 1135
1650750 1135
1650760 1136
1650770 1136
1650780 1136
1650790 1137
1650800 1137
1650810 1137
1650820 1138
1650830 1139
1650840 1139
1650850 1140
1650860 1140
1650870 1140
1650880 1141
1650890 1142
1650900 1144
1650910 1145
1650920 1146
1650930 1146
1650940 1145
1650950 1145
1650960 1145
1650970 1143
1650980 1141
1650990 1141
1651000 1139
1651010 1136
1651020 1136
1651030 1133
1651040 1130
1651050 1126
1651060 1126
1651070 1121
1651080 1117
1651090 1117
1651100 1113
1651110 1109
1651120 1109
1651130 1106
1651140 1102
1651150 1102
1651160 1098
1651170 1094
1651180 1094
1651190 1090
1651200 1087
1651210 1087
1651220 1084
1651230 1081
1651240 1077
1651250 1077
1651260 1075
1651270 1072
1651280 1072
1651290 1068
1651300 1065
1651310 1065
1651320 1061
1651330 1058
1651340 1058
1651350 1054
1651360 1051
1651370 1051
1651380 1048
1651390 1045
1651400 1045
1651410 1043
1651420 1040
1651430 1038
1651440 1038
1651450 1036
1651460 1034
1651470 1034
1651480 1032
1651490 1031
1651500 1031
1651510 1030
1651520 1030
1651530 1030
1651540 1030
1651550 1031
1651560 1031
1651570 1032
1651580 1033
1651590 1033
1651600 1035
1651610 1035
1651620 1035
1651630 1036
1651640 1037
1651650 1043
1651660 1043
1651670 1043
1651680 1042
1651690 1042
1651700 1039
1651710 1034
1651720 1034
1651730 1029
1651740 1023
1651750 1023
1651760 1017
1651770 1012
1651780 1012
1651790 1010
1651800 1011
1651810 1011
1651820 1015
1651830 1020
1651840 1026
1651850 1026
1651860 1030
1651870 1032
1651880 1032
1651890 1032
1651900 1031
1651910 1031
1651920 1030
1651930 1029
1651940 1029
1651950 1029
1651960 1031
1651970 1031
1651980 1033
1651990 1035
1652000 1035
1652010 1037
1652020 1039
1652030 1042
1652040 1042
1652050 1044
1652060 1047
1652070 1047
1652080 1049
1652090 1051
1652100 1051
1652110 1053
1652120 1054
1652130 1054
1652140 1055
1652150 1056
1652160 1056
1652170 1057
1652180 1057
1652190 1057
1652200 1059
1652210 1060
1652220 1060
1652230 1062
1652240 1064
1652250 1065
1652260 1065
1652270 1067
1652280 1069
1652290 1069
1652300 1070
1652310 1071
1652320 1071
1652330 1073
1652340 1074
1652350 1074
1652360 1075
1652370 1077
1652380 1077
1652390 1079
1652400 1082
1652410 1080
1652420 1082
1652430 1085
1652440 1088
1652450 1088
1652460 1091
1652470 1094
1652480 1094
1652490 1097
1652500 1100
1652510 1100
1652520 1103
1652530 1106
1652540 1106
1652550 1109
1652560 1111
1652570 1111
1652580 1114
1652590 1117
1652600 1117
1652610 1120
1652620 1122
1652630 1125
1652640 1125
1652650 1128
1652660 1131
1652670 1131
1652680 1134
1652690 1137
1652700 1137
1652710 1140
1652720 1142
1652730 1142
1652740 1145
1652750 1148
1652760 1148
1652770 1152
1652780 1155
1652790 1155
1652800 1158
1652810 1162
1652820 1162
1652830 1165
1652840 1169
1652850 1172
1652860 1172
1652870 1175
1652880 1178
1652890 1178
1652900 1181
1652910 1184
1652920 1184
1652930 1188
1652940 1191
1652950 1191
1652960 1194
1652970 1197
1652980 1197
1652990 1200
1653000 1204
1653010 1204
1653020 1208
1653030 1211
1653040 1215
1653050 1215
1653060 1219
1653070 1223
1653080 1223
1653090 1228
1653100 1232
1653110 1232
1653120 1237
1653130 1241
1653140 1241
1653150 1245
1653160 1249
1653170 1249
1653180 1252
1653190 1255
1653200 1255
1653210 1258
1653220 1261
1653230 1265
1653240 1265
1653250 1269
1653260 1272
1653270 1272
1653280 1276
1653290 1279
1653300 1279
1653310 1282
1653320 1285
1653330 1285
1653340 1287
1653350 1290
1653360 1290
1653370 1291
1653380 1293
1653390 1293
1653400 1295
1653410 1296
1653420 1296
1653430 1298
1653440 1300
1653450 1301
1653460 1301
1653470 1303
1653480 1304
1653490 1304
1653500 1306
1653510 1307
1653520 1307
1653530 1309
1653540 1311
1653550 1311
1653560 1312
1653570 1314
1653580 1314
1653590 1316
1653600 1317
1653610 1317
1653620 1319
1653630 1320
1653640 1322
1653650 1322
1653660 1323
1653670 1324
1653680 1324
1653690 1326
1653700 1327
1653710 1327
1653720 1328
1653730 1329
1653740 1329
1653750 1330
1653760 1331
1653770 1331
1653780 1331
1653790 1332
1653800 1332
1653810 1332
1653820 1331
1653830 1331
1653840 1331
1653850 1330
1653860 1330
1653870 1330
1653880 1329
1653890 1329
1653900 1329
1653910 1330
1653920 1329
1653930 1329
1653940 1327
1653950 1325
1653960 1325
1653970 1323
1653980 1321
1653990 1321
1654000 1319
1654010 1316
1654020 1316
1654030 1313
1654040 1310
1654050 1307
1654060 1307
1654070 1303
1654080 1299
1654090 1299
1654100 1296
1654110 1292
1654120 1292
1654130 1287
1654140 1283
1654150 1283
1654160 1278
1654170 1274
1654180 1274
1654190 1269
1654200 1264
1654210 1264
1654220 1260
1654230 1256
1654240 1252
1654250 1252
1654260 1249
1654270 1247
1654280 1247
1654290 1244
1654300 1240
1654310 1240
1654320 1236
1654330 1233
1654340 1233
1654350 1229
1654360 1226
1654370 1226
1654380 1223
1654390 1221
1654400 1221
1654410 1220
1654420 1219
1654430 1217
1654440 1217
1654450 1215
1654460 1213
1654470 1213
1654480 1211
1654490 1210
1654500 1210
1654510 1210
1654520 1211
1654530 1211
1654540 1212
1654550 1213
1654560 1213
1654570 1215
1654580 1216
1654590 1216
1654600 1218
1654610 1220
1654620 1220
1654630 1222
1654640 1225
1654650 1227
1654660 1231
1654670 1233
1654680 1234
1654690 1234
1654700 1236
1654710 1237
1654720 1237
1654730 1237
1654740 1238
1654750 1238
1654760 1239
1654770 1240
1654780 1240
1654790 1241
1654800 1242
1654810 1242
1654820 1243
1654830 1243
1654840 1244
1654850 1244
1654860 1244
1654870 1244
1654880 1244
1654890 1245
1654900 1244
1654910 1244
1654920 1244
1654930 1242
1654940 1242
1654950 1240
1654960 1239
1654970 1239
1654980 1236
1654990 1234
1655000 1234
1655010 1231
1655020 1229
1655030 1227
1655040 1227
1655050 1224
1655060 1221
1655070 1221
1655080 1217
1655090 1213
1655100 1213
1655110 1209
1655120 1206
1655130 1206
1655140 1203
1655150 1200
1655160 1200
1655170 1197
1655180 1194
1655190 1194
1655200 1192
1655210 1189
1655220 1187
1655230 1187
1655240 1184
1655250 1181
1655260 1181
1655270 1178
1655280 1175
1655290 1175
1655300 1172
1655310 1169
1655320 1169
1655330 1168
1655340 1167
1655350 1167
1655360 1167
1655370 1168
1655380 1168
1655390 1169
1655400 1173
1655410 1173
1655420 1177
1655430 1181
1655440 1185
1655450 1185
1655460 1189
1655470 1193
1655480 1193
1655490 1196
1655500 1200
1655510 1200
1655520 1203
1655530 1206
1655540 1206
1655550 1209
1655560 1211
1655570 1211
1655580 1214
1655590 1217
1655600 1217
1655610 1219
1655620 1222
1655630 1224
1655640 1224
1655650 1226
1655660 1228
1655670 1228
1655680 1230
1655690 1233
1655700 1233
1655710 1235
1655720 1237
1655730 1237
1655740 1239
1655750 1241
1655760 1241
1655770 1243
1655780 1245
1655790 1245
1655800 1247
1655810 1248
1655820 1250
1655830 1250
1655840 1251
1655850 1252
1655860 1252
1655870 1254
1655880 1255
1655890 1255
1655900 1256
1655910 1257
1655920 1257
1655930 1257
1655940 1258
1655950 1258
1655960 1259
1655970 1259
1655980 1259
1655990 1260
1656000 1260
1656010 1260
1656020 1261
1656030 1261
1656040 1261
1656050 1261
1656060 1260
1656070 1261
1656080 1261
1656090 1261
1656100 1261
1656110 1261
1656120 1262
1656130 1262
1656140 1265
1656150 1265
1656160 1265
1656170 1265
1656180 1265
1656190 1265
1656200 1265
1656210 1264
1656220 1264
1656230 1263
1656240 1263
1656250 1263
1656260 1262
1656270 1262
1656280 1261
1656290 1261
1656300 1261
1656310 1260
1656320 1259
1656330 1259
1656340 1258
1656350 1257
1656360 1257
1656370 1256
1656380 1254
1656390 1254
1656400 1252
1656410 1249
1656420 1246
1656430 1246
1656440 1242
1656450 1239
1656460 1239
1656470 1236
1656480 1233
1656490 1233
1656500 1230
1656510 1228
1656520 1228
1656530 1225
1656540 1223
1656550 1223
1656560 1222
1656570 1221
1656580 1221
1656590 1221
1656600 1221
1656610 1221
1656620 1221
1656630 1221
1656640 1221
1656650 1221
1656660 1221
1656670 1220
1656680 1220
1656690 1219
1656700 1217
1656710 1217
1656720 1216
1656730 1214
1656740 1214
1656750 1212
1656760 1210
1656770 1210
1656780 1207
1656790 1204
1656800 1204
1656810 1200
1656820 1195
1656830 1189
1656840 1189
1656850 1185
1656860 1183
1656870 1185
1656880 1183
1656890 1182
1656900 1182
1656910 1180
1656920 1179
1656930 1179
1656940 1178
1656950 1176
1656960 1176
1656970 1175
1656980 1175
1656990 1175
1657000 1174
1657010 1176
1657020 1178
1657030 1178
1657040 1182
1657050 1186
1657060 1186
1657070 1190
1657080 1193
1657090 1193
1657100 1196
1657110 1199
1657120 1199
1657130 1201
1657140 1204
1657150 1204
1657160 1206
1657170 1208
1657180 1208
1657190 1211
1657200 1214
1657210 1214
1657220 1217
1657230 1220
1657240 1222
1657250 1222
1657260 1225
1657270 1227
1657280 1227
1657290 1229
1657300 1231
1657310 1231
1657320 1233
1657330 1236
1657340 1236
1657350 1238
1657360 1239
1657370 1239
1657380 1240
1657390 1241
1657400 1241
1657410 1241
1657420 1241
1657430 1241
1657440 1241
1657450 1241
1657460 1241
1657470 1241
1657480 1240
1657490 1240
1657500 1240
1657510 1239
1657520 1237
1657530 1237
1657540 1235
1657550 1233
1657560 1233
1657570 1230
1657580 1227
1657590 1227
1657600 1223
1657610 1220
1657620 1216
1657630 1216
1657640 1213
1657650 1210
1657660 1210
1657670 1208
1657680 1205
1657690 1205
1657700 1203
1657710 1201
1657720 1201
1657730 1198
1657740 1196
1657750 1196
1657760 1193
1657770 1190
1657780 1190
1657790 1186
1657800 1182
1657810 1182
1657820 1178
1657830 1175
1657840 1171
1657850 1171
1657860 1168
1657870 1165
1657880 1165
1657890 1163
1657900 1161
1657910 1161
1657920 1159
1657930 1157
1657940 1157
1657950 1154
1657960 1149
1657970 1149
1657980 1144
1657990 1139
1658000 1139
1658010 1135
1658020 1131
1658030 1128
1658040 1128
1658050 1125
1658060 1123
1658070 1123
1658080 1120
1658090 1118
1658100 1118
1658110 1115
1658120 1112
1658130 1112
1658140 1109
1658150 1106
1658160 1106
1658170 1103
1658180 1100
1658190 1100
1658200 1099
1658210 1101
1658220 1105
1658230 1105
1658240 1109
1658250 1114
1658260 1114
1658270 1118
1658280 1122
1658290 1122
1658300 1126
1658310 1131
1658320 1131
1658330 1135
1658340 1138
1658350 1138
1658360 1141
1658370 1144
1658380 1144
1658390 1146
1658400 1148
1658410 1148
1658420 1149
1658430 1150
1658440 1151
1658450 1151
1658460 1152
1658470 1153
1658480 1153
1658490 1153
1658500 1153
1658510 1153
1658520 1153
1658530 1152
1658540 1152
1658550 1151
1658560 1150
1658570 1150
1658580 1149
1658590 1148
1658600 1148
1658610 1147
1658620 1145
1658630 1143
1658640 1143
1658650 1141
1658660 1139
1658670 1139
1658680 1137
1658690 1135
1658700 1135
1658710 1133
1658720 1131
1658730 1131
1658740 1130
1658750 1129
1658760 1129
1658770 1126
1658780 1124
1658790 1124
1658800 1122
1658810 1121
1658820 1119
1658830 1119
1658840 1118
1658850 1117
1658860 1117
1658870 1116
1658880 1115
1658890 1115
1658900 1114
1658910 1113
1658920 1113
1658930 1112
1658940 1111
1658950 1111
1658960 1110
1658970 1110
1658980 1110
1658990 1110
1659000 1109
1659010 1109
1659020 1109
1659030 1109
1659040 1109
1659050 1109
1659060 1111
1659070 1111
1659080 1111
1659090 1111
1659100 1110
1659110 1110
1659120 1109
1659130 1109
1659140 1109
1659150 1108
1659160 1108
1659170 1108
1659180 1109
1659190 1109
1659200 1109
1659210 1110
1659220 1110
1659230 1110
1659240 1110
1659250 1110
1659260 1110
1659270 1110
1659280 1109
1659290 1109
1659300 1109
1659310 1107
1659320 1105
1659330 1105
1659340 1103
1659350 1100
1659360 1100
1659370 1097
1659380 1095
1659390 1095
1659400 1093
1659410 1091
1659420 1091
1659430 1090
1659440 1088
1659450 1086
1659460 1086
1659470 1085
1659480 1083
1659490 1083
1659500 1081
1659510 1079
1659520 1079
1659530 1078
1659540 1077
1659550 1077
1659560 1076
1659570 1076
1659580 1076
1659590 1076
1659600 1076
1659610 1076
1659620 1077
1659630 1077
1659640 1078
1659650 1078
1659660 1079
1659670 1080
1659680 1080
1659690 1081
1659700 1081
1659710 1081
1659720 1082
1659730 1083
1659740 1083
1659750 1084
1659760 1086
1659770 1086
1659780 1088
1659790 1089
1659800 1089
1659810 1090
1659820 1091
1659830 1092
1659840 1092
1659850 1093
1659860 1094
1659870 1094
1659880 1095
1659890 1096
1659900 1096
1659910 1097
1659920 1097
1659930 1097
1659940 1098
1659950 1098
1659960 1098
1659970 1099
1659980 1098
1659990 1098
