1640000 1223
1640010 1222
1640020 1222
1640030 1221
1640040 1221
1640050 1221
1640060 1220
1640070 1219
1640080 1219
1640090 1217
1640100 1215
1640110 1215
1640120 1214
1640130 1212
1640140 1212
1640150 1211
1640160 1209
1640170 1208
1640180 1208
1640190 1207
1640200 1204
1640210 1204
1640220 1202
1640230 1200
1640240 1200
1640250 1197
1640260 1195
1640270 1195
1640280 1193
1640290 1191
1640300 1191
1640310 1188
1640320 1185
1640330 1185
1640340 1183
1640350 1180
1640360 1180
1640370 1177
1640380 1175
1640390 1172
1640400 1172
1640410 1168
1640420 1165
1640430 1165
1640440 1162
1640450 1159
1640460 1159
1640470 1155
1640480 1150
1640490 1150
1640500 1145
1640510 1140
1640520 1140
1640530 1135
1640540 1130
1640550 1130
1640560 1125
1640570 1120
1640580 1115
1640590 1115
1640600 1110
1640610 1106
1640620 1106
1640630 1102
1640640 1099
1640650 1099
1640660 1096
1640670 1093
1640680 1093
1640690 1091
1640700 1088
1640710 1088
1640720 1087
1640730 1087
1640740 1087
1640750 1087
1640760 1088
1640770 1088
1640780 1088
1640790 1089
1640800 1091
1640810 1091
1640820 1096
1640830 1096
1640840 1096
1640850 1095
1640860 1093
1640870 1093
1640880 1092
1640890 1090
1640900 1090
1640910 1088
1640920 1086
1640930 1086
1640940 1083
1640950 1079
1640960 1079
1640970 1076
1640980 1072
1640990 1069
1641000 1069
1641010 1065
1641020 1061
1641030 1061
1641040 1057
1641050 1053
1641060 1053
1641070 1049
1641080 1046
1641090 1046
1641100 1042
1641110 1039
1641120 1039
1641130 1036
1641140 1034
1641150 1034
1641160 1032
1641170 1031
1641180 1030
1641190 1030
1641200 1029
1641210 1028
1641220 1028
1641230 1028
1641240 1028
1641250 1028
1641260 1028
1641270 1028
1641280 1028
1641290 1029
1641300 1030
1641310 1030
1641320 1031
1641330 1032
1641340 1032
1641350 1033
1641360 1034
1641370 1034
1641380 1035
1641390 1036
1641400 1037
1641410 1037
1641420 1037
1641430 1037
1641440 1037
1641450 1036
1641460 1034
1641470 1034
1641480 1032
1641490 1030
1641500 1030
1641510 1028
1641520 1026
1641530 1026
1641540 1024
1641550 1023
1641560 1023
1641570 1021
1641580 1020
1641590 1020
1641600 1020
1641610 1020
1641620 1024
1641630 1024
1641640 1024
1641650 1024
1641660 1024
1641670 1024
1641680 1023
1641690 1023
1641700 1022
1641710 1021
1641720 1021
1641730 1021
1641740 1020
1641750 1020
1641760 1020
1641770 1020
1641780 1020
1641790 1020
1641800 1019
1641810 1018
1641820 1018
1641830 1017
1641840 1016
1641850 1016
1641860 1015
1641870 1014
1641880 1014
1641890 1012
1641900 1011
1641910 1011
1641920 1009
1641930 1008
1641940 1008
1641950 1006
1641960 1005
1641970 1005
1641980 1003
1641990 1002
1642000 1000
1642010 1000
1642020 999
1642030 998
1642040 998
1642050 996
1642060 994
1642070 994
1642080 991
1642090 988
1642100 988
1642110 985
1642120 983
1642130 983
1642140 979
1642150 976
1642160 976
1642170 975
1642180 974
1642190 973
1642200 973
1642210 972
1642220 970
1642230 970
1642240 968
1642250 966
1642260 966
1642270 964
1642280 961
1642290 961
1642300 959
1642310 957
1642320 957
1642330 956
1642340 955
1642350 955
1642360 956
1642370 958
1642380 958
1642390 960
1642400 961
1642410 961
1642420 961
1642430 961
1642440 956
1642450 956
1642460 952
1642470 948
1642480 948
1642490 944
1642500 939
1642510 939
1642520 935
1642530 931
1642540 931
1642550 926
1642560 922
1642570 922
1642580 919
1642590 916
1642600 913
1642610 913
1642620 911
1642630 908
1642640 908
1642650 905
1642660 902
1642670 902
1642680 900
1642690 898
1642700 898
1642710 896
1642720 894
1642730 894
1642740 893
1642750 891
1642760 891
1642770 889
1642780 887
1642790 887
1642800 886
1642810 883
1642820 880
1642830 880
1642840 877
1642850 873
1642860 873
1642870 869
1642880 864
1642890 864
1642900 860
1642910 855
1642920 855
1642930 850
1642940 845
1642950 845
1642960 841
1642970 836
1642980 836
1642990 832
1643000 828
1643010 824
1643020 824
1643030 820
1643040 815
1643050 815
1643060 811
1643070 807
1643080 807
1643090 804
1643100 801
1643110 801
1643120 800
1643130 798
1643140 798
1643150 797
1643160 796
1643170 796
1643180 795
1643190 793
1643200 793
1643210 792
1643220 791
1643230 793
1643240 793
1643250 792
1643260 791
1643270 791
1643280 790
1643290 788
1643300 788
1643310 787
1643320 785
1643330 785
1643340 784
1643350 784
1643360 784
1643370 784
1643380 784
1643390 784
1643400 783
1643410 783
1643420 783
1643430 783
1643440 782
1643450 782
1643460 782
1643470 781
1643480 781
1643490 781
1643500 781
1643510 781
1643520 781
1643530 780
1643540 780
1643550 780
1643560 780
1643570 780
1643580 780
1643590 780
1643600 780
1643610 780
1643620 780
1643630 780
1643640 780
1643650 780
1643660 779
1643670 779
1643680 779
1643690 779
1643700 779
1643710 779
1643720 780
1643730 780
1643740 780
1643750 780
1643760 780
1643770 780
1643780 780
1643790 780
1643800 780
1643810 781
1643820 781
1643830 781
1643840 781
1643850 781
1643860 780
1643870 780
1643880 780
1643890 780
1643900 780
1643910 779
1643920 779
1643930 779
1643940 778
1643950 777
1643960 777
1643970 775
1643980 774
1643990 774
1644000 772
1644010 770
1644020 769
1644030 769
1644040 769
1644050 768
1644060 768
1644070 769
1644080 769
1644090 769
1644100 770
1644110 770
1644120 770
1644130 769
1644140 768
1644150 768
1644160 766
1644170 763
1644180 763
1644190 761
1644200 759
1644210 759
1644220 757
1644230 755
1644240 753
1644250 753
1644260 752
1644270 751
1644280 751
1644290 750
1644300 748
1644310 748
1644320 747
1644330 745
1644340 745
1644350 743
1644360 742
1644370 742
1644380 742
1644390 741
1644400 741
1644410 741
1644420 740
1644430 739
1644440 739
1644450 739
1644460 739
1644470 739
1644480 740
1644490 740
1644500 740
1644510 740
1644520 740
1644530 740
1644540 740
1644550 739
1644560 739
1644570 739
1644580 738
1644590 738
1644600 738
1644610 737
1644620 737
1644630 737
1644640 737
1644650 736
1644660 736
1644670 736
1644680 736
1644690 736
1644700 736
1644710 735
1644720 735
1644730 735
1644740 735
1644750 735
1644760 735
1644770 735
1644780 735
1644790 734
1644800 734
1644810 734
1644820 734
1644830 734
1644840 734
1644850 734
1644860 734
1644870 734
1644880 734
1644890 734
1644900 734
1644910 734
1644920 734
1644930 734
1644940 734
1644950 733
1644960 734
1644970 734
1644980 735
1644990 736
1645000 736
1645010 736
1645020 737
1645030 740
1645040 740
1645050 743
1645060 746
1645070 746
1645080 749
1645090 752
1645100 752
1645110 754
1645120 757
1645130 757
1645140 759
1645150 762
1645160 762
1645170 764
1645180 767
1645190 767
1645200 769
1645210 771
1645220 771
1645230 773
1645240 774
1645250 775
1645260 775
1645270 775
1645280 776
1645290 776
1645300 776
1645310 776
1645320 776
1645330 776
1645340 776
1645350 776
1645360 776
1645370 776
1645380 776
1645390 776
1645400 776
1645410 776
1645420 776
1645430 775
1645440 775
1645450 775
1645460 774
1645470 773
1645480 773
1645490 773
1645500 773
1645510 773
1645520 772
1645530 773
1645540 773
1645550 773
1645560 774
1645570 774
1645580 774
1645590 775
1645600 775
1645610 775
1645620 775
1645630 776
1645640 776
1645650 777
1645660 778
1645670 778
1645680 781
1645690 784
1645700 784
1645710 788
1645720 792
1645730 792
1645740 796
1645750 800
1645760 800
1645770 804
1645780 808
1645790 808
1645800 811
1645810 813
1645820 813
1645830 815
1645840 817
1645850 820
1645860 820
1645870 822
1645880 825
1645890 825
1645900 827
1645910 830
1645920 830
1645930 832
1645940 834
1645950 834
1645960 836
1645970 839
1645980 839
1645990 842
1646000 845
1646010 845
1646020 849
1646030 852
1646040 855
1646050 855
1646060 858
1646070 860
1646080 860
1646090 862
1646100 864
1646110 864
1646120 865
1646130 867
1646140 867
1646150 870
1646160 873
1646170 873
1646180 876
1646190 879
1646200 879
1646210 880
1646220 881
1646230 881
1646240 882
1646250 883
1646260 885
1646270 885
1646280 885
1646290 886
1646300 886
1646310 885
1646320 884
1646330 884
1646340 883
1646350 882
1646360 882
1646370 880
1646380 878
1646390 882
1646400 880
1646410 879
1646420 879
1646430 877
1646440 876
1646450 876
1646460 876
1646470 875
1646480 875
1646490 875
1646500 875
1646510 875
1646520 875
1646530 874
1646540 874
1646550 874
1646560 873
1646570 872
1646580 872
1646590 870
1646600 867
1646610 867
1646620 865
1646630 862
1646640 862
1646650 858
1646660 854
1646670 850
1646680 850
1646690 845
1646700 840
1646710 840
1646720 836
1646730 831
1646740 831
1646750 826
1646760 822
1646770 822
1646780 820
1646790 823
1646800 823
1646810 827
1646820 832
1646830 832
1646840 836
1646850 841
1646860 846
1646870 846
1646880 851
1646890 855
1646900 855
1646910 860
1646920 865
1646930 865
1646940 871
1646950 876
1646960 876
1646970 882
1646980 887
1646990 887
1647000 892
1647010 898
1647020 898
1647030 904
1647040 910
1647050 917
1647060 917
1647070 924
1647080 931
1647090 931
1647100 937
1647110 943
1647120 943
1647130 949
1647140 954
1647150 954
1647160 959
1647170 959
1647180 959
1647190 962
1647200 964
1647210 964
1647220 966
1647230 968
1647240 968
1647250 969
1647260 969
1647270 970
1647280 970
1647290 970
1647300 970
1647310 970
1647320 971
1647330 971
1647340 971
1647350 971
1647360 972
1647370 972
1647380 973
1647390 974
1647400 974
1647410 975
1647420 976
1647430 976
1647440 977
1647450 979
1647460 980
1647470 980
1647480 982
1647490 984
1647500 984
1647510 986
1647520 989
1647530 989
1647540 992
1647550 995
1647560 995
1647570 999
1647580 1003
1647590 1003
1647600 1006
1647610 1010
1647620 1010
1647630 1012
1647640 1014
1647650 1014
1647660 1016
1647670 1017
1647680 1017
1647690 1017
1647700 1018
1647710 1018
1647720 1018
1647730 1018
1647740 1016
1647750 1016
1647760 1014
1647770 1011
1647780 1011
1647790 1008
1647800 1008
1647810 1008
1647820 1008
1647830 1010
1647840 1010
1647850 1011
1647860 1012
1647870 1012
1647880 1012
1647890 1014
1647900 1015
1647910 1015
1647920 1016
1647930 1017
1647940 1017
1647950 1020
1647960 1021
1647970 1021
1647980 1022
1647990 1023
1648000 1023
1648010 1024
1648020 1026
1648030 1026
1648040 1027
1648050 1028
1648060 1030
1648070 1030
1648080 1031
1648090 1032
1648100 1032
1648110 1033
1648120 1034
1648130 1034
1648140 1035
1648150 1036
1648160 1036
1648170 1038
1648180 1039
1648190 1039
1648200 1040
1648210 1041
1648220 1041
1648230 1042
1648240 1043
1648250 1043
1648260 1043
1648270 1044
1648280 1045
1648290 1045
1648300 1045
1648310 1045
1648320 1045
1648330 1045
1648340 1046
1648350 1046
1648360 1046
1648370 1047
1648380 1047
1648390 1048
1648400 1049
1648410 1049
1648420 1051
1648430 1052
1648440 1052
1648450 1054
1648460 1055
1648470 1057
1648480 1057
1648490 1058
1648500 1060
1648510 1060
1648520 1061
1648530 1063
1648540 1063
1648550 1064
1648560 1066
1648570 1066
1648580 1067
1648590 1068
1648600 1068
1648610 1069
1648620 1070
1648630 1070
1648640 1071
1648650 1071
1648660 1071
1648670 1072
1648680 1072
1648690 1073
1648700 1073
1648710 1073
1648720 1077
1648730 1077
1648740 1077
1648750 1077
1648760 1077
1648770 1078
1648780 1078
1648790 1078
1648800 1079
1648810 1080
1648820 1080
1648830 1081
1648840 1082
1648850 1082
1648860 1083
1648870 1083
1648880 1085
1648890 1085
1648900 1086
1648910 1087
1648920 1087
1648930 1088
1648940 1090
1648950 1090
1648960 1091
1648970 1092
1648980 1092
1648990 1093
1649000 1095
1649010 1095
1649020 1096
1649030 1098
1649040 1098
1649050 1099
1649060 1101
1649070 1101
1649080 1102
1649090 1103
1649100 1103
1649110 1103
1649120 1104
1649130 1104
1649140 1104
1649150 1103
1649160 1103
1649170 1103
1649180 1103
1649190 1102
1649200 1102
1649210 1101
1649220 1101
1649230 1101
1649240 1100
1649250 1100
1649260 1100
1649270 1101
1649280 1101
1649290 1100
1649300 1100
1649310 1100
1649320 1099
1649330 1099
1649340 1098
1649350 1097
1649360 1097
1649370 1096
1649380 1095
1649390 1095
1649400 1095
1649410 1095
1649420 1095
1649430 1094
1649440 1094
1649450 1094
1649460 1093
1649470 1093
1649480 1093
1649490 1096
1649500 1096
1649510 1096
1649520 1096
1649530 1096
1649540 1097
1649550 1097
1649560 1098
1649570 1099
1649580 1099
1649590 1099
1649600 1100
1649610 1100
1649620 1101
1649630 1102
1649640 1102
1649650 1103
1649660 1104
1649670 1104
1649680 1105
1649690 1106
1649700 1107
1649710 1107
1649720 1108
1649730 1109
1649740 1109
1649750 1109
1649760 1110
1649770 1110
1649780 1111
1649790 1112
1649800 1112
1649810 1112
1649820 1113
1649830 1113
1649840 1112
1649850 1112
1649860 1112
1649870 1111
1649880 1111
1649890 1110
1649900 1110
1649910 1110
1649920 1109
1649930 1109
1649940 1109
1649950 1109
1649960 1109
1649970 1109
1649980 1109
1649990 1109
1650000 1109
1650010 1109
1650020 1109
1650030 1109
1650040 1109
1650050 1109
1650060 1110
1650070 1110
1650080 1110
1650090 1110
1650100 1111
1650110 1111
1650120 1111
1650130 1111
1650140 1111
1650150 1111
1650160 1111
1650170 1110
1650180 1110
1650190 1109
1650200 1108
1650210 1108
1650220 1107
1650230 1104
1650240 1104
1650250 1101
1650260 1100
1650270 1100
1650280 1097
1650290 1093
1650300 1090
1650310 1090
1650320 1087
1650330 1084
1650340 1084
1650350 1080
1650360 1078
1650370 1078
1650380 1075
1650390 1072
1650400 1072
1650410 1069
1650420 1065
1650430 1065
1650440 1060
1650450 1052
1650460 1052
1650470 1044
1650480 1036
1650490 1027
1650500 1027
1650510 1020
1650520 1013
1650530 1013
1650540 1006
1650550 1000
1650560 1000
1650570 994
1650580 988
1650590 988
1650600 983
1650610 978
1650620 978
1650630 973
1650640 969
1650650 969
1650660 965
1650670 962
1650680 962
1650690 960
1650700 958
1650710 957
1650720 957
1650730 957
1650740 958
1650750 958
1650760 958
1650770 957
1650780 957
1650790 953
1650800 947
1650810 947
1650820 940
1650830 932
1650840 932
1650850 924
1650860 917
1650870 917
1650880 911
1650890 907
1650900 906
1650910 906
1650920 906
1650930 908
1650940 908
1650950 909
1650960 911
1650970 911
1650980 913
1650990 915
1651000 915
1651010 916
1651020 915
1651030 915
1651040 916
1651050 917
1651060 917
1651070 919
1651080 920
1651090 920
1651100 922
1651110 924
1651120 927
1651130 927
1651140 929
1651150 933
1651160 933
1651170 936
1651180 940
1651190 940
1651200 944
1651210 948
1651220 948
1651230 951
1651240 955
1651250 955
1651260 959
1651270 963
1651280 963
1651290 967
1651300 971
1651310 976
1651320 976
1651330 980
1651340 984
1651350 984
1651360 988
1651370 992
1651380 992
1651390 996
1651400 1000
1651410 1000
1651420 1005
1651430 1008
1651440 1008
1651450 1010
1651460 1013
1651470 1013
1651480 1015
1651490 1018
1651500 1018
1651510 1020
1651520 1022
1651530 1025
1651540 1025
1651550 1027
1651560 1029
1651570 1029
1651580 1031
1651590 1033
1651600 1033
1651610 1034
1651620 1036
1651630 1036
1651640 1038
1651650 1040
1651660 1040
1651670 1042
1651680 1044
1651690 1044
1651700 1047
1651710 1049
1651720 1051
1651730 1051
1651740 1054
1651750 1055
1651760 1055
1651770 1057
1651780 1054
1651790 1054
1651800 1056
1651810 1058
1651820 1058
1651830 1060
1651840 1062
1651850 1062
1651860 1064
1651870 1066
1651880 1066
1651890 1067
1651900 1067
1651910 1068
1651920 1068
1651930 1068
1651940 1068
1651950 1068
1651960 1068
1651970 1068
1651980 1068
1651990 1068
1652000 1068
1652010 1068
1652020 1068
1652030 1067
1652040 1067
1652050 1067
1652060 1067
1652070 1067
1652080 1067
1652090 1066
1652100 1066
1652110 1064
1652120 1063
1652130 1061
1652140 1061
1652150 1060
1652160 1060
1652170 1060
1652180 1061
1652190 1062
1652200 1062
1652210 1062
1652220 1063
1652230 1063
1652240 1063
1652250 1063
1652260 1063
1652270 1064
1652280 1067
1652290 1067
1652300 1070
1652310 1072
1652320 1073
1652330 1073
1652340 1075
1652350 1075
1652360 1075
1652370 1076
1652380 1076
1652390 1076
1652400 1077
1652410 1077
1652420 1077
1652430 1077
1652440 1077
1652450 1077
1652460 1077
1652470 1077
1652480 1077
1652490 1078
1652500 1079
1652510 1079
1652520 1080
1652530 1082
1652540 1083
1652550 1083
1652560 1086
1652570 1090
1652580 1090
1652590 1096
1652600 1102
1652610 1102
1652620 1107
1652630 1113
1652640 1113
1652650 1118
1652660 1123
1652670 1123
1652680 1128
1652690 1133
1652700 1133
1652710 1138
1652720 1142
1652730 1147
1652740 1147
1652750 1150
1652760 1150
1652770 1150
1652780 1148
1652790 1146
1652800 1146
1652810 1142
1652820 1138
1652830 1138
1652840 1134
1652850 1129
1652860 1129
1652870 1124
1652880 1119
1652890 1119
1652900 1115
1652910 1112
1652920 1112
1652930 1109
1652940 1105
1652950 1102
1652960 1102
1652970 1100
1652980 1097
1652990 1097
1653000 1095
1653010 1093
1653020 1093
1653030 1092
1653040 1091
1653050 1091
1653060 1091
1653070 1090
1653080 1090
1653090 1090
1653100 1090
1653110 1090
1653120 1090
1653130 1090
1653140 1090
1653150 1090
1653160 1091
1653170 1094
1653180 1094
1653190 1097
1653200 1102
1653210 1102
1653220 1107
1653230 1112
1653240 1112
1653250 1117
1653260 1122
1653270 1122
1653280 1127
1653290 1133
1653300 1133
1653310 1139
1653320 1144
1653330 1148
1653340 1148
1653350 1153
1653360 1159
1653370 1159
1653380 1166
1653390 1174
1653400 1174
1653410 1181
1653420 1189
1653430 1189
1653440 1196
1653450 1200
1653460 1200
1653470 1201
1653480 1198
1653490 1198
1653500 1195
1653510 1192
1653520 1192
1653530 1189
1653540 1186
1653550 1184
1653560 1184
1653570 1180
1653580 1177
1653590 1177
1653600 1173
1653610 1170
1653620 1170
1653630 1167
1653640 1164
1653650 1164
1653660 1162
1653670 1159
1653680 1159
1653690 1157
1653700 1155
1653710 1155
1653720 1153
1653730 1151
1653740 1149
1653750 1149
1653760 1146
1653770 1143
1653780 1143
1653790 1140
1653800 1137
1653810 1137
1653820 1133
1653830 1130
1653840 1130
1653850 1127
1653860 1126
1653870 1126
1653880 1129
1653890 1134
1653900 1134
1653910 1139
1653920 1145
1653930 1145
1653940 1152
1653950 1159
1653960 1166
1653970 1166
1653980 1175
1653990 1183
1654000 1183
1654010 1190
1654020 1197
1654030 1197
1654040 1208
1654050 1214
1654060 1214
1654070 1221
1654080 1228
1654090 1228
1654100 1235
1654110 1241
1654120 1241
1654130 1248
1654140 1255
1654150 1262
1654160 1262
1654170 1268
1654180 1274
1654190 1274
1654200 1279
1654210 1284
1654220 1284
1654230 1287
1654240 1291
1654250 1291
1654260 1294
1654270 1297
1654280 1297
1654290 1302
1654300 1306
1654310 1306
1654320 1311
1654330 1316
1654340 1321
1654350 1321
1654360 1324
1654370 1326
1654380 1326
1654390 1326
1654400 1323
1654410 1323
1654420 1319
1654430 1316
1654440 1316
1654450 1315
1654460 1314
1654470 1314
1654480 1312
1654490 1311
1654500 1311
1654510 1310
1654520 1310
1654530 1310
1654540 1311
1654550 1312
1654560 1313
1654570 1313
1654580 1314
1654590 1314
1654600 1314
1654610 1316
1654620 1317
1654630 1317
1654640 1320
1654650 1323
1654660 1323
1654670 1326
1654680 1328
1654690 1328
1654700 1331
1654710 1334
1654720 1334
1654730 1336
1654740 1338
1654750 1339
1654760 1339
1654770 1340
1654780 1340
1654790 1340
1654800 1342
1654810 1344
1654820 1344
1654830 1346
1654840 1348
1654850 1348
1654860 1350
1654870 1352
1654880 1352
1654890 1355
1654900 1357
1654910 1357
1654920 1360
1654930 1362
1654940 1362
1654950 1365
1654960 1368
1654970 1370
1654980 1370
1654990 1373
1655000 1376
1655010 1376
1655020 1378
1655030 1381
1655040 1381
1655050 1384
1655060 1387
1655070 1387
1655080 1390
1655090 1394
1655100 1394
1655110 1397
1655120 1401
1655130 1401
1655140 1404
1655150 1408
1655160 1412
1655170 1412
1655180 1416
1655190 1420
1655200 1420
1655210 1424
1655220 1428
1655230 1428
1655240 1432
1655250 1436
1655260 1436
1655270 1440
1655280 1444
1655290 1444
1655300 1447
1655310 1450
1655320 1450
1655330 1453
1655340 1457
1655350 1457
1655360 1460
1655370 1463
1655380 1467
1655390 1467
1655400 1470
1655410 1474
1655420 1474
1655430 1478
1655440 1481
1655450 1481
1655460 1485
1655470 1489
1655480 1489
1655490 1493
1655500 1497
1655510 1497
1655520 1502
1655530 1503
1655540 1503
1655550 1507
1655560 1511
1655570 1516
1655580 1516
1655590 1520
1655600 1525
1655610 1525
1655620 1530
1655630 1534
1655640 1534
1655650 1539
1655660 1543
1655670 1543
1655680 1546
1655690 1550
1655700 1550
1655710 1553
1655720 1557
1655730 1557
1655740 1561
1655750 1565
1655760 1569
1655770 1569
1655780 1572
1655790 1575
1655800 1575
1655810 1576
1655820 1578
1655830 1578
1655840 1578
1655850 1579
1655860 1579
1655870 1580
1655880 1580
1655890 1580
1655900 1580
1655910 1580
1655920 1580
1655930 1580
1655940 1581
1655950 1581
1655960 1581
1655970 1580
1655980 1580
1655990 1580
1656000 1579
1656010 1577
1656020 1577
1656030 1575
1656040 1573
1656050 1573
1656060 1570
1656070 1568
1656080 1568
1656090 1566
1656100 1563
1656110 1563
1656120 1560
1656130 1558
1656140 1558
1656150 1555
1656160 1552
1656170 1550
1656180 1550
1656190 1548
1656200 1546
1656210 1546
1656220 1544
1656230 1542
1656240 1542
1656250 1540
1656260 1538
1656270 1538
1656280 1536
1656290 1535
1656300 1535
1656310 1533
1656320 1531
1656330 1531
1656340 1530
1656350 1528
1656360 1528
1656370 1526
1656380 1524
1656390 1522
1656400 1522
1656410 1520
1656420 1518
1656430 1518
1656440 1516
1656450 1514
1656460 1514
1656470 1512
1656480 1510
1656490 1510
1656500 1507
1656510 1506
1656520 1506
1656530 1504
1656540 1502
1656550 1502
1656560 1500
1656570 1498
1656580 1496
1656590 1496
1656600 1494
1656610 1492
1656620 1492
1656630 1490
1656640 1488
1656650 1488
1656660 1485
1656670 1483
1656680 1483
1656690 1480
1656700 1478
1656710 1478
1656720 1476
1656730 1474
1656740 1474
1656750 1471
1656760 1469
1656770 1469
1656780 1467
1656790 1465
1656800 1463
1656810 1463
1656820 1461
1656830 1459
1656840 1459
1656850 1456
1656860 1454
1656870 1454
1656880 1452
1656890 1450
1656900 1450
1656910 1447
1656920 1445
1656930 1445
1656940 1443
1656950 1440
1656960 1440
1656970 1438
1656980 1435
1656990 1432
1657000 1432
1657010 1429
1657020 1427
1657030 1427
1657040 1424
1657050 1421
1657060 1421
1657070 1419
1657080 1416
1657090 1416
1657100 1414
1657110 1412
1657120 1412
1657130 1409
1657140 1405
1657150 1405
1657160 1402
1657170 1398
1657180 1395
1657190 1395
1657200 1392
1657210 1389
1657220 1389
1657230 1386
1657240 1384
1657250 1384
1657260 1381
1657270 1378
1657280 1378
1657290 1375
1657300 1372
1657310 1372
1657320 1369
1657330 1366
1657340 1366
1657350 1362
1657360 1360
1657370 1360
1657380 1357
1657390 1355
1657400 1352
1657410 1352
1657420 1349
1657430 1346
1657440 1346
1657450 1344
1657460 1340
1657470 1340
1657480 1337
1657490 1334
1657500 1334
1657510 1330
1657520 1327
1657530 1327
1657540 1323
1657550 1320
1657560 1320
1657570 1317
1657580 1314
1657590 1311
1657600 1311
1657610 1309
1657620 1307
1657630 1307
1657640 1305
1657650 1303
1657660 1303
1657670 1301
1657680 1301
1657690 1301
1657700 1300
1657710 1300
1657720 1300
1657730 1307
1657740 1308
1657750 1308
1657760 1310
1657770 1312
1657780 1312
1657790 1314
1657800 1315
1657810 1317
1657820 1317
1657830 1320
1657840 1323
1657850 1323
1657860 1327
1657870 1330
1657880 1330
1657890 1334
1657900 1337
1657910 1337
1657920 1339
1657930 1342
1657940 1342
1657950 1344
1657960 1346
1657970 1346
1657980 1348
1657990 1350
1658000 1352
1658010 1352
1658020 1354
1658030 1356
1658040 1356
1658050 1357
1658060 1358
1658070 1358
1658080 1359
1658090 1359
1658100 1359
1658110 1359
1658120 1359
1658130 1359
1658140 1359
1658150 1360
1658160 1360
1658170 1360
1658180 1360
1658190 1360
1658200 1360
1658210 1360
1658220 1360
1658230 1360
1658240 1359
1658250 1359
1658260 1359
1658270 1359
1658280 1358
1658290 1358
1658300 1358
1658310 1357
1658320 1357
1658330 1356
1658340 1355
1658350 1355
1658360 1354
1658370 1352
1658380 1352
1658390 1351
1658400 1349
1658410 1347
1658420 1347
1658430 1345
1658440 1343
1658450 1343
1658460 1341
1658470 1338
1658480 1338
1658490 1335
1658500 1333
1658510 1333
1658520 1330
1658530 1327
1658540 1327
1658550 1324
1658560 1321
1658570 1321
1658580 1318
1658590 1316
1658600 1314
1658610 1314
1658620 1311
1658630 1308
1658640 1308
1658650 1306
1658660 1303
1658670 1303
1658680 1300
1658690 1296
1658700 1296
1658710 1292
1658720 1287
1658730 1287
1658740 1282
1658750 1277
1658760 1277
1658770 1271
1658780 1264
1658790 1264
1658800 1258
1658810 1251
1658820 1245
1658830 1245
1658840 1244
1658850 1247
1658860 1247
1658870 1251
1658880 1253
1658890 1253
1658900 1257
1658910 1261
1658920 1261
1658930 1265
1658940 1269
1658950 1269
1658960 1274
1658970 1278
1658980 1278
1658990 1283
1659000 1287
1659010 1291
1659020 1291
1659030 1295
1659040 1299
1659050 1299
1659060 1304
1659070 1308
1659080 1308
1659090 1311
1659100 1314
1659110 1314
1659120 1317
1659130 1320
1659140 1320
1659150 1322
1659160 1325
1659170 1325
1659180 1328
1659190 1333
1659200 1333
1659210 1336
1659220 1338
1659230 1341
1659240 1341
1659250 1343
1659260 1345
1659270 1345
1659280 1347
1659290 1350
1659300 1350
1659310 1352
1659320 1354
1659330 1354
1659340 1356
1659350 1358
1659360 1358
1659370 1360
1659380 1363
1659390 1363
1659400 1365
1659410 1368
1659420 1370
1659430 1370
1659440 1373
1659450 1375
1659460 1375
1659470 1376
1659480 1378
1659490 1378
1659500 1379
1659510 1381
1659520 1381
1659530 1382
1659540 1383
1659550 1383
1659560 1384
1659570 1386
1659580 1386
1659590 1387
1659600 1388
1659610 1388
1659620 1390
1659630 1391
1659640 1392
1659650 1392
1659660 1393
1659670 1395
1659680 1395
1659690 1396
1659700 1397
1659710 1397
1659720 1399
1659730 1400
1659740 1400
1659750 1402
1659760 1403
1659770 1403
1659780 1405
1659790 1407
1659800 1407
1659810 1408
1659820 1410
1659830 1411
1659840 1411
1659850 1413
1659860 1414
1659870 1414
1659880 1415
1659890 1416
1659900 1416
1659910 1419
1659920 1419
1659930 1419
1659940 1420
1659950 1419
1659960 1419
1659970 1418
1659980 1416
1659990 1416
