1640000 1237
1640010 1237
1640020 1236
1640030 1234
1640040 1234
1640050 1233
1640060 1231
1640070 1231
1640080 1229
1640090 1227
1640100 1227
1640110 1225
1640120 1223
1640130 1221
1640140 1221
1640150 1219
1640160 1217
1640170 1217
1640180 1214
1640190 1212
1640200 1212
1640210 1210
1640220 1208
1640230 1208
1640240 1206
1640250 1204
1640260 1204
1640270 1202
1640280 1200
1640290 1200
1640300 1197
1640310 1195
1640320 1195
1640330 1193
1640340 1191
1640350 1188
1640360 1188
1640370 1186
1640380 1184
1640390 1184
1640400 1181
1640410 1179
1640420 1179
1640430 1177
1640440 1175
1640450 1175
1640460 1173
1640470 1170
1640480 1170
1640490 1168
1640500 1166
1640510 1166
1640520 1164
1640530 1162
1640540 1160
1640550 1160
1640560 1159
1640570 1157
1640580 1157
1640590 1155
1640600 1153
1640610 1153
1640620 1151
1640630 1148
1640640 1148
1640650 1146
1640660 1144
1640670 1144
1640680 1142
1640690 1139
1640700 1139
1640710 1137
1640720 1135
1640730 1135
1640740 1133
1640750 1130
1640760 1128
1640770 1128
1640780 1125
1640790 1123
1640800 1123
1640810 1120
1640820 1116
1640830 1119
1640840 1116
1640850 1113
1640860 1113
1640870 1110
1640880 1108
1640890 1108
1640900 1105
1640910 1102
1640920 1102
1640930 1100
1640940 1098
1640950 1096
1640960 1096
1640970 1094
1640980 1094
1640990 1094
1641000 1093
1641010 1093
1641020 1093
1641030 1092
1641040 1091
1641050 1091
1641060 1089
1641070 1087
1641080 1087
1641090 1086
1641100 1085
1641110 1085
1641120 1083
1641130 1082
1641140 1080
1641150 1080
1641160 1078
1641170 1077
1641180 1077
1641190 1076
1641200 1075
1641210 1075
1641220 1076
1641230 1076
1641240 1076
1641250 1076
1641260 1075
1641270 1075
1641280 1073
1641290 1072
1641300 1072
1641310 1070
1641320 1069
1641330 1069
1641340 1067
1641350 1066
1641360 1064
1641370 1064
1641380 1063
1641390 1062
1641400 1062
1641410 1061
1641420 1060
1641430 1060
1641440 1059
1641450 1058
1641460 1058
1641470 1057
1641480 1055
1641490 1055
1641500 1054
1641510 1053
1641520 1053
1641530 1051
1641540 1050
1641550 1049
1641560 1049
1641570 1047
1641580 1046
1641590 1046
1641600 1045
1641610 1043
1641620 1043
1641630 1042
1641640 1041
1641650 1041
1641660 1040
1641670 1039
1641680 1039
1641690 1037
1641700 1036
1641710 1036
1641720 1035
1641730 1034
1641740 1034
1641750 1033
1641760 1031
1641770 1030
1641780 1030
1641790 1029
1641800 1028
1641810 1028
1641820 1027
1641830 1026
1641840 1026
1641850 1025
1641860 1023
1641870 1023
1641880 1022
1641890 1020
1641900 1020
1641910 1019
1641920 1017
1641930 1017
1641940 1016
1641950 1014
1641960 1013
1641970 1013
1641980 1012
1641990 1010
1642000 1010
1642010 1009
1642020 1008
1642030 1008
1642040 1007
1642050 1006
1642060 1006
1642070 1005
1642080 1004
1642090 1004
1642100 1003
1642110 1002
1642120 1002
1642130 1001
1642140 1000
1642150 1000
1642160 999
1642170 997
1642180 996
1642190 996
1642200 994
1642210 991
1642220 991
1642230 989
1642240 986
1642250 986
1642260 984
1642270 981
1642280 981
1642290 980
1642300 979
1642310 979
1642320 979
1642330 980
1642340 980
1642350 982
1642360 984
1642370 985
1642380 985
1642390 985
1642400 985
1642410 985
1642420 983
1642430 981
1642440 979
1642450 977
1642460 974
1642470 974
1642480 972
1642490 970
1642500 970
1642510 967
1642520 965
1642530 965
1642540 961
1642550 958
1642560 955
1642570 955
1642580 952
1642590 950
1642600 950
1642610 947
1642620 943
1642630 943
1642640 940
1642650 937
1642660 937
1642670 933
1642680 930
1642690 930
1642700 927
1642710 924
1642720 924
1642730 922
1642740 919
1642750 919
1642760 916
1642770 914
1642780 912
1642790 912
1642800 910
1642810 909
1642820 909
1642830 907
1642840 905
1642850 905
1642860 904
1642870 902
1642880 902
1642890 900
1642900 898
1642910 898
1642920 896
1642930 894
1642940 894
1642950 893
1642960 891
1642970 890
1642980 890
1642990 888
1643000 886
1643010 886
1643020 884
1643030 882
1643040 882
1643050 880
1643060 878
1643070 878
1643080 875
1643090 872
1643100 872
1643110 870
1643120 866
1643130 866
1643140 862
1643150 859
1643160 859
1643170 855
1643180 851
1643190 847
1643200 847
1643210 844
1643220 841
1643230 841
1643240 837
1643250 834
1643260 834
1643270 832
1643280 829
1643290 829
1643300 826
1643310 823
1643320 823
1643330 820
1643340 817
1643350 817
1643360 814
1643370 810
1643380 806
1643390 806
1643400 801
1643410 796
1643420 796
1643430 793
1643440 789
1643450 789
1643460 786
1643470 782
1643480 782
1643490 779
1643500 777
1643510 777
1643520 775
1643530 775
1643540 775
1643550 774
1643560 774
1643570 774
1643580 773
1643590 773
1643600 773
1643610 773
1643620 773
1643630 772
1643640 772
1643650 772
1643660 772
1643670 772
1643680 772
1643690 771
1643700 771
1643710 771
1643720 771
1643730 771
1643740 771
1643750 770
1643760 770
1643770 770
1643780 769
1643790 769
1643800 769
1643810 769
1643820 768
1643830 768
1643840 768
1643850 768
1643860 768
1643870 768
1643880 768
1643890 768
1643900 767
1643910 767
1643920 767
1643930 767
1643940 766
1643950 766
1643960 766
1643970 765
1643980 764
1643990 764
1644000 763
1644010 762
1644020 762
1644030 762
1644040 761
1644050 761
1644060 761
1644070 761
1644080 761
1644090 761
1644100 761
1644110 761
1644120 760
1644130 760
1644140 760
1644150 759
1644160 759
1644170 759
1644180 758
1644190 757
1644200 757
1644210 757
1644220 756
1644230 755
1644240 755
1644250 754
1644260 753
1644270 753
1644280 751
1644290 749
1644300 749
1644310 747
1644320 744
1644330 744
1644340 742
1644350 741
1644360 741
1644370 741
1644380 741
1644390 741
1644400 741
1644410 741
1644420 741
1644430 741
1644440 741
1644450 741
1644460 741
1644470 740
1644480 739
1644490 739
1644500 739
1644510 738
1644520 738
1644530 737
1644540 737
1644550 737
1644560 736
1644570 736
1644580 736
1644590 736
1644600 736
1644610 736
1644620 736
1644630 736
1644640 736
1644650 736
1644660 736
1644670 736
1644680 736
1644690 736
1644700 736
1644710 736
1644720 735
1644730 735
1644740 735
1644750 736
1644760 736
1644770 736
1644780 736
1644790 738
1644800 739
1644810 739
1644820 741
1644830 744
1644840 744
1644850 745
1644860 747
1644870 747
1644880 748
1644890 749
1644900 749
1644910 750
1644920 751
1644930 751
1644940 751
1644950 752
1644960 752
1644970 752
1644980 753
1644990 753
1645000 753
1645010 755
1645020 757
1645030 757
1645040 760
1645050 764
1645060 764
1645070 768
1645080 771
1645090 771
1645100 774
1645110 776
1645120 776
1645130 778
1645140 779
1645150 779
1645160 781
1645170 782
1645180 782
1645190 783
1645200 783
1645210 784
1645220 784
1645230 784
1645240 784
1645250 784
1645260 784
1645270 784
1645280 784
1645290 785
1645300 785
1645310 785
1645320 785
1645330 784
1645340 784
1645350 784
1645360 784
1645370 784
1645380 783
1645390 783
1645400 783
1645410 783
1645420 782
1645430 782
1645440 782
1645450 781
1645460 781
1645470 781
1645480 781
1645490 781
1645500 781
1645510 782
1645520 782
1645530 782
1645540 782
1645550 782
1645560 782
1645570 783
1645580 783
1645590 783
1645600 784
1645610 784
1645620 785
1645630 785
1645640 786
1645650 787
1645660 787
1645670 788
1645680 790
1645690 790
1645700 793
1645710 796
1645720 796
1645730 801
1645740 805
1645750 805
1645760 809
1645770 814
1645780 814
1645790 818
1645800 822
1645810 826
1645820 826
1645830 830
1645840 834
1645850 834
1645860 839
1645870 843
1645880 843
1645890 847
1645900 851
1645910 851
1645920 855
1645930 858
1645940 858
1645950 862
1645960 865
1645970 865
1645980 868
1645990 871
1646000 871
1646010 874
1646020 877
1646030 880
1646040 880
1646050 883
1646060 886
1646070 886
1646080 888
1646090 891
1646100 891
1646110 894
1646120 897
1646130 897
1646140 899
1646150 901
1646160 901
1646170 902
1646180 905
1646190 905
1646200 907
1646210 910
1646220 913
1646230 913
1646240 917
1646250 920
1646260 920
1646270 923
1646280 925
1646290 925
1646300 927
1646310 928
1646320 928
1646330 929
1646340 929
1646350 929
1646360 930
1646370 930
1646380 930
1646390 930
1646400 928
1646410 928
1646420 928
1646430 925
1646440 922
1646450 922
1646460 920
1646470 919
1646480 919
1646490 917
1646500 916
1646510 916
1646520 915
1646530 914
1646540 914
1646550 913
1646560 911
1646570 911
1646580 909
1646590 907
1646600 907
1646610 905
1646620 902
1646630 900
1646640 900
1646650 898
1646660 896
1646670 896
1646680 894
1646690 891
1646700 891
1646710 889
1646720 886
1646730 886
1646740 884
1646750 881
1646760 881
1646770 878
1646780 876
1646790 876
1646800 873
1646810 870
1646820 866
1646830 866
1646840 863
1646850 859
1646860 859
1646870 855
1646880 851
1646890 851
1646900 847
1646910 843
1646920 843
1646930 839
1646940 838
1646950 838
1646960 841
1646970 846
1646980 846
1646990 851
1647000 857
1647010 857
1647020 862
1647030 867
1647040 871
1647050 871
1647060 874
1647070 877
1647080 877
1647090 879
1647100 881
1647110 881
1647120 884
1647130 886
1647140 886
1647150 889
1647160 892
1647170 892
1647180 894
1647190 891
1647200 891
1647210 892
1647220 894
1647230 895
1647240 895
1647250 897
1647260 898
1647270 898
1647280 900
1647290 902
1647300 902
1647310 903
1647320 904
1647330 904
1647340 906
1647350 907
1647360 907
1647370 908
1647380 910
1647390 910
1647400 911
1647410 913
1647420 913
1647430 915
1647440 917
1647450 920
1647460 920
1647470 922
1647480 925
1647490 925
1647500 928
1647510 930
1647520 930
1647530 933
1647540 936
1647550 936
1647560 940
1647570 944
1647580 944
1647590 948
1647600 953
1647610 953
1647620 958
1647630 962
1647640 966
1647650 966
1647660 970
1647670 974
1647680 974
1647690 977
1647700 981
1647710 981
1647720 984
1647730 988
1647740 988
1647750 992
1647760 996
1647770 996
1647780 999
1647790 1001
1647800 1001
1647810 1004
1647820 1007
1647830 1010
1647840 1010
1647850 1013
1647860 1016
1647870 1016
1647880 1019
1647890 1021
1647900 1021
1647910 1023
1647920 1025
1647930 1025
1647940 1028
1647950 1030
1647960 1029
1647970 1032
1647980 1035
1647990 1035
1648000 1037
1648010 1040
1648020 1040
1648030 1042
1648040 1044
1648050 1045
1648060 1045
1648070 1047
1648080 1048
1648090 1048
1648100 1049
1648110 1050
1648120 1050
1648130 1052
1648140 1054
1648150 1054
1648160 1056
1648170 1058
1648180 1058
1648190 1060
1648200 1062
1648210 1062
1648220 1065
1648230 1067
1648240 1068
1648250 1068
1648260 1070
1648270 1072
1648280 1072
1648290 1074
1648300 1076
1648310 1076
1648320 1077
1648330 1079
1648340 1079
1648350 1081
1648360 1082
1648370 1082
1648380 1084
1648390 1085
1648400 1085
1648410 1087
1648420 1088
1648430 1088
1648440 1089
1648450 1090
1648460 1091
1648470 1091
1648480 1092
1648490 1093
1648500 1093
1648510 1095
1648520 1096
1648530 1096
1648540 1097
1648550 1099
1648560 1099
1648570 1100
1648580 1101
1648590 1101
1648600 1102
1648610 1104
1648620 1104
1648630 1105
1648640 1106
1648650 1107
1648660 1107
1648670 1108
1648680 1109
1648690 1109
1648700 1109
1648710 1110
1648720 1110
1648730 1111
1648740 1114
1648750 1114
1648760 1115
1648770 1115
1648780 1115
1648790 1116
1648800 1117
1648810 1117
1648820 1118
1648830 1119
1648840 1120
1648850 1120
1648860 1121
1648870 1123
1648880 1123
1648890 1124
1648900 1126
1648910 1126
1648920 1127
1648930 1128
1648940 1128
1648950 1129
1648960 1131
1648970 1131
1648980 1132
1648990 1133
1649000 1133
1649010 1133
1649020 1134
1649030 1134
1649040 1135
1649050 1136
1649060 1136
1649070 1136
1649080 1137
1649090 1137
1649100 1137
1649110 1137
1649120 1137
1649130 1137
1649140 1136
1649150 1136
1649160 1136
1649170 1136
1649180 1136
1649190 1136
1649200 1136
1649210 1136
1649220 1136
1649230 1135
1649240 1134
1649250 1133
1649260 1133
1649270 1131
1649280 1130
1649290 1130
1649300 1129
1649310 1129
1649320 1129
1649330 1128
1649340 1128
1649350 1128
1649360 1128
1649370 1128
1649380 1128
1649390 1129
1649400 1129
1649410 1129
1649420 1130
1649430 1131
1649440 1131
1649450 1132
1649460 1133
1649470 1133
1649480 1133
1649490 1134
1649500 1134
1649510 1137
1649520 1138
1649530 1138
1649540 1138
1649550 1139
1649560 1140
1649570 1140
1649580 1140
1649590 1141
1649600 1141
1649610 1141
1649620 1141
1649630 1141
1649640 1141
1649650 1142
1649660 1142
1649670 1142
1649680 1142
1649690 1142
1649700 1142
1649710 1143
1649720 1143
1649730 1143
1649740 1144
1649750 1144
1649760 1144
1649770 1144
1649780 1144
1649790 1144
1649800 1144
1649810 1145
1649820 1145
1649830 1145
1649840 1145
1649850 1145
1649860 1146
1649870 1146
1649880 1147
1649890 1147
1649900 1147
1649910 1148
1649920 1148
1649930 1149
1649940 1150
1649950 1150
1649960 1150
1649970 1151
1649980 1151
1649990 1151
1650000 1151
1650010 1151
1650020 1151
1650030 1151
1650040 1151
1650050 1149
1650060 1148
1650070 1146
1650080 1146
1650090 1143
1650100 1141
1650110 1141
1650120 1138
1650130 1134
1650140 1134
1650150 1131
1650160 1128
1650170 1128
1650180 1124
1650190 1121
1650200 1121
1650210 1117
1650220 1113
1650230 1113
1650240 1110
1650250 1107
1650260 1103
1650270 1105
1650280 1101
1650290 1098
1650300 1098
1650310 1094
1650320 1091
1650330 1091
1650340 1087
1650350 1083
1650360 1083
1650370 1079
1650380 1074
1650390 1074
1650400 1070
1650410 1066
1650420 1066
1650430 1062
1650440 1058
1650450 1058
1650460 1055
1650470 1051
1650480 1048
1650490 1048
1650500 1044
1650510 1041
1650520 1041
1650530 1037
1650540 1034
1650550 1034
1650560 1030
1650570 1027
1650580 1027
1650590 1024
1650600 1022
1650610 1022
1650620 1021
1650630 1021
1650640 1021
1650650 1022
1650660 1024
1650670 1024
1650680 1024
1650690 1023
1650700 1021
1650710 1021
1650720 1019
1650730 1016
1650740 1016
1650750 1012
1650760 1008
1650770 1008
1650780 1003
1650790 999
1650800 999
1650810 994
1650820 989
1650830 989
1650840 984
1650850 979
1650860 979
1650870 975
1650880 970
1650890 966
1650900 966
1650910 962
1650920 958
1650930 958
1650940 954
1650950 951
1650960 951
1650970 948
1650980 946
1650990 946
1651000 944
1651010 943
1651020 943
1651030 941
1651040 944
1651050 944
1651060 943
1651070 942
1651080 941
1651090 941
1651100 941
1651110 940
1651120 940
1651130 940
1651140 940
1651150 940
1651160 940
1651170 939
1651180 939
1651190 938
1651200 935
1651210 935
1651220 931
1651230 927
1651240 927
1651250 923
1651260 922
1651270 922
1651280 923
1651290 926
1651300 929
1651310 929
1651320 932
1651330 936
1651340 936
1651350 940
1651360 943
1651370 943
1651380 947
1651390 950
1651400 950
1651410 953
1651420 956
1651430 956
1651440 958
1651450 961
1651460 961
1651470 963
1651480 965
1651490 966
1651500 966
1651510 968
1651520 970
1651530 970
1651540 972
1651550 974
1651560 974
1651570 975
1651580 977
1651590 977
1651600 979
1651610 981
1651620 981
1651630 982
1651640 984
1651650 984
1651660 985
1651670 986
1651680 987
1651690 987
1651700 989
1651710 990
1651720 990
1651730 991
1651740 992
1651750 992
1651760 993
1651770 994
1651780 994
1651790 995
1651800 992
1651810 992
1651820 993
1651830 993
1651840 993
1651850 993
1651860 993
1651870 993
1651880 993
1651890 993
1651900 993
1651910 993
1651920 993
1651930 994
1651940 994
1651950 995
1651960 996
1651970 996
1651980 996
1651990 997
1652000 997
1652010 997
1652020 997
1652030 997
1652040 996
1652050 995
1652060 995
1652070 994
1652080 993
1652090 992
1652100 992
1652110 992
1652120 993
1652130 993
1652140 994
1652150 997
1652160 997
1652170 999
1652180 1000
1652190 1000
1652200 1001
1652210 1002
1652220 1002
1652230 1003
1652240 1004
1652250 1004
1652260 1005
1652270 1008
1652280 1008
1652290 1010
1652300 1012
1652310 1014
1652320 1014
1652330 1015
1652340 1014
1652350 1014
1652360 1013
1652370 1012
1652380 1012
1652390 1010
1652400 1010
1652410 1010
1652420 1011
1652430 1014
1652440 1014
1652450 1018
1652460 1022
1652470 1022
1652480 1027
1652490 1033
1652500 1039
1652510 1039
1652520 1046
1652530 1053
1652540 1053
1652550 1059
1652560 1065
1652570 1065
1652580 1072
1652590 1078
1652600 1078
1652610 1083
1652620 1089
1652630 1089
1652640 1094
1652650 1099
1652660 1099
1652670 1102
1652680 1105
1652690 1105
1652700 1107
1652710 1109
1652720 1109
1652730 1109
1652740 1107
1652750 1104
1652760 1104
1652770 1101
1652780 1098
1652790 1098
1652800 1094
1652810 1090
1652820 1090
1652830 1086
1652840 1082
1652850 1082
1652860 1077
1652870 1073
1652880 1073
1652890 1069
1652900 1065
1652910 1061
1652920 1061
1652930 1057
1652940 1053
1652950 1053
1652960 1051
1652970 1050
1652980 1050
1652990 1052
1653000 1057
1653010 1057
1653020 1062
1653030 1067
1653040 1067
1653050 1073
1653060 1078
1653070 1078
1653080 1084
1653090 1091
1653100 1097
1653110 1097
1653120 1103
1653130 1109
1653140 1109
1653150 1114
1653160 1119
1653170 1119
1653180 1124
1653190 1129
1653200 1129
1653210 1134
1653220 1139
1653230 1139
1653240 1145
1653250 1150
1653260 1150
1653270 1155
1653280 1159
1653290 1159
1653300 1165
1653310 1167
1653320 1168
1653330 1168
1653340 1166
1653350 1163
1653360 1163
1653370 1160
1653380 1157
1653390 1157
1653400 1154
1653410 1152
1653420 1152
1653430 1149
1653440 1146
1653450 1146
1653460 1144
1653470 1141
1653480 1141
1653490 1138
1653500 1135
1653510 1133
1653520 1133
1653530 1130
1653540 1127
1653550 1127
1653560 1124
1653570 1121
1653580 1121
1653590 1118
1653600 1115
1653610 1115
1653620 1111
1653630 1108
1653640 1108
1653650 1104
1653660 1101
1653670 1101
1653680 1098
1653690 1095
1653700 1095
1653710 1092
1653720 1091
1653730 1093
1653740 1093
1653750 1097
1653760 1103
1653770 1103
1653780 1110
1653790 1117
1653800 1117
1653810 1125
1653820 1132
1653830 1132
1653840 1140
1653850 1148
1653860 1148
1653870 1156
1653880 1164
1653890 1164
1653900 1171
1653910 1178
1653920 1184
1653930 1184
1653940 1191
1653950 1197
1653960 1197
1653970 1202
1653980 1208
1653990 1208
1654000 1213
1654010 1217
1654020 1217
1654030 1220
1654040 1223
1654050 1221
1654060 1223
1654070 1225
1654080 1225
1654090 1228
1654100 1230
1654110 1230
1654120 1232
1654130 1234
1654140 1237
1654150 1237
1654160 1240
1654170 1242
1654180 1242
1654190 1244
1654200 1247
1654210 1247
1654220 1249
1654230 1252
1654240 1252
1654250 1255
1654260 1257
1654270 1257
1654280 1260
1654290 1261
1654300 1261
1654310 1261
1654320 1261
1654330 1260
1654340 1260
1654350 1258
1654360 1256
1654370 1256
1654380 1253
1654390 1251
1654400 1251
1654410 1249
1654420 1248
1654430 1248
1654440 1247
1654450 1248
1654460 1248
1654470 1249
1654480 1252
1654490 1252
1654500 1255
1654510 1259
1654520 1262
1654530 1262
1654540 1265
1654550 1268
1654560 1268
1654570 1271
1654580 1274
1654590 1274
1654600 1276
1654610 1279
1654620 1279
1654630 1282
1654640 1285
1654650 1285
1654660 1288
1654670 1291
1654680 1291
1654690 1293
1654700 1296
1654710 1296
1654720 1299
1654730 1302
1654740 1304
1654750 1304
1654760 1307
1654770 1310
1654780 1310
1654790 1313
1654800 1313
1654810 1313
1654820 1316
1654830 1319
1654840 1319
1654850 1322
1654860 1326
1654870 1326
1654880 1329
1654890 1333
1654900 1333
1654910 1336
1654920 1340
1654930 1344
1654940 1344
1654950 1348
1654960 1351
1654970 1351
1654980 1355
1654990 1359
1655000 1359
1655010 1362
1655020 1365
1655030 1365
1655040 1368
1655050 1372
1655060 1372
1655070 1375
1655080 1379
1655090 1379
1655100 1382
1655110 1386
1655120 1386
1655130 1389
1655140 1392
1655150 1396
1655160 1396
1655170 1399
1655180 1403
1655190 1403
1655200 1406
1655210 1410
1655220 1410
1655230 1413
1655240 1417
1655250 1417
1655260 1420
1655270 1424
1655280 1424
1655290 1427
1655300 1431
1655310 1431
1655320 1434
1655330 1436
1655340 1439
1655350 1439
1655360 1442
1655370 1445
1655380 1445
1655390 1448
1655400 1450
1655410 1450
1655420 1453
1655430 1456
1655440 1456
1655450 1459
1655460 1461
1655470 1461
1655480 1464
1655490 1467
1655500 1467
1655510 1469
1655520 1471
1655530 1471
1655540 1471
1655550 1473
1655560 1475
1655570 1475
1655580 1478
1655590 1480
1655600 1480
1655610 1482
1655620 1484
1655630 1484
1655640 1487
1655650 1489
1655660 1489
1655670 1492
1655680 1495
1655690 1495
1655700 1497
1655710 1500
1655720 1500
1655730 1503
1655740 1507
1655750 1510
1655760 1510
1655770 1514
1655780 1517
1655790 1517
1655800 1520
1655810 1524
1655820 1524
1655830 1527
1655840 1530
1655850 1530
1655860 1533
1655870 1536
1655880 1536
1655890 1539
1655900 1541
1655910 1541
1655920 1544
1655930 1546
1655940 1548
1655950 1548
1655960 1549
1655970 1551
1655980 1551
1655990 1553
1656000 1554
1656010 1554
1656020 1555
1656030 1555
1656040 1555
1656050 1555
1656060 1554
1656070 1554
1656080 1553
1656090 1551
1656100 1551
1656110 1549
1656120 1547
1656130 1547
1656140 1545
1656150 1542
1656160 1540
1656170 1540
1656180 1538
1656190 1535
1656200 1535
1656210 1533
1656220 1531
1656230 1531
1656240 1529
1656250 1527
1656260 1527
1656270 1525
1656280 1522
1656290 1522
1656300 1519
1656310 1517
1656320 1517
1656330 1515
1656340 1512
1656350 1510
1656360 1510
1656370 1508
1656380 1506
1656390 1506
1656400 1503
1656410 1501
1656420 1501
1656430 1499
1656440 1497
1656450 1497
1656460 1494
1656470 1492
1656480 1492
1656490 1490
1656500 1488
1656510 1488
1656520 1486
1656530 1484
1656540 1484
1656550 1481
1656560 1479
1656570 1477
1656580 1477
1656590 1475
1656600 1473
1656610 1473
1656620 1471
1656630 1469
1656640 1469
1656650 1467
1656660 1465
1656670 1465
1656680 1464
1656690 1461
1656700 1461
1656710 1459
1656720 1457
1656730 1457
1656740 1454
1656750 1452
1656760 1450
1656770 1450
1656780 1448
1656790 1445
1656800 1445
1656810 1443
1656820 1441
1656830 1441
1656840 1439
1656850 1437
1656860 1437
1656870 1435
1656880 1432
1656890 1432
1656900 1430
1656910 1428
1656920 1428
1656930 1426
1656940 1424
1656950 1424
1656960 1422
1656970 1420
1656980 1418
1656990 1418
1657000 1416
1657010 1413
1657020 1413
1657030 1411
1657040 1409
1657050 1409
1657060 1408
1657070 1406
1657080 1406
1657090 1404
1657100 1402
1657110 1402
1657120 1399
1657130 1396
1657140 1396
1657150 1393
1657160 1391
1657170 1388
1657180 1388
1657190 1385
1657200 1383
1657210 1383
1657220 1381
1657230 1379
1657240 1379
1657250 1377
1657260 1375
1657270 1375
1657280 1372
1657290 1369
1657300 1369
1657310 1365
1657320 1360
1657330 1360
1657340 1356
1657350 1352
1657360 1347
1657370 1347
1657380 1343
1657390 1339
1657400 1339
1657410 1336
1657420 1332
1657430 1332
1657440 1329
1657450 1326
1657460 1326
1657470 1324
1657480 1322
1657490 1322
1657500 1322
1657510 1322
1657520 1322
1657530 1323
1657540 1326
1657550 1326
1657560 1328
1657570 1330
1657580 1333
1657590 1333
1657600 1336
1657610 1338
1657620 1338
1657630 1341
1657640 1344
1657650 1344
1657660 1346
1657670 1349
1657680 1349
1657690 1351
1657700 1354
1657710 1354
1657720 1356
1657730 1358
1657740 1358
1657750 1363
1657760 1365
1657770 1366
1657780 1366
1657790 1368
1657800 1370
1657810 1370
1657820 1372
1657830 1373
1657840 1373
1657850 1375
1657860 1376
1657870 1376
1657880 1378
1657890 1379
1657900 1379
1657910 1380
1657920 1382
1657930 1382
1657940 1383
1657950 1384
1657960 1384
1657970 1384
1657980 1385
1657990 1385
1658000 1385
1658010 1386
1658020 1387
1658030 1387
1658040 1387
1658050 1387
1658060 1387
1658070 1388
1658080 1388
1658090 1388
1658100 1388
1658110 1388
1658120 1388
1658130 1388
1658140 1388
1658150 1388
1658160 1388
1658170 1387
1658180 1387
1658190 1387
1658200 1386
1658210 1385
1658220 1385
1658230 1385
1658240 1383
1658250 1383
1658260 1382
1658270 1380
1658280 1380
1658290 1377
1658300 1375
1658310 1375
1658320 1372
1658330 1369
1658340 1369
1658350 1366
1658360 1362
1658370 1362
1658380 1359
1658390 1355
1658400 1352
1658410 1352
1658420 1348
1658430 1344
1658440 1344
1658450 1341
1658460 1338
1658470 1339
1658480 1335
1658490 1332
1658500 1332
1658510 1329
1658520 1325
1658530 1325
1658540 1322
1658550 1320
1658560 1320
1658570 1317
1658580 1315
1658590 1312
1658600 1312
1658610 1309
1658620 1306
1658630 1306
1658640 1303
1658650 1300
1658660 1300
1658670 1298
1658680 1294
1658690 1294
1658700 1291
1658710 1287
1658720 1287
1658730 1283
1658740 1280
1658750 1280
1658760 1276
1658770 1272
1658780 1269
1658790 1269
1658800 1269
1658810 1271
1658820 1271
1658830 1275
1658840 1279
1658850 1279
1658860 1282
1658870 1284
1658880 1284
1658890 1285
1658900 1289
1658910 1289
1658920 1293
1658930 1296
1658940 1296
1658950 1299
1658960 1303
1658970 1303
1658980 1306
1658990 1309
1659000 1312
1659010 1312
1659020 1315
1659030 1318
1659040 1318
1659050 1322
1659060 1325
1659070 1325
1659080 1329
1659090 1332
1659100 1332
1659110 1335
1659120 1338
1659130 1338
1659140 1340
1659150 1343
1659160 1343
1659170 1346
1659180 1348
1659190 1351
1659200 1353
1659210 1356
1659220 1359
1659230 1359
1659240 1362
1659250 1364
1659260 1364
1659270 1367
1659280 1370
1659290 1370
1659300 1373
1659310 1375
1659320 1375
1659330 1378
1659340 1380
1659350 1380
1659360 1383
1659370 1385
1659380 1385
1659390 1388
1659400 1390
1659410 1392
1659420 1392
1659430 1395
1659440 1397
1659450 1397
1659460 1399
1659470 1401
1659480 1401
1659490 1403
1659500 1404
1659510 1404
1659520 1406
1659530 1407
1659540 1407
1659550 1409
1659560 1410
1659570 1410
1659580 1411
1659590 1413
1659600 1414
1659610 1414
1659620 1415
1659630 1416
1659640 1416
1659650 1416
1659660 1417
1659670 1417
1659680 1418
1659690 1419
1659700 1419
1659710 1420
1659720 1420
1659730 1420
1659740 1421
1659750 1421
1659760 1421
1659770 1422
1659780 1422
1659790 1422
1659800 1423
1659810 1423
1659820 1424
1659830 1424
1659840 1424
1659850 1424
1659860 1424
1659870 1424
1659880 1424
1659890 1424
1659900 1424
1659910 1423
1659920 1425
1659930 1424
1659940 1424
1659950 1424
1659960 1424
1659970 1423
1659980 1423
1659990 1423
