1640000 1127
1640010 1126
1640020 1126
1640030 1126
1640040 1125
1640050 1125
1640060 1125
1640070 1124
1640080 1123
1640090 1123
1640100 1123
1640110 1122
1640120 1122
1640130 1121
1640140 1119
1640150 1118
1640160 1118
1640170 1117
1640180 1116
1640190 1116
1640200 1114
1640210 1113
1640220 1113
1640230 1112
1640240 1111
1640250 1111
1640260 1109
1640270 1108
1640280 1108
1640290 1107
1640300 1106
1640310 1106
1640320 1104
1640330 1103
1640340 1103
1640350 1102
1640360 1102
1640370 1102
1640380 1102
1640390 1101
1640400 1101
1640410 1101
1640420 1100
1640430 1100
1640440 1100
1640450 1100
1640460 1100
1640470 1100
1640480 1100
1640490 1100
1640500 1101
1640510 1101
1640520 1100
1640530 1100
1640540 1099
1640550 1098
1640560 1096
1640570 1096
1640580 1094
1640590 1092
1640600 1092
1640610 1090
1640620 1087
1640630 1087
1640640 1084
1640650 1080
1640660 1080
1640670 1077
1640680 1073
1640690 1073
1640700 1069
1640710 1064
1640720 1064
1640730 1061
1640740 1058
1640750 1058
1640760 1055
1640770 1053
1640780 1050
1640790 1050
1640800 1047
1640810 1044
1640820 1044
1640830 1040
1640840 1037
1640850 1037
1640860 1033
1640870 1029
1640880 1029
1640890 1026
1640900 1022
1640910 1022
1640920 1018
1640930 1014
1640940 1014
1640950 1011
1640960 1009
1640970 1007
1640980 1007
1640990 1006
1641000 1006
1641010 1006
1641020 1005
1641030 1003
1641040 1003
1641050 1000
1641060 997
1641070 997
1641080 992
1641090 988
1641100 988
1641110 983
1641120 978
1641130 978
1641140 973
1641150 967
1641160 967
1641170 961
1641180 956
1641190 953
1641200 953
1641210 950
1641220 947
1641230 947
1641240 945
1641250 942
1641260 942
1641270 940
1641280 938
1641290 938
1641300 935
1641310 931
1641320 931
1641330 927
1641340 922
1641350 922
1641360 918
1641370 913
1641380 909
1641390 909
1641400 906
1641410 902
1641420 902
1641430 899
1641440 896
1641450 896
1641460 892
1641470 889
1641480 889
1641490 886
1641500 883
1641510 883
1641520 881
1641530 878
1641540 878
1641550 875
1641560 873
1641570 873
1641580 871
1641590 868
1641600 866
1641610 866
1641620 864
1641630 862
1641640 862
1641650 861
1641660 859
1641670 859
1641680 858
1641690 856
1641700 856
1641710 854
1641720 852
1641730 852
1641740 850
1641750 848
1641760 848
1641770 846
1641780 844
1641790 842
1641800 842
1641810 839
1641820 837
1641830 837
1641840 836
1641850 834
1641860 834
1641870 832
1641880 829
1641890 829
1641900 827
1641910 824
1641920 824
1641930 821
1641940 819
1641950 819
1641960 818
1641970 818
1641980 818
1641990 818
1642000 819
1642010 819
1642020 819
1642030 820
1642040 820
1642050 820
1642060 820
1642070 819
1642080 819
1642090 819
1642100 819
1642110 817
1642120 816
1642130 816
1642140 816
1642150 816
1642160 815
1642170 815
1642180 815
1642190 816
1642200 816
1642210 816
1642220 816
1642230 817
1642240 817
1642250 818
1642260 818
1642270 818
1642280 818
1642290 818
1642300 818
1642310 817
1642320 816
1642330 816
1642340 815
1642350 814
1642360 814
1642370 813
1642380 811
1642390 811
1642400 809
1642410 808
1642420 806
1642430 806
1642440 805
1642450 803
1642460 803
1642470 801
1642480 800
1642490 800
1642500 798
1642510 796
1642520 796
1642530 795
1642540 793
1642550 793
1642560 790
1642570 788
1642580 788
1642590 786
1642600 783
1642610 781
1642620 781
1642630 779
1642640 776
1642650 776
1642660 774
1642670 772
1642680 772
1642690 770
1642700 768
1642710 768
1642720 767
1642730 766
1642740 766
1642750 766
1642760 765
1642770 765
1642780 765
1642790 765
1642800 765
1642810 765
1642820 765
1642830 765
1642840 765
1642850 765
1642860 765
1642870 765
1642880 765
1642890 765
1642900 765
1642910 765
1642920 765
1642930 765
1642940 765
1642950 766
1642960 766
1642970 765
1642980 764
1642990 764
1643000 764
1643010 764
1643020 764
1643030 764
1643040 763
1643050 763
1643060 763
1643070 763
1643080 763
1643090 763
1643100 763
1643110 762
1643120 762
1643130 762
1643140 762
1643150 762
1643160 762
1643170 762
1643180 762
1643190 762
1643200 762
1643210 762
1643220 762
1643230 763
1643240 763
1643250 763
1643260 763
1643270 764
1643280 764
1643290 766
1643300 771
1643310 771
1643320 778
1643330 783
1643340 783
1643350 788
1643360 794
1643370 794
1643380 800
1643390 806
1643400 806
1643410 811
1643420 815
1643430 818
1643440 818
1643450 819
1643460 818
1643470 818
1643480 816
1643490 814
1643500 814
1643510 813
1643520 809
1643530 809
1643540 803
1643550 797
1643560 797
1643570 793
1643580 790
1643590 790
1643600 787
1643610 784
1643620 784
1643630 782
1643640 781
1643650 781
1643660 781
1643670 783
1643680 786
1643690 786
1643700 790
1643710 791
1643720 791
1643730 795
1643740 799
1643750 799
1643760 802
1643770 806
1643780 806
1643790 808
1643800 812
1643810 812
1643820 816
1643830 821
1643840 826
1643850 826
1643860 830
1643870 834
1643880 834
1643890 838
1643900 842
1643910 842
1643920 846
1643930 850
1643940 850
1643950 854
1643960 858
1643970 858
1643980 862
1643990 867
1644000 867
1644010 871
1644020 876
1644030 876
1644040 880
1644050 884
1644060 888
1644070 888
1644080 891
1644090 895
1644100 895
1644110 898
1644120 900
1644130 900
1644140 902
1644150 904
1644160 904
1644170 905
1644180 906
1644190 906
1644200 906
1644210 907
1644220 907
1644230 908
1644240 908
1644250 909
1644260 909
1644270 910
1644280 912
1644290 912
1644300 914
1644310 916
1644320 916
1644330 918
1644340 921
1644350 921
1644360 925
1644370 929
1644380 929
1644390 932
1644400 936
1644410 936
1644420 939
1644430 942
1644440 944
1644450 944
1644460 945
1644470 946
1644480 946
1644490 947
1644500 949
1644510 948
1644520 949
1644530 951
1644540 951
1644550 952
1644560 953
1644570 953
1644580 955
1644590 956
1644600 956
1644610 957
1644620 958
1644630 958
1644640 960
1644650 961
1644660 962
1644670 962
1644680 963
1644690 964
1644700 964
1644710 965
1644720 966
1644730 966
1644740 966
1644750 968
1644760 968
1644770 968
1644780 969
1644790 969
1644800 970
1644810 971
1644820 971
1644830 971
1644840 972
1644850 972
1644860 972
1644870 972
1644880 973
1644890 973
1644900 973
1644910 974
1644920 974
1644930 974
1644940 975
1644950 975
1644960 976
1644970 976
1644980 976
1644990 977
1645000 978
1645010 978
1645020 979
1645030 980
1645040 980
1645050 980
1645060 981
1645070 982
1645080 982
1645090 982
1645100 983
1645110 983
1645120 984
1645130 984
1645140 984
1645150 985
1645160 986
1645170 986
1645180 988
1645190 989
1645200 989
1645210 990
1645220 991
1645230 991
1645240 992
1645250 993
1645260 994
1645270 994
1645280 995
1645290 997
1645300 998
1645310 999
1645320 1000
1645330 1000
1645340 1002
1645350 1003
1645360 1003
1645370 1004
1645380 1006
1645390 1006
1645400 1008
1645410 1009
1645420 1009
1645430 1011
1645440 1013
1645450 1013
1645460 1014
1645470 1016
1645480 1017
1645490 1017
1645500 1018
1645510 1019
1645520 1019
1645530 1019
1645540 1019
1645550 1019
1645560 1019
1645570 1017
1645580 1017
1645590 1015
1645600 1011
1645610 1011
1645620 1007
1645630 1003
1645640 1003
1645650 999
1645660 996
1645670 991
1645680 991
1645690 987
1645700 983
1645710 983
1645720 979
1645730 976
1645740 976
1645750 972
1645760 968
1645770 968
1645780 964
1645790 961
1645800 961
1645810 957
1645820 954
1645830 954
1645840 951
1645850 948
1645860 948
1645870 945
1645880 942
1645890 939
1645900 939
1645910 937
1645920 934
1645930 934
1645940 932
1645950 929
1645960 929
1645970 927
1645980 924
1645990 924
1646000 922
1646010 919
1646020 919
1646030 916
1646040 913
1646050 913
1646060 910
1646070 907
1646080 906
1646090 906
1646100 903
1646110 900
1646120 900
1646130 896
1646140 893
1646150 893
1646160 890
1646170 887
1646180 887
1646190 885
1646200 883
1646210 883
1646220 880
1646230 878
1646240 878
1646250 876
1646260 873
1646270 873
1646280 871
1646290 869
1646300 867
1646310 867
1646320 866
1646330 864
1646340 864
1646350 864
1646360 865
1646370 865
1646380 868
1646390 871
1646400 871
1646410 875
1646420 879
1646430 879
1646440 884
1646450 888
1646460 888
1646470 891
1646480 893
1646490 896
1646500 896
1646510 899
1646520 902
1646530 902
1646540 906
1646550 909
1646560 909
1646570 913
1646580 917
1646590 917
1646600 921
1646610 923
1646620 923
1646630 925
1646640 925
1646650 925
1646660 926
1646670 927
1646680 927
1646690 927
1646700 928
1646710 929
1646720 929
1646730 930
1646740 931
1646750 931
1646760 932
1646770 934
1646780 934
1646790 935
1646800 936
1646810 936
1646820 937
1646830 938
1646840 938
1646850 939
1646860 940
1646870 937
1646880 938
1646890 939
1646900 940
1646910 940
1646920 941
1646930 942
1646940 942
1646950 943
1646960 944
1646970 944
1646980 945
1646990 946
1647000 946
1647010 947
1647020 948
1647030 948
1647040 949
1647050 950
1647060 950
1647070 951
1647080 952
1647090 952
1647100 953
1647110 954
1647120 956
1647130 956
1647140 957
1647150 959
1647160 959
1647170 960
1647180 962
1647190 962
1647200 964
1647210 965
1647220 965
1647230 967
1647240 969
1647250 969
1647260 971
1647270 972
1647280 972
1647290 974
1647300 976
1647310 977
1647320 977
1647330 979
1647340 980
1647350 980
1647360 982
1647370 983
1647380 983
1647390 985
1647400 986
1647410 986
1647420 987
1647430 989
1647440 989
1647450 990
1647460 991
1647470 991
1647480 992
1647490 992
1647500 992
1647510 992
1647520 993
1647530 993
1647540 993
1647550 993
1647560 992
1647570 992
1647580 992
1647590 992
1647600 992
1647610 992
1647620 992
1647630 992
1647640 992
1647650 990
1647660 990
1647670 990
1647680 990
1647690 990
1647700 990
1647710 990
1647720 990
1647730 990
1647740 989
1647750 989
1647760 989
1647770 989
1647780 990
1647790 990
1647800 990
1647810 991
1647820 991
1647830 991
1647840 992
1647850 992
1647860 992
1647870 993
1647880 993
1647890 993
1647900 994
1647910 994
1647920 994
1647930 994
1647940 995
1647950 995
1647960 995
1647970 996
1647980 996
1647990 997
1648000 998
1648010 998
1648020 999
1648030 1000
1648040 1000
1648050 1002
1648060 1003
1648070 1003
1648080 1005
1648090 1006
1648100 1006
1648110 1008
1648120 1010
1648130 1013
1648140 1013
1648150 1015
1648160 1017
1648170 1017
1648180 1019
1648190 1022
1648200 1022
1648210 1024
1648220 1027
1648230 1027
1648240 1029
1648250 1032
1648260 1032
1648270 1034
1648280 1035
1648290 1035
1648300 1036
1648310 1038
1648320 1038
1648330 1039
1648340 1040
1648350 1042
1648360 1042
1648370 1043
1648380 1044
1648390 1044
1648400 1045
1648410 1046
1648420 1042
1648430 1042
1648440 1043
1648450 1043
1648460 1044
1648470 1045
1648480 1045
1648490 1046
1648500 1047
1648510 1047
1648520 1049
1648530 1051
1648540 1052
1648550 1052
1648560 1054
1648570 1056
1648580 1056
1648590 1058
1648600 1060
1648610 1060
1648620 1062
1648630 1064
1648640 1064
1648650 1066
1648660 1068
1648670 1068
1648680 1069
1648690 1070
1648700 1070
1648710 1070
1648720 1072
1648730 1072
1648740 1074
1648750 1076
1648760 1077
1648770 1077
1648780 1078
1648790 1079
1648800 1079
1648810 1081
1648820 1083
1648830 1083
1648840 1084
1648850 1085
1648860 1085
1648870 1086
1648880 1088
1648890 1088
1648900 1089
1648910 1090
1648920 1090
1648930 1091
1648940 1092
1648950 1092
1648960 1092
1648970 1092
1648980 1092
1648990 1092
1649000 1092
1649010 1091
1649020 1091
1649030 1089
1649040 1088
1649050 1088
1649060 1086
1649070 1085
1649080 1085
1649090 1084
1649100 1084
1649110 1084
1649120 1085
1649130 1086
1649140 1086
1649150 1088
1649160 1090
1649170 1093
1649180 1093
1649190 1099
1649200 1102
1649210 1102
1649220 1104
1649230 1106
1649240 1106
1649250 1107
1649260 1106
1649270 1106
1649280 1103
1649290 1097
1649300 1097
1649310 1091
1649320 1086
1649330 1086
1649340 1084
1649350 1086
1649360 1090
1649370 1090
1649380 1095
1649390 1100
1649400 1100
1649410 1105
1649420 1111
1649430 1111
1649440 1115
1649450 1119
1649460 1119
1649470 1121
1649480 1122
1649490 1122
1649500 1122
1649510 1123
1649520 1123
1649530 1124
1649540 1125
1649550 1125
1649560 1126
1649570 1127
1649580 1128
1649590 1128
1649600 1129
1649610 1129
1649620 1129
1649630 1129
1649640 1129
1649650 1129
1649660 1128
1649670 1127
1649680 1127
1649690 1126
1649700 1124
1649710 1124
1649720 1123
1649730 1122
1649740 1122
1649750 1121
1649760 1121
1649770 1120
1649780 1120
1649790 1120
1649800 1118
1649810 1118
1649820 1117
1649830 1115
1649840 1115
1649850 1114
1649860 1112
1649870 1112
1649880 1111
1649890 1110
1649900 1110
1649910 1110
1649920 1111
1649930 1111
1649940 1112
1649950 1112
1649960 1119
1649970 1117
1649980 1114
1649990 1112
1650000 1112
1650010 1115
1650020 1120
1650030 1120
1650040 1126
1650050 1133
1650060 1133
1650070 1141
1650080 1146
1650090 1146
1650100 1148
1650110 1151
1650120 1151
1650130 1154
1650140 1159
1650150 1159
1650160 1164
1650170 1169
1650180 1174
1650190 1174
1650200 1178
1650210 1181
1650220 1181
1650230 1183
1650240 1186
1650250 1186
1650260 1188
1650270 1191
1650280 1191
1650290 1193
1650300 1195
1650310 1195
1650320 1198
1650330 1200
1650340 1200
1650350 1202
1650360 1204
1650370 1204
1650380 1206
1650390 1207
1650400 1209
1650410 1209
1650420 1210
1650430 1212
1650440 1212
1650450 1213
1650460 1215
1650470 1215
1650480 1217
1650490 1219
1650500 1219
1650510 1220
1650520 1222
1650530 1222
1650540 1224
1650550 1226
1650560 1226
1650570 1228
1650580 1230
1650590 1232
1650600 1232
1650610 1234
1650620 1236
1650630 1236
1650640 1237
1650650 1239
1650660 1239
1650670 1241
1650680 1242
1650690 1242
1650700 1244
1650710 1245
1650720 1245
1650730 1248
1650740 1249
1650750 1249
1650760 1250
1650770 1251
1650780 1251
1650790 1252
1650800 1253
1650810 1254
1650820 1254
1650830 1254
1650840 1255
1650850 1255
1650860 1256
1650870 1257
1650880 1257
1650890 1257
1650900 1258
1650910 1258
1650920 1258
1650930 1258
1650940 1258
1650950 1258
1650960 1258
1650970 1258
1650980 1257
1650990 1256
1651000 1254
1651010 1254
1651020 1252
1651030 1250
1651040 1250
1651050 1247
1651060 1244
1651070 1244
1651080 1241
1651090 1238
1651100 1238
1651110 1234
1651120 1232
1651130 1232
1651140 1230
1651150 1228
1651160 1228
1651170 1227
1651180 1228
1651190 1228
1651200 1229
1651210 1230
1651220 1232
1651230 1232
1651240 1235
1651250 1238
1651260 1238
1651270 1241
1651280 1243
1651290 1243
1651300 1245
1651310 1247
1651320 1247
1651330 1249
1651340 1250
1651350 1250
1651360 1251
1651370 1252
1651380 1252
1651390 1253
1651400 1254
1651410 1255
1651420 1255
1651430 1255
1651440 1256
1651450 1256
1651460 1256
1651470 1257
1651480 1257
1651490 1260
1651500 1260
1651510 1260
1651520 1260
1651530 1259
1651540 1259
1651550 1259
1651560 1258
1651570 1258
1651580 1257
1651590 1255
1651600 1255
1651610 1254
1651620 1252
1651630 1251
1651640 1251
1651650 1249
1651660 1248
1651670 1248
1651680 1246
1651690 1244
1651700 1244
1651710 1241
1651720 1238
1651730 1238
1651740 1234
1651750 1230
1651760 1230
1651770 1226
1651780 1221
1651790 1221
1651800 1217
1651810 1213
1651820 1209
1651830 1209
1651840 1205
1651850 1202
1651860 1202
1651870 1199
1651880 1196
1651890 1196
1651900 1194
1651910 1193
1651920 1193
1651930 1192
1651940 1191
1651950 1191
1651960 1190
1651970 1188
1651980 1188
1651990 1185
1652000 1182
1652010 1179
1652020 1179
1652030 1177
1652040 1175
1652050 1175
1652060 1174
1652070 1174
1652080 1174
1652090 1174
1652100 1175
1652110 1175
1652120 1177
1652130 1178
1652140 1178
1652150 1177
1652160 1175
1652170 1175
1652180 1171
1652190 1165
1652200 1165
1652210 1159
1652220 1153
1652230 1149
1652240 1150
1652250 1146
1652260 1142
1652270 1142
1652280 1139
1652290 1136
1652300 1136
1652310 1132
1652320 1129
1652330 1129
1652340 1125
1652350 1121
1652360 1121
1652370 1119
1652380 1120
1652390 1120
1652400 1124
1652410 1131
1652420 1138
1652430 1138
1652440 1144
1652450 1150
1652460 1150
1652470 1155
1652480 1161
1652490 1161
1652500 1169
1652510 1176
1652520 1176
1652530 1182
1652540 1186
1652550 1186
1652560 1189
1652570 1191
1652580 1191
1652590 1193
1652600 1194
1652610 1194
1652620 1195
1652630 1195
1652640 1195
1652650 1195
1652660 1195
1652670 1195
1652680 1195
1652690 1196
1652700 1197
1652710 1197
1652720 1199
1652730 1202
1652740 1202
1652750 1204
1652760 1207
1652770 1207
1652780 1210
1652790 1213
1652800 1213
1652810 1216
1652820 1219
1652830 1221
1652840 1221
1652850 1223
1652860 1225
1652870 1225
1652880 1226
1652890 1227
1652900 1227
1652910 1229
1652920 1230
1652930 1230
1652940 1232
1652950 1234
1652960 1234
1652970 1236
1652980 1238
1652990 1238
1653000 1243
1653010 1244
1653020 1244
1653030 1245
1653040 1246
1653050 1247
1653060 1247
1653070 1249
1653080 1250
1653090 1250
1653100 1252
1653110 1254
1653120 1254
1653130 1256
1653140 1258
1653150 1258
1653160 1261
1653170 1263
1653180 1263
1653190 1266
1653200 1268
1653210 1268
1653220 1271
1653230 1274
1653240 1277
1653250 1277
1653260 1279
1653270 1281
1653280 1281
1653290 1284
1653300 1286
1653310 1286
1653320 1288
1653330 1290
1653340 1290
1653350 1291
1653360 1293
1653370 1293
1653380 1295
1653390 1296
1653400 1296
1653410 1295
1653420 1294
1653430 1294
1653440 1291
1653450 1287
1653460 1283
1653470 1283
1653480 1280
1653490 1276
1653500 1276
1653510 1271
1653520 1266
1653530 1266
1653540 1262
1653550 1257
1653560 1257
1653570 1252
1653580 1247
1653590 1247
1653600 1242
1653610 1236
1653620 1236
1653630 1230
1653640 1224
1653650 1217
1653660 1217
1653670 1211
1653680 1205
1653690 1205
1653700 1199
1653710 1193
1653720 1193
1653730 1187
1653740 1181
1653750 1179
1653760 1170
1653770 1161
1653780 1161
1653790 1153
1653800 1146
1653810 1146
1653820 1138
1653830 1131
1653840 1131
1653850 1124
1653860 1122
1653870 1124
1653880 1124
1653890 1127
1653900 1131
1653910 1131
1653920 1135
1653930 1139
1653940 1139
1653950 1143
1653960 1148
1653970 1148
1653980 1153
1653990 1158
1654000 1158
1654010 1163
1654020 1168
1654030 1168
1654040 1173
1654050 1179
1654060 1185
1654070 1185
1654080 1190
1654090 1192
1654100 1192
1654110 1193
1654120 1192
1654130 1192
1654140 1189
1654150 1186
1654160 1186
1654170 1181
1654180 1177
1654190 1177
1654200 1172
1654210 1167
1654220 1167
1654230 1163
1654240 1158
1654250 1158
1654260 1153
1654270 1149
1654280 1146
1654290 1146
1654300 1143
1654310 1140
1654320 1140
1654330 1137
1654340 1136
1654350 1136
1654360 1136
1654370 1136
1654380 1136
1654390 1137
1654400 1139
1654410 1139
1654420 1141
1654430 1144
1654440 1144
1654450 1147
1654460 1150
1654470 1154
1654480 1154
1654490 1152
1654500 1156
1654510 1156
1654520 1160
1654530 1163
1654540 1163
1654550 1167
1654560 1171
1654570 1171
1654580 1175
1654590 1179
1654600 1179
1654610 1183
1654620 1187
1654630 1187
1654640 1191
1654650 1196
1654660 1196
1654670 1201
1654680 1206
1654690 1211
1654700 1211
1654710 1215
1654720 1219
1654730 1219
1654740 1223
1654750 1228
1654760 1228
1654770 1232
1654780 1236
1654790 1236
1654800 1240
1654810 1244
1654820 1244
1654830 1248
1654840 1252
1654850 1252
1654860 1256
1654870 1259
1654880 1262
1654890 1262
1654900 1265
1654910 1267
1654920 1267
1654930 1268
1654940 1269
1654950 1269
1654960 1270
1654970 1270
1654980 1270
1654990 1270
1655000 1272
1655010 1272
1655020 1274
1655030 1276
1655040 1276
1655050 1278
1655060 1279
1655070 1279
1655080 1280
1655090 1281
1655100 1281
1655110 1281
1655120 1281
1655130 1282
1655140 1282
1655150 1283
1655160 1285
1655170 1285
1655180 1287
1655190 1289
1655200 1289
1655210 1292
1655220 1295
1655230 1295
1655240 1294
1655250 1297
1655260 1297
1655270 1301
1655280 1304
1655290 1307
1655300 1307
1655310 1310
1655320 1313
1655330 1313
1655340 1316
1655350 1318
1655360 1318
1655370 1321
1655380 1323
1655390 1323
1655400 1326
1655410 1330
1655420 1330
1655430 1334
1655440 1338
1655450 1338
1655460 1342
1655470 1346
1655480 1346
1655490 1350
1655500 1355
1655510 1359
1655520 1359
1655530 1362
1655540 1366
1655550 1366
1655560 1369
1655570 1372
1655580 1372
1655590 1375
1655600 1378
1655610 1378
1655620 1380
1655630 1382
1655640 1382
1655650 1383
1655660 1384
1655670 1384
1655680 1386
1655690 1387
1655700 1388
1655710 1388
1655720 1390
1655730 1392
1655740 1392
1655750 1393
1655760 1395
1655770 1395
1655780 1397
1655790 1400
1655800 1400
1655810 1402
1655820 1405
1655830 1405
1655840 1408
1655850 1411
1655860 1411
1655870 1414
1655880 1417
1655890 1417
1655900 1420
1655910 1424
1655920 1427
1655930 1427
1655940 1430
1655950 1434
1655960 1434
1655970 1438
1655980 1439
1655990 1439
1656000 1444
1656010 1448
1656020 1448
1656030 1453
1656040 1457
1656050 1457
1656060 1461
1656070 1465
1656080 1465
1656090 1469
1656100 1472
1656110 1476
1656120 1476
1656130 1479
1656140 1483
1656150 1483
1656160 1487
1656170 1491
1656180 1491
1656190 1495
1656200 1497
1656210 1497
1656220 1500
1656230 1503
1656240 1503
1656250 1506
1656260 1509
1656270 1509
1656280 1512
1656290 1515
1656300 1515
1656310 1518
1656320 1521
1656330 1523
1656340 1523
1656350 1526
1656360 1529
1656370 1529
1656380 1532
1656390 1535
1656400 1535
1656410 1537
1656420 1539
1656430 1539
1656440 1542
1656450 1544
1656460 1544
1656470 1546
1656480 1548
1656490 1548
1656500 1549
1656510 1551
1656520 1552
1656530 1552
1656540 1552
1656550 1553
1656560 1553
1656570 1553
1656580 1552
1656590 1552
1656600 1552
1656610 1551
1656620 1551
1656630 1549
1656640 1548
1656650 1548
1656660 1546
1656670 1544
1656680 1544
1656690 1542
1656700 1540
1656710 1541
1656720 1540
1656730 1539
1656740 1539
1656750 1539
1656760 1539
1656770 1538
1656780 1538
1656790 1538
1656800 1538
1656810 1538
1656820 1538
1656830 1537
1656840 1537
1656850 1537
1656860 1536
1656870 1536
1656880 1536
1656890 1535
1656900 1535
1656910 1535
1656920 1534
1656930 1534
1656940 1534
1656950 1534
1656960 1534
1656970 1534
1656980 1534
1656990 1534
1657000 1534
1657010 1534
1657020 1534
1657030 1534
1657040 1535
1657050 1536
1657060 1536
1657070 1537
1657080 1538
1657090 1538
1657100 1539
1657110 1540
1657120 1540
1657130 1541
1657140 1542
1657150 1544
1657160 1544
1657170 1546
1657180 1548
1657190 1548
1657200 1550
1657210 1551
1657220 1551
1657230 1553
1657240 1554
1657250 1554
1657260 1555
1657270 1557
1657280 1557
1657290 1558
1657300 1559
1657310 1559
1657320 1560
1657330 1562
1657340 1563
1657350 1563
1657360 1564
1657370 1566
1657380 1566
1657390 1568
1657400 1569
1657410 1569
1657420 1571
1657430 1573
1657440 1573
1657450 1576
1657460 1578
1657470 1578
1657480 1580
1657490 1582
1657500 1582
1657510 1582
1657520 1582
1657530 1582
1657540 1581
1657550 1579
1657560 1578
1657570 1578
1657580 1576
1657590 1574
1657600 1574
1657610 1573
1657620 1571
1657630 1571
1657640 1569
1657650 1567
1657660 1567
1657670 1565
1657680 1563
1657690 1563
1657700 1560
1657710 1558
1657720 1558
1657730 1557
1657740 1555
1657750 1553
1657760 1553
1657770 1551
1657780 1549
1657790 1549
1657800 1547
1657810 1544
1657820 1544
1657830 1541
1657840 1538
1657850 1538
1657860 1535
1657870 1532
1657880 1532
1657890 1529
1657900 1526
1657910 1526
1657920 1524
1657930 1523
1657940 1523
1657950 1524
1657960 1526
1657970 1528
1657980 1528
1657990 1530
1658000 1532
1658010 1532
1658020 1534
1658030 1537
1658040 1537
1658050 1539
1658060 1541
1658070 1541
1658080 1543
1658090 1544
1658100 1544
1658110 1546
1658120 1547
1658130 1547
1658140 1549
1658150 1550
1658160 1552
1658170 1552
1658180 1556
1658190 1558
1658200 1558
1658210 1560
1658220 1562
1658230 1562
1658240 1564
1658250 1566
1658260 1566
1658270 1569
1658280 1572
1658290 1572
1658300 1574
1658310 1577
1658320 1577
1658330 1579
1658340 1582
1658350 1582
1658360 1584
1658370 1587
1658380 1588
1658390 1588
1658400 1590
1658410 1592
1658420 1592
1658430 1593
1658440 1594
1658450 1594
1658460 1595
1658470 1596
1658480 1596
1658490 1597
1658500 1598
1658510 1598
1658520 1598
1658530 1599
1658540 1599
1658550 1599
1658560 1600
1658570 1600
1658580 1600
1658590 1600
1658600 1600
1658610 1600
1658620 1601
1658630 1601
1658640 1601
1658650 1601
1658660 1602
1658670 1602
1658680 1602
1658690 1602
1658700 1602
1658710 1603
1658720 1603
1658730 1603
1658740 1604
1658750 1604
1658760 1604
1658770 1604
1658780 1605
1658790 1605
1658800 1605
1658810 1605
1658820 1606
1658830 1606
1658840 1607
1658850 1607
1658860 1607
1658870 1608
1658880 1608
1658890 1608
1658900 1611
1658910 1612
1658920 1612
1658930 1613
1658940 1613
1658950 1613
1658960 1614
1658970 1615
1658980 1616
1658990 1616
1659000 1616
1659010 1617
1659020 1617
1659030 1618
1659040 1618
1659050 1618
1659060 1619
1659070 1620
1659080 1620
1659090 1620
1659100 1621
1659110 1621
1659120 1621
1659130 1622
1659140 1622
1659150 1622
1659160 1623
1659170 1623
1659180 1623
1659190 1624
1659200 1624
1659210 1624
1659220 1625
1659230 1625
1659240 1625
1659250 1626
1659260 1626
1659270 1626
1659280 1627
1659290 1627
1659300 1627
1659310 1628
1659320 1628
1659330 1628
1659340 1629
1659350 1629
1659360 1629
1659370 1629
1659380 1630
1659390 1630
1659400 1630
1659410 1630
1659420 1630
1659430 1630
1659440 1630
1659450 1630
1659460 1630
1659470 1630
1659480 1630
1659490 1630
1659500 1630
1659510 1629
1659520 1629
1659530 1629
1659540 1628
1659550 1628
1659560 1627
1659570 1627
1659580 1627
1659590 1626
1659600 1625
1659610 1624
1659620 1624
1659630 1624
1659640 1623
1659650 1623
1659660 1622
1659670 1620
1659680 1620
1659690 1619
1659700 1618
1659710 1618
1659720 1616
1659730 1615
1659740 1615
1659750 1613
1659760 1612
1659770 1612
1659780 1610
1659790 1608
1659800 1607
1659810 1607
1659820 1605
1659830 1603
1659840 1603
1659850 1601
1659860 1599
1659870 1599
1659880 1597
1659890 1595
1659900 1595
1659910 1593
1659920 1591
1659930 1591
1659940 1589
1659950 1587
1659960 1587
1659970 1585
1659980 1584
1659990 1584
