1640000 1097
1640010 1097
1640020 1097
1640030 1096
1640040 1096
1640050 1095
1640060 1094
1640070 1092
1640080 1092
1640090 1091
1640100 1090
1640110 1090
1640120 1089
1640130 1093
1640140 1093
1640150 1092
1640160 1091
1640170 1091
1640180 1090
1640190 1088
1640200 1088
1640210 1082
1640220 1076
1640230 1076
1640240 1070
1640250 1067
1640260 1064
1640270 1064
1640280 1059
1640290 1055
1640300 1055
1640310 1052
1640320 1050
1640330 1050
1640340 1048
1640350 1048
1640360 1048
1640370 1048
1640380 1048
1640390 1048
1640400 1046
1640410 1044
1640420 1044
1640430 1042
1640440 1040
1640450 1040
1640460 1039
1640470 1037
1640480 1036
1640490 1036
1640500 1034
1640510 1031
1640520 1031
1640530 1029
1640540 1027
1640550 1027
1640560 1026
1640570 1025
1640580 1025
1640590 1023
1640600 1022
1640610 1022
1640620 1021
1640630 1019
1640640 1019
1640650 1017
1640660 1016
1640670 1015
1640680 1015
1640690 1013
1640700 1012
1640710 1012
1640720 1011
1640730 1010
1640740 1010
1640750 1010
1640760 1009
1640770 1009
1640780 1009
1640790 1009
1640800 1009
1640810 1008
1640820 1006
1640830 1006
1640840 1003
1640850 1000
1640860 1000
1640870 998
1640880 996
1640890 992
1640900 992
1640910 987
1640920 983
1640930 983
1640940 984
1640950 981
1640960 981
1640970 979
1640980 976
1640990 976
1641000 974
1641010 968
1641020 968
1641030 961
1641040 953
1641050 953
1641060 946
1641070 940
1641080 935
1641090 935
1641100 931
1641110 926
1641120 926
1641130 922
1641140 918
1641150 918
1641160 913
1641170 909
1641180 909
1641190 905
1641200 902
1641210 902
1641220 899
1641230 896
1641240 896
1641250 894
1641260 894
1641270 894
1641280 896
1641290 898
1641300 899
1641310 899
1641320 900
1641330 901
1641340 901
1641350 902
1641360 903
1641370 903
1641380 904
1641390 904
1641400 904
1641410 904
1641420 904
1641430 904
1641440 904
1641450 904
1641460 904
1641470 903
1641480 903
1641490 903
1641500 903
1641510 902
1641520 902
1641530 902
1641540 901
1641550 901
1641560 901
1641570 900
1641580 900
1641590 900
1641600 899
1641610 899
1641620 899
1641630 898
1641640 897
1641650 897
1641660 895
1641670 894
1641680 894
1641690 892
1641700 890
1641710 889
1641720 889
1641730 887
1641740 885
1641750 882
1641760 880
1641770 878
1641780 878
1641790 876
1641800 875
1641810 875
1641820 873
1641830 873
1641840 873
1641850 872
1641860 872
1641870 872
1641880 872
1641890 871
1641900 871
1641910 871
1641920 870
1641930 869
1641940 869
1641950 869
1641960 868
1641970 868
1641980 868
1641990 867
1642000 867
1642010 867
1642020 866
1642030 866
1642040 865
1642050 863
1642060 863
1642070 862
1642080 860
1642090 860
1642100 859
1642110 857
1642120 855
1642130 855
1642140 854
1642150 852
1642160 852
1642170 851
1642180 849
1642190 849
1642200 848
1642210 846
1642220 846
1642230 844
1642240 842
1642250 842
1642260 840
1642270 838
1642280 838
1642290 836
1642300 834
1642310 832
1642320 832
1642330 830
1642340 828
1642350 828
1642360 827
1642370 825
1642380 825
1642390 823
1642400 821
1642410 821
1642420 819
1642430 817
1642440 817
1642450 814
1642460 812
1642470 812
1642480 810
1642490 808
1642500 808
1642510 806
1642520 804
1642530 802
1642540 802
1642550 799
1642560 797
1642570 797
1642580 795
1642590 792
1642600 792
1642610 790
1642620 787
1642630 787
1642640 785
1642650 783
1642660 783
1642670 780
1642680 778
1642690 778
1642700 776
1642710 775
1642720 774
1642730 774
1642740 773
1642750 773
1642760 773
1642770 774
1642780 774
1642790 774
1642800 772
1642810 769
1642820 769
1642830 767
1642840 766
1642850 766
1642860 765
1642870 764
1642880 764
1642890 763
1642900 763
1642910 763
1642920 762
1642930 762
1642940 761
1642950 761
1642960 761
1642970 761
1642980 761
1642990 761
1643000 761
1643010 761
1643020 760
1643030 760
1643040 760
1643050 760
1643060 760
1643070 760
1643080 759
1643090 759
1643100 759
1643110 759
1643120 759
1643130 759
1643140 759
1643150 759
1643160 759
1643170 759
1643180 759
1643190 760
1643200 760
1643210 760
1643220 760
1643230 760
1643240 759
1643250 758
1643260 758
1643270 758
1643280 758
1643290 758
1643300 758
1643310 758
1643320 758
1643330 758
1643340 759
1643350 759
1643360 760
1643370 760
1643380 761
1643390 761
1643400 761
1643410 763
1643420 763
1643430 765
1643440 771
1643450 771
1643460 776
1643470 778
1643480 778
1643490 782
1643500 786
1643510 786
1643520 790
1643530 794
1643540 798
1643550 798
1643560 800
1643570 799
1643580 799
1643590 800
1643600 801
1643610 801
1643620 804
1643630 808
1643640 808
1643650 813
1643660 816
1643670 816
1643680 819
1643690 823
1643700 823
1643710 827
1643720 832
1643730 832
1643740 836
1643750 839
1643760 842
1643770 842
1643780 845
1643790 848
1643800 848
1643810 851
1643820 853
1643830 853
1643840 856
1643850 860
1643860 860
1643870 863
1643880 866
1643890 866
1643900 869
1643910 872
1643920 872
1643930 875
1643940 878
1643950 882
1643960 882
1643970 884
1643980 887
1643990 887
1644000 889
1644010 892
1644020 892
1644030 894
1644040 896
1644050 896
1644060 899
1644070 901
1644080 901
1644090 904
1644100 905
1644110 905
1644120 907
1644130 907
1644140 908
1644150 910
1644160 910
1644170 910
1644180 910
1644190 910
1644200 910
1644210 910
1644220 909
1644230 909
1644240 909
1644250 909
1644260 909
1644270 909
1644280 909
1644290 908
1644300 908
1644310 908
1644320 908
1644330 908
1644340 908
1644350 907
1644360 907
1644370 907
1644380 907
1644390 906
1644400 906
1644410 907
1644420 908
1644430 908
1644440 909
1644450 910
1644460 910
1644470 911
1644480 912
1644490 912
1644500 914
1644510 915
1644520 915
1644530 916
1644540 917
1644550 918
1644560 918
1644570 918
1644580 919
1644590 919
1644600 920
1644610 921
1644620 921
1644630 922
1644640 923
1644650 923
1644660 924
1644670 925
1644680 925
1644690 925
1644700 926
1644710 926
1644720 926
1644730 927
1644740 927
1644750 927
1644760 927
1644770 927
1644780 927
1644790 927
1644800 925
1644810 925
1644820 924
1644830 922
1644840 922
1644850 921
1644860 920
1644870 920
1644880 920
1644890 921
1644900 921
1644910 922
1644920 923
1644930 923
1644940 924
1644950 923
1644960 921
1644970 921
1644980 921
1644990 923
1645000 923
1645010 925
1645020 927
1645030 927
1645040 929
1645050 930
1645060 930
1645070 931
1645080 931
1645090 931
1645100 932
1645110 933
1645120 933
1645130 934
1645140 935
1645150 935
1645160 936
1645170 937
1645180 938
1645190 938
1645200 939
1645210 941
1645220 941
1645230 943
1645240 945
1645250 945
1645260 947
1645270 950
1645280 950
1645290 951
1645300 953
1645310 953
1645320 954
1645330 956
1645340 956
1645350 958
1645360 959
1645370 961
1645380 961
1645390 962
1645400 964
1645410 964
1645420 966
1645430 967
1645440 967
1645450 967
1645460 967
1645470 967
1645480 965
1645490 962
1645500 962
1645510 959
1645520 955
1645530 955
1645540 950
1645550 945
1645560 945
1645570 940
1645580 936
1645590 931
1645600 931
1645610 927
1645620 923
1645630 923
1645640 919
1645650 915
1645660 915
1645670 910
1645680 906
1645690 906
1645700 902
1645710 897
1645720 897
1645730 895
1645740 891
1645750 891
1645760 888
1645770 886
1645780 883
1645790 883
1645800 881
1645810 878
1645820 878
1645830 874
1645840 871
1645850 871
1645860 867
1645870 863
1645880 863
1645890 859
1645900 855
1645910 855
1645920 852
1645930 848
1645940 848
1645950 845
1645960 844
1645970 844
1645980 845
1645990 846
1646000 847
1646010 847
1646020 850
1646030 854
1646040 854
1646050 857
1646060 860
1646070 860
1646080 863
1646090 865
1646100 865
1646110 867
1646120 869
1646130 869
1646140 872
1646150 874
1646160 874
1646170 877
1646180 881
1646190 884
1646200 884
1646210 888
1646220 893
1646230 893
1646240 897
1646250 902
1646260 902
1646270 906
1646280 910
1646290 910
1646300 914
1646310 918
1646320 918
1646330 922
1646340 927
1646350 927
1646360 930
1646370 933
1646380 933
1646390 936
1646400 938
1646410 940
1646420 940
1646430 942
1646440 944
1646450 944
1646460 946
1646470 949
1646480 949
1646490 951
1646500 954
1646510 954
1646520 956
1646530 959
1646540 959
1646550 962
1646560 965
1646570 965
1646580 968
1646590 970
1646600 973
1646610 973
1646620 976
1646630 980
1646640 980
1646650 982
1646660 985
1646670 985
1646680 987
1646690 988
1646700 988
1646710 990
1646720 992
1646730 992
1646740 993
1646750 995
1646760 995
1646770 996
1646780 997
1646790 997
1646800 998
1646810 999
1646820 1000
1646830 1000
1646840 1000
1646850 1001
1646860 1001
1646870 1002
1646880 1003
1646890 1003
1646900 1003
1646910 1002
1646920 1002
1646930 1003
1646940 1004
1646950 1004
1646960 1005
1646970 1006
1646980 1006
1646990 1007
1647000 1008
1647010 1009
1647020 1009
1647030 1011
1647040 1012
1647050 1012
1647060 1013
1647070 1015
1647080 1015
1647090 1016
1647100 1018
1647110 1018
1647120 1019
1647130 1021
1647140 1021
1647150 1023
1647160 1025
1647170 1025
1647180 1027
1647190 1028
1647200 1028
1647210 1030
1647220 1032
1647230 1034
1647240 1034
1647250 1036
1647260 1037
1647270 1037
1647280 1039
1647290 1041
1647300 1038
1647310 1040
1647320 1042
1647330 1042
1647340 1043
1647350 1045
1647360 1045
1647370 1046
1647380 1047
1647390 1047
1647400 1048
1647410 1050
1647420 1051
1647430 1051
1647440 1052
1647450 1052
1647460 1052
1647470 1053
1647480 1054
1647490 1054
1647500 1054
1647510 1055
1647520 1055
1647530 1055
1647540 1056
1647550 1056
1647560 1057
1647570 1057
1647580 1057
1647590 1058
1647600 1059
1647610 1059
1647620 1059
1647630 1060
1647640 1061
1647650 1061
1647660 1062
1647670 1062
1647680 1062
1647690 1063
1647700 1063
1647710 1063
1647720 1063
1647730 1063
1647740 1063
1647750 1064
1647760 1064
1647770 1064
1647780 1064
1647790 1064
1647800 1064
1647810 1063
1647820 1063
1647830 1063
1647840 1063
1647850 1063
1647860 1062
1647870 1062
1647880 1062
1647890 1062
1647900 1062
1647910 1061
1647920 1061
1647930 1061
1647940 1061
1647950 1061
1647960 1061
1647970 1062
1647980 1062
1647990 1062
1648000 1062
1648010 1062
1648020 1062
1648030 1062
1648040 1062
1648050 1061
1648060 1061
1648070 1058
1648080 1058
1648090 1058
1648100 1058
1648110 1059
1648120 1059
1648130 1060
1648140 1062
1648150 1062
1648160 1063
1648170 1065
1648180 1065
1648190 1065
1648200 1065
1648210 1065
1648220 1066
1648230 1066
1648240 1067
1648250 1067
1648260 1066
1648270 1065
1648280 1065
1648290 1063
1648300 1061
1648310 1061
1648320 1059
1648330 1057
1648340 1057
1648350 1056
1648360 1055
1648370 1055
1648380 1053
1648390 1052
1648400 1052
1648410 1050
1648420 1048
1648430 1046
1648440 1046
1648450 1044
1648460 1042
1648470 1042
1648480 1042
1648490 1042
1648500 1042
1648510 1043
1648520 1044
1648530 1044
1648540 1046
1648550 1048
1648560 1048
1648570 1049
1648580 1050
1648590 1050
1648600 1051
1648610 1050
1648620 1050
1648630 1049
1648640 1047
1648650 1046
1648660 1046
1648670 1044
1648680 1043
1648690 1043
1648700 1042
1648710 1042
1648720 1042
1648730 1042
1648740 1042
1648750 1042
1648760 1043
1648770 1044
1648780 1044
1648790 1046
1648800 1048
1648810 1048
1648820 1050
1648830 1050
1648840 1050
1648850 1049
1648860 1048
1648870 1046
1648880 1046
1648890 1044
1648900 1041
1648910 1041
1648920 1038
1648930 1036
1648940 1036
1648950 1034
1648960 1033
1648970 1033
1648980 1033
1648990 1032
1649000 1032
1649010 1032
1649020 1032
1649030 1032
1649040 1031
1649050 1031
1649060 1030
1649070 1030
1649080 1029
1649090 1030
1649100 1030
1649110 1031
1649120 1032
1649130 1032
1649140 1033
1649150 1034
1649160 1034
1649170 1035
1649180 1035
1649190 1035
1649200 1035
1649210 1035
1649220 1035
1649230 1033
1649240 1031
1649250 1030
1649260 1030
1649270 1029
1649280 1030
1649290 1030
1649300 1032
1649310 1033
1649320 1033
1649330 1036
1649340 1038
1649350 1038
1649360 1041
1649370 1044
1649380 1044
1649390 1047
1649400 1050
1649410 1050
1649420 1052
1649430 1054
1649440 1054
1649450 1056
1649460 1057
1649470 1059
1649480 1059
1649490 1061
1649500 1062
1649510 1062
1649520 1064
1649530 1066
1649540 1066
1649550 1067
1649560 1068
1649570 1068
1649580 1070
1649590 1071
1649600 1071
1649610 1072
1649620 1071
1649630 1071
1649640 1072
1649650 1073
1649660 1075
1649670 1075
1649680 1076
1649690 1078
1649700 1078
1649710 1079
1649720 1080
1649730 1080
1649740 1082
1649750 1083
1649760 1083
1649770 1084
1649780 1086
1649790 1086
1649800 1087
1649810 1087
1649820 1087
1649830 1088
1649840 1089
1649850 1089
1649860 1090
1649870 1090
1649880 1091
1649890 1091
1649900 1092
1649910 1093
1649920 1093
1649930 1094
1649940 1095
1649950 1095
1649960 1096
1649970 1097
1649980 1097
1649990 1098
1650000 1098
1650010 1098
1650020 1099
1650030 1100
1650040 1100
1650050 1100
1650060 1101
1650070 1102
1650080 1102
1650090 1103
1650100 1104
1650110 1104
1650120 1105
1650130 1106
1650140 1106
1650150 1108
1650160 1110
1650170 1110
1650180 1112
1650190 1114
1650200 1114
1650210 1116
1650220 1117
1650230 1117
1650240 1119
1650250 1121
1650260 1121
1650270 1122
1650280 1123
1650290 1125
1650300 1125
1650310 1126
1650320 1128
1650330 1128
1650340 1130
1650350 1132
1650360 1132
1650370 1134
1650380 1136
1650390 1136
1650400 1138
1650410 1139
1650420 1139
1650430 1141
1650440 1143
1650450 1143
1650460 1144
1650470 1146
1650480 1147
1650490 1147
1650500 1148
1650510 1149
1650520 1149
1650530 1151
1650540 1152
1650550 1152
1650560 1154
1650570 1155
1650580 1155
1650590 1156
1650600 1156
1650610 1156
1650620 1157
1650630 1157
1650640 1157
1650650 1157
1650660 1158
1650670 1158
1650680 1158
1650690 1159
1650700 1159
1650710 1159
1650720 1160
1650730 1161
1650740 1161
1650750 1162
1650760 1162
1650770 1162
1650780 1163
1650790 1164
1650800 1164
1650810 1165
1650820 1165
1650830 1165
1650840 1166
1650850 1166
1650860 1166
1650870 1167
1650880 1166
1650890 1166
1650900 1166
1650910 1165
1650920 1164
1650930 1164
1650940 1163
1650950 1162
1650960 1162
1650970 1161
1650980 1160
1650990 1160
1651000 1160
1651010 1160
1651020 1160
1651030 1160
1651040 1161
1651050 1161
1651060 1162
1651070 1162
1651080 1162
1651090 1163
1651100 1164
1651110 1164
1651120 1164
1651130 1165
1651140 1166
1651150 1171
1651160 1173
1651170 1174
1651180 1174
1651190 1174
1651200 1173
1651210 1173
1651220 1171
1651230 1168
1651240 1168
1651250 1165
1651260 1161
1651270 1161
1651280 1157
1651290 1153
1651300 1148
1651310 1148
1651320 1143
1651330 1137
1651340 1137
1651350 1130
1651360 1122
1651370 1122
1651380 1121
1651390 1127
1651400 1127
1651410 1131
1651420 1134
1651430 1134
1651440 1137
1651450 1140
1651460 1140
1651470 1142
1651480 1144
1651490 1144
1651500 1146
1651510 1146
1651520 1145
1651530 1145
1651540 1144
1651550 1143
1651560 1143
1651570 1142
1651580 1141
1651590 1141
1651600 1140
1651610 1138
1651620 1138
1651630 1137
1651640 1136
1651650 1136
1651660 1135
1651670 1134
1651680 1134
1651690 1133
1651700 1131
1651710 1128
1651720 1128
1651730 1128
1651740 1129
1651750 1129
1651760 1132
1651770 1137
1651780 1137
1651790 1143
1651800 1148
1651810 1148
1651820 1152
1651830 1156
1651840 1156
1651850 1158
1651860 1160
1651870 1160
1651880 1161
1651890 1161
1651900 1163
1651910 1163
1651920 1163
1651930 1162
1651940 1162
1651950 1162
1651960 1161
1651970 1161
1651980 1161
1651990 1161
1652000 1161
1652010 1160
1652020 1158
1652030 1158
1652040 1155
1652050 1152
1652060 1152
1652070 1150
1652080 1148
1652090 1148
1652100 1145
1652110 1142
1652120 1138
1652130 1138
1652140 1134
1652150 1128
1652160 1128
1652170 1122
1652180 1116
1652190 1116
1652200 1109
1652210 1102
1652220 1102
1652230 1096
1652240 1091
1652250 1091
1652260 1087
1652270 1084
1652280 1084
1652290 1086
1652300 1089
1652310 1093
1652320 1093
1652330 1096
1652340 1100
1652350 1100
1652360 1104
1652370 1109
1652380 1109
1652390 1113
1652400 1118
1652410 1118
1652420 1122
1652430 1126
1652440 1126
1652450 1130
1652460 1134
1652470 1134
1652480 1138
1652490 1141
1652500 1141
1652510 1145
1652520 1148
1652530 1151
1652540 1151
1652550 1154
1652560 1156
1652570 1156
1652580 1158
1652590 1161
1652600 1161
1652610 1163
1652620 1164
1652630 1164
1652640 1166
1652650 1166
1652660 1169
1652670 1170
1652680 1170
1652690 1170
1652700 1169
1652710 1168
1652720 1167
1652730 1167
1652740 1166
1652750 1166
1652760 1166
1652770 1166
1652780 1168
1652790 1168
1652800 1171
1652810 1173
1652820 1173
1652830 1176
1652840 1178
1652850 1178
1652860 1181
1652870 1184
1652880 1184
1652890 1187
1652900 1190
1652910 1190
1652920 1193
1652930 1196
1652940 1199
1652950 1199
1652960 1201
1652970 1204
1652980 1204
1652990 1207
1653000 1210
1653010 1210
1653020 1213
1653030 1215
1653040 1215
1653050 1218
1653060 1221
1653070 1221
1653080 1224
1653090 1227
1653100 1227
1653110 1231
1653120 1234
1653130 1237
1653140 1237
1653150 1240
1653160 1243
1653170 1243
1653180 1247
1653190 1250
1653200 1250
1653210 1253
1653220 1256
1653230 1256
1653240 1260
1653250 1263
1653260 1263
1653270 1266
1653280 1269
1653290 1269
1653300 1272
1653310 1275
1653320 1275
1653330 1278
1653340 1281
1653350 1283
1653360 1283
1653370 1285
1653380 1287
1653390 1287
1653400 1288
1653410 1288
1653420 1288
1653430 1287
1653440 1285
1653450 1285
1653460 1282
1653470 1279
1653480 1279
1653490 1276
1653500 1272
1653510 1272
1653520 1269
1653530 1265
1653540 1261
1653550 1261
1653560 1258
1653570 1254
1653580 1254
1653590 1250
1653600 1246
1653610 1246
1653620 1242
1653630 1238
1653640 1238
1653650 1234
1653660 1229
1653670 1229
1653680 1224
1653690 1218
1653700 1218
1653710 1213
1653720 1207
1653730 1207
1653740 1201
1653750 1196
1653760 1190
1653770 1190
1653780 1185
1653790 1180
1653800 1180
1653810 1174
1653820 1167
1653830 1167
1653840 1160
1653850 1153
1653860 1153
1653870 1147
1653880 1140
1653890 1140
1653900 1134
1653910 1128
1653920 1128
1653930 1122
1653940 1117
1653950 1111
1653960 1111
1653970 1105
1653980 1100
1653990 1100
1654000 1096
1654010 1095
1654020 1095
1654030 1095
1654040 1095
1654050 1095
1654060 1095
1654070 1098
1654080 1098
1654090 1103
1654100 1109
1654110 1109
1654120 1115
1654130 1121
1654140 1121
1654150 1127
1654160 1134
1654170 1140
1654180 1140
1654190 1145
1654200 1149
1654210 1149
1654220 1154
1654230 1158
1654240 1158
1654250 1163
1654260 1168
1654270 1168
1654280 1173
1654290 1179
1654300 1179
1654310 1184
1654320 1189
1654330 1189
1654340 1194
1654350 1199
1654360 1203
1654370 1203
1654380 1207
1654390 1212
1654400 1212
1654410 1216
1654420 1220
1654430 1220
1654440 1225
1654450 1229
1654460 1229
1654470 1234
1654480 1239
1654490 1239
1654500 1244
1654510 1248
1654520 1248
1654530 1253
1654540 1257
1654550 1257
1654560 1261
1654570 1265
1654580 1270
1654590 1270
1654600 1274
1654610 1278
1654620 1278
1654630 1282
1654640 1286
1654650 1286
1654660 1289
1654670 1293
1654680 1293
1654690 1297
1654700 1300
1654710 1300
1654720 1304
1654730 1307
1654740 1307
1654750 1310
1654760 1313
1654770 1317
1654780 1317
1654790 1321
1654800 1325
1654810 1325
1654820 1329
1654830 1333
1654840 1333
1654850 1337
1654860 1340
1654870 1340
1654880 1343
1654890 1346
1654900 1347
1654910 1350
1654920 1353
1654930 1353
1654940 1355
1654950 1358
1654960 1358
1654970 1359
1654980 1360
1654990 1360
1655000 1360
1655010 1360
1655020 1360
1655030 1360
1655040 1361
1655050 1363
1655060 1363
1655070 1364
1655080 1365
1655090 1365
1655100 1366
1655110 1367
1655120 1367
1655130 1369
1655140 1371
1655150 1371
1655160 1373
1655170 1375
1655180 1376
1655190 1376
1655200 1378
1655210 1380
1655220 1380
1655230 1381
1655240 1383
1655250 1383
1655260 1384
1655270 1386
1655280 1386
1655290 1388
1655300 1390
1655310 1390
1655320 1391
1655330 1393
1655340 1393
1655350 1395
1655360 1397
1655370 1397
1655380 1399
1655390 1401
1655400 1403
1655410 1403
1655420 1405
1655430 1407
1655440 1407
1655450 1410
1655460 1412
1655470 1412
1655480 1415
1655490 1418
1655500 1418
1655510 1421
1655520 1424
1655530 1424
1655540 1427
1655550 1430
1655560 1430
1655570 1432
1655580 1435
1655590 1437
1655600 1437
1655610 1439
1655620 1441
1655630 1441
1655640 1442
1655650 1444
1655660 1444
1655670 1445
1655680 1447
1655690 1447
1655700 1449
1655710 1451
1655720 1451
1655730 1453
1655740 1455
1655750 1455
1655760 1458
1655770 1460
1655780 1460
1655790 1463
1655800 1465
1655810 1468
1655820 1468
1655830 1470
1655840 1472
1655850 1472
1655860 1474
1655870 1476
1655880 1476
1655890 1479
1655900 1481
1655910 1481
1655920 1483
1655930 1485
1655940 1485
1655950 1488
1655960 1492
1655970 1492
1655980 1495
1655990 1497
1656000 1500
1656010 1500
1656020 1502
1656030 1504
1656040 1504
1656050 1506
1656060 1507
1656070 1507
1656080 1509
1656090 1510
1656100 1510
1656110 1512
1656120 1514
1656130 1514
1656140 1515
1656150 1517
1656160 1517
1656170 1518
1656180 1520
1656190 1520
1656200 1522
1656210 1523
1656220 1525
1656230 1525
1656240 1526
1656250 1527
1656260 1527
1656270 1528
1656280 1529
1656290 1529
1656300 1529
1656310 1528
1656320 1528
1656330 1527
1656340 1527
1656350 1527
1656360 1526
1656370 1524
1656380 1525
1656390 1524
1656400 1523
1656410 1522
1656420 1522
1656430 1521
1656440 1520
1656450 1520
1656460 1518
1656470 1517
1656480 1517
1656490 1515
1656500 1514
1656510 1514
1656520 1513
1656530 1512
1656540 1512
1656550 1510
1656560 1509
1656570 1509
1656580 1508
1656590 1508
1656600 1507
1656610 1507
1656620 1505
1656630 1504
1656640 1504
1656650 1503
1656660 1501
1656670 1501
1656680 1500
1656690 1499
1656700 1499
1656710 1498
1656720 1498
1656730 1498
1656740 1498
1656750 1498
1656760 1498
1656770 1498
1656780 1499
1656790 1499
1656800 1499
1656810 1499
1656820 1499
1656830 1499
1656840 1499
1656850 1499
1656860 1499
1656870 1499
1656880 1500
1656890 1500
1656900 1499
1656910 1499
1656920 1499
1656930 1497
1656940 1495
1656950 1495
1656960 1492
1656970 1490
1656980 1490
1656990 1487
1657000 1484
1657010 1482
1657020 1482
1657030 1479
1657040 1478
1657050 1478
1657060 1480
1657070 1481
1657080 1481
1657090 1482
1657100 1483
1657110 1483
1657120 1486
1657130 1487
1657140 1487
1657150 1488
1657160 1490
1657170 1490
1657180 1491
1657190 1492
1657200 1492
1657210 1493
1657220 1495
1657230 1496
1657240 1496
1657250 1498
1657260 1499
1657270 1499
1657280 1501
1657290 1502
1657300 1502
1657310 1504
1657320 1506
1657330 1506
1657340 1508
1657350 1509
1657360 1509
1657370 1511
1657380 1513
1657390 1513
1657400 1515
1657410 1517
1657420 1519
1657430 1519
1657440 1521
1657450 1523
1657460 1523
1657470 1525
1657480 1527
1657490 1527
1657500 1529
1657510 1531
1657520 1531
1657530 1534
1657540 1536
1657550 1536
1657560 1538
1657570 1540
1657580 1540
1657590 1541
1657600 1543
1657610 1543
1657620 1544
1657630 1545
1657640 1546
1657650 1546
1657660 1547
1657670 1547
1657680 1547
1657690 1547
1657700 1547
1657710 1547
1657720 1547
1657730 1546
1657740 1546
1657750 1546
1657760 1546
1657770 1546
1657780 1545
1657790 1545
1657800 1545
1657810 1544
1657820 1543
1657830 1542
1657840 1542
1657850 1541
1657860 1539
1657870 1539
1657880 1537
1657890 1534
1657900 1534
1657910 1532
1657920 1528
1657930 1528
1657940 1525
1657950 1522
1657960 1522
1657970 1518
1657980 1514
1657990 1514
1658000 1511
1658010 1508
1658020 1508
1658030 1504
1658040 1499
1658050 1495
1658060 1495
1658070 1490
1658080 1486
1658090 1486
1658100 1482
1658110 1478
1658120 1478
1658130 1475
1658140 1475
1658150 1475
1658160 1476
1658170 1478
1658180 1478
1658190 1480
1658200 1482
1658210 1482
1658220 1484
1658230 1486
1658240 1487
1658250 1487
1658260 1489
1658270 1491
1658280 1491
1658290 1493
1658300 1495
1658310 1495
1658320 1497
1658330 1498
1658340 1498
1658350 1500
1658360 1502
1658370 1502
1658380 1504
1658390 1507
1658400 1507
1658410 1510
1658420 1512
1658430 1512
1658440 1513
1658450 1515
1658460 1516
1658470 1516
1658480 1517
1658490 1519
1658500 1519
1658510 1520
1658520 1521
1658530 1521
1658540 1523
1658550 1524
1658560 1524
1658570 1525
1658580 1528
1658590 1528
1658600 1530
1658610 1531
1658620 1531
1658630 1532
1658640 1533
1658650 1534
1658660 1534
1658670 1535
1658680 1536
1658690 1536
1658700 1537
1658710 1538
1658720 1538
1658730 1540
1658740 1541
1658750 1541
1658760 1542
1658770 1544
1658780 1544
1658790 1545
1658800 1547
1658810 1547
1658820 1549
1658830 1549
1658840 1549
1658850 1550
1658860 1550
1658870 1550
1658880 1550
1658890 1551
1658900 1552
1658910 1552
1658920 1552
1658930 1553
1658940 1553
1658950 1554
1658960 1555
1658970 1555
1658980 1556
1658990 1557
1659000 1557
1659010 1557
1659020 1558
1659030 1558
1659040 1559
1659050 1560
1659060 1561
1659070 1561
1659080 1562
1659090 1563
1659100 1563
1659110 1564
1659120 1565
1659130 1565
1659140 1566
1659150 1567
1659160 1567
1659170 1568
1659180 1569
1659190 1569
1659200 1569
1659210 1570
1659220 1570
1659230 1571
1659240 1572
1659250 1572
1659260 1573
1659270 1573
1659280 1574
1659290 1574
1659300 1577
1659310 1578
1659320 1578
1659330 1578
1659340 1579
1659350 1579
1659360 1579
1659370 1580
1659380 1580
1659390 1581
1659400 1582
1659410 1582
1659420 1582
1659430 1583
1659440 1583
1659450 1584
1659460 1585
1659470 1585
1659480 1585
1659490 1586
1659500 1586
1659510 1586
1659520 1587
1659530 1587
1659540 1587
1659550 1587
1659560 1587
1659570 1587
1659580 1587
1659590 1586
1659600 1586
1659610 1586
1659620 1586
1659630 1586
1659640 1586
1659650 1585
1659660 1585
1659670 1585
1659680 1584
1659690 1584
1659700 1584
1659710 1584
1659720 1583
1659730 1583
1659740 1583
1659750 1583
1659760 1583
1659770 1582
1659780 1581
1659790 1581
1659800 1580
1659810 1578
1659820 1578
1659830 1577
1659840 1575
1659850 1575
1659860 1573
1659870 1571
1659880 1569
1659890 1569
1659900 1567
1659910 1564
1659920 1564
1659930 1562
1659940 1559
1659950 1559
1659960 1556
1659970 1553
1659980 1553
1659990 1550
