1640000 839
1640010 839
1640020 840
1640030 840
1640040 841
1640050 842
1640060 842
1640070 842
1640080 842
1640090 842
1640100 843
1640110 843
1640120 843
1640130 843
1640140 842
1640150 842
1640160 842
1640170 842
1640180 842
1640190 842
1640200 841
1640210 841
1640220 841
1640230 841
1640240 841
1640250 841
1640260 840
1640270 840
1640280 840
1640290 839
1640300 839
1640310 839
1640320 839
1640330 838
1640340 838
1640350 838
1640360 838
1640370 838
1640380 838
1640390 838
1640400 838
1640410 838
1640420 838
1640430 838
1640440 838
1640450 838
1640460 838
1640470 838
1640480 838
1640490 838
1640500 838
1640510 838
1640520 838
1640530 838
1640540 838
1640550 838
1640560 838
1640570 838
1640580 838
1640590 838
1640600 838
1640610 838
1640620 838
1640630 838
1640640 838
1640650 838
1640660 838
1640670 838
1640680 838
1640690 838
1640700 838
1640710 838
1640720 838
1640730 838
1640740 838
1640750 838
1640760 838
1640770 838
1640780 838
1640790 838
1640800 838
1640810 838
1640820 838
1640830 838
1640840 838
1640850 838
1640860 837
1640870 837
1640880 837
1640890 837
1640900 837
1640910 837
1640920 837
1640930 837
1640940 837
1640950 837
1640960 837
1640970 837
1640980 837
1640990 837
1641000 837
1641010 837
1641020 837
1641030 838
1641040 838
1641050 839
1641060 839
1641070 839
1641080 840
1641090 840
1641100 840
1641110 841
1641120 841
1641130 841
1641140 841
1641150 842
1641160 842
1641170 842
1641180 843
1641190 843
1641200 843
1641210 844
1641220 844
1641230 844
1641240 845
1641250 846
1641260 846
1641270 847
1641280 848
1641290 848
1641300 849
1641310 850
1641320 850
1641330 851
1641340 853
1641350 853
1641360 854
1641370 856
1641380 856
1641390 857
1641400 858
1641410 858
1641420 859
1641430 859
1641440 860
1641450 860
1641460 862
1641470 863
1641480 863
1641490 865
1641500 867
1641510 867
1641520 868
1641530 870
1641540 870
1641550 871
1641560 872
1641570 872
1641580 874
1641590 875
1641600 875
1641610 877
1641620 879
1641630 879
1641640 881
1641650 882
1641660 884
1641670 884
1641680 886
1641690 887
1641700 887
1641710 889
1641720 890
1641730 890
1641740 891
1641750 891
1641760 891
1641770 892
1641780 893
1641790 893
1641800 894
1641810 895
1641820 895
1641830 897
1641840 899
1641850 901
1641860 901
1641870 903
1641880 906
1641890 906
1641900 909
1641910 912
1641920 912
1641930 914
1641940 917
1641950 917
1641960 918
1641970 920
1641980 920
1641990 920
1642000 920
1642010 920
1642020 920
1642030 920
1642040 920
1642050 920
1642060 921
1642070 923
1642080 923
1642090 925
1642100 928
1642110 928
1642120 933
1642130 936
1642140 936
1642150 939
1642160 942
1642170 942
1642180 945
1642190 948
1642200 948
1642210 951
1642220 955
1642230 955
1642240 959
1642250 963
1642260 963
1642270 967
1642280 971
1642290 975
1642300 975
1642310 979
1642320 984
1642330 984
1642340 988
1642350 992
1642360 992
1642370 996
1642380 1000
1642390 1000
1642400 1003
1642410 1006
1642420 1006
1642430 1009
1642440 1011
1642450 1011
1642460 1013
1642470 1013
1642480 1012
1642490 1012
1642500 1011
1642510 1010
1642520 1010
1642530 1008
1642540 1006
1642550 1006
1642560 1003
1642570 1000
1642580 1000
1642590 998
1642600 995
1642610 995
1642620 992
1642630 990
1642640 990
1642650 988
1642660 986
1642670 986
1642680 984
1642690 982
1642700 979
1642710 979
1642720 976
1642730 972
1642740 972
1642750 969
1642760 967
1642770 967
1642780 964
1642790 961
1642800 961
1642810 959
1642820 957
1642830 957
1642840 956
1642850 954
1642860 954
1642870 952
1642880 951
1642890 950
1642900 950
1642910 949
1642920 950
1642930 950
1642940 950
1642950 950
1642960 950
1642970 950
1642980 951
1642990 951
1643000 952
1643010 952
1643020 952
1643030 952
1643040 952
1643050 952
1643060 950
1643070 949
1643080 949
1643090 946
1643100 944
1643110 942
1643120 942
1643130 939
1643140 937
1643150 937
1643160 934
1643170 932
1643180 932
1643190 930
1643200 927
1643210 927
1643220 924
1643230 920
1643240 920
1643250 916
1643260 912
1643270 912
1643280 908
1643290 905
1643300 905
1643310 902
1643320 899
1643330 898
1643340 898
1643350 900
1643360 903
1643370 903
1643380 906
1643390 911
1643400 911
1643410 915
1643420 920
1643430 920
1643440 926
1643450 931
1643460 931
1643470 936
1643480 940
1643490 940
1643500 943
1643510 945
1643520 947
1643530 947
1643540 949
1643550 952
1643560 952
1643570 954
1643580 956
1643590 956
1643600 959
1643610 961
1643620 961
1643630 963
1643640 965
1643650 965
1643660 967
1643670 968
1643680 968
1643690 969
1643700 970
1643710 970
1643720 973
1643730 974
1643740 975
1643750 975
1643760 976
1643770 977
1643780 977
1643790 978
1643800 979
1643810 979
1643820 981
1643830 983
1643840 983
1643850 986
1643860 988
1643870 988
1643880 991
1643890 994
1643900 994
1643910 996
1643920 999
1643930 1001
1643940 1001
1643950 1004
1643960 1007
1643970 1007
1643980 1011
1643990 1014
1644000 1014
1644010 1017
1644020 1020
1644030 1020
1644040 1021
1644050 1022
1644060 1022
1644070 1022
1644080 1023
1644090 1023
1644100 1023
1644110 1024
1644120 1024
1644130 1025
1644140 1026
1644150 1026
1644160 1026
1644170 1026
1644180 1026
1644190 1026
1644200 1026
1644210 1026
1644220 1026
1644230 1025
1644240 1025
1644250 1025
1644260 1025
1644270 1024
1644280 1024
1644290 1024
1644300 1025
1644310 1025
1644320 1025
1644330 1026
1644340 1026
1644350 1026
1644360 1027
1644370 1026
1644380 1026
1644390 1025
1644400 1023
1644410 1023
1644420 1021
1644430 1018
1644440 1018
1644450 1016
1644460 1013
1644470 1013
1644480 1009
1644490 1006
1644500 1006
1644510 1002
1644520 999
1644530 999
1644540 995
1644550 991
1644560 988
1644570 988
1644580 986
1644590 986
1644600 986
1644610 988
1644620 989
1644630 989
1644640 990
1644650 992
1644660 992
1644670 994
1644680 995
1644690 995
1644700 996
1644710 997
1644720 997
1644730 997
1644740 997
1644750 997
1644760 999
1644770 1001
1644780 1004
1644790 1004
1644800 1005
1644810 1006
1644820 1006
1644830 1006
1644840 1007
1644850 1007
1644860 1007
1644870 1008
1644880 1008
1644890 1009
1644900 1010
1644910 1010
1644920 1010
1644930 1010
1644940 1010
1644950 1010
1644960 1010
1644970 1010
1644980 1010
1644990 1009
1645000 1008
1645010 1008
1645020 1007
1645030 1006
1645040 1006
1645050 1004
1645060 1002
1645070 1002
1645080 1001
1645090 1002
1645100 1002
1645110 1004
1645120 1006
1645130 1006
1645140 1009
1645150 1012
1645160 1012
1645170 1015
1645180 1018
1645190 1021
1645200 1021
1645210 1025
1645220 1030
1645230 1030
1645240 1035
1645250 1040
1645260 1040
1645270 1045
1645280 1051
1645290 1051
1645300 1056
1645310 1057
1645320 1057
1645330 1062
1645340 1067
1645350 1067
1645360 1072
1645370 1077
1645380 1077
1645390 1082
1645400 1086
1645410 1090
1645420 1090
1645430 1095
1645440 1099
1645450 1099
1645460 1103
1645470 1107
1645480 1107
1645490 1111
1645500 1114
1645510 1114
1645520 1117
1645530 1121
1645540 1121
1645550 1124
1645560 1127
1645570 1127
1645580 1130
1645590 1132
1645600 1133
1645610 1133
1645620 1135
1645630 1136
1645640 1136
1645650 1138
1645660 1141
1645670 1141
1645680 1143
1645690 1146
1645700 1146
1645710 1149
1645720 1153
1645730 1153
1645740 1157
1645750 1160
1645760 1160
1645770 1163
1645780 1166
1645790 1166
1645800 1170
1645810 1173
1645820 1177
1645830 1177
1645840 1180
1645850 1184
1645860 1184
1645870 1189
1645880 1193
1645890 1193
1645900 1196
1645910 1199
1645920 1199
1645930 1203
1645940 1206
1645950 1206
1645960 1210
1645970 1214
1645980 1214
1645990 1217
1646000 1221
1646010 1225
1646020 1225
1646030 1229
1646040 1233
1646050 1233
1646060 1236
1646070 1240
1646080 1240
1646090 1245
1646100 1248
1646110 1248
1646120 1251
1646130 1255
1646140 1255
1646150 1258
1646160 1262
1646170 1262
1646180 1265
1646190 1269
1646200 1269
1646210 1273
1646220 1276
1646230 1280
1646240 1280
1646250 1283
1646260 1286
1646270 1286
1646280 1289
1646290 1292
1646300 1292
1646310 1295
1646320 1298
1646330 1298
1646340 1301
1646350 1304
1646360 1304
1646370 1307
1646380 1310
1646390 1310
1646400 1313
1646410 1316
1646420 1316
1646430 1320
1646440 1323
1646450 1327
1646460 1327
1646470 1330
1646480 1334
1646490 1334
1646500 1337
1646510 1341
1646520 1341
1646530 1344
1646540 1347
1646550 1347
1646560 1350
1646570 1354
1646580 1354
1646590 1357
1646600 1360
1646610 1360
1646620 1363
1646630 1366
1646640 1369
1646650 1369
1646660 1372
1646670 1374
1646680 1374
1646690 1377
1646700 1379
1646710 1379
1646720 1382
1646730 1383
1646740 1383
1646750 1383
1646760 1383
1646770 1383
1646780 1383
1646790 1382
1646800 1382
1646810 1382
1646820 1381
1646830 1381
1646840 1381
1646850 1380
1646860 1379
1646870 1382
1646880 1381
1646890 1381
1646900 1381
1646910 1381
1646920 1381
1646930 1381
1646940 1381
1646950 1382
1646960 1382
1646970 1382
1646980 1383
1646990 1383
1647000 1383
1647010 1384
1647020 1384
1647030 1384
1647040 1385
1647050 1386
1647060 1386
1647070 1386
1647080 1387
1647090 1387
1647100 1388
1647110 1389
1647120 1389
1647130 1390
1647140 1391
1647150 1391
1647160 1391
1647170 1392
1647180 1392
1647190 1394
1647200 1396
1647210 1396
1647220 1398
1647230 1401
1647240 1401
1647250 1403
1647260 1406
1647270 1408
1647280 1408
1647290 1410
1647300 1413
1647310 1413
1647320 1415
1647330 1418
1647340 1418
1647350 1420
1647360 1423
1647370 1423
1647380 1426
1647390 1429
1647400 1429
1647410 1432
1647420 1434
1647430 1434
1647440 1436
1647450 1439
1647460 1439
1647470 1442
1647480 1444
1647490 1447
1647500 1447
1647510 1449
1647520 1451
1647530 1451
1647540 1453
1647550 1455
1647560 1455
1647570 1457
1647580 1458
1647590 1458
1647600 1460
1647610 1462
1647620 1462
1647630 1463
1647640 1464
1647650 1467
1647660 1468
1647670 1467
1647680 1467
1647690 1467
1647700 1466
1647710 1465
1647720 1465
1647730 1463
1647740 1462
1647750 1462
1647760 1461
1647770 1459
1647780 1459
1647790 1458
1647800 1457
1647810 1457
1647820 1455
1647830 1453
1647840 1453
1647850 1452
1647860 1449
1647870 1449
1647880 1447
1647890 1445
1647900 1442
1647910 1442
1647920 1439
1647930 1437
1647940 1437
1647950 1434
1647960 1430
1647970 1430
1647980 1427
1647990 1425
1648000 1425
1648010 1422
1648020 1420
1648030 1420
1648040 1418
1648050 1417
1648060 1417
1648070 1415
1648080 1414
1648090 1413
1648100 1413
1648110 1413
1648120 1413
1648130 1413
1648140 1412
1648150 1412
1648160 1412
1648170 1412
1648180 1411
1648190 1411
1648200 1410
1648210 1408
1648220 1408
1648230 1406
1648240 1403
1648250 1403
1648260 1401
1648270 1401
1648280 1401
1648290 1406
1648300 1411
1648310 1415
1648320 1415
1648330 1420
1648340 1424
1648350 1424
1648360 1427
1648370 1431
1648380 1431
1648390 1435
1648400 1438
1648410 1438
1648420 1442
1648430 1447
1648440 1447
1648450 1450
1648460 1453
1648470 1453
1648480 1455
1648490 1457
1648500 1457
1648510 1458
1648520 1459
1648530 1459
1648540 1459
1648550 1459
1648560 1458
1648570 1458
1648580 1457
1648590 1456
1648600 1456
1648610 1454
1648620 1452
1648630 1452
1648640 1450
1648650 1447
1648660 1447
1648670 1444
1648680 1441
1648690 1441
1648700 1438
1648710 1434
1648720 1430
1648730 1430
1648740 1426
1648750 1422
1648760 1422
1648770 1418
1648780 1414
1648790 1414
1648800 1411
1648810 1408
1648820 1408
1648830 1404
1648840 1401
1648850 1401
1648860 1397
1648870 1394
1648880 1394
1648890 1390
1648900 1387
1648910 1387
1648920 1384
1648930 1381
1648940 1378
1648950 1378
1648960 1376
1648970 1373
1648980 1373
1648990 1371
1649000 1370
1649010 1370
1649020 1368
1649030 1367
1649040 1367
1649050 1367
1649060 1366
1649070 1366
1649080 1365
1649090 1363
1649100 1363
1649110 1361
1649120 1359
1649130 1356
1649140 1356
1649150 1354
1649160 1351
1649170 1351
1649180 1348
1649190 1346
1649200 1350
1649210 1348
1649220 1347
1649230 1347
1649240 1345
1649250 1343
1649260 1343
1649270 1340
1649280 1335
1649290 1335
1649300 1330
1649310 1324
1649320 1324
1649330 1319
1649340 1318
1649350 1321
1649360 1321
1649370 1326
1649380 1332
1649390 1332
1649400 1338
1649410 1344
1649420 1344
1649430 1349
1649440 1355
1649450 1355
1649460 1359
1649470 1363
1649480 1363
1649490 1368
1649500 1372
1649510 1372
1649520 1377
1649530 1381
1649540 1381
1649550 1386
1649560 1391
1649570 1395
1649580 1395
1649590 1400
1649600 1404
1649610 1404
1649620 1408
1649630 1412
1649640 1412
1649650 1415
1649660 1419
1649670 1419
1649680 1422
1649690 1425
1649700 1425
1649710 1428
1649720 1430
1649730 1430
1649740 1432
1649750 1434
1649760 1435
1649770 1435
1649780 1435
1649790 1434
1649800 1434
1649810 1431
1649820 1429
1649830 1429
1649840 1426
1649850 1423
1649860 1423
1649870 1419
1649880 1416
1649890 1416
1649900 1413
1649910 1409
1649920 1409
1649930 1406
1649940 1403
1649950 1403
1649960 1400
1649970 1397
1649980 1394
1649990 1394
1650000 1391
1650010 1387
1650020 1387
1650030 1383
1650040 1379
1650050 1379
1650060 1375
1650070 1370
1650080 1370
1650090 1366
1650100 1362
1650110 1362
1650120 1358
1650130 1353
1650140 1353
1650150 1349
1650160 1345
1650170 1340
1650180 1340
1650190 1335
1650200 1329
1650210 1329
1650220 1323
1650230 1317
1650240 1317
1650250 1313
1650260 1311
1650270 1311
1650280 1312
1650290 1316
1650300 1316
1650310 1321
1650320 1326
1650330 1326
1650340 1332
1650350 1338
1650360 1338
1650370 1343
1650380 1348
1650390 1353
1650400 1353
1650410 1356
1650420 1358
1650430 1358
1650440 1359
1650450 1359
1650460 1359
1650470 1358
1650480 1357
1650490 1357
1650500 1357
1650510 1358
1650520 1358
1650530 1359
1650540 1362
1650550 1362
1650560 1365
1650570 1369
1650580 1369
1650590 1373
1650600 1378
1650610 1382
1650620 1382
1650630 1386
1650640 1390
1650650 1390
1650660 1394
1650670 1398
1650680 1398
1650690 1401
1650700 1403
1650710 1403
1650720 1405
1650730 1407
1650740 1408
1650750 1410
1650760 1412
1650770 1412
1650780 1414
1650790 1416
1650800 1418
1650810 1418
1650820 1421
1650830 1423
1650840 1423
1650850 1425
1650860 1427
1650870 1427
1650880 1429
1650890 1430
1650900 1430
1650910 1432
1650920 1433
1650930 1433
1650940 1434
1650950 1435
1650960 1435
1650970 1435
1650980 1436
1650990 1436
1651000 1435
1651010 1433
1651020 1430
1651030 1430
1651040 1428
1651050 1424
1651060 1424
1651070 1419
1651080 1414
1651090 1414
1651100 1409
1651110 1404
1651120 1404
1651130 1400
1651140 1395
1651150 1395
1651160 1391
1651170 1387
1651180 1387
1651190 1382
1651200 1378
1651210 1374
1651220 1374
1651230 1370
1651240 1366
1651250 1366
1651260 1362
1651270 1358
1651280 1358
1651290 1354
1651300 1351
1651310 1351
1651320 1348
1651330 1346
1651340 1346
1651350 1345
1651360 1346
1651370 1346
1651380 1347
1651390 1350
1651400 1350
1651410 1354
1651420 1358
1651430 1361
1651440 1361
1651450 1365
1651460 1369
1651470 1369
1651480 1374
1651490 1378
1651500 1374
1651510 1379
1651520 1383
1651530 1383
1651540 1387
1651550 1392
1651560 1392
1651570 1396
1651580 1400
1651590 1400
1651600 1403
1651610 1406
1651620 1406
1651630 1408
1651640 1410
1651650 1412
1651660 1412
1651670 1414
1651680 1416
1651690 1416
1651700 1418
1651710 1420
1651720 1420
1651730 1423
1651740 1425
1651750 1425
1651760 1428
1651770 1430
1651780 1430
1651790 1432
1651800 1435
1651810 1435
1651820 1437
1651830 1439
1651840 1441
1651850 1441
1651860 1443
1651870 1445
1651880 1445
1651890 1447
1651900 1449
1651910 1449
1651920 1450
1651930 1452
1651940 1452
1651950 1454
1651960 1457
1651970 1457
1651980 1459
1651990 1461
1652000 1461
1652010 1464
1652020 1467
1652030 1467
1652040 1469
1652050 1472
1652060 1475
1652070 1475
1652080 1477
1652090 1480
1652100 1480
1652110 1483
1652120 1486
1652130 1486
1652140 1490
1652150 1493
1652160 1493
1652170 1497
1652180 1502
1652190 1502
1652200 1505
1652210 1508
1652220 1508
1652230 1511
1652240 1514
1652250 1517
1652260 1517
1652270 1520
1652280 1523
1652290 1523
1652300 1527
1652310 1530
1652320 1530
1652330 1533
1652340 1536
1652350 1536
1652360 1540
1652370 1543
1652380 1543
1652390 1547
1652400 1551
1652410 1551
1652420 1555
1652430 1559
1652440 1559
1652450 1564
1652460 1569
1652470 1574
1652480 1574
1652490 1578
1652500 1582
1652510 1582
1652520 1585
1652530 1588
1652540 1588
1652550 1592
1652560 1596
1652570 1596
1652580 1600
1652590 1603
1652600 1603
1652610 1607
1652620 1611
1652630 1611
1652640 1614
1652650 1617
1652660 1617
1652670 1621
1652680 1625
1652690 1628
1652700 1628
1652710 1631
1652720 1635
1652730 1635
1652740 1638
1652750 1641
1652760 1641
1652770 1644
1652780 1648
1652790 1648
1652800 1651
1652810 1654
1652820 1654
1652830 1656
1652840 1659
1652850 1659
1652860 1661
1652870 1663
1652880 1665
1652890 1665
1652900 1667
1652910 1668
1652920 1668
1652930 1668
1652940 1668
1652950 1668
1652960 1668
1652970 1667
1652980 1667
1652990 1665
1653000 1663
1653010 1663
1653020 1661
1653030 1658
1653040 1658
1653050 1655
1653060 1653
1653070 1653
1653080 1649
1653090 1646
1653100 1642
1653110 1642
1653120 1639
1653130 1636
1653140 1636
1653150 1632
1653160 1629
1653170 1629
1653180 1626
1653190 1623
1653200 1623
1653210 1620
1653220 1618
1653230 1618
1653240 1615
1653250 1613
1653260 1613
1653270 1610
1653280 1608
1653290 1606
1653300 1606
1653310 1603
1653320 1600
1653330 1600
1653340 1597
1653350 1594
1653360 1594
1653370 1591
1653380 1589
1653390 1589
1653400 1586
1653410 1583
1653420 1583
1653430 1581
1653440 1578
1653450 1578
1653460 1575
1653470 1573
1653480 1573
1653490 1572
1653500 1573
1653510 1574
1653520 1574
1653530 1575
1653540 1576
1653550 1576
1653560 1577
1653570 1578
1653580 1578
1653590 1580
1653600 1581
1653610 1581
1653620 1582
1653630 1583
1653640 1583
1653650 1584
1653660 1585
1653670 1585
1653680 1585
1653690 1586
1653700 1586
1653710 1587
1653720 1588
1653730 1589
1653740 1589
1653750 1591
1653760 1595
1653770 1595
1653780 1596
1653790 1597
1653800 1597
1653810 1598
1653820 1598
1653830 1598
1653840 1599
1653850 1600
1653860 1600
1653870 1600
1653880 1600
1653890 1600
1653900 1600
1653910 1600
1653920 1600
1653930 1600
1653940 1599
1653950 1598
1653960 1598
1653970 1598
1653980 1596
1653990 1596
1654000 1595
1654010 1593
1654020 1593
1654030 1590
1654040 1588
1654050 1588
1654060 1585
1654070 1582
1654080 1582
1654090 1579
1654100 1576
1654110 1576
1654120 1572
1654130 1568
1654140 1564
1654150 1564
1654160 1560
1654170 1555
1654180 1555
1654190 1551
1654200 1546
1654210 1546
1654220 1542
1654230 1539
1654240 1539
1654250 1535
1654260 1531
1654270 1531
1654280 1527
1654290 1523
1654300 1523
1654310 1520
1654320 1516
1654330 1513
1654340 1513
1654350 1513
1654360 1515
1654370 1515
1654380 1518
1654390 1520
1654400 1520
1654410 1523
1654420 1525
1654430 1525
1654440 1527
1654450 1529
1654460 1529
1654470 1531
1654480 1533
1654490 1533
1654500 1537
1654510 1538
1654520 1538
1654530 1540
1654540 1541
1654550 1542
1654560 1542
1654570 1542
1654580 1542
1654590 1542
1654600 1542
1654610 1540
1654620 1540
1654630 1538
1654640 1536
1654650 1536
1654660 1533
1654670 1529
1654680 1529
1654690 1523
1654700 1518
1654710 1518
1654720 1512
1654730 1507
1654740 1507
1654750 1502
1654760 1497
1654770 1494
1654780 1494
1654790 1493
1654800 1496
1654810 1496
1654820 1500
1654830 1502
1654840 1502
1654850 1503
1654860 1504
1654870 1504
1654880 1504
1654890 1505
1654900 1505
1654910 1506
1654920 1508
1654930 1508
1654940 1510
1654950 1514
1654960 1518
1654970 1518
1654980 1523
1654990 1527
1655000 1527
1655010 1531
1655020 1537
1655030 1537
1655040 1542
1655050 1548
1655060 1548
1655070 1553
1655080 1559
1655090 1559
1655100 1564
1655110 1569
1655120 1569
1655130 1574
1655140 1579
1655150 1579
1655160 1584
1655170 1589
1655180 1594
1655190 1594
1655200 1599
1655210 1604
1655220 1604
1655230 1610
1655240 1615
1655250 1614
1655260 1619
1655270 1624
1655280 1624
1655290 1629
1655300 1635
1655310 1635
1655320 1640
1655330 1645
1655340 1645
1655350 1651
1655360 1657
1655370 1662
1655380 1662
1655390 1668
1655400 1674
1655410 1674
1655420 1680
1655430 1685
1655440 1685
1655450 1691
1655460 1696
1655470 1696
1655480 1702
1655490 1707
1655500 1707
1655510 1711
1655520 1716
1655530 1716
1655540 1720
1655550 1724
1655560 1724
1655570 1728
1655580 1731
1655590 1734
1655600 1734
1655610 1738
1655620 1741
1655630 1741
1655640 1743
1655650 1746
1655660 1746
1655670 1748
1655680 1751
1655690 1751
1655700 1753
1655710 1755
1655720 1755
1655730 1757
1655740 1758
1655750 1758
1655760 1760
1655770 1762
1655780 1762
1655790 1764
1655800 1765
1655810 1767
1655820 1767
1655830 1769
1655840 1771
1655850 1771
1655860 1772
1655870 1774
1655880 1774
1655890 1776
1655900 1777
1655910 1777
1655920 1779
1655930 1781
1655940 1781
1655950 1783
1655960 1785
1655970 1785
1655980 1787
1655990 1792
1656000 1794
1656010 1794
1656020 1796
1656030 1798
1656040 1798
1656050 1801
1656060 1803
1656070 1803
1656080 1806
1656090 1808
1656100 1808
1656110 1811
1656120 1813
1656130 1813
1656140 1816
1656150 1818
1656160 1818
1656170 1820
1656180 1822
1656190 1822
1656200 1825
1656210 1826
1656220 1828
1656230 1828
1656240 1830
1656250 1832
1656260 1832
1656270 1834
1656280 1835
1656290 1835
1656300 1837
1656310 1839
1656320 1839
1656330 1840
1656340 1841
1656350 1841
1656360 1843
1656370 1844
1656380 1844
1656390 1845
1656400 1846
1656410 1847
1656420 1847
1656430 1848
1656440 1849
1656450 1849
1656460 1849
1656470 1850
1656480 1850
1656490 1851
1656500 1851
1656510 1851
1656520 1852
1656530 1853
1656540 1853
1656550 1853
1656560 1854
1656570 1854
1656580 1854
1656590 1853
1656600 1853
1656610 1852
1656620 1851
1656630 1850
1656640 1850
1656650 1849
1656660 1847
1656670 1847
1656680 1845
1656690 1843
1656700 1843
1656710 1841
1656720 1837
1656730 1837
1656740 1835
1656750 1832
1656760 1832
1656770 1829
1656780 1826
1656790 1826
1656800 1823
1656810 1820
1656820 1820
1656830 1816
1656840 1812
1656850 1808
1656860 1808
1656870 1804
1656880 1800
1656890 1800
1656900 1795
1656910 1791
1656920 1791
1656930 1787
1656940 1783
1656950 1783
1656960 1779
1656970 1775
1656980 1775
1656990 1772
1657000 1769
1657010 1769
1657020 1766
1657030 1763
1657040 1760
1657050 1760
1657060 1757
1657070 1754
1657080 1754
1657090 1751
1657100 1749
1657110 1749
1657120 1746
1657130 1743
1657140 1743
1657150 1741
1657160 1738
1657170 1738
1657180 1735
1657190 1732
1657200 1732
1657210 1730
1657220 1728
1657230 1728
1657240 1726
1657250 1723
1657260 1720
1657270 1720
1657280 1717
1657290 1715
1657300 1715
1657310 1716
1657320 1717
1657330 1717
1657340 1716
1657350 1716
1657360 1716
1657370 1716
1657380 1716
1657390 1716
1657400 1716
1657410 1716
1657420 1716
1657430 1716
1657440 1716
1657450 1715
1657460 1718
1657470 1717
1657480 1717
1657490 1717
1657500 1717
1657510 1717
1657520 1717
1657530 1717
1657540 1717
1657550 1717
1657560 1717
1657570 1717
1657580 1717
1657590 1717
1657600 1716
1657610 1716
1657620 1716
1657630 1715
1657640 1715
1657650 1715
1657660 1714
1657670 1713
1657680 1713
1657690 1712
1657700 1710
1657710 1710
1657720 1708
1657730 1706
1657740 1706
1657750 1705
1657760 1703
1657770 1703
1657780 1701
1657790 1699
1657800 1699
1657810 1698
1657820 1695
1657830 1695
1657840 1693
1657850 1691
1657860 1691
1657870 1689
1657880 1686
1657890 1684
1657900 1684
1657910 1681
1657920 1676
1657930 1676
1657940 1673
1657950 1670
1657960 1670
1657970 1667
1657980 1665
1657990 1665
1658000 1663
1658010 1660
1658020 1660
1658030 1657
1658040 1654
1658050 1654
1658060 1650
1658070 1648
1658080 1646
1658090 1646
1658100 1643
1658110 1639
1658120 1639
1658130 1637
1658140 1635
1658150 1635
1658160 1633
1658170 1631
1658180 1631
1658190 1631
1658200 1629
1658210 1629
1658220 1627
1658230 1625
1658240 1625
1658250 1622
1658260 1620
1658270 1620
1658280 1617
1658290 1614
1658300 1612
1658310 1612
1658320 1609
1658330 1606
1658340 1606
1658350 1604
1658360 1601
1658370 1601
1658380 1598
1658390 1594
1658400 1594
1658410 1591
1658420 1589
1658430 1589
1658440 1586
1658450 1583
1658460 1583
1658470 1580
1658480 1576
1658490 1573
1658500 1573
1658510 1570
1658520 1566
1658530 1566
1658540 1562
1658550 1558
1658560 1558
1658570 1554
1658580 1550
1658590 1550
1658600 1547
1658610 1544
1658620 1544
1658630 1542
1658640 1539
1658650 1539
1658660 1535
1658670 1531
1658680 1531
1658690 1526
1658700 1522
1658710 1517
1658720 1517
1658730 1513
1658740 1510
1658750 1510
1658760 1507
1658770 1502
1658780 1502
1658790 1498
1658800 1495
1658810 1495
1658820 1492
1658830 1490
1658840 1490
1658850 1486
1658860 1483
1658870 1483
1658880 1480
1658890 1478
1658900 1478
1658910 1476
1658920 1472
1658930 1470
1658940 1470
1658950 1467
1658960 1464
1658970 1464
1658980 1462
1658990 1460
1659000 1460
1659010 1457
1659020 1455
1659030 1455
1659040 1453
1659050 1451
1659060 1451
1659070 1449
1659080 1447
1659090 1447
1659100 1444
1659110 1442
1659120 1439
1659130 1439
1659140 1438
1659150 1436
1659160 1436
1659170 1435
1659180 1434
1659190 1434
1659200 1432
1659210 1431
1659220 1431
1659230 1429
1659240 1428
1659250 1428
1659260 1427
1659270 1426
1659280 1426
1659290 1424
1659300 1423
1659310 1423
1659320 1422
1659330 1421
1659340 1419
1659350 1419
1659360 1416
1659370 1415
1659380 1415
1659390 1412
1659400 1409
1659410 1409
1659420 1405
1659430 1401
1659440 1401
1659450 1396
1659460 1393
1659470 1393
1659480 1390
1659490 1387
1659500 1387
1659510 1385
1659520 1382
1659530 1379
1659540 1379
1659550 1377
1659560 1374
1659570 1374
1659580 1371
1659590 1368
1659600 1368
1659610 1365
1659620 1361
1659630 1361
1659640 1356
1659650 1353
1659660 1353
1659670 1350
1659680 1346
1659690 1346
1659700 1342
1659710 1339
1659720 1339
1659730 1337
1659740 1333
1659750 1329
1659760 1329
1659770 1326
1659780 1324
1659790 1324
1659800 1321
1659810 1319
1659820 1319
1659830 1317
1659840 1314
1659850 1314
1659860 1313
1659870 1311
1659880 1311
1659890 1308
1659900 1305
1659910 1305
1659920 1302
1659930 1301
1659940 1301
1659950 1300
1659960 1301
1659970 1300
1659980 1300
1659990 1298
