1640000 852
1640010 853
1640020 853
1640030 852
1640040 851
1640050 851
1640060 850
1640070 849
1640080 849
1640090 849
1640100 848
1640110 848
1640120 847
1640130 846
1640140 846
1640150 846
1640160 845
1640170 844
1640180 844
1640190 844
1640200 844
1640210 844
1640220 843
1640230 843
1640240 843
1640250 843
1640260 843
1640270 843
1640280 843
1640290 843
1640300 843
1640310 843
1640320 843
1640330 843
1640340 843
1640350 843
1640360 843
1640370 843
1640380 843
1640390 843
1640400 843
1640410 844
1640420 844
1640430 844
1640440 844
1640450 844
1640460 844
1640470 845
1640480 845
1640490 845
1640500 846
1640510 846
1640520 846
1640530 846
1640540 847
1640550 847
1640560 847
1640570 847
1640580 847
1640590 847
1640600 847
1640610 847
1640620 847
1640630 848
1640640 848
1640650 848
1640660 848
1640670 848
1640680 848
1640690 848
1640700 849
1640710 849
1640720 849
1640730 849
1640740 849
1640750 849
1640760 849
1640770 849
1640780 849
1640790 849
1640800 849
1640810 849
1640820 850
1640830 850
1640840 850
1640850 850
1640860 850
1640870 850
1640880 850
1640890 850
1640900 850
1640910 851
1640920 851
1640930 851
1640940 851
1640950 851
1640960 851
1640970 851
1640980 852
1640990 852
1641000 852
1641010 852
1641020 852
1641030 852
1641040 852
1641050 852
1641060 852
1641070 852
1641080 852
1641090 852
1641100 852
1641110 852
1641120 852
1641130 852
1641140 852
1641150 852
1641160 853
1641170 855
1641180 855
1641190 856
1641200 857
1641210 858
1641220 858
1641230 860
1641240 861
1641250 861
1641260 862
1641270 863
1641280 863
1641290 865
1641300 867
1641310 867
1641320 868
1641330 869
1641340 869
1641350 871
1641360 872
1641370 872
1641380 874
1641390 876
1641400 876
1641410 878
1641420 880
1641430 881
1641440 881
1641450 883
1641460 884
1641470 884
1641480 885
1641490 887
1641500 887
1641510 888
1641520 890
1641530 890
1641540 891
1641550 893
1641560 893
1641570 894
1641580 895
1641590 895
1641600 896
1641610 897
1641620 897
1641630 898
1641640 899
1641650 901
1641660 901
1641670 902
1641680 904
1641690 904
1641700 905
1641710 907
1641720 907
1641730 910
1641740 913
1641750 913
1641760 916
1641770 919
1641780 919
1641790 923
1641800 927
1641810 927
1641820 931
1641830 936
1641840 940
1641850 940
1641860 944
1641870 948
1641880 948
1641890 951
1641900 955
1641910 955
1641920 957
1641930 960
1641940 960
1641950 962
1641960 964
1641970 964
1641980 965
1641990 967
1642000 967
1642010 969
1642020 971
1642030 971
1642040 973
1642050 975
1642060 977
1642070 977
1642080 979
1642090 980
1642100 980
1642110 984
1642120 985
1642130 985
1642140 984
1642150 984
1642160 984
1642170 983
1642180 982
1642190 982
1642200 982
1642210 983
1642220 983
1642230 987
1642240 990
1642250 994
1642260 994
1642270 998
1642280 1002
1642290 1002
1642300 1006
1642310 1011
1642320 1011
1642330 1015
1642340 1019
1642350 1019
1642360 1022
1642370 1026
1642380 1026
1642390 1030
1642400 1032
1642410 1032
1642420 1034
1642430 1036
1642440 1036
1642450 1038
1642460 1039
1642470 1039
1642480 1039
1642490 1039
1642500 1038
1642510 1038
1642520 1036
1642530 1034
1642540 1034
1642550 1031
1642560 1029
1642570 1029
1642580 1027
1642590 1025
1642600 1025
1642610 1023
1642620 1021
1642630 1021
1642640 1019
1642650 1017
1642660 1017
1642670 1015
1642680 1012
1642690 1010
1642700 1010
1642710 1008
1642720 1006
1642730 1006
1642740 1004
1642750 1003
1642760 1003
1642770 1002
1642780 1001
1642790 1001
1642800 999
1642810 998
1642820 998
1642830 996
1642840 994
1642850 994
1642860 991
1642870 989
1642880 986
1642890 986
1642900 983
1642910 980
1642920 980
1642930 977
1642940 974
1642950 974
1642960 971
1642970 969
1642980 969
1642990 966
1643000 964
1643010 964
1643020 961
1643030 958
1643040 958
1643050 955
1643060 952
1643070 952
1643080 949
1643090 946
1643100 943
1643110 943
1643120 940
1643130 938
1643140 938
1643150 936
1643160 934
1643170 934
1643180 933
1643190 931
1643200 931
1643210 930
1643220 929
1643230 929
1643240 928
1643250 927
1643260 927
1643270 927
1643280 925
1643290 924
1643300 924
1643310 923
1643320 920
1643330 920
1643340 917
1643350 914
1643360 914
1643370 911
1643380 912
1643390 912
1643400 917
1643410 923
1643420 923
1643430 929
1643440 935
1643450 935
1643460 940
1643470 945
1643480 945
1643490 949
1643500 952
1643510 955
1643520 955
1643530 958
1643540 962
1643550 962
1643560 965
1643570 968
1643580 968
1643590 970
1643600 973
1643610 973
1643620 976
1643630 978
1643640 978
1643650 980
1643660 982
1643670 982
1643680 984
1643690 986
1643700 986
1643710 988
1643720 991
1643730 993
1643740 993
1643750 995
1643760 997
1643770 997
1643780 999
1643790 1001
1643800 1001
1643810 1003
1643820 1004
1643830 1004
1643840 1006
1643850 1007
1643860 1007
1643870 1009
1643880 1011
1643890 1011
1643900 1013
1643910 1015
1643920 1017
1643930 1017
1643940 1019
1643950 1021
1643960 1021
1643970 1023
1643980 1025
1643990 1025
1644000 1028
1644010 1030
1644020 1030
1644030 1032
1644040 1034
1644050 1034
1644060 1036
1644070 1039
1644080 1039
1644090 1041
1644100 1043
1644110 1043
1644120 1045
1644130 1048
1644140 1050
1644150 1050
1644160 1051
1644170 1052
1644180 1052
1644190 1054
1644200 1055
1644210 1055
1644220 1056
1644230 1057
1644240 1057
1644250 1058
1644260 1059
1644270 1059
1644280 1059
1644290 1058
1644300 1058
1644310 1056
1644320 1052
1644330 1048
1644340 1048
1644350 1044
1644360 1040
1644370 1040
1644380 1036
1644390 1032
1644400 1032
1644410 1028
1644420 1025
1644430 1025
1644440 1021
1644450 1018
1644460 1018
1644470 1016
1644480 1013
1644490 1013
1644500 1013
1644510 1013
1644520 1013
1644530 1013
1644540 1014
1644550 1015
1644560 1015
1644570 1017
1644580 1018
1644590 1018
1644600 1019
1644610 1020
1644620 1020
1644630 1022
1644640 1023
1644650 1023
1644660 1024
1644670 1026
1644680 1026
1644690 1027
1644700 1029
1644710 1029
1644720 1031
1644730 1033
1644740 1033
1644750 1037
1644760 1041
1644770 1044
1644780 1044
1644790 1047
1644800 1051
1644810 1051
1644820 1054
1644830 1057
1644840 1057
1644850 1061
1644860 1065
1644870 1065
1644880 1069
1644890 1073
1644900 1073
1644910 1077
1644920 1081
1644930 1081
1644940 1085
1644950 1090
1644960 1094
1644970 1094
1644980 1097
1644990 1101
1645000 1101
1645010 1104
1645020 1106
1645030 1106
1645040 1106
1645050 1105
1645060 1105
1645070 1104
1645080 1102
1645090 1102
1645100 1100
1645110 1098
1645120 1098
1645130 1097
1645140 1095
1645150 1095
1645160 1093
1645170 1091
1645180 1090
1645190 1090
1645200 1088
1645210 1085
1645220 1085
1645230 1082
1645240 1078
1645250 1078
1645260 1073
1645270 1068
1645280 1068
1645290 1068
1645300 1062
1645310 1062
1645320 1055
1645330 1049
1645340 1049
1645350 1044
1645360 1043
1645370 1043
1645380 1047
1645390 1052
1645400 1057
1645410 1057
1645420 1062
1645430 1066
1645440 1066
1645450 1069
1645460 1071
1645470 1071
1645480 1074
1645490 1078
1645500 1078
1645510 1082
1645520 1087
1645530 1087
1645540 1092
1645550 1097
1645560 1097
1645570 1101
1645580 1106
1645590 1111
1645600 1111
1645610 1115
1645620 1119
1645630 1119
1645640 1123
1645650 1127
1645660 1127
1645670 1131
1645680 1136
1645690 1136
1645700 1141
1645710 1146
1645720 1146
1645730 1151
1645740 1156
1645750 1156
1645760 1160
1645770 1165
1645780 1165
1645790 1170
1645800 1174
1645810 1178
1645820 1178
1645830 1183
1645840 1187
1645850 1187
1645860 1192
1645870 1196
1645880 1196
1645890 1201
1645900 1205
1645910 1205
1645920 1209
1645930 1213
1645940 1213
1645950 1218
1645960 1222
1645970 1222
1645980 1225
1645990 1229
1646000 1232
1646010 1232
1646020 1236
1646030 1240
1646040 1240
1646050 1244
1646060 1247
1646070 1247
1646080 1251
1646090 1254
1646100 1254
1646110 1258
1646120 1262
1646130 1262
1646140 1265
1646150 1269
1646160 1269
1646170 1273
1646180 1276
1646190 1276
1646200 1280
1646210 1284
1646220 1287
1646230 1287
1646240 1291
1646250 1295
1646260 1295
1646270 1299
1646280 1302
1646290 1302
1646300 1305
1646310 1308
1646320 1308
1646330 1311
1646340 1315
1646350 1315
1646360 1319
1646370 1322
1646380 1322
1646390 1326
1646400 1330
1646410 1330
1646420 1333
1646430 1337
1646440 1340
1646450 1340
1646460 1344
1646470 1347
1646480 1347
1646490 1351
1646500 1354
1646510 1354
1646520 1358
1646530 1362
1646540 1362
1646550 1366
1646560 1370
1646570 1370
1646580 1374
1646590 1378
1646600 1378
1646610 1382
1646620 1386
1646630 1391
1646640 1391
1646650 1395
1646660 1399
1646670 1399
1646680 1402
1646690 1406
1646700 1406
1646710 1410
1646720 1414
1646730 1414
1646740 1416
1646750 1418
1646760 1418
1646770 1419
1646780 1419
1646790 1419
1646800 1418
1646810 1417
1646820 1417
1646830 1415
1646840 1414
1646850 1413
1646860 1411
1646870 1410
1646880 1410
1646890 1410
1646900 1410
1646910 1410
1646920 1410
1646930 1411
1646940 1412
1646950 1412
1646960 1413
1646970 1414
1646980 1414
1646990 1416
1647000 1418
1647010 1418
1647020 1420
1647030 1422
1647040 1424
1647050 1424
1647060 1427
1647070 1429
1647080 1429
1647090 1431
1647100 1433
1647110 1433
1647120 1435
1647130 1437
1647140 1437
1647150 1439
1647160 1440
1647170 1440
1647180 1441
1647190 1443
1647200 1443
1647210 1444
1647220 1446
1647230 1446
1647240 1448
1647250 1449
1647260 1450
1647270 1450
1647280 1452
1647290 1454
1647300 1454
1647310 1456
1647320 1458
1647330 1458
1647340 1460
1647350 1461
1647360 1461
1647370 1463
1647380 1465
1647390 1465
1647400 1466
1647410 1468
1647420 1468
1647430 1470
1647440 1473
1647450 1473
1647460 1475
1647470 1477
1647480 1479
1647490 1479
1647500 1482
1647510 1484
1647520 1484
1647530 1486
1647540 1489
1647550 1489
1647560 1491
1647570 1493
1647580 1493
1647590 1494
1647600 1496
1647610 1496
1647620 1497
1647630 1499
1647640 1499
1647650 1500
1647660 1500
1647670 1500
1647680 1500
1647690 1500
1647700 1500
1647710 1500
1647720 1499
1647730 1499
1647740 1499
1647750 1498
1647760 1498
1647770 1498
1647780 1497
1647790 1496
1647800 1496
1647810 1496
1647820 1495
1647830 1495
1647840 1494
1647850 1493
1647860 1493
1647870 1493
1647880 1492
1647890 1491
1647900 1491
1647910 1490
1647920 1489
1647930 1489
1647940 1489
1647950 1488
1647960 1488
1647970 1487
1647980 1487
1647990 1487
1648000 1486
1648010 1486
1648020 1486
1648030 1485
1648040 1484
1648050 1484
1648060 1483
1648070 1482
1648080 1481
1648090 1481
1648100 1480
1648110 1479
1648120 1479
1648130 1478
1648140 1477
1648150 1477
1648160 1476
1648170 1475
1648180 1475
1648190 1474
1648200 1473
1648210 1473
1648220 1471
1648230 1470
1648240 1470
1648250 1468
1648260 1467
1648270 1467
1648280 1465
1648290 1464
1648300 1463
1648310 1463
1648320 1462
1648330 1462
1648340 1462
1648350 1464
1648360 1466
1648370 1466
1648380 1468
1648390 1469
1648400 1469
1648410 1471
1648420 1475
1648430 1475
1648440 1476
1648450 1478
1648460 1478
1648470 1480
1648480 1481
1648490 1481
1648500 1483
1648510 1484
1648520 1485
1648530 1485
1648540 1486
1648550 1487
1648560 1487
1648570 1486
1648580 1486
1648590 1486
1648600 1485
1648610 1484
1648620 1484
1648630 1483
1648640 1481
1648650 1481
1648660 1479
1648670 1477
1648680 1477
1648690 1475
1648700 1473
1648710 1470
1648720 1470
1648730 1468
1648740 1465
1648750 1465
1648760 1463
1648770 1460
1648780 1460
1648790 1458
1648800 1456
1648810 1456
1648820 1454
1648830 1453
1648840 1453
1648850 1452
1648860 1450
1648870 1450
1648880 1449
1648890 1448
1648900 1448
1648910 1447
1648920 1445
1648930 1443
1648940 1443
1648950 1441
1648960 1438
1648970 1438
1648980 1436
1648990 1433
1649000 1433
1649010 1429
1649020 1427
1649030 1427
1649040 1425
1649050 1422
1649060 1422
1649070 1419
1649080 1415
1649090 1415
1649100 1410
1649110 1405
1649120 1400
1649130 1400
1649140 1395
1649150 1390
1649160 1390
1649170 1385
1649180 1378
1649190 1378
1649200 1372
1649210 1367
1649220 1367
1649230 1362
1649240 1359
1649250 1359
1649260 1356
1649270 1355
1649280 1355
1649290 1359
1649300 1364
1649310 1364
1649320 1369
1649330 1372
1649340 1375
1649350 1375
1649360 1378
1649370 1382
1649380 1382
1649390 1385
1649400 1388
1649410 1388
1649420 1391
1649430 1394
1649440 1394
1649450 1397
1649460 1399
1649470 1399
1649480 1402
1649490 1405
1649500 1405
1649510 1408
1649520 1412
1649530 1412
1649540 1415
1649550 1419
1649560 1423
1649570 1423
1649580 1426
1649590 1429
1649600 1429
1649610 1432
1649620 1434
1649630 1434
1649640 1437
1649650 1440
1649660 1440
1649670 1443
1649680 1446
1649690 1446
1649700 1449
1649710 1451
1649720 1451
1649730 1454
1649740 1455
1649750 1456
1649760 1456
1649770 1455
1649780 1453
1649790 1453
1649800 1450
1649810 1448
1649820 1448
1649830 1445
1649840 1442
1649850 1442
1649860 1440
1649870 1437
1649880 1437
1649890 1434
1649900 1430
1649910 1430
1649920 1426
1649930 1423
1649940 1423
1649950 1418
1649960 1415
1649970 1411
1649980 1411
1649990 1407
1650000 1401
1650010 1401
1650020 1397
1650030 1392
1650040 1392
1650050 1387
1650060 1383
1650070 1383
1650080 1380
1650090 1376
1650100 1376
1650110 1373
1650120 1370
1650130 1370
1650140 1367
1650150 1364
1650160 1364
1650170 1361
1650180 1357
1650190 1353
1650200 1353
1650210 1348
1650220 1343
1650230 1343
1650240 1340
1650250 1340
1650260 1340
1650270 1342
1650280 1345
1650290 1345
1650300 1350
1650310 1355
1650320 1355
1650330 1359
1650340 1364
1650350 1364
1650360 1368
1650370 1373
1650380 1378
1650390 1378
1650400 1382
1650410 1387
1650420 1387
1650430 1390
1650440 1394
1650450 1394
1650460 1397
1650470 1401
1650480 1401
1650490 1404
1650500 1408
1650510 1408
1650520 1411
1650530 1414
1650540 1414
1650550 1417
1650560 1420
1650570 1420
1650580 1422
1650590 1424
1650600 1426
1650610 1426
1650620 1428
1650630 1430
1650640 1430
1650650 1432
1650660 1433
1650670 1433
1650680 1435
1650690 1436
1650700 1436
1650710 1438
1650720 1443
1650730 1443
1650740 1444
1650750 1446
1650760 1446
1650770 1447
1650780 1449
1650790 1450
1650800 1450
1650810 1452
1650820 1454
1650830 1454
1650840 1455
1650850 1457
1650860 1457
1650870 1458
1650880 1459
1650890 1459
1650900 1461
1650910 1461
1650920 1461
1650930 1462
1650940 1463
1650950 1463
1650960 1463
1650970 1464
1650980 1464
1650990 1464
1651000 1463
1651010 1462
1651020 1462
1651030 1460
1651040 1457
1651050 1457
1651060 1455
1651070 1452
1651080 1452
1651090 1450
1651100 1447
1651110 1447
1651120 1444
1651130 1442
1651140 1442
1651150 1439
1651160 1436
1651170 1436
1651180 1432
1651190 1427
1651200 1427
1651210 1423
1651220 1418
1651230 1414
1651240 1414
1651250 1410
1651260 1407
1651270 1407
1651280 1404
1651290 1400
1651300 1400
1651310 1397
1651320 1393
1651330 1393
1651340 1389
1651350 1386
1651360 1386
1651370 1383
1651380 1380
1651390 1380
1651400 1379
1651410 1378
1651420 1378
1651430 1378
1651440 1378
1651450 1378
1651460 1378
1651470 1378
1651480 1376
1651490 1380
1651500 1378
1651510 1375
1651520 1375
1651530 1372
1651540 1370
1651550 1370
1651560 1368
1651570 1368
1651580 1368
1651590 1368
1651600 1371
1651610 1371
1651620 1375
1651630 1378
1651640 1381
1651650 1381
1651660 1385
1651670 1390
1651680 1390
1651690 1395
1651700 1400
1651710 1400
1651720 1406
1651730 1412
1651740 1412
1651750 1417
1651760 1421
1651770 1421
1651780 1424
1651790 1427
1651800 1427
1651810 1430
1651820 1433
1651830 1437
1651840 1437
1651850 1442
1651860 1446
1651870 1446
1651880 1450
1651890 1454
1651900 1454
1651910 1459
1651920 1463
1651930 1463
1651940 1467
1651950 1470
1651960 1470
1651970 1473
1651980 1476
1651990 1476
1652000 1478
1652010 1480
1652020 1480
1652030 1482
1652040 1484
1652050 1487
1652060 1487
1652070 1490
1652080 1494
1652090 1494
1652100 1498
1652110 1502
1652120 1502
1652130 1506
1652140 1509
1652150 1509
1652160 1511
1652170 1512
1652180 1512
1652190 1515
1652200 1518
1652210 1518
1652220 1522
1652230 1525
1652240 1524
1652250 1527
1652260 1530
1652270 1533
1652280 1533
1652290 1536
1652300 1539
1652310 1539
1652320 1542
1652330 1545
1652340 1545
1652350 1548
1652360 1552
1652370 1552
1652380 1555
1652390 1559
1652400 1559
1652410 1562
1652420 1566
1652430 1566
1652440 1568
1652450 1572
1652460 1575
1652470 1575
1652480 1578
1652490 1582
1652500 1582
1652510 1585
1652520 1589
1652530 1589
1652540 1593
1652550 1596
1652560 1596
1652570 1600
1652580 1604
1652590 1604
1652600 1608
1652610 1613
1652620 1613
1652630 1616
1652640 1620
1652650 1620
1652660 1624
1652670 1628
1652680 1632
1652690 1632
1652700 1636
1652710 1641
1652720 1641
1652730 1645
1652740 1649
1652750 1649
1652760 1653
1652770 1658
1652780 1658
1652790 1662
1652800 1667
1652810 1667
1652820 1671
1652830 1674
1652840 1674
1652850 1678
1652860 1681
1652870 1685
1652880 1685
1652890 1688
1652900 1689
1652910 1689
1652920 1690
1652930 1690
1652940 1690
1652950 1689
1652960 1687
1652970 1687
1652980 1686
1652990 1684
1653000 1687
1653010 1685
1653020 1683
1653030 1683
1653040 1681
1653050 1679
1653060 1679
1653070 1677
1653080 1675
1653090 1673
1653100 1673
1653110 1671
1653120 1669
1653130 1669
1653140 1667
1653150 1665
1653160 1665
1653170 1663
1653180 1661
1653190 1661
1653200 1659
1653210 1657
1653220 1657
1653230 1654
1653240 1652
1653250 1652
1653260 1650
1653270 1648
1653280 1648
1653290 1646
1653300 1644
1653310 1643
1653320 1643
1653330 1641
1653340 1639
1653350 1639
1653360 1637
1653370 1635
1653380 1635
1653390 1633
1653400 1632
1653410 1632
1653420 1630
1653430 1629
1653440 1629
1653450 1627
1653460 1627
1653470 1627
1653480 1626
1653490 1626
1653500 1626
1653510 1626
1653520 1627
1653530 1627
1653540 1627
1653550 1628
1653560 1629
1653570 1629
1653580 1630
1653590 1632
1653600 1632
1653610 1633
1653620 1634
1653630 1634
1653640 1635
1653650 1637
1653660 1637
1653670 1638
1653680 1639
1653690 1639
1653700 1640
1653710 1641
1653720 1642
1653730 1642
1653740 1643
1653750 1648
1653760 1648
1653770 1648
1653780 1649
1653790 1649
1653800 1649
1653810 1649
1653820 1649
1653830 1649
1653840 1648
1653850 1648
1653860 1648
1653870 1647
1653880 1647
1653890 1646
1653900 1644
1653910 1643
1653920 1643
1653930 1641
1653940 1639
1653950 1639
1653960 1636
1653970 1633
1653980 1633
1653990 1630
1654000 1627
1654010 1627
1654020 1623
1654030 1620
1654040 1620
1654050 1616
1654060 1612
1654070 1612
1654080 1609
1654090 1605
1654100 1605
1654110 1601
1654120 1598
1654130 1594
1654140 1594
1654150 1591
1654160 1587
1654170 1587
1654180 1584
1654190 1580
1654200 1580
1654210 1576
1654220 1572
1654230 1572
1654240 1568
1654250 1564
1654260 1564
1654270 1560
1654280 1556
1654290 1556
1654300 1555
1654310 1557
1654320 1557
1654330 1560
1654340 1563
1654350 1565
1654360 1565
1654370 1568
1654380 1571
1654390 1571
1654400 1573
1654410 1575
1654420 1575
1654430 1577
1654440 1579
1654450 1579
1654460 1581
1654470 1583
1654480 1583
1654490 1588
1654500 1589
1654510 1589
1654520 1590
1654530 1591
1654540 1592
1654550 1592
1654560 1592
1654570 1592
1654580 1592
1654590 1591
1654600 1590
1654610 1590
1654620 1588
1654630 1587
1654640 1587
1654650 1585
1654660 1583
1654670 1583
1654680 1581
1654690 1578
1654700 1578
1654710 1575
1654720 1572
1654730 1572
1654740 1569
1654750 1566
1654760 1562
1654770 1562
1654780 1559
1654790 1555
1654800 1555
1654810 1552
1654820 1549
1654830 1549
1654840 1546
1654850 1544
1654860 1544
1654870 1543
1654880 1545
1654890 1545
1654900 1549
1654910 1555
1654920 1555
1654930 1560
1654940 1565
1654950 1565
1654960 1570
1654970 1575
1654980 1580
1654990 1580
1655000 1585
1655010 1589
1655020 1589
1655030 1593
1655040 1596
1655050 1596
1655060 1599
1655070 1602
1655080 1602
1655090 1604
1655100 1606
1655110 1606
1655120 1608
1655130 1609
1655140 1609
1655150 1610
1655160 1611
1655170 1612
1655180 1612
1655190 1613
1655200 1615
1655210 1615
1655220 1617
1655230 1622
1655240 1625
1655250 1630
1655260 1636
1655270 1636
1655280 1642
1655290 1647
1655300 1647
1655310 1652
1655320 1656
1655330 1656
1655340 1661
1655350 1666
1655360 1666
1655370 1671
1655380 1676
1655390 1680
1655400 1680
1655410 1685
1655420 1689
1655430 1689
1655440 1693
1655450 1698
1655460 1698
1655470 1702
1655480 1706
1655490 1706
1655500 1711
1655510 1715
1655520 1715
1655530 1720
1655540 1724
1655550 1724
1655560 1728
1655570 1733
1655580 1738
1655590 1738
1655600 1743
1655610 1748
1655620 1748
1655630 1752
1655640 1757
1655650 1757
1655660 1762
1655670 1767
1655680 1767
1655690 1771
1655700 1775
1655710 1775
1655720 1779
1655730 1783
1655740 1783
1655750 1786
1655760 1790
1655770 1790
1655780 1793
1655790 1796
1655800 1799
1655810 1799
1655820 1802
1655830 1805
1655840 1805
1655850 1808
1655860 1811
1655870 1811
1655880 1814
1655890 1816
1655900 1816
1655910 1819
1655920 1822
1655930 1822
1655940 1824
1655950 1827
1655960 1827
1655970 1829
1655980 1835
1655990 1835
1656000 1837
1656010 1840
1656020 1843
1656030 1843
1656040 1846
1656050 1848
1656060 1848
1656070 1851
1656080 1853
1656090 1853
1656100 1856
1656110 1858
1656120 1858
1656130 1860
1656140 1862
1656150 1862
1656160 1864
1656170 1865
1656180 1865
1656190 1867
1656200 1868
1656210 1868
1656220 1868
1656230 1869
1656240 1870
1656250 1870
1656260 1869
1656270 1869
1656280 1869
1656290 1868
1656300 1867
1656310 1867
1656320 1866
1656330 1866
1656340 1866
1656350 1865
1656360 1864
1656370 1864
1656380 1864
1656390 1863
1656400 1863
1656410 1862
1656420 1862
1656430 1861
1656440 1861
1656450 1861
1656460 1860
1656470 1860
1656480 1859
1656490 1858
1656500 1858
1656510 1857
1656520 1855
1656530 1855
1656540 1853
1656550 1851
1656560 1851
1656570 1848
1656580 1845
1656590 1845
1656600 1842
1656610 1840
1656620 1838
1656630 1838
1656640 1836
1656650 1834
1656660 1834
1656670 1832
1656680 1830
1656690 1830
1656700 1828
1656710 1824
1656720 1824
1656730 1822
1656740 1819
1656750 1819
1656760 1817
1656770 1814
1656780 1814
1656790 1810
1656800 1807
1656810 1807
1656820 1803
1656830 1799
1656840 1795
1656850 1795
1656860 1792
1656870 1788
1656880 1788
1656890 1784
1656900 1781
1656910 1781
1656920 1778
1656930 1774
1656940 1774
1656950 1770
1656960 1767
1656970 1767
1656980 1764
1656990 1762
1657000 1762
1657010 1760
1657020 1758
1657030 1758
1657040 1756
1657050 1754
1657060 1753
1657070 1753
1657080 1752
1657090 1750
1657100 1750
1657110 1749
1657120 1748
1657130 1748
1657140 1747
1657150 1745
1657160 1745
1657170 1744
1657180 1743
1657190 1743
1657200 1743
1657210 1742
1657220 1742
1657230 1742
1657240 1742
1657250 1742
1657260 1742
1657270 1742
1657280 1742
1657290 1742
1657300 1742
1657310 1743
1657320 1743
1657330 1743
1657340 1743
1657350 1743
1657360 1744
1657370 1743
1657380 1743
1657390 1743
1657400 1743
1657410 1743
1657420 1743
1657430 1743
1657440 1743
1657450 1743
1657460 1743
1657470 1743
1657480 1743
1657490 1743
1657500 1743
1657510 1743
1657520 1743
1657530 1743
1657540 1743
1657550 1743
1657560 1743
1657570 1743
1657580 1743
1657590 1742
1657600 1742
1657610 1742
1657620 1740
1657630 1740
1657640 1738
1657650 1736
1657660 1735
1657670 1735
1657680 1733
1657690 1732
1657700 1732
1657710 1730
1657720 1726
1657730 1726
1657740 1721
1657750 1717
1657760 1717
1657770 1711
1657780 1708
1657790 1708
1657800 1705
1657810 1702
1657820 1702
1657830 1699
1657840 1697
1657850 1697
1657860 1695
1657870 1692
1657880 1688
1657890 1688
1657900 1685
1657910 1682
1657920 1682
1657930 1678
1657940 1675
1657950 1675
1657960 1673
1657970 1670
1657980 1670
1657990 1667
1658000 1664
1658010 1664
1658020 1661
1658030 1659
1658040 1659
1658050 1658
1658060 1656
1658070 1656
1658080 1654
1658090 1653
1658100 1651
1658110 1651
1658120 1648
1658130 1646
1658140 1646
1658150 1644
1658160 1644
1658170 1644
1658180 1641
1658190 1640
1658200 1640
1658210 1638
1658220 1637
1658230 1637
1658240 1635
1658250 1632
1658260 1632
1658270 1630
1658280 1627
1658290 1625
1658300 1625
1658310 1623
1658320 1621
1658330 1621
1658340 1619
1658350 1617
1658360 1617
1658370 1614
1658380 1611
1658390 1611
1658400 1609
1658410 1605
1658420 1605
1658430 1603
1658440 1601
1658450 1601
1658460 1598
1658470 1594
1658480 1594
1658490 1593
1658500 1590
1658510 1587
1658520 1587
1658530 1584
1658540 1582
1658550 1582
1658560 1580
1658570 1578
1658580 1578
1658590 1575
1658600 1573
1658610 1573
1658620 1570
1658630 1567
1658640 1567
1658650 1564
1658660 1561
1658670 1561
1658680 1559
1658690 1556
1658700 1556
1658710 1554
1658720 1550
1658730 1548
1658740 1548
1658750 1545
1658760 1542
1658770 1542
1658780 1538
1658790 1535
1658800 1535
1658810 1531
1658820 1527
1658830 1527
1658840 1524
1658850 1520
1658860 1520
1658870 1516
1658880 1512
1658890 1512
1658900 1509
1658910 1508
1658920 1505
1658930 1505
1658940 1501
1658950 1497
1658960 1497
1658970 1493
1658980 1489
1658990 1489
1659000 1486
1659010 1483
1659020 1483
1659030 1479
1659040 1476
1659050 1476
1659060 1472
1659070 1469
1659080 1469
1659090 1465
1659100 1462
1659110 1462
1659120 1458
1659130 1454
1659140 1451
1659150 1451
1659160 1448
1659170 1445
1659180 1445
1659190 1443
1659200 1440
1659210 1440
1659220 1437
1659230 1433
1659240 1433
1659250 1430
1659260 1428
1659270 1428
1659280 1426
1659290 1424
1659300 1424
1659310 1422
1659320 1422
1659330 1420
1659340 1420
1659350 1417
1659360 1413
1659370 1413
1659380 1410
1659390 1408
1659400 1408
1659410 1406
1659420 1404
1659430 1404
1659440 1401
1659450 1398
1659460 1398
1659470 1396
1659480 1394
1659490 1394
1659500 1392
1659510 1389
1659520 1389
1659530 1388
1659540 1387
1659550 1386
1659560 1386
1659570 1386
1659580 1385
1659590 1385
1659600 1385
1659610 1384
1659620 1384
1659630 1386
1659640 1385
1659650 1385
1659660 1384
1659670 1382
1659680 1382
1659690 1381
1659700 1379
1659710 1379
1659720 1378
1659730 1378
1659740 1378
1659750 1377
1659760 1376
1659770 1374
1659780 1374
1659790 1373
1659800 1371
1659810 1371
1659820 1370
1659830 1369
1659840 1369
1659850 1367
1659860 1365
1659870 1365
1659880 1364
1659890 1363
1659900 1363
1659910 1363
1659920 1362
1659930 1362
1659940 1361
1659950 1360
1659960 1359
1659970 1359
1659980 1357
1659990 1357
