1640000 874
1640010 875
1640020 877
1640030 877
1640040 880
1640050 883
1640060 883
1640070 882
1640080 877
1640090 877
1640100 877
1640110 878
1640120 878
1640130 878
1640140 879
1640150 879
1640160 879
1640170 879
1640180 880
1640190 880
1640200 880
1640210 880
1640220 880
1640230 881
1640240 885
1640250 885
1640260 891
1640270 896
1640280 896
1640290 901
1640300 905
1640310 905
1640320 909
1640330 912
1640340 912
1640350 915
1640360 918
1640370 918
1640380 920
1640390 922
1640400 924
1640410 924
1640420 926
1640430 928
1640440 928
1640450 931
1640460 933
1640470 933
1640480 935
1640490 938
1640500 938
1640510 940
1640520 943
1640530 943
1640540 946
1640550 949
1640560 949
1640570 949
1640580 952
1640590 952
1640600 956
1640610 960
1640620 963
1640630 963
1640640 967
1640650 970
1640660 970
1640670 973
1640680 977
1640690 977
1640700 981
1640710 985
1640720 985
1640730 990
1640740 994
1640750 994
1640760 999
1640770 1003
1640780 1003
1640790 1006
1640800 1010
1640810 1014
1640820 1014
1640830 1017
1640840 1019
1640850 1019
1640860 1022
1640870 1024
1640880 1024
1640890 1026
1640900 1028
1640910 1028
1640920 1030
1640930 1032
1640940 1032
1640950 1034
1640960 1035
1640970 1035
1640980 1037
1640990 1040
1641000 1040
1641010 1042
1641020 1044
1641030 1046
1641040 1046
1641050 1047
1641060 1048
1641070 1048
1641080 1049
1641090 1049
1641100 1049
1641110 1049
1641120 1049
1641130 1049
1641140 1048
1641150 1048
1641160 1048
1641170 1047
1641180 1046
1641190 1046
1641200 1044
1641210 1043
1641220 1043
1641230 1041
1641240 1039
1641250 1038
1641260 1038
1641270 1036
1641280 1035
1641290 1035
1641300 1033
1641310 1032
1641320 1032
1641330 1031
1641340 1029
1641350 1029
1641360 1028
1641370 1027
1641380 1028
1641390 1027
1641400 1025
1641410 1025
1641420 1024
1641430 1023
1641440 1021
1641450 1021
1641460 1020
1641470 1020
1641480 1020
1641490 1021
1641500 1021
1641510 1021
1641520 1022
1641530 1024
1641540 1024
1641550 1024
1641560 1025
1641570 1025
1641580 1024
1641590 1024
1641600 1024
1641610 1023
1641620 1023
1641630 1023
1641640 1022
1641650 1022
1641660 1021
1641670 1021
1641680 1022
1641690 1024
1641700 1024
1641710 1027
1641720 1029
1641730 1029
1641740 1031
1641750 1032
1641760 1032
1641770 1031
1641780 1030
1641790 1030
1641800 1028
1641810 1026
1641820 1026
1641830 1024
1641840 1021
1641850 1021
1641860 1018
1641870 1015
1641880 1012
1641890 1012
1641900 1009
1641910 1006
1641920 1006
1641930 1004
1641940 1001
1641950 1001
1641960 999
1641970 996
1641980 996
1641990 994
1642000 993
1642010 993
1642020 994
1642030 996
1642040 996
1642050 997
1642060 999
1642070 1001
1642080 1001
1642090 1003
1642100 1004
1642110 1004
1642120 1005
1642130 1006
1642140 1006
1642150 1006
1642160 1007
1642170 1007
1642180 1009
1642190 1011
1642200 1011
1642210 1013
1642220 1015
1642230 1015
1642240 1017
1642250 1020
1642260 1020
1642270 1023
1642280 1026
1642290 1029
1642300 1029
1642310 1031
1642320 1034
1642330 1034
1642340 1036
1642350 1038
1642360 1038
1642370 1040
1642380 1041
1642390 1041
1642400 1043
1642410 1045
1642420 1045
1642430 1047
1642440 1049
1642450 1049
1642460 1051
1642470 1053
1642480 1053
1642490 1055
1642500 1057
1642510 1059
1642520 1059
1642530 1061
1642540 1063
1642550 1063
1642560 1065
1642570 1067
1642580 1067
1642590 1069
1642600 1071
1642610 1071
1642620 1073
1642630 1075
1642640 1075
1642650 1077
1642660 1079
1642670 1079
1642680 1081
1642690 1083
1642700 1086
1642710 1086
1642720 1088
1642730 1090
1642740 1090
1642750 1092
1642760 1094
1642770 1094
1642780 1096
1642790 1097
1642800 1097
1642810 1098
1642820 1099
1642830 1099
1642840 1100
1642850 1100
1642860 1100
1642870 1101
1642880 1101
1642890 1101
1642900 1101
1642910 1100
1642920 1099
1642930 1099
1642940 1098
1642950 1097
1642960 1097
1642970 1096
1642980 1096
1642990 1096
1643000 1095
1643010 1094
1643020 1094
1643030 1093
1643040 1092
1643050 1092
1643060 1091
1643070 1090
1643080 1090
1643090 1089
1643100 1089
1643110 1089
1643120 1088
1643130 1087
1643140 1087
1643150 1087
1643160 1086
1643170 1085
1643180 1085
1643190 1085
1643200 1084
1643210 1084
1643220 1084
1643230 1083
1643240 1083
1643250 1082
1643260 1081
1643270 1081
1643280 1080
1643290 1079
1643300 1079
1643310 1079
1643320 1078
1643330 1077
1643340 1077
1643350 1076
1643360 1075
1643370 1075
1643380 1073
1643390 1072
1643400 1072
1643410 1071
1643420 1069
1643430 1069
1643440 1066
1643450 1064
1643460 1064
1643470 1060
1643480 1056
1643490 1056
1643500 1053
1643510 1049
1643520 1049
1643530 1046
1643540 1044
1643550 1044
1643560 1044
1643570 1047
1643580 1052
1643590 1052
1643600 1057
1643610 1062
1643620 1062
1643630 1066
1643640 1071
1643650 1071
1643660 1075
1643670 1079
1643680 1079
1643690 1083
1643700 1087
1643710 1087
1643720 1090
1643730 1093
1643740 1093
1643750 1095
1643760 1096
1643770 1098
1643780 1101
1643790 1103
1643800 1106
1643810 1106
1643820 1109
1643830 1112
1643840 1112
1643850 1114
1643860 1117
1643870 1117
1643880 1119
1643890 1121
1643900 1121
1643910 1123
1643920 1125
1643930 1125
1643940 1126
1643950 1128
1643960 1130
1643970 1130
1643980 1131
1643990 1133
1644000 1133
1644010 1134
1644020 1134
1644030 1134
1644040 1133
1644050 1131
1644060 1131
1644070 1129
1644080 1126
1644090 1126
1644100 1124
1644110 1122
1644120 1122
1644130 1121
1644140 1122
1644150 1122
1644160 1124
1644170 1126
1644180 1127
1644190 1127
1644200 1128
1644210 1126
1644220 1126
1644230 1123
1644240 1120
1644250 1120
1644260 1116
1644270 1112
1644280 1112
1644290 1109
1644300 1106
1644310 1106
1644320 1105
1644330 1106
1644340 1106
1644350 1110
1644360 1113
1644370 1113
1644380 1117
1644390 1121
1644400 1124
1644410 1124
1644420 1127
1644430 1130
1644440 1130
1644450 1130
1644460 1127
1644470 1127
1644480 1124
1644490 1121
1644500 1121
1644510 1118
1644520 1119
1644530 1119
1644540 1123
1644550 1128
1644560 1128
1644570 1133
1644580 1138
1644590 1143
1644600 1143
1644610 1148
1644620 1153
1644630 1153
1644640 1157
1644650 1161
1644660 1161
1644670 1164
1644680 1167
1644690 1167
1644700 1169
1644710 1171
1644720 1171
1644730 1174
1644740 1177
1644750 1177
1644760 1181
1644770 1185
1644780 1185
1644790 1189
1644800 1194
1644810 1198
1644820 1198
1644830 1203
1644840 1207
1644850 1207
1644860 1210
1644870 1214
1644880 1214
1644890 1218
1644900 1221
1644910 1221
1644920 1225
1644930 1228
1644940 1228
1644950 1231
1644960 1234
1644970 1234
1644980 1237
1644990 1240
1645000 1240
1645010 1243
1645020 1246
1645030 1248
1645040 1248
1645050 1250
1645060 1252
1645070 1252
1645080 1254
1645090 1256
1645100 1256
1645110 1258
1645120 1259
1645130 1259
1645140 1260
1645150 1261
1645160 1261
1645170 1262
1645180 1262
1645190 1262
1645200 1262
1645210 1262
1645220 1262
1645230 1262
1645240 1262
1645250 1262
1645260 1262
1645270 1262
1645280 1262
1645290 1262
1645300 1262
1645310 1262
1645320 1262
1645330 1263
1645340 1264
1645350 1264
1645360 1266
1645370 1272
1645380 1272
1645390 1274
1645400 1275
1645410 1275
1645420 1277
1645430 1278
1645440 1279
1645450 1279
1645460 1280
1645470 1282
1645480 1282
1645490 1285
1645500 1287
1645510 1287
1645520 1289
1645530 1292
1645540 1292
1645550 1295
1645560 1297
1645570 1297
1645580 1299
1645590 1301
1645600 1301
1645610 1302
1645620 1304
1645630 1306
1645640 1306
1645650 1307
1645660 1309
1645670 1309
1645680 1312
1645690 1314
1645700 1314
1645710 1317
1645720 1320
1645730 1320
1645740 1323
1645750 1326
1645760 1326
1645770 1329
1645780 1333
1645790 1333
1645800 1336
1645810 1339
1645820 1339
1645830 1343
1645840 1346
1645850 1350
1645860 1350
1645870 1353
1645880 1356
1645890 1356
1645900 1360
1645910 1363
1645920 1363
1645930 1367
1645940 1371
1645950 1371
1645960 1374
1645970 1378
1645980 1378
1645990 1382
1646000 1385
1646010 1385
1646020 1389
1646030 1393
1646040 1393
1646050 1396
1646060 1400
1646070 1403
1646080 1403
1646090 1407
1646100 1410
1646110 1410
1646120 1414
1646130 1417
1646140 1417
1646150 1421
1646160 1424
1646170 1424
1646180 1428
1646190 1431
1646200 1431
1646210 1434
1646220 1437
1646230 1437
1646240 1440
1646250 1442
1646260 1445
1646270 1445
1646280 1447
1646290 1449
1646300 1449
1646310 1451
1646320 1452
1646330 1452
1646340 1453
1646350 1454
1646360 1454
1646370 1454
1646380 1454
1646390 1454
1646400 1453
1646410 1452
1646420 1452
1646430 1451
1646440 1449
1646450 1449
1646460 1446
1646470 1443
1646480 1439
1646490 1439
1646500 1435
1646510 1431
1646520 1431
1646530 1426
1646540 1422
1646550 1422
1646560 1417
1646570 1413
1646580 1413
1646590 1409
1646600 1405
1646610 1405
1646620 1401
1646630 1398
1646640 1398
1646650 1396
1646660 1395
1646670 1395
1646680 1394
1646690 1395
1646700 1397
1646710 1397
1646720 1400
1646730 1403
1646740 1403
1646750 1406
1646760 1408
1646770 1408
1646780 1409
1646790 1408
1646800 1408
1646810 1406
1646820 1405
1646830 1405
1646840 1404
1646850 1404
1646860 1404
1646870 1406
1646880 1408
1646890 1411
1646900 1411
1646910 1414
1646920 1416
1646930 1416
1646940 1424
1646950 1427
1646960 1427
1646970 1429
1646980 1432
1646990 1432
1647000 1434
1647010 1437
1647020 1437
1647030 1439
1647040 1442
1647050 1442
1647060 1445
1647070 1448
1647080 1448
1647090 1451
1647100 1454
1647110 1458
1647120 1458
1647130 1461
1647140 1464
1647150 1464
1647160 1467
1647170 1469
1647180 1469
1647190 1472
1647200 1474
1647210 1474
1647220 1476
1647230 1479
1647240 1479
1647250 1481
1647260 1483
1647270 1483
1647280 1485
1647290 1487
1647300 1487
1647310 1489
1647320 1491
1647330 1492
1647340 1492
1647350 1493
1647360 1494
1647370 1494
1647380 1495
1647390 1496
1647400 1496
1647410 1496
1647420 1495
1647430 1495
1647440 1495
1647450 1494
1647460 1494
1647470 1493
1647480 1492
1647490 1492
1647500 1490
1647510 1489
1647520 1488
1647530 1488
1647540 1486
1647550 1485
1647560 1485
1647570 1484
1647580 1484
1647590 1484
1647600 1483
1647610 1483
1647620 1483
1647630 1483
1647640 1482
1647650 1482
1647660 1482
1647670 1483
1647680 1483
1647690 1484
1647700 1486
1647710 1490
1647720 1492
1647730 1495
1647740 1499
1647750 1499
1647760 1502
1647770 1505
1647780 1505
1647790 1509
1647800 1512
1647810 1512
1647820 1516
1647830 1519
1647840 1519
1647850 1523
1647860 1527
1647870 1527
1647880 1531
1647890 1534
1647900 1534
1647910 1538
1647920 1542
1647930 1542
1647940 1545
1647950 1549
1647960 1553
1647970 1553
1647980 1556
1647990 1559
1648000 1559
1648010 1562
1648020 1564
1648030 1564
1648040 1567
1648050 1569
1648060 1569
1648070 1572
1648080 1574
1648090 1574
1648100 1577
1648110 1580
1648120 1580
1648130 1583
1648140 1586
1648150 1589
1648160 1589
1648170 1592
1648180 1596
1648190 1596
1648200 1599
1648210 1602
1648220 1602
1648230 1606
1648240 1609
1648250 1609
1648260 1612
1648270 1616
1648280 1616
1648290 1619
1648300 1622
1648310 1622
1648320 1626
1648330 1629
1648340 1629
1648350 1633
1648360 1636
1648370 1639
1648380 1639
1648390 1643
1648400 1646
1648410 1646
1648420 1649
1648430 1653
1648440 1653
1648450 1656
1648460 1659
1648470 1659
1648480 1662
1648490 1666
1648500 1666
1648510 1668
1648520 1670
1648530 1670
1648540 1672
1648550 1673
1648560 1673
1648570 1674
1648580 1674
1648590 1673
1648600 1673
1648610 1671
1648620 1669
1648630 1669
1648640 1667
1648650 1665
1648660 1665
1648670 1662
1648680 1660
1648690 1660
1648700 1657
1648710 1654
1648720 1654
1648730 1651
1648740 1647
1648750 1647
1648760 1644
1648770 1641
1648780 1638
1648790 1638
1648800 1635
1648810 1631
1648820 1631
1648830 1628
1648840 1625
1648850 1625
1648860 1622
1648870 1618
1648880 1618
1648890 1615
1648900 1612
1648910 1612
1648920 1609
1648930 1606
1648940 1606
1648950 1603
1648960 1600
1648970 1600
1648980 1597
1648990 1595
1649000 1593
1649010 1593
1649020 1592
1649030 1591
1649040 1591
1649050 1590
1649060 1589
1649070 1589
1649080 1589
1649090 1589
1649100 1589
1649110 1589
1649120 1589
1649130 1589
1649140 1589
1649150 1589
1649160 1589
1649170 1589
1649180 1589
1649190 1589
1649200 1589
1649210 1589
1649220 1590
1649230 1590
1649240 1591
1649250 1592
1649260 1596
1649270 1597
1649280 1598
1649290 1598
1649300 1599
1649310 1600
1649320 1600
1649330 1601
1649340 1602
1649350 1602
1649360 1603
1649370 1604
1649380 1604
1649390 1605
1649400 1606
1649410 1608
1649420 1608
1649430 1609
1649440 1611
1649450 1611
1649460 1612
1649470 1613
1649480 1613
1649490 1614
1649500 1615
1649510 1615
1649520 1615
1649530 1616
1649540 1616
1649550 1616
1649560 1616
1649570 1616
1649580 1616
1649590 1615
1649600 1615
1649610 1615
1649620 1614
1649630 1613
1649640 1613
1649650 1612
1649660 1611
1649670 1611
1649680 1609
1649690 1607
1649700 1607
1649710 1606
1649720 1604
1649730 1604
1649740 1603
1649750 1601
1649760 1601
1649770 1600
1649780 1599
1649790 1599
1649800 1598
1649810 1596
1649820 1596
1649830 1595
1649840 1594
1649850 1593
1649860 1593
1649870 1591
1649880 1589
1649890 1589
1649900 1587
1649910 1585
1649920 1585
1649930 1582
1649940 1580
1649950 1580
1649960 1577
1649970 1575
1649980 1575
1649990 1572
1650000 1570
1650010 1570
1650020 1568
1650030 1569
1650040 1566
1650050 1566
1650060 1564
1650070 1562
1650080 1562
1650090 1560
1650100 1560
1650110 1560
1650120 1560
1650130 1560
1650140 1560
1650150 1561
1650160 1561
1650170 1561
1650180 1562
1650190 1563
1650200 1563
1650210 1563
1650220 1564
1650230 1564
1650240 1566
1650250 1567
1650260 1570
1650270 1570
1650280 1572
1650290 1575
1650300 1575
1650310 1577
1650320 1580
1650330 1580
1650340 1582
1650350 1585
1650360 1585
1650370 1587
1650380 1590
1650390 1590
1650400 1592
1650410 1595
1650420 1595
1650430 1597
1650440 1600
1650450 1600
1650460 1603
1650470 1606
1650480 1609
1650490 1609
1650500 1612
1650510 1615
1650520 1615
1650530 1619
1650540 1622
1650550 1622
1650560 1625
1650570 1628
1650580 1628
1650590 1631
1650600 1634
1650610 1634
1650620 1636
1650630 1638
1650640 1638
1650650 1641
1650660 1643
1650670 1645
1650680 1645
1650690 1646
1650700 1646
1650710 1646
1650720 1645
1650730 1643
1650740 1643
1650750 1641
1650760 1638
1650770 1638
1650780 1635
1650790 1631
1650800 1631
1650810 1628
1650820 1624
1650830 1624
1650840 1621
1650850 1617
1650860 1617
1650870 1613
1650880 1609
1650890 1605
1650900 1605
1650910 1601
1650920 1596
1650930 1596
1650940 1592
1650950 1588
1650960 1588
1650970 1583
1650980 1578
1650990 1578
1651000 1574
1651010 1569
1651020 1569
1651030 1565
1651040 1559
1651050 1559
1651060 1553
1651070 1547
1651080 1547
1651090 1542
1651100 1539
1651110 1539
1651120 1539
1651130 1540
1651140 1542
1651150 1542
1651160 1544
1651170 1547
1651180 1547
1651190 1550
1651200 1552
1651210 1552
1651220 1555
1651230 1556
1651240 1556
1651250 1558
1651260 1559
1651270 1559
1651280 1559
1651290 1560
1651300 1560
1651310 1560
1651320 1561
1651330 1562
1651340 1562
1651350 1563
1651360 1565
1651370 1565
1651380 1568
1651390 1571
1651400 1571
1651410 1574
1651420 1576
1651430 1576
1651440 1578
1651450 1579
1651460 1579
1651470 1580
1651480 1580
1651490 1580
1651500 1581
1651510 1581
1651520 1581
1651530 1581
1651540 1581
1651550 1586
1651560 1586
1651570 1587
1651580 1588
1651590 1588
1651600 1590
1651610 1591
1651620 1591
1651630 1592
1651640 1594
1651650 1594
1651660 1595
1651670 1597
1651680 1597
1651690 1598
1651700 1600
1651710 1600
1651720 1601
1651730 1602
1651740 1602
1651750 1602
1651760 1602
1651770 1602
1651780 1602
1651790 1600
1651800 1598
1651810 1598
1651820 1595
1651830 1592
1651840 1592
1651850 1589
1651860 1585
1651870 1585
1651880 1580
1651890 1575
1651900 1575
1651910 1569
1651920 1563
1651930 1558
1651940 1558
1651950 1555
1651960 1553
1651970 1553
1651980 1557
1651990 1562
1652000 1562
1652010 1566
1652020 1569
1652030 1569
1652040 1570
1652050 1572
1652060 1572
1652070 1573
1652080 1576
1652090 1576
1652100 1579
1652110 1583
1652120 1583
1652130 1587
1652140 1592
1652150 1596
1652160 1596
1652170 1600
1652180 1604
1652190 1604
1652200 1607
1652210 1610
1652220 1610
1652230 1613
1652240 1616
1652250 1616
1652260 1618
1652270 1620
1652280 1620
1652290 1623
1652300 1625
1652310 1627
1652320 1630
1652330 1634
1652340 1637
1652350 1637
1652360 1640
1652370 1643
1652380 1643
1652390 1646
1652400 1650
1652410 1650
1652420 1654
1652430 1658
1652440 1658
1652450 1662
1652460 1667
1652470 1667
1652480 1671
1652490 1675
1652500 1675
1652510 1680
1652520 1684
1652530 1684
1652540 1689
1652550 1693
1652560 1698
1652570 1698
1652580 1702
1652590 1706
1652600 1706
1652610 1710
1652620 1713
1652630 1713
1652640 1716
1652650 1718
1652660 1718
1652670 1720
1652680 1722
1652690 1722
1652700 1724
1652710 1727
1652720 1727
1652730 1731
1652740 1736
1652750 1736
1652760 1741
1652770 1746
1652780 1752
1652790 1752
1652800 1757
1652810 1762
1652820 1762
1652830 1765
1652840 1769
1652850 1769
1652860 1772
1652870 1775
1652880 1775
1652890 1779
1652900 1782
1652910 1782
1652920 1786
1652930 1790
1652940 1790
1652950 1794
1652960 1797
1652970 1800
1652980 1800
1652990 1802
1653000 1804
1653010 1804
1653020 1805
1653030 1807
1653040 1807
1653050 1809
1653060 1812
1653070 1812
1653080 1814
1653090 1816
1653100 1816
1653110 1818
1653120 1820
1653130 1820
1653140 1823
1653150 1826
1653160 1826
1653170 1828
1653180 1831
1653190 1833
1653200 1833
1653210 1835
1653220 1837
1653230 1837
1653240 1839
1653250 1841
1653260 1841
1653270 1842
1653280 1844
1653290 1844
1653300 1846
1653310 1848
1653320 1848
1653330 1850
1653340 1852
1653350 1852
1653360 1854
1653370 1856
1653380 1856
1653390 1858
1653400 1861
1653410 1863
1653420 1863
1653430 1865
1653440 1867
1653450 1867
1653460 1870
1653470 1872
1653480 1872
1653490 1874
1653500 1876
1653510 1876
1653520 1878
1653530 1881
1653540 1881
1653550 1883
1653560 1885
1653570 1885
1653580 1887
1653590 1889
1653600 1890
1653610 1890
1653620 1892
1653630 1893
1653640 1893
1653650 1894
1653660 1895
1653670 1895
1653680 1896
1653690 1897
1653700 1897
1653710 1898
1653720 1899
1653730 1899
1653740 1900
1653750 1900
1653760 1900
1653770 1900
1653780 1899
1653790 1899
1653800 1899
1653810 1895
1653820 1894
1653830 1894
1653840 1893
1653850 1892
1653860 1892
1653870 1890
1653880 1888
1653890 1888
1653900 1886
1653910 1883
1653920 1883
1653930 1880
1653940 1876
1653950 1876
1653960 1875
1653970 1873
1653980 1873
1653990 1871
1654000 1870
1654010 1870
1654020 1868
1654030 1867
1654040 1865
1654050 1865
1654060 1864
1654070 1863
1654080 1863
1654090 1861
1654100 1861
1654110 1861
1654120 1860
1654130 1860
1654140 1860
1654150 1859
1654160 1858
1654170 1858
1654180 1858
1654190 1857
1654200 1857
1654210 1857
1654220 1856
1654230 1855
1654240 1855
1654250 1854
1654260 1853
1654270 1853
1654280 1852
1654290 1851
1654300 1851
1654310 1850
1654320 1849
1654330 1849
1654340 1848
1654350 1847
1654360 1847
1654370 1845
1654380 1843
1654390 1843
1654400 1840
1654410 1837
1654420 1837
1654430 1836
1654440 1835
1654450 1835
1654460 1835
1654470 1833
1654480 1832
1654490 1832
1654500 1830
1654510 1828
1654520 1828
1654530 1826
1654540 1824
1654550 1824
1654560 1818
1654570 1817
1654580 1817
1654590 1814
1654600 1812
1654610 1812
1654620 1809
1654630 1806
1654640 1806
1654650 1803
1654660 1800
1654670 1799
1654680 1799
1654690 1798
1654700 1796
1654710 1796
1654720 1794
1654730 1792
1654740 1792
1654750 1790
1654760 1788
1654770 1788
1654780 1787
1654790 1785
1654800 1785
1654810 1784
1654820 1783
1654830 1783
1654840 1782
1654850 1782
1654860 1781
1654870 1781
1654880 1780
1654890 1779
1654900 1779
1654910 1778
1654920 1777
1654930 1777
1654940 1775
1654950 1774
1654960 1774
1654970 1772
1654980 1772
1654990 1772
1655000 1770
1655010 1769
1655020 1769
1655030 1767
1655040 1764
1655050 1764
1655060 1762
1655070 1759
1655080 1757
1655090 1757
1655100 1757
1655110 1756
1655120 1756
1655130 1755
1655140 1754
1655150 1754
1655160 1753
1655170 1752
1655180 1752
1655190 1750
1655200 1749
1655210 1749
1655220 1748
1655230 1746
1655240 1746
1655250 1745
1655260 1744
1655270 1744
1655280 1744
1655290 1743
1655300 1738
1655310 1738
1655320 1737
1655330 1736
1655340 1736
1655350 1735
1655360 1733
1655370 1733
1655380 1733
1655390 1732
1655400 1732
1655410 1731
1655420 1731
1655430 1731
1655440 1732
1655450 1733
1655460 1733
1655470 1734
1655480 1736
1655490 1738
1655500 1738
1655510 1740
1655520 1742
1655530 1742
1655540 1744
1655550 1746
1655560 1746
1655570 1748
1655580 1750
1655590 1750
1655600 1753
1655610 1755
1655620 1755
1655630 1758
1655640 1761
1655650 1761
1655660 1764
1655670 1766
1655680 1766
1655690 1769
1655700 1772
1655710 1775
1655720 1775
1655730 1778
1655740 1781
1655750 1781
1655760 1784
1655770 1787
1655780 1787
1655790 1790
1655800 1793
1655810 1793
1655820 1795
1655830 1798
1655840 1798
1655850 1799
1655860 1800
1655870 1800
1655880 1800
1655890 1800
1655900 1800
1655910 1800
1655920 1800
1655930 1800
1655940 1800
1655950 1799
1655960 1799
1655970 1799
1655980 1798
1655990 1797
1656000 1797
1656010 1797
1656020 1796
1656030 1796
1656040 1794
1656050 1794
1656060 1794
1656070 1793
1656080 1792
1656090 1792
1656100 1791
1656110 1790
1656120 1789
1656130 1789
1656140 1788
1656150 1788
1656160 1788
1656170 1786
1656180 1786
1656190 1786
1656200 1785
1656210 1785
1656220 1785
1656230 1784
1656240 1784
1656250 1784
1656260 1784
1656270 1783
1656280 1783
1656290 1782
1656300 1781
1656310 1781
1656320 1780
1656330 1779
1656340 1777
1656350 1777
1656360 1776
1656370 1773
1656380 1773
1656390 1771
1656400 1770
1656410 1770
1656420 1768
1656430 1766
1656440 1766
1656450 1764
1656460 1762
1656470 1762
1656480 1760
1656490 1758
1656500 1758
1656510 1757
1656520 1755
1656530 1755
1656540 1753
1656550 1750
1656560 1748
1656570 1748
1656580 1745
1656590 1743
1656600 1743
1656610 1741
1656620 1738
1656630 1738
1656640 1735
1656650 1731
1656660 1731
1656670 1726
1656680 1723
1656690 1723
1656700 1722
1656710 1721
1656720 1721
1656730 1719
1656740 1718
1656750 1717
1656760 1717
1656770 1715
1656780 1716
1656790 1716
1656800 1715
1656810 1713
1656820 1713
1656830 1710
1656840 1708
1656850 1708
1656860 1705
1656870 1703
1656880 1703
1656890 1701
1656900 1699
1656910 1699
1656920 1697
1656930 1694
1656940 1694
1656950 1692
1656960 1689
1656970 1687
1656980 1687
1656990 1684
1657000 1682
1657010 1682
1657020 1680
1657030 1677
1657040 1677
1657050 1674
1657060 1672
1657070 1672
1657080 1669
1657090 1665
1657100 1665
1657110 1662
1657120 1658
1657130 1658
1657140 1656
1657150 1652
1657160 1652
1657170 1648
1657180 1644
1657190 1641
1657200 1641
1657210 1636
1657220 1632
1657230 1632
1657240 1629
1657250 1625
1657260 1625
1657270 1621
1657280 1618
1657290 1618
1657300 1615
1657310 1611
1657320 1611
1657330 1608
1657340 1606
1657350 1606
1657360 1605
1657370 1604
1657380 1601
1657390 1601
1657400 1598
1657410 1596
1657420 1596
1657430 1592
1657440 1590
1657450 1590
1657460 1588
1657470 1587
1657480 1587
1657490 1584
1657500 1581
1657510 1581
1657520 1586
1657530 1584
1657540 1584
1657550 1582
1657560 1580
1657570 1580
1657580 1577
1657590 1574
1657600 1572
1657610 1572
1657620 1570
1657630 1568
1657640 1568
1657650 1565
1657660 1563
1657670 1563
1657680 1561
1657690 1558
1657700 1558
1657710 1557
1657720 1555
1657730 1555
1657740 1552
1657750 1549
1657760 1549
1657770 1546
1657780 1543
1657790 1543
1657800 1540
1657810 1537
1657820 1535
1657830 1535
1657840 1533
1657850 1532
1657860 1532
1657870 1532
1657880 1531
1657890 1531
1657900 1528
1657910 1525
1657920 1525
1657930 1524
1657940 1523
1657950 1523
1657960 1521
1657970 1520
1657980 1520
1657990 1518
1658000 1516
1658010 1515
1658020 1515
1658030 1513
1658040 1512
1658050 1512
1658060 1511
1658070 1510
1658080 1510
1658090 1509
1658100 1508
1658110 1508
1658120 1507
1658130 1506
1658140 1506
1658150 1504
1658160 1502
1658170 1502
1658180 1501
1658190 1499
1658200 1499
1658210 1498
1658220 1497
1658230 1495
1658240 1495
1658250 1499
1658260 1497
1658270 1497
1658280 1496
1658290 1495
1658300 1495
1658310 1495
1658320 1494
1658330 1494
1658340 1495
1658350 1495
1658360 1495
1658370 1496
1658380 1495
1658390 1495
1658400 1494
1658410 1493
1658420 1493
1658430 1492
1658440 1491
1658450 1490
1658460 1490
1658470 1489
1658480 1489
1658490 1489
1658500 1488
1658510 1486
1658520 1486
1658530 1485
1658540 1484
1658550 1484
1658560 1484
1658570 1482
1658580 1482
1658590 1482
1658600 1481
1658610 1481
1658620 1480
1658630 1479
1658640 1478
1658650 1478
1658660 1477
1658670 1476
1658680 1476
1658690 1475
1658700 1474
1658710 1474
1658720 1473
1658730 1473
1658740 1473
1658750 1472
1658760 1471
1658770 1471
1658780 1469
1658790 1467
1658800 1467
1658810 1466
1658820 1465
1658830 1465
1658840 1463
1658850 1462
1658860 1460
1658870 1460
1658880 1459
1658890 1457
1658900 1457
1658910 1453
1658920 1448
1658930 1448
1658940 1443
1658950 1440
1658960 1440
1658970 1440
1658980 1436
1658990 1436
1659000 1433
1659010 1430
1659020 1430
1659030 1429
1659040 1428
1659050 1428
1659060 1427
1659070 1425
1659080 1424
1659090 1424
1659100 1423
1659110 1421
1659120 1421
1659130 1420
1659140 1419
1659150 1419
1659160 1418
1659170 1417
1659180 1417
1659190 1416
1659200 1416
1659210 1416
1659220 1416
1659230 1415
1659240 1415
1659250 1415
1659260 1416
1659270 1415
1659280 1415
1659290 1414
1659300 1413
1659310 1413
1659320 1413
1659330 1413
1659340 1413
1659350 1414
1659360 1414
1659370 1414
1659380 1414
1659390 1413
1659400 1413
1659410 1411
1659420 1408
1659430 1408
1659440 1407
1659450 1406
1659460 1406
1659470 1406
1659480 1405
1659490 1404
1659500 1404
1659510 1403
1659520 1402
1659530 1402
1659540 1400
1659550 1398
1659560 1398
1659570 1397
1659580 1396
1659590 1396
1659600 1395
1659610 1394
1659620 1394
1659630 1393
1659640 1392
1659650 1392
1659660 1392
1659670 1392
1659680 1392
1659690 1390
1659700 1393
1659710 1392
1659720 1392
1659730 1391
1659740 1391
1659750 1391
1659760 1389
1659770 1388
1659780 1388
1659790 1386
1659800 1385
1659810 1385
1659820 1383
1659830 1381
1659840 1381
1659850 1380
1659860 1378
1659870 1378
1659880 1376
1659890 1374
1659900 1372
1659910 1372
1659920 1371
1659930 1369
1659940 1369
1659950 1368
1659960 1367
1659970 1367
1659980 1366
1659990 1365
