1640000 1014
1640010 1017
1640020 1017
1640030 1021
1640040 1024
1640050 1024
1640060 1027
1640070 1031
1640080 1031
1640090 1033
1640100 1035
1640110 1035
1640120 1038
1640130 1040
1640140 1040
1640150 1042
1640160 1045
1640170 1047
1640180 1047
1640190 1049
1640200 1050
1640210 1050
1640220 1052
1640230 1053
1640240 1053
1640250 1055
1640260 1055
1640270 1055
1640280 1056
1640290 1057
1640300 1057
1640310 1057
1640320 1058
1640330 1058
1640340 1058
1640350 1058
1640360 1058
1640370 1059
1640380 1059
1640390 1060
1640400 1060
1640410 1059
1640420 1059
1640430 1059
1640440 1058
1640450 1059
1640460 1059
1640470 1058
1640480 1058
1640490 1058
1640500 1058
1640510 1058
1640520 1058
1640530 1057
1640540 1055
1640550 1055
1640560 1053
1640570 1052
1640580 1052
1640590 1052
1640600 1051
1640610 1049
1640620 1049
1640630 1047
1640640 1044
1640650 1044
1640660 1042
1640670 1040
1640680 1040
1640690 1038
1640700 1036
1640710 1036
1640720 1035
1640730 1034
1640740 1034
1640750 1032
1640760 1029
1640770 1029
1640780 1027
1640790 1024
1640800 1021
1640810 1021
1640820 1019
1640830 1016
1640840 1016
1640850 1013
1640860 1009
1640870 1009
1640880 1006
1640890 1002
1640900 1002
1640910 998
1640920 994
1640930 994
1640940 992
1640950 988
1640960 988
1640970 983
1640980 981
1640990 981
1641000 978
1641010 974
1641020 972
1641030 972
1641040 969
1641050 966
1641060 966
1641070 962
1641080 959
1641090 959
1641100 955
1641110 952
1641120 952
1641130 948
1641140 945
1641150 945
1641160 943
1641170 939
1641180 939
1641190 936
1641200 936
1641210 936
1641220 938
1641230 941
1641240 945
1641250 945
1641260 949
1641270 953
1641280 953
1641290 956
1641300 959
1641310 959
1641320 959
1641330 959
1641340 959
1641350 957
1641360 955
1641370 955
1641380 953
1641390 951
1641400 951
1641410 949
1641420 948
1641430 948
1641440 948
1641450 947
1641460 946
1641470 946
1641480 945
1641490 944
1641500 944
1641510 942
1641520 941
1641530 941
1641540 943
1641550 943
1641560 943
1641570 942
1641580 942
1641590 942
1641600 942
1641610 943
1641620 943
1641630 944
1641640 943
1641650 943
1641660 943
1641670 942
1641680 942
1641690 942
1641700 942
1641710 943
1641720 943
1641730 944
1641740 943
1641750 943
1641760 943
1641770 943
1641780 943
1641790 943
1641800 942
1641810 942
1641820 942
1641830 941
1641840 941
1641850 941
1641860 941
1641870 942
1641880 942
1641890 942
1641900 943
1641910 943
1641920 944
1641930 944
1641940 944
1641950 945
1641960 945
1641970 945
1641980 945
1641990 945
1642000 945
1642010 945
1642020 946
1642030 946
1642040 946
1642050 946
1642060 946
1642070 946
1642080 947
1642090 947
1642100 947
1642110 948
1642120 948
1642130 948
1642140 949
1642150 949
1642160 949
1642170 950
1642180 950
1642190 950
1642200 951
1642210 951
1642220 951
1642230 952
1642240 952
1642250 952
1642260 953
1642270 953
1642280 955
1642290 955
1642300 955
1642310 956
1642320 956
1642330 956
1642340 957
1642350 957
1642360 957
1642370 957
1642380 957
1642390 957
1642400 957
1642410 957
1642420 958
1642430 959
1642440 959
1642450 959
1642460 960
1642470 960
1642480 961
1642490 962
1642500 963
1642510 963
1642520 963
1642530 964
1642540 964
1642550 964
1642560 965
1642570 965
1642580 965
1642590 968
1642600 968
1642610 970
1642620 973
1642630 973
1642640 975
1642650 977
1642660 977
1642670 980
1642680 982
1642690 982
1642700 985
1642710 987
1642720 988
1642730 988
1642740 989
1642750 990
1642760 990
1642770 990
1642780 990
1642790 990
1642800 990
1642810 991
1642820 991
1642830 991
1642840 992
1642850 992
1642860 992
1642870 993
1642880 993
1642890 993
1642900 993
1642910 993
1642920 993
1642930 994
1642940 995
1642950 995
1642960 995
1642970 995
1642980 995
1642990 995
1643000 995
1643010 995
1643020 996
1643030 998
1643040 998
1643050 1000
1643060 1004
1643070 1004
1643080 1007
1643090 1009
1643100 1009
1643110 1011
1643120 1012
1643130 1014
1643140 1013
1643150 1015
1643160 1017
1643170 1017
1643180 1019
1643190 1023
1643200 1023
1643210 1027
1643220 1031
1643230 1031
1643240 1035
1643250 1040
1643260 1040
1643270 1046
1643280 1052
1643290 1052
1643300 1059
1643310 1065
1643320 1065
1643330 1070
1643340 1076
1643350 1081
1643360 1081
1643370 1086
1643380 1091
1643390 1091
1643400 1095
1643410 1100
1643420 1100
1643430 1104
1643440 1109
1643450 1109
1643460 1113
1643470 1118
1643480 1118
1643490 1123
1643500 1127
1643510 1127
1643520 1132
1643530 1136
1643540 1140
1643550 1140
1643560 1145
1643570 1150
1643580 1150
1643590 1153
1643600 1157
1643610 1157
1643620 1160
1643630 1164
1643640 1164
1643650 1167
1643660 1170
1643670 1170
1643680 1174
1643690 1177
1643700 1177
1643710 1180
1643720 1183
1643730 1183
1643740 1186
1643750 1189
1643760 1192
1643770 1192
1643780 1195
1643790 1199
1643800 1199
1643810 1202
1643820 1205
1643830 1205
1643840 1207
1643850 1210
1643860 1210
1643870 1212
1643880 1215
1643890 1215
1643900 1217
1643910 1218
1643920 1218
1643930 1220
1643940 1223
1643950 1223
1643960 1225
1643970 1227
1643980 1229
1643990 1229
1644000 1232
1644010 1234
1644020 1234
1644030 1237
1644040 1239
1644050 1239
1644060 1243
1644070 1247
1644080 1247
1644090 1250
1644100 1254
1644110 1254
1644120 1257
1644130 1260
1644140 1260
1644150 1263
1644160 1266
1644170 1270
1644180 1270
1644190 1274
1644200 1277
1644210 1277
1644220 1281
1644230 1284
1644240 1284
1644250 1288
1644260 1291
1644270 1291
1644280 1294
1644290 1297
1644300 1297
1644310 1300
1644320 1302
1644330 1302
1644340 1305
1644350 1308
1644360 1308
1644370 1311
1644380 1314
1644390 1317
1644400 1317
1644410 1319
1644420 1322
1644430 1322
1644440 1325
1644450 1327
1644460 1327
1644470 1330
1644480 1333
1644490 1333
1644500 1335
1644510 1338
1644520 1338
1644530 1341
1644540 1344
1644550 1344
1644560 1348
1644570 1351
1644580 1351
1644590 1354
1644600 1358
1644610 1361
1644620 1361
1644630 1365
1644640 1368
1644650 1368
1644660 1371
1644670 1375
1644680 1375
1644690 1378
1644700 1382
1644710 1382
1644720 1385
1644730 1386
1644740 1386
1644750 1389
1644760 1392
1644770 1392
1644780 1394
1644790 1396
1644800 1396
1644810 1397
1644820 1398
1644830 1399
1644840 1399
1644850 1400
1644860 1400
1644870 1400
1644880 1401
1644890 1401
1644900 1401
1644910 1401
1644920 1401
1644930 1401
1644940 1400
1644950 1399
1644960 1399
1644970 1398
1644980 1397
1644990 1397
1645000 1395
1645010 1394
1645020 1392
1645030 1392
1645040 1389
1645050 1386
1645060 1386
1645070 1383
1645080 1379
1645090 1379
1645100 1375
1645110 1370
1645120 1370
1645130 1366
1645140 1362
1645150 1362
1645160 1358
1645170 1354
1645180 1354
1645190 1351
1645200 1348
1645210 1348
1645220 1345
1645230 1342
1645240 1339
1645250 1339
1645260 1337
1645270 1334
1645280 1334
1645290 1332
1645300 1330
1645310 1330
1645320 1327
1645330 1325
1645340 1325
1645350 1322
1645360 1319
1645370 1319
1645380 1316
1645390 1313
1645400 1313
1645410 1310
1645420 1307
1645430 1307
1645440 1304
1645450 1301
1645460 1297
1645470 1297
1645480 1294
1645490 1291
1645500 1291
1645510 1289
1645520 1285
1645530 1285
1645540 1288
1645550 1291
1645560 1291
1645570 1296
1645580 1302
1645590 1302
1645600 1308
1645610 1313
1645620 1313
1645630 1317
1645640 1321
1645650 1325
1645660 1325
1645670 1328
1645680 1330
1645690 1330
1645700 1333
1645710 1336
1645720 1336
1645730 1338
1645740 1341
1645750 1341
1645760 1343
1645770 1346
1645780 1346
1645790 1349
1645800 1352
1645810 1352
1645820 1355
1645830 1358
1645840 1358
1645850 1360
1645860 1363
1645870 1364
1645880 1364
1645890 1365
1645900 1366
1645910 1366
1645920 1367
1645930 1368
1645940 1368
1645950 1368
1645960 1368
1645970 1368
1645980 1368
1645990 1368
1646000 1368
1646010 1368
1646020 1368
1646030 1368
1646040 1368
1646050 1368
1646060 1368
1646070 1369
1646080 1370
1646090 1371
1646100 1371
1646110 1373
1646120 1376
1646130 1376
1646140 1379
1646150 1382
1646160 1382
1646170 1386
1646180 1389
1646190 1389
1646200 1393
1646210 1397
1646220 1397
1646230 1401
1646240 1404
1646250 1404
1646260 1408
1646270 1412
1646280 1416
1646290 1416
1646300 1420
1646310 1422
1646320 1422
1646330 1426
1646340 1429
1646350 1429
1646360 1433
1646370 1437
1646380 1437
1646390 1440
1646400 1444
1646410 1444
1646420 1447
1646430 1451
1646440 1451
1646450 1454
1646460 1456
1646470 1456
1646480 1458
1646490 1460
1646500 1461
1646510 1461
1646520 1462
1646530 1462
1646540 1462
1646550 1462
1646560 1462
1646570 1462
1646580 1461
1646590 1459
1646600 1459
1646610 1458
1646620 1455
1646630 1455
1646640 1452
1646650 1449
1646660 1449
1646670 1446
1646680 1443
1646690 1443
1646700 1440
1646710 1435
1646720 1430
1646730 1430
1646740 1426
1646750 1421
1646760 1421
1646770 1417
1646780 1413
1646790 1413
1646800 1409
1646810 1406
1646820 1406
1646830 1402
1646840 1399
1646850 1399
1646860 1397
1646870 1395
1646880 1395
1646890 1394
1646900 1393
1646910 1394
1646920 1394
1646930 1395
1646940 1397
1646950 1397
1646960 1399
1646970 1401
1646980 1401
1646990 1403
1647000 1406
1647010 1406
1647020 1408
1647030 1410
1647040 1410
1647050 1412
1647060 1413
1647070 1413
1647080 1415
1647090 1410
1647100 1410
1647110 1412
1647120 1414
1647130 1416
1647140 1416
1647150 1418
1647160 1421
1647170 1421
1647180 1423
1647190 1426
1647200 1426
1647210 1428
1647220 1431
1647230 1431
1647240 1433
1647250 1436
1647260 1436
1647270 1440
1647280 1444
1647290 1444
1647300 1449
1647310 1454
1647320 1454
1647330 1461
1647340 1467
1647350 1473
1647360 1473
1647370 1478
1647380 1482
1647390 1482
1647400 1486
1647410 1491
1647420 1491
1647430 1495
1647440 1500
1647450 1500
1647460 1504
1647470 1508
1647480 1508
1647490 1512
1647500 1516
1647510 1516
1647520 1520
1647530 1524
1647540 1524
1647550 1528
1647560 1531
1647570 1535
1647580 1535
1647590 1538
1647600 1542
1647610 1542
1647620 1544
1647630 1547
1647640 1547
1647650 1549
1647660 1551
1647670 1551
1647680 1553
1647690 1555
1647700 1555
1647710 1556
1647720 1556
1647730 1556
1647740 1557
1647750 1557
1647760 1557
1647770 1557
1647780 1557
1647790 1556
1647800 1556
1647810 1556
1647820 1555
1647830 1555
1647840 1555
1647850 1554
1647860 1554
1647870 1549
1647880 1548
1647890 1548
1647900 1548
1647910 1547
1647920 1547
1647930 1547
1647940 1547
1647950 1547
1647960 1546
1647970 1546
1647980 1546
1647990 1546
1648000 1546
1648010 1545
1648020 1545
1648030 1545
1648040 1545
1648050 1545
1648060 1545
1648070 1545
1648080 1545
1648090 1546
1648100 1546
1648110 1546
1648120 1546
1648130 1547
1648140 1547
1648150 1548
1648160 1549
1648170 1549
1648180 1550
1648190 1551
1648200 1552
1648210 1552
1648220 1553
1648230 1554
1648240 1554
1648250 1554
1648260 1555
1648270 1555
1648280 1555
1648290 1554
1648300 1554
1648310 1554
1648320 1553
1648330 1553
1648340 1551
1648350 1550
1648360 1550
1648370 1548
1648380 1546
1648390 1544
1648400 1544
1648410 1542
1648420 1540
1648430 1540
1648440 1538
1648450 1536
1648460 1536
1648470 1534
1648480 1533
1648490 1533
1648500 1531
1648510 1530
1648520 1530
1648530 1528
1648540 1526
1648550 1526
1648560 1525
1648570 1523
1648580 1523
1648590 1522
1648600 1521
1648610 1520
1648620 1520
1648630 1520
1648640 1515
1648650 1515
1648660 1517
1648670 1519
1648680 1519
1648690 1521
1648700 1523
1648710 1523
1648720 1526
1648730 1528
1648740 1528
1648750 1529
1648760 1531
1648770 1531
1648780 1532
1648790 1533
1648800 1533
1648810 1534
1648820 1535
1648830 1535
1648840 1535
1648850 1535
1648860 1535
1648870 1535
1648880 1534
1648890 1533
1648900 1533
1648910 1533
1648920 1532
1648930 1532
1648940 1531
1648950 1530
1648960 1530
1648970 1529
1648980 1527
1648990 1527
1649000 1526
1649010 1525
1649020 1524
1649030 1524
1649040 1523
1649050 1521
1649060 1521
1649070 1519
1649080 1517
1649090 1517
1649100 1514
1649110 1512
1649120 1512
1649130 1509
1649140 1507
1649150 1507
1649160 1506
1649170 1509
1649180 1509
1649190 1514
1649200 1519
1649210 1519
1649220 1524
1649230 1529
1649240 1534
1649250 1534
1649260 1539
1649270 1545
1649280 1545
1649290 1550
1649300 1556
1649310 1556
1649320 1560
1649330 1564
1649340 1564
1649350 1569
1649360 1573
1649370 1573
1649380 1578
1649390 1583
1649400 1583
1649410 1591
1649420 1596
1649430 1596
1649440 1601
1649450 1606
1649460 1611
1649470 1611
1649480 1616
1649490 1622
1649500 1622
1649510 1628
1649520 1633
1649530 1633
1649540 1638
1649550 1643
1649560 1643
1649570 1648
1649580 1652
1649590 1652
1649600 1657
1649610 1662
1649620 1662
1649630 1667
1649640 1673
1649650 1678
1649660 1678
1649670 1682
1649680 1685
1649690 1685
1649700 1689
1649710 1693
1649720 1693
1649730 1696
1649740 1700
1649750 1700
1649760 1703
1649770 1707
1649780 1707
1649790 1710
1649800 1713
1649810 1713
1649820 1717
1649830 1720
1649840 1720
1649850 1723
1649860 1725
1649870 1728
1649880 1728
1649890 1731
1649900 1733
1649910 1733
1649920 1735
1649930 1738
1649940 1738
1649950 1740
1649960 1743
1649970 1743
1649980 1745
1649990 1747
1650000 1747
1650010 1749
1650020 1751
1650030 1751
1650040 1754
1650050 1756
1650060 1756
1650070 1759
1650080 1762
1650090 1765
1650100 1765
1650110 1768
1650120 1771
1650130 1771
1650140 1773
1650150 1776
1650160 1776
1650170 1779
1650180 1778
1650190 1778
1650200 1781
1650210 1784
1650220 1784
1650230 1788
1650240 1792
1650250 1792
1650260 1795
1650270 1799
1650280 1799
1650290 1803
1650300 1807
1650310 1810
1650320 1810
1650330 1814
1650340 1817
1650350 1817
1650360 1819
1650370 1822
1650380 1822
1650390 1824
1650400 1826
1650410 1826
1650420 1828
1650430 1829
1650440 1829
1650450 1831
1650460 1832
1650470 1832
1650480 1833
1650490 1834
1650500 1834
1650510 1834
1650520 1835
1650530 1835
1650540 1835
1650550 1835
1650560 1835
1650570 1835
1650580 1836
1650590 1836
1650600 1836
1650610 1837
1650620 1837
1650630 1837
1650640 1838
1650650 1838
1650660 1838
1650670 1837
1650680 1835
1650690 1835
1650700 1833
1650710 1831
1650720 1829
1650730 1829
1650740 1828
1650750 1827
1650760 1827
1650770 1826
1650780 1825
1650790 1825
1650800 1823
1650810 1822
1650820 1822
1650830 1820
1650840 1818
1650850 1818
1650860 1816
1650870 1814
1650880 1814
1650890 1812
1650900 1811
1650910 1811
1650920 1809
1650930 1808
1650940 1809
1650950 1809
1650960 1808
1650970 1807
1650980 1807
1650990 1806
1651000 1806
1651010 1806
1651020 1805
1651030 1805
1651040 1805
1651050 1805
1651060 1805
1651070 1805
1651080 1806
1651090 1806
1651100 1806
1651110 1807
1651120 1808
1651130 1808
1651140 1808
1651150 1809
1651160 1810
1651170 1810
1651180 1811
1651190 1812
1651200 1812
1651210 1814
1651220 1815
1651230 1815
1651240 1817
1651250 1818
1651260 1818
1651270 1820
1651280 1822
1651290 1822
1651300 1824
1651310 1826
1651320 1826
1651330 1829
1651340 1831
1651350 1834
1651360 1834
1651370 1836
1651380 1839
1651390 1839
1651400 1842
1651410 1844
1651420 1844
1651430 1846
1651440 1849
1651450 1849
1651460 1851
1651470 1854
1651480 1854
1651490 1856
1651500 1859
1651510 1859
1651520 1861
1651530 1864
1651540 1864
1651550 1866
1651560 1869
1651570 1872
1651580 1872
1651590 1874
1651600 1876
1651610 1876
1651620 1877
1651630 1879
1651640 1879
1651650 1879
1651660 1878
1651670 1878
1651680 1877
1651690 1876
1651700 1876
1651710 1877
1651720 1877
1651730 1877
1651740 1876
1651750 1875
1651760 1874
1651770 1874
1651780 1873
1651790 1873
1651800 1873
1651810 1872
1651820 1871
1651830 1871
1651840 1870
1651850 1869
1651860 1869
1651870 1867
1651880 1865
1651890 1865
1651900 1863
1651910 1861
1651920 1861
1651930 1859
1651940 1856
1651950 1856
1651960 1854
1651970 1851
1651980 1849
1651990 1849
1652000 1846
1652010 1844
1652020 1844
1652030 1842
1652040 1840
1652050 1840
1652060 1838
1652070 1836
1652080 1836
1652090 1834
1652100 1832
1652110 1832
1652120 1831
1652130 1829
1652140 1829
1652150 1828
1652160 1827
1652170 1827
1652180 1826
1652190 1824
1652200 1823
1652210 1823
1652220 1822
1652230 1821
1652240 1821
1652250 1820
1652260 1819
1652270 1819
1652280 1818
1652290 1817
1652300 1817
1652310 1817
1652320 1816
1652330 1816
1652340 1816
1652350 1816
1652360 1816
1652370 1815
1652380 1815
1652390 1815
1652400 1815
1652410 1814
1652420 1814
1652430 1814
1652440 1814
1652450 1814
1652460 1815
1652470 1815
1652480 1815
1652490 1815
1652500 1815
1652510 1816
1652520 1816
1652530 1816
1652540 1817
1652550 1817
1652560 1817
1652570 1817
1652580 1817
1652590 1817
1652600 1817
1652610 1818
1652620 1818
1652630 1818
1652640 1818
1652650 1818
1652660 1818
1652670 1818
1652680 1818
1652690 1819
1652700 1819
1652710 1819
1652720 1819
1652730 1819
1652740 1819
1652750 1819
1652760 1820
1652770 1820
1652780 1820
1652790 1819
1652800 1819
1652810 1818
1652820 1817
1652830 1816
1652840 1816
1652850 1814
1652860 1813
1652870 1813
1652880 1812
1652890 1811
1652900 1811
1652910 1810
1652920 1808
1652930 1808
1652940 1807
1652950 1805
1652960 1805
1652970 1804
1652980 1802
1652990 1802
1653000 1801
1653010 1799
1653020 1799
1653030 1798
1653040 1797
1653050 1795
1653060 1795
1653070 1795
1653080 1794
1653090 1794
1653100 1792
1653110 1791
1653120 1791
1653130 1790
1653140 1789
1653150 1789
1653160 1788
1653170 1786
1653180 1786
1653190 1785
1653200 1783
1653210 1781
1653220 1779
1653230 1777
1653240 1776
1653250 1776
1653260 1774
1653270 1772
1653280 1772
1653290 1770
1653300 1768
1653310 1768
1653320 1766
1653330 1764
1653340 1764
1653350 1761
1653360 1759
1653370 1759
1653380 1758
1653390 1756
1653400 1756
1653410 1754
1653420 1752
1653430 1752
1653440 1750
1653450 1748
1653460 1745
1653470 1745
1653480 1743
1653490 1741
1653500 1741
1653510 1738
1653520 1736
1653530 1736
1653540 1733
1653550 1731
1653560 1731
1653570 1728
1653580 1726
1653590 1726
1653600 1723
1653610 1721
1653620 1721
1653630 1719
1653640 1716
1653650 1716
1653660 1714
1653670 1711
1653680 1708
1653690 1708
1653700 1706
1653710 1703
1653720 1703
1653730 1701
1653740 1698
1653750 1698
1653760 1695
1653770 1694
1653780 1694
1653790 1691
1653800 1688
1653810 1688
1653820 1685
1653830 1683
1653840 1683
1653850 1680
1653860 1677
1653870 1673
1653880 1673
1653890 1669
1653900 1665
1653910 1665
1653920 1660
1653930 1654
1653940 1654
1653950 1648
1653960 1643
1653970 1643
1653980 1639
1653990 1634
1654000 1634
1654010 1627
1654020 1621
1654030 1621
1654040 1616
1654050 1610
1654060 1610
1654070 1608
1654080 1610
1654090 1611
1654100 1611
1654110 1612
1654120 1613
1654130 1613
1654140 1614
1654150 1615
1654160 1615
1654170 1616
1654180 1616
1654190 1616
1654200 1617
1654210 1617
1654220 1617
1654230 1619
1654240 1621
1654250 1621
1654260 1622
1654270 1623
1654280 1623
1654290 1623
1654300 1621
1654310 1620
1654320 1620
1654330 1618
1654340 1615
1654350 1615
1654360 1613
1654370 1611
1654380 1611
1654390 1610
1654400 1608
1654410 1608
1654420 1604
1654430 1602
1654440 1602
1654450 1598
1654460 1594
1654470 1594
1654480 1596
1654490 1601
1654500 1605
1654510 1605
1654520 1607
1654530 1608
1654540 1608
1654550 1609
1654560 1609
1654570 1609
1654580 1610
1654590 1610
1654600 1610
1654610 1611
1654620 1611
1654630 1611
1654640 1611
1654650 1609
1654660 1609
1654670 1607
1654680 1605
1654690 1605
1654700 1603
1654710 1599
1654720 1597
1654730 1597
1654740 1594
1654750 1591
1654760 1591
1654770 1586
1654780 1582
1654790 1582
1654800 1579
1654810 1574
1654820 1574
1654830 1568
1654840 1564
1654850 1564
1654860 1560
1654870 1556
1654880 1556
1654890 1551
1654900 1545
1654910 1545
1654920 1539
1654930 1534
1654940 1528
1654950 1528
1654960 1522
1654970 1519
1654980 1519
1654990 1519
1655000 1517
1655010 1517
1655020 1512
1655030 1507
1655040 1507
1655050 1506
1655060 1503
1655070 1503
1655080 1499
1655090 1494
1655100 1494
1655110 1490
1655120 1486
1655130 1486
1655140 1482
1655150 1475
1655160 1470
1655170 1470
1655180 1469
1655190 1471
1655200 1471
1655210 1473
1655220 1476
1655230 1476
1655240 1479
1655250 1482
1655260 1482
1655270 1482
1655280 1482
1655290 1482
1655300 1483
1655310 1485
1655320 1485
1655330 1485
1655340 1483
1655350 1481
1655360 1481
1655370 1479
1655380 1476
1655390 1476
1655400 1474
1655410 1476
1655420 1476
1655430 1480
1655440 1484
1655450 1482
1655460 1488
1655470 1498
1655480 1498
1655490 1507
1655500 1513
1655510 1513
1655520 1519
1655530 1525
1655540 1525
1655550 1530
1655560 1534
1655570 1537
1655580 1537
1655590 1539
1655600 1540
1655610 1540
1655620 1541
1655630 1542
1655640 1542
1655650 1543
1655660 1544
1655670 1544
1655680 1545
1655690 1546
1655700 1546
1655710 1547
1655720 1548
1655730 1548
1655740 1549
1655750 1551
1655760 1551
1655770 1552
1655780 1552
1655790 1553
1655800 1553
1655810 1552
1655820 1552
1655830 1552
1655840 1552
1655850 1550
1655860 1550
1655870 1549
1655880 1549
1655890 1549
1655900 1550
1655910 1550
1655920 1550
1655930 1550
1655940 1550
1655950 1550
1655960 1549
1655970 1548
1655980 1548
1655990 1548
1656000 1547
1656010 1546
1656020 1546
1656030 1545
1656040 1543
1656050 1543
1656060 1543
1656070 1544
1656080 1544
1656090 1546
1656100 1546
1656110 1546
1656120 1548
1656130 1550
1656140 1550
1656150 1551
1656160 1553
1656170 1553
1656180 1555
1656190 1555
1656200 1557
1656210 1557
1656220 1558
1656230 1560
1656240 1560
1656250 1563
1656260 1566
1656270 1566
1656280 1569
1656290 1570
1656300 1570
1656310 1572
1656320 1574
1656330 1574
1656340 1576
1656350 1579
1656360 1579
1656370 1583
1656380 1586
1656390 1586
1656400 1590
1656410 1593
1656420 1595
1656430 1595
1656440 1598
1656450 1602
1656460 1602
1656470 1605
1656480 1608
1656490 1608
1656500 1611
1656510 1613
1656520 1613
1656530 1616
1656540 1618
1656550 1618
1656560 1620
1656570 1622
1656580 1622
1656590 1625
1656600 1626
1656610 1629
1656620 1629
1656630 1631
1656640 1632
1656650 1632
1656660 1634
1656670 1636
1656680 1636
1656690 1637
1656700 1637
1656710 1637
1656720 1636
1656730 1636
1656740 1636
1656750 1635
1656760 1632
1656770 1632
1656780 1630
1656790 1628
1656800 1628
1656810 1624
1656820 1620
1656830 1616
1656840 1616
1656850 1612
1656860 1608
1656870 1608
1656880 1603
1656890 1597
1656900 1597
1656910 1591
1656920 1586
1656930 1581
1656940 1578
1656950 1576
1656960 1576
1656970 1573
1656980 1572
1656990 1572
1657000 1572
1657010 1571
1657020 1571
1657030 1571
1657040 1570
1657050 1569
1657060 1569
1657070 1567
1657080 1567
1657090 1567
1657100 1565
1657110 1563
1657120 1563
1657130 1561
1657140 1558
1657150 1558
1657160 1556
1657170 1553
1657180 1553
1657190 1551
1657200 1550
1657210 1550
1657220 1548
1657230 1546
1657240 1544
1657250 1544
1657260 1542
1657270 1540
1657280 1540
1657290 1539
1657300 1538
1657310 1538
1657320 1536
1657330 1535
1657340 1535
1657350 1535
1657360 1533
1657370 1533
1657380 1532
1657390 1530
1657400 1530
1657410 1527
1657420 1524
1657430 1524
1657440 1523
1657450 1523
1657460 1523
1657470 1523
1657480 1523
1657490 1522
1657500 1522
1657510 1521
1657520 1522
1657530 1522
1657540 1522
1657550 1522
1657560 1522
1657570 1522
1657580 1521
1657590 1521
1657600 1520
1657610 1520
1657620 1520
1657630 1520
1657640 1519
1657650 1519
1657660 1513
1657670 1513
1657680 1514
1657690 1514
1657700 1513
1657710 1512
1657720 1512
1657730 1511
1657740 1511
1657750 1511
1657760 1511
1657770 1511
1657780 1511
1657790 1511
1657800 1510
1657810 1510
1657820 1510
1657830 1509
1657840 1509
1657850 1510
1657860 1511
1657870 1511
1657880 1512
1657890 1513
1657900 1513
1657910 1513
1657920 1514
1657930 1515
1657940 1515
1657950 1515
1657960 1515
1657970 1515
1657980 1515
1657990 1515
1658000 1515
1658010 1515
1658020 1515
1658030 1515
1658040 1514
1658050 1514
1658060 1514
1658070 1514
1658080 1514
1658090 1513
1658100 1513
1658110 1513
1658120 1512
1658130 1512
1658140 1511
1658150 1510
1658160 1510
1658170 1510
1658180 1509
1658190 1509
1658200 1508
1658210 1507
1658220 1507
1658230 1506
1658240 1505
1658250 1505
1658260 1504
1658270 1503
1658280 1503
1658290 1503
1658300 1502
1658310 1501
1658320 1501
1658330 1501
1658340 1501
1658350 1501
1658360 1500
1658370 1500
1658380 1500
1658390 1497
1658400 1497
1658410 1497
1658420 1498
1658430 1498
1658440 1498
1658450 1498
1658460 1498
1658470 1498
1658480 1498
1658490 1498
1658500 1498
1658510 1498
1658520 1499
1658530 1500
1658540 1500
1658550 1499
1658560 1499
1658570 1499
1658580 1498
1658590 1498
1658600 1498
1658610 1499
1658620 1501
1658630 1501
1658640 1501
1658650 1501
1658660 1501
1658670 1501
1658680 1501
1658690 1501
1658700 1501
1658710 1501
1658720 1500
1658730 1500
1658740 1500
1658750 1500
1658760 1500
1658770 1499
1658780 1499
1658790 1499
1658800 1498
1658810 1498
1658820 1498
1658830 1497
1658840 1496
1658850 1496
1658860 1495
1658870 1494
1658880 1494
1658890 1493
1658900 1493
1658910 1493
1658920 1492
1658930 1491
1658940 1491
1658950 1491
1658960 1489
1658970 1488
1658980 1488
1658990 1486
1659000 1484
1659010 1484
1659020 1482
1659030 1480
1659040 1480
1659050 1478
1659060 1475
1659070 1475
1659080 1472
1659090 1469
1659100 1469
1659110 1466
1659120 1460
1659130 1460
1659140 1456
1659150 1454
1659160 1451
1659170 1451
1659180 1448
1659190 1446
1659200 1446
1659210 1443
1659220 1440
1659230 1440
1659240 1437
1659250 1435
1659260 1435
1659270 1433
1659280 1430
1659290 1430
1659300 1428
1659310 1425
1659320 1425
1659330 1423
1659340 1420
1659350 1420
1659360 1418
1659370 1416
1659380 1413
1659390 1413
1659400 1410
1659410 1407
1659420 1407
1659430 1405
1659440 1401
1659450 1401
1659460 1398
1659470 1395
1659480 1395
1659490 1392
1659500 1389
1659510 1389
1659520 1385
1659530 1381
1659540 1381
1659550 1377
1659560 1374
1659570 1370
1659580 1370
1659590 1366
1659600 1362
1659610 1362
1659620 1358
1659630 1356
1659640 1356
1659650 1352
1659660 1350
1659670 1350
1659680 1348
1659690 1346
1659700 1346
1659710 1343
1659720 1340
1659730 1340
1659740 1336
1659750 1333
1659760 1333
1659770 1331
1659780 1329
1659790 1327
1659800 1327
1659810 1326
1659820 1322
1659830 1322
1659840 1317
1659850 1313
1659860 1313
1659870 1310
1659880 1307
1659890 1307
1659900 1306
1659910 1304
1659920 1304
1659930 1299
1659940 1296
1659950 1296
1659960 1292
1659970 1289
1659980 1289
1659990 1288
