1640000 1081
1640010 1081
1640020 1079
1640030 1077
1640040 1077
1640050 1076
1640060 1074
1640070 1074
1640080 1072
1640090 1070
1640100 1070
1640110 1068
1640120 1067
1640130 1067
1640140 1066
1640150 1064
1640160 1062
1640170 1062
1640180 1065
1640190 1065
1640200 1065
1640210 1065
1640220 1063
1640230 1063
1640240 1062
1640250 1063
1640260 1063
1640270 1065
1640280 1066
1640290 1066
1640300 1066
1640310 1067
1640320 1067
1640330 1068
1640340 1067
1640350 1067
1640360 1064
1640370 1062
1640380 1060
1640390 1060
1640400 1059
1640410 1060
1640420 1060
1640430 1060
1640440 1057
1640450 1057
1640460 1056
1640470 1055
1640480 1055
1640490 1054
1640500 1053
1640510 1053
1640520 1053
1640530 1053
1640540 1053
1640550 1053
1640560 1053
1640570 1053
1640580 1053
1640590 1052
1640600 1052
1640610 1052
1640620 1050
1640630 1049
1640640 1049
1640650 1047
1640660 1045
1640670 1045
1640680 1042
1640690 1039
1640700 1039
1640710 1037
1640720 1034
1640730 1034
1640740 1032
1640750 1030
1640760 1030
1640770 1028
1640780 1025
1640790 1022
1640800 1022
1640810 1024
1640820 1027
1640830 1027
1640840 1030
1640850 1035
1640860 1035
1640870 1039
1640880 1043
1640890 1043
1640900 1046
1640910 1050
1640920 1050
1640930 1054
1640940 1057
1640950 1057
1640960 1061
1640970 1065
1640980 1065
1640990 1068
1641000 1070
1641010 1071
1641020 1071
1641030 1070
1641040 1069
1641050 1069
1641060 1067
1641070 1066
1641080 1066
1641090 1064
1641100 1063
1641110 1063
1641120 1065
1641130 1066
1641140 1066
1641150 1068
1641160 1070
1641170 1070
1641180 1073
1641190 1076
1641200 1076
1641210 1080
1641220 1083
1641230 1086
1641240 1086
1641250 1087
1641260 1089
1641270 1089
1641280 1092
1641290 1094
1641300 1094
1641310 1099
1641320 1107
1641330 1107
1641340 1113
1641350 1119
1641360 1119
1641370 1124
1641380 1130
1641390 1130
1641400 1135
1641410 1141
1641420 1141
1641430 1147
1641440 1153
1641450 1159
1641460 1159
1641470 1164
1641480 1170
1641490 1170
1641500 1176
1641510 1182
1641520 1182
1641530 1188
1641540 1193
1641550 1193
1641560 1199
1641570 1205
1641580 1205
1641590 1212
1641600 1219
1641610 1219
1641620 1224
1641630 1225
1641640 1225
1641650 1223
1641660 1219
1641670 1215
1641680 1215
1641690 1212
1641700 1208
1641710 1208
1641720 1205
1641730 1201
1641740 1201
1641750 1199
1641760 1196
1641770 1196
1641780 1194
1641790 1191
1641800 1191
1641810 1188
1641820 1184
1641830 1184
1641840 1181
1641850 1177
1641860 1177
1641870 1174
1641880 1171
1641890 1168
1641900 1168
1641910 1166
1641920 1164
1641930 1164
1641940 1162
1641950 1160
1641960 1160
1641970 1158
1641980 1156
1641990 1156
1642000 1155
1642010 1153
1642020 1153
1642030 1151
1642040 1149
1642050 1153
1642060 1152
1642070 1150
1642080 1150
1642090 1149
1642100 1147
1642110 1144
1642120 1144
1642130 1140
1642140 1135
1642150 1135
1642160 1133
1642170 1134
1642180 1134
1642190 1135
1642200 1135
1642210 1135
1642220 1136
1642230 1137
1642240 1137
1642250 1138
1642260 1139
1642270 1139
1642280 1141
1642290 1143
1642300 1143
1642310 1147
1642320 1149
1642330 1151
1642340 1151
1642350 1151
1642360 1149
1642370 1149
1642380 1146
1642390 1145
1642400 1145
1642410 1146
1642420 1147
1642430 1147
1642440 1148
1642450 1149
1642460 1149
1642470 1150
1642480 1150
1642490 1150
1642500 1151
1642510 1152
1642520 1152
1642530 1153
1642540 1154
1642550 1154
1642560 1154
1642570 1156
1642580 1158
1642590 1158
1642600 1162
1642610 1168
1642620 1168
1642630 1171
1642640 1173
1642650 1173
1642660 1175
1642670 1178
1642680 1178
1642690 1181
1642700 1185
1642710 1185
1642720 1189
1642730 1192
1642740 1192
1642750 1197
1642760 1201
1642770 1205
1642780 1205
1642790 1209
1642800 1212
1642810 1212
1642820 1216
1642830 1219
1642840 1219
1642850 1223
1642860 1228
1642870 1228
1642880 1231
1642890 1235
1642900 1235
1642910 1239
1642920 1243
1642930 1243
1642940 1247
1642950 1251
1642960 1253
1642970 1253
1642980 1256
1642990 1257
1643000 1257
1643010 1259
1643020 1259
1643030 1259
1643040 1260
1643050 1261
1643060 1261
1643070 1262
1643080 1263
1643090 1263
1643100 1264
1643110 1265
1643120 1265
1643130 1266
1643140 1267
1643150 1267
1643160 1267
1643170 1268
1643180 1269
1643190 1269
1643200 1270
1643210 1270
1643220 1270
1643230 1269
1643240 1268
1643250 1268
1643260 1266
1643270 1265
1643280 1265
1643290 1265
1643300 1265
1643310 1265
1643320 1266
1643330 1270
1643340 1270
1643350 1274
1643360 1276
1643370 1276
1643380 1278
1643390 1280
1643400 1280
1643410 1280
1643420 1280
1643430 1281
1643440 1281
1643450 1281
1643460 1280
1643470 1280
1643480 1280
1643490 1280
1643500 1280
1643510 1278
1643520 1274
1643530 1274
1643540 1274
1643550 1275
1643560 1275
1643570 1277
1643580 1280
1643590 1280
1643600 1283
1643610 1287
1643620 1292
1643630 1292
1643640 1294
1643650 1296
1643660 1302
1643670 1304
1643680 1305
1643690 1305
1643700 1307
1643710 1308
1643720 1308
1643730 1309
1643740 1310
1643750 1310
1643760 1311
1643770 1311
1643780 1311
1643790 1312
1643800 1318
1643810 1318
1643820 1325
1643830 1329
1643840 1335
1643850 1335
1643860 1340
1643870 1345
1643880 1345
1643890 1350
1643900 1355
1643910 1355
1643920 1360
1643930 1363
1643940 1363
1643950 1364
1643960 1365
1643970 1365
1643980 1365
1643990 1366
1644000 1366
1644010 1366
1644020 1366
1644030 1366
1644040 1366
1644050 1366
1644060 1366
1644070 1366
1644080 1365
1644090 1364
1644100 1364
1644110 1363
1644120 1363
1644130 1363
1644140 1361
1644150 1359
1644160 1359
1644170 1357
1644180 1356
1644190 1356
1644200 1355
1644210 1355
1644220 1355
1644230 1358
1644240 1364
1644250 1364
1644260 1370
1644270 1375
1644280 1381
1644290 1381
1644300 1388
1644310 1395
1644320 1395
1644330 1402
1644340 1410
1644350 1410
1644360 1418
1644370 1425
1644380 1425
1644390 1432
1644400 1437
1644410 1437
1644420 1442
1644430 1448
1644440 1448
1644450 1453
1644460 1458
1644470 1458
1644480 1463
1644490 1468
1644500 1471
1644510 1471
1644520 1476
1644530 1480
1644540 1480
1644550 1484
1644560 1488
1644570 1488
1644580 1492
1644590 1496
1644600 1496
1644610 1501
1644620 1505
1644630 1505
1644640 1509
1644650 1513
1644660 1513
1644670 1517
1644680 1521
1644690 1521
1644700 1524
1644710 1528
1644720 1532
1644730 1532
1644740 1536
1644750 1541
1644760 1541
1644770 1545
1644780 1550
1644790 1550
1644800 1554
1644810 1559
1644820 1559
1644830 1563
1644840 1567
1644850 1567
1644860 1572
1644870 1576
1644880 1576
1644890 1579
1644900 1582
1644910 1582
1644920 1585
1644930 1589
1644940 1592
1644950 1592
1644960 1595
1644970 1599
1644980 1599
1644990 1602
1645000 1606
1645010 1606
1645020 1609
1645030 1612
1645040 1612
1645050 1615
1645060 1618
1645070 1618
1645080 1621
1645090 1622
1645100 1622
1645110 1623
1645120 1622
1645130 1622
1645140 1621
1645150 1619
1645160 1615
1645170 1615
1645180 1612
1645190 1608
1645200 1608
1645210 1602
1645220 1597
1645230 1597
1645240 1595
1645250 1589
1645260 1589
1645270 1583
1645280 1576
1645290 1576
1645300 1570
1645310 1563
1645320 1563
1645330 1556
1645340 1550
1645350 1544
1645360 1544
1645370 1535
1645380 1527
1645390 1527
1645400 1520
1645410 1513
1645420 1513
1645430 1506
1645440 1501
1645450 1501
1645460 1495
1645470 1490
1645480 1490
1645490 1485
1645500 1479
1645510 1479
1645520 1474
1645530 1470
1645540 1470
1645550 1465
1645560 1462
1645570 1461
1645580 1461
1645590 1460
1645600 1457
1645610 1457
1645620 1455
1645630 1456
1645640 1456
1645650 1462
1645660 1468
1645670 1468
1645680 1472
1645690 1476
1645700 1476
1645710 1479
1645720 1482
1645730 1482
1645740 1484
1645750 1487
1645760 1487
1645770 1489
1645780 1492
1645790 1495
1645800 1495
1645810 1497
1645820 1500
1645830 1500
1645840 1502
1645850 1505
1645860 1505
1645870 1508
1645880 1509
1645890 1509
1645900 1510
1645910 1512
1645920 1512
1645930 1514
1645940 1516
1645950 1516
1645960 1517
1645970 1519
1645980 1519
1645990 1521
1646000 1523
1646010 1524
1646020 1524
1646030 1519
1646040 1519
1646050 1519
1646060 1519
1646070 1520
1646080 1520
1646090 1522
1646100 1523
1646110 1523
1646120 1524
1646130 1525
1646140 1525
1646150 1526
1646160 1527
1646170 1527
1646180 1528
1646190 1529
1646200 1529
1646210 1531
1646220 1532
1646230 1535
1646240 1535
1646250 1537
1646260 1540
1646270 1540
1646280 1542
1646290 1544
1646300 1544
1646310 1549
1646320 1553
1646330 1553
1646340 1556
1646350 1560
1646360 1560
1646370 1563
1646380 1565
1646390 1565
1646400 1567
1646410 1569
1646420 1569
1646430 1570
1646440 1571
1646450 1573
1646460 1573
1646470 1575
1646480 1579
1646490 1579
1646500 1584
1646510 1589
1646520 1589
1646530 1594
1646540 1599
1646550 1599
1646560 1604
1646570 1611
1646580 1611
1646590 1614
1646600 1616
1646610 1616
1646620 1621
1646630 1625
1646640 1625
1646650 1628
1646660 1632
1646670 1637
1646680 1637
1646690 1642
1646700 1646
1646710 1646
1646720 1650
1646730 1654
1646740 1654
1646750 1657
1646760 1660
1646770 1660
1646780 1663
1646790 1665
1646800 1665
1646810 1662
1646820 1664
1646830 1664
1646840 1667
1646850 1670
1646860 1670
1646870 1673
1646880 1675
1646890 1677
1646900 1677
1646910 1679
1646920 1682
1646930 1682
1646940 1684
1646950 1686
1646960 1686
1646970 1687
1646980 1689
1646990 1689
1647000 1692
1647010 1694
1647020 1694
1647030 1698
1647040 1700
1647050 1700
1647060 1701
1647070 1704
1647080 1704
1647090 1707
1647100 1709
1647110 1711
1647120 1711
1647130 1713
1647140 1715
1647150 1715
1647160 1715
1647170 1714
1647180 1714
1647190 1714
1647200 1713
1647210 1713
1647220 1712
1647230 1715
1647240 1715
1647250 1722
1647260 1730
1647270 1730
1647280 1737
1647290 1744
1647300 1744
1647310 1751
1647320 1758
1647330 1764
1647340 1764
1647350 1770
1647360 1778
1647370 1778
1647380 1785
1647390 1792
1647400 1792
1647410 1799
1647420 1806
1647430 1806
1647440 1813
1647450 1821
1647460 1821
1647470 1827
1647480 1834
1647490 1834
1647500 1840
1647510 1847
1647520 1847
1647530 1853
1647540 1860
1647550 1867
1647560 1867
1647570 1874
1647580 1881
1647590 1881
1647600 1888
1647610 1894
1647620 1894
1647630 1900
1647640 1906
1647650 1906
1647660 1913
1647670 1919
1647680 1919
1647690 1925
1647700 1931
1647710 1931
1647720 1936
1647730 1941
1647740 1946
1647750 1946
1647760 1951
1647770 1956
1647780 1956
1647790 1961
1647800 1966
1647810 1966
1647820 1971
1647830 1976
1647840 1976
1647850 1982
1647860 1988
1647870 1988
1647880 1994
1647890 1999
1647900 1999
1647910 2005
1647920 2011
1647930 2011
1647940 2017
1647950 2023
1647960 2028
1647970 2028
1647980 2034
1647990 2039
1648000 2039
1648010 2044
1648020 2049
1648030 2049
1648040 2054
1648050 2059
1648060 2059
1648070 2065
1648080 2070
1648090 2070
1648100 2075
1648110 2080
1648120 2080
1648130 2085
1648140 2090
1648150 2090
1648160 2094
1648170 2099
1648180 2104
1648190 2104
1648200 2108
1648210 2112
1648220 2112
1648230 2115
1648240 2119
1648250 2119
1648260 2123
1648270 2127
1648280 2127
1648290 2131
1648300 2135
1648310 2135
1648320 2139
1648330 2142
1648340 2142
1648350 2146
1648360 2150
1648370 2151
1648380 2154
1648390 2158
1648400 2162
1648410 2162
1648420 2165
1648430 2169
1648440 2169
1648450 2172
1648460 2174
1648470 2174
1648480 2175
1648490 2175
1648500 2175
1648510 2174
1648520 2169
1648530 2169
1648540 2163
1648550 2157
1648560 2157
1648570 2151
1648580 2145
1648590 2145
1648600 2139
1648610 2133
1648620 2128
1648630 2128
1648640 2123
1648650 2119
1648660 2119
1648670 2114
1648680 2108
1648690 2108
1648700 2102
1648710 2097
1648720 2097
1648730 2093
1648740 2088
1648750 2088
1648760 2083
1648770 2078
1648780 2078
1648790 2072
1648800 2067
1648810 2067
1648820 2062
1648830 2057
1648840 2051
1648850 2051
1648860 2046
1648870 2040
1648880 2040
1648890 2034
1648900 2028
1648910 2028
1648920 2022
1648930 2017
1648940 2017
1648950 2011
1648960 2006
1648970 2006
1648980 1999
1648990 1993
1649000 1993
1649010 1986
1649020 1980
1649030 1980
1649040 1975
1649050 1971
1649060 1965
1649070 1965
1649080 1960
1649090 1955
1649100 1955
1649110 1950
1649120 1945
1649130 1945
1649140 1938
1649150 1933
1649160 1933
1649170 1928
1649180 1922
1649190 1922
1649200 1917
1649210 1912
1649220 1912
1649230 1906
1649240 1902
1649250 1902
1649260 1897
1649270 1892
1649280 1887
1649290 1887
1649300 1881
1649310 1876
1649320 1876
1649330 1872
1649340 1868
1649350 1868
1649360 1865
1649370 1860
1649380 1860
1649390 1855
1649400 1851
1649410 1851
1649420 1847
1649430 1843
1649440 1843
1649450 1839
1649460 1835
1649470 1835
1649480 1832
1649490 1827
1649500 1822
1649510 1822
1649520 1818
1649530 1813
1649540 1813
1649550 1809
1649560 1805
1649570 1805
1649580 1798
1649590 1790
1649600 1790
1649610 1781
1649620 1772
1649630 1772
1649640 1764
1649650 1756
1649660 1756
1649670 1750
1649680 1745
1649690 1745
1649700 1740
1649710 1735
1649720 1731
1649730 1731
1649740 1725
1649750 1720
1649760 1720
1649770 1715
1649780 1711
1649790 1711
1649800 1708
1649810 1705
1649820 1705
1649830 1702
1649840 1699
1649850 1699
1649860 1695
1649870 1691
1649880 1691
1649890 1686
1649900 1682
1649910 1681
1649920 1677
1649930 1671
1649940 1665
1649950 1665
1649960 1659
1649970 1653
1649980 1653
1649990 1648
1650000 1643
1650010 1643
1650020 1638
1650030 1635
1650040 1635
1650050 1633
1650060 1632
1650070 1632
1650080 1630
1650090 1628
1650100 1628
1650110 1628
1650120 1626
1650130 1623
1650140 1623
1650150 1624
1650160 1624
1650170 1624
1650180 1623
1650190 1623
1650200 1623
1650210 1622
1650220 1622
1650230 1622
1650240 1622
1650250 1622
1650260 1622
1650270 1622
1650280 1622
1650290 1622
1650300 1622
1650310 1622
1650320 1622
1650330 1623
1650340 1625
1650350 1628
1650360 1628
1650370 1633
1650380 1637
1650390 1637
1650400 1641
1650410 1644
1650420 1644
1650430 1647
1650440 1650
1650450 1650
1650460 1652
1650470 1654
1650480 1654
1650490 1656
1650500 1657
1650510 1657
1650520 1658
1650530 1660
1650540 1660
1650550 1660
1650560 1661
1650570 1663
1650580 1663
1650590 1664
1650600 1665
1650610 1665
1650620 1665
1650630 1665
1650640 1665
1650650 1666
1650660 1666
1650670 1662
1650680 1663
1650690 1663
1650700 1663
1650710 1664
1650720 1665
1650730 1665
1650740 1666
1650750 1665
1650760 1665
1650770 1663
1650780 1660
1650790 1656
1650800 1656
1650810 1652
1650820 1648
1650830 1648
1650840 1644
1650850 1640
1650860 1640
1650870 1636
1650880 1631
1650890 1631
1650900 1626
1650910 1621
1650920 1621
1650930 1616
1650940 1610
1650950 1610
1650960 1604
1650970 1598
1650980 1598
1650990 1592
1651000 1586
1651010 1580
1651020 1580
1651030 1574
1651040 1567
1651050 1567
1651060 1561
1651070 1555
1651080 1555
1651090 1547
1651100 1541
1651110 1541
1651120 1534
1651130 1528
1651140 1528
1651150 1522
1651160 1516
1651170 1516
1651180 1510
1651190 1504
1651200 1504
1651210 1499
1651220 1493
1651230 1488
1651240 1488
1651250 1483
1651260 1478
1651270 1478
1651280 1472
1651290 1468
1651300 1468
1651310 1462
1651320 1458
1651330 1458
1651340 1453
1651350 1449
1651360 1449
1651370 1445
1651380 1443
1651390 1443
1651400 1443
1651410 1444
1651420 1444
1651430 1440
1651440 1436
1651450 1433
1651460 1433
1651470 1437
1651480 1441
1651490 1441
1651500 1443
1651510 1446
1651520 1446
1651530 1450
1651540 1456
1651550 1456
1651560 1461
1651570 1467
1651580 1467
1651590 1473
1651600 1477
1651610 1477
1651620 1483
1651630 1489
1651640 1489
1651650 1494
1651660 1500
1651670 1507
1651680 1507
1651690 1513
1651700 1519
1651710 1519
1651720 1524
1651730 1529
1651740 1529
1651750 1534
1651760 1539
1651770 1539
1651780 1545
1651790 1549
1651800 1549
1651810 1553
1651820 1556
1651830 1556
1651840 1559
1651850 1560
1651860 1560
1651870 1561
1651880 1562
1651890 1561
1651900 1561
1651910 1561
1651920 1559
1651930 1559
1651940 1557
1651950 1555
1651960 1555
1651970 1553
1651980 1550
1651990 1550
1652000 1547
1652010 1543
1652020 1543
1652030 1541
1652040 1539
1652050 1539
1652060 1536
1652070 1533
1652080 1533
1652090 1530
1652100 1527
1652110 1528
1652120 1528
1652130 1529
1652140 1528
1652150 1528
1652160 1528
1652170 1529
1652180 1529
1652190 1524
1652200 1524
1652210 1524
1652220 1526
1652230 1528
1652240 1528
1652250 1530
1652260 1531
1652270 1531
1652280 1532
1652290 1532
1652300 1532
1652310 1534
1652320 1534
1652330 1534
1652340 1534
1652350 1534
1652360 1532
1652370 1532
1652380 1531
1652390 1528
1652400 1528
1652410 1526
1652420 1524
1652430 1524
1652440 1522
1652450 1521
1652460 1521
1652470 1519
1652480 1518
1652490 1518
1652500 1516
1652510 1514
1652520 1514
1652530 1512
1652540 1509
1652550 1506
1652560 1506
1652570 1504
1652580 1502
1652590 1502
1652600 1500
1652610 1495
1652620 1495
1652630 1493
1652640 1494
1652650 1494
1652660 1498
1652670 1502
1652680 1502
1652690 1507
1652700 1515
1652710 1515
1652720 1522
1652730 1529
1652740 1537
1652750 1537
1652760 1545
1652770 1552
1652780 1552
1652790 1560
1652800 1568
1652810 1568
1652820 1574
1652830 1581
1652840 1581
1652850 1589
1652860 1597
1652870 1597
1652880 1604
1652890 1611
1652900 1611
1652910 1618
1652920 1625
1652930 1625
1652940 1631
1652950 1637
1652960 1642
1652970 1642
1652980 1647
1652990 1651
1653000 1651
1653010 1655
1653020 1658
1653030 1658
1653040 1662
1653050 1666
1653060 1666
1653070 1670
1653080 1674
1653090 1674
1653100 1678
1653110 1683
1653120 1683
1653130 1687
1653140 1690
1653150 1690
1653160 1692
1653170 1692
1653180 1689
1653190 1689
1653200 1686
1653210 1683
1653220 1683
1653230 1679
1653240 1675
1653250 1675
1653260 1671
1653270 1666
1653280 1666
1653290 1662
1653300 1659
1653310 1659
1653320 1654
1653330 1650
1653340 1650
1653350 1645
1653360 1639
1653370 1639
1653380 1633
1653390 1627
1653400 1619
1653410 1619
1653420 1612
1653430 1605
1653440 1605
1653450 1598
1653460 1591
1653470 1591
1653480 1584
1653490 1578
1653500 1578
1653510 1573
1653520 1566
1653530 1566
1653540 1560
1653550 1554
1653560 1554
1653570 1549
1653580 1542
1653590 1542
1653600 1536
1653610 1529
1653620 1524
1653630 1524
1653640 1518
1653650 1514
1653660 1514
1653670 1509
1653680 1505
1653690 1505
1653700 1496
1653710 1492
1653720 1492
1653730 1487
1653740 1483
1653750 1483
1653760 1477
1653770 1470
1653780 1470
1653790 1464
1653800 1463
1653810 1463
1653820 1464
1653830 1463
1653840 1461
1653850 1461
1653860 1461
1653870 1459
1653880 1459
1653890 1458
1653900 1458
1653910 1458
1653920 1456
1653930 1455
1653940 1455
1653950 1453
1653960 1451
1653970 1451
1653980 1450
1653990 1448
1654000 1448
1654010 1445
1654020 1443
1654030 1443
1654040 1441
1654050 1438
1654060 1435
1654070 1435
1654080 1432
1654090 1430
1654100 1430
1654110 1430
1654120 1432
1654130 1432
1654140 1436
1654150 1441
1654160 1441
1654170 1447
1654180 1453
1654190 1453
1654200 1456
1654210 1462
1654220 1462
1654230 1467
1654240 1471
1654250 1471
1654260 1476
1654270 1481
1654280 1485
1654290 1485
1654300 1488
1654310 1492
1654320 1492
1654330 1496
1654340 1500
1654350 1500
1654360 1503
1654370 1506
1654380 1506
1654390 1509
1654400 1512
1654410 1512
1654420 1514
1654430 1517
1654440 1517
1654450 1522
1654460 1524
1654470 1524
1654480 1527
1654490 1528
1654500 1529
1654510 1529
1654520 1530
1654530 1530
1654540 1530
1654550 1530
1654560 1530
1654570 1530
1654580 1530
1654590 1530
1654600 1530
1654610 1531
1654620 1532
1654630 1532
1654640 1534
1654650 1536
1654660 1536
1654670 1537
1654680 1539
1654690 1539
1654700 1540
1654710 1542
1654720 1544
1654730 1544
1654740 1545
1654750 1547
1654760 1547
1654770 1550
1654780 1553
1654790 1553
1654800 1556
1654810 1558
1654820 1558
1654830 1560
1654840 1562
1654850 1562
1654860 1563
1654870 1565
1654880 1565
1654890 1566
1654900 1567
1654910 1567
1654920 1568
1654930 1568
1654940 1568
1654950 1568
1654960 1568
1654970 1567
1654980 1567
1654990 1565
1655000 1563
1655010 1563
1655020 1560
1655030 1558
1655040 1558
1655050 1556
1655060 1553
1655070 1553
1655080 1550
1655090 1547
1655100 1547
1655110 1543
1655120 1539
1655130 1535
1655140 1535
1655150 1532
1655160 1529
1655170 1529
1655180 1526
1655190 1517
1655200 1517
1655210 1513
1655220 1509
1655230 1509
1655240 1506
1655250 1504
1655260 1504
1655270 1503
1655280 1502
1655290 1502
1655300 1502
1655310 1502
1655320 1502
1655330 1502
1655340 1501
1655350 1504
1655360 1504
1655370 1507
1655380 1510
1655390 1510
1655400 1514
1655410 1517
1655420 1517
1655430 1520
1655440 1524
1655450 1524
1655460 1529
1655470 1533
1655480 1533
1655490 1537
1655500 1542
1655510 1542
1655520 1547
1655530 1551
1655540 1551
1655550 1554
1655560 1557
1655570 1560
1655580 1560
1655590 1560
1655600 1561
1655610 1561
1655620 1561
1655630 1559
1655640 1559
1655650 1556
1655660 1553
1655670 1553
1655680 1550
1655690 1546
1655700 1546
1655710 1543
1655720 1539
1655730 1539
1655740 1534
1655750 1531
1655760 1531
1655770 1527
1655780 1524
1655790 1522
1655800 1522
1655810 1521
1655820 1520
1655830 1520
1655840 1517
1655850 1514
1655860 1514
1655870 1512
1655880 1509
1655890 1509
1655900 1507
1655910 1505
1655920 1505
1655930 1502
1655940 1501
1655950 1501
1655960 1500
1655970 1497
1655980 1497
1655990 1495
1656000 1493
1656010 1492
1656020 1492
1656030 1491
1656040 1488
1656050 1488
1656060 1485
1656070 1487
1656080 1487
1656090 1488
1656100 1488
1656110 1488
1656120 1488
1656130 1489
1656140 1489
1656150 1490
1656160 1491
1656170 1491
1656180 1493
1656190 1495
1656200 1495
1656210 1497
1656220 1499
1656230 1502
1656240 1502
1656250 1504
1656260 1506
1656270 1506
1656280 1508
1656290 1511
1656300 1511
1656310 1513
1656320 1516
1656330 1516
1656340 1518
1656350 1520
1656360 1520
1656370 1522
1656380 1524
1656390 1524
1656400 1525
1656410 1525
1656420 1525
1656430 1523
1656440 1521
1656450 1518
1656460 1518
1656470 1515
1656480 1511
1656490 1511
1656500 1507
1656510 1503
1656520 1503
1656530 1500
1656540 1495
1656550 1495
1656560 1490
1656570 1485
1656580 1485
1656590 1481
1656600 1476
1656610 1476
1656620 1471
1656630 1466
1656640 1466
1656650 1461
1656660 1456
1656670 1449
1656680 1449
1656690 1445
1656700 1441
1656710 1441
1656720 1438
1656730 1435
1656740 1435
1656750 1432
1656760 1430
1656770 1430
1656780 1427
1656790 1424
1656800 1424
1656810 1421
1656820 1418
1656830 1418
1656840 1414
1656850 1410
1656860 1410
1656870 1407
1656880 1403
1656890 1400
1656900 1400
1656910 1396
1656920 1392
1656930 1392
1656940 1388
1656950 1384
1656960 1384
1656970 1380
1656980 1376
1656990 1376
1657000 1371
1657010 1366
1657020 1366
1657030 1362
1657040 1356
1657050 1356
1657060 1350
1657070 1344
1657080 1344
1657090 1338
1657100 1333
1657110 1327
1657120 1327
1657130 1322
1657140 1316
1657150 1316
1657160 1309
1657170 1308
1657180 1308
1657190 1311
1657200 1315
1657210 1315
1657220 1319
1657230 1323
1657240 1323
1657250 1326
1657260 1329
1657270 1329
1657280 1333
1657290 1337
1657300 1337
1657310 1341
1657320 1344
1657330 1348
1657340 1348
1657350 1351
1657360 1357
1657370 1357
1657380 1366
1657390 1369
1657400 1369
1657410 1374
1657420 1370
1657430 1370
1657440 1366
1657450 1361
1657460 1361
1657470 1356
1657480 1351
1657490 1351
1657500 1346
1657510 1340
1657520 1340
1657530 1334
1657540 1328
1657550 1321
1657560 1321
1657570 1315
1657580 1307
1657590 1307
1657600 1302
1657610 1296
1657620 1296
1657630 1290
1657640 1286
1657650 1286
1657660 1281
1657670 1276
1657680 1276
1657690 1270
1657700 1265
1657710 1265
1657720 1266
1657730 1270
1657740 1277
1657750 1277
1657760 1284
1657770 1290
1657780 1290
1657790 1296
1657800 1301
1657810 1301
1657820 1307
1657830 1311
1657840 1311
1657850 1316
1657860 1322
1657870 1322
1657880 1328
1657890 1335
1657900 1335
1657910 1340
1657920 1345
1657930 1345
1657940 1349
1657950 1353
1657960 1358
1657970 1358
1657980 1362
1657990 1367
1658000 1367
1658010 1370
1658020 1372
1658030 1372
1658040 1373
1658050 1375
1658060 1375
1658070 1376
1658080 1377
1658090 1377
1658100 1378
1658110 1381
1658120 1381
1658130 1385
1658140 1395
1658150 1395
1658160 1401
1658170 1405
1658180 1409
1658190 1409
1658200 1418
1658210 1422
1658220 1422
1658230 1420
1658240 1418
1658250 1418
1658260 1418
1658270 1418
1658280 1418
1658290 1417
1658300 1415
1658310 1415
1658320 1414
1658330 1413
1658340 1413
1658350 1412
1658360 1411
1658370 1411
1658380 1410
1658390 1409
1658400 1409
1658410 1409
1658420 1409
1658430 1408
1658440 1408
1658450 1407
1658460 1406
1658470 1406
1658480 1404
1658490 1403
1658500 1403
1658510 1402
1658520 1401
1658530 1401
1658540 1400
1658550 1398
1658560 1398
1658570 1397
1658580 1395
1658590 1395
1658600 1393
1658610 1392
1658620 1390
1658630 1390
1658640 1388
1658650 1385
1658660 1385
1658670 1383
1658680 1382
1658690 1382
1658700 1380
1658710 1378
1658720 1378
1658730 1377
1658740 1377
1658750 1377
1658760 1382
1658770 1389
1658780 1389
1658790 1394
1658800 1400
1658810 1400
1658820 1405
1658830 1408
1658840 1411
1658850 1411
1658860 1415
1658870 1416
1658880 1416
1658890 1420
1658900 1424
1658910 1424
1658920 1428
1658930 1432
1658940 1432
1658950 1436
1658960 1439
1658970 1439
1658980 1443
1658990 1447
1659000 1447
1659010 1450
1659020 1453
1659030 1453
1659040 1456
1659050 1459
1659060 1462
1659070 1462
1659080 1465
1659090 1468
1659100 1468
1659110 1471
1659120 1474
1659130 1474
1659140 1476
1659150 1479
1659160 1479
1659170 1482
1659180 1484
1659190 1484
1659200 1486
1659210 1489
1659220 1489
1659230 1493
1659240 1496
1659250 1496
1659260 1499
1659270 1502
1659280 1504
1659290 1504
1659300 1506
1659310 1509
1659320 1509
1659330 1511
1659340 1513
1659350 1513
1659360 1516
1659370 1518
1659380 1518
1659390 1519
1659400 1522
1659410 1522
1659420 1525
1659430 1528
1659440 1528
1659450 1533
1659460 1535
1659470 1535
1659480 1539
1659490 1543
1659500 1547
1659510 1547
1659520 1551
1659530 1554
1659540 1554
1659550 1557
1659560 1561
1659570 1561
1659580 1564
1659590 1567
1659600 1566
1659610 1569
1659620 1573
1659630 1573
1659640 1577
1659650 1580
1659660 1580
1659670 1584
1659680 1587
1659690 1587
1659700 1591
1659710 1594
1659720 1597
1659730 1597
1659740 1601
1659750 1604
1659760 1604
1659770 1609
1659780 1614
1659790 1614
1659800 1618
1659810 1622
1659820 1622
1659830 1626
1659840 1630
1659850 1630
1659860 1633
1659870 1636
1659880 1636
1659890 1640
1659900 1643
1659910 1643
1659920 1646
1659930 1649
1659940 1651
1659950 1651
1659960 1654
1659970 1658
1659980 1658
1659990 1661
