1640000 834
1640010 836
1640020 836
1640030 838
1640040 843
1640050 843
1640060 847
1640070 851
1640080 851
1640090 855
1640100 859
1640110 859
1640120 863
1640130 866
1640140 866
1640150 870
1640160 874
1640170 874
1640180 879
1640190 883
1640200 887
1640210 887
1640220 891
1640230 895
1640240 895
1640250 901
1640260 905
1640270 905
1640280 911
1640290 916
1640300 916
1640310 922
1640320 927
1640330 927
1640340 933
1640350 937
1640360 937
1640370 941
1640380 946
1640390 946
1640400 950
1640410 954
1640420 958
1640430 958
1640440 962
1640450 967
1640460 967
1640470 972
1640480 977
1640490 977
1640500 984
1640510 990
1640520 992
1640530 996
1640540 1002
1640550 1002
1640560 1007
1640570 1012
1640580 1012
1640590 1018
1640600 1025
1640610 1025
1640620 1032
1640630 1035
1640640 1041
1640650 1041
1640660 1046
1640670 1051
1640680 1051
1640690 1062
1640700 1070
1640710 1070
1640720 1071
1640730 1076
1640740 1076
1640750 1080
1640760 1084
1640770 1084
1640780 1087
1640790 1090
1640800 1090
1640810 1094
1640820 1097
1640830 1097
1640840 1100
1640850 1103
1640860 1103
1640870 1106
1640880 1109
1640890 1113
1640900 1113
1640910 1118
1640920 1123
1640930 1123
1640940 1128
1640950 1133
1640960 1133
1640970 1138
1640980 1142
1640990 1142
1641000 1146
1641010 1151
1641020 1151
1641030 1155
1641040 1160
1641050 1160
1641060 1162
1641070 1167
1641080 1167
1641090 1171
1641100 1175
1641110 1180
1641120 1180
1641130 1184
1641140 1189
1641150 1189
1641160 1194
1641170 1197
1641180 1197
1641190 1201
1641200 1206
1641210 1206
1641220 1210
1641230 1214
1641240 1214
1641250 1218
1641260 1222
1641270 1222
1641280 1226
1641290 1230
1641300 1230
1641310 1234
1641320 1238
1641330 1243
1641340 1243
1641350 1247
1641360 1251
1641370 1251
1641380 1255
1641390 1258
1641400 1258
1641410 1262
1641420 1265
1641430 1265
1641440 1269
1641450 1272
1641460 1272
1641470 1275
1641480 1279
1641490 1279
1641500 1283
1641510 1286
1641520 1286
1641530 1290
1641540 1293
1641550 1297
1641560 1297
1641570 1300
1641580 1303
1641590 1303
1641600 1307
1641610 1310
1641620 1310
1641630 1313
1641640 1316
1641650 1316
1641660 1319
1641670 1322
1641680 1322
1641690 1326
1641700 1329
1641710 1329
1641720 1333
1641730 1336
1641740 1336
1641750 1339
1641760 1342
1641770 1345
1641780 1345
1641790 1347
1641800 1350
1641810 1350
1641820 1353
1641830 1355
1641840 1355
1641850 1357
1641860 1360
1641870 1360
1641880 1362
1641890 1365
1641900 1365
1641910 1367
1641920 1369
1641930 1369
1641940 1372
1641950 1374
1641960 1374
1641970 1376
1641980 1377
1641990 1379
1642000 1379
1642010 1380
1642020 1382
1642030 1382
1642040 1384
1642050 1386
1642060 1386
1642070 1387
1642080 1389
1642090 1389
1642100 1391
1642110 1393
1642120 1393
1642130 1395
1642140 1397
1642150 1397
1642160 1399
1642170 1401
1642180 1401
1642190 1403
1642200 1404
1642210 1404
1642220 1406
1642230 1408
1642240 1410
1642250 1410
1642260 1412
1642270 1413
1642280 1413
1642290 1415
1642300 1417
1642310 1417
1642320 1419
1642330 1421
1642340 1421
1642350 1422
1642360 1424
1642370 1424
1642380 1425
1642390 1427
1642400 1427
1642410 1429
1642420 1430
1642430 1430
1642440 1432
1642450 1433
1642460 1434
1642470 1434
1642480 1434
1642490 1435
1642500 1435
1642510 1436
1642520 1437
1642530 1437
1642540 1438
1642550 1439
1642560 1439
1642570 1441
1642580 1442
1642590 1442
1642600 1444
1642610 1445
1642620 1445
1642630 1446
1642640 1447
1642650 1447
1642660 1449
1642670 1450
1642680 1452
1642690 1452
1642700 1454
1642710 1456
1642720 1456
1642730 1457
1642740 1459
1642750 1459
1642760 1460
1642770 1462
1642780 1462
1642790 1463
1642800 1464
1642810 1464
1642820 1465
1642830 1467
1642840 1467
1642850 1468
1642860 1469
1642870 1469
1642880 1470
1642890 1471
1642900 1472
1642910 1472
1642920 1472
1642930 1473
1642940 1469
1642950 1469
1642960 1470
1642970 1470
1642980 1470
1642990 1470
1643000 1470
1643010 1470
1643020 1470
1643030 1470
1643040 1470
1643050 1470
1643060 1470
1643070 1470
1643080 1470
1643090 1470
1643100 1471
1643110 1470
1643120 1470
1643130 1470
1643140 1470
1643150 1470
1643160 1470
1643170 1470
1643180 1469
1643190 1469
1643200 1469
1643210 1468
1643220 1468
1643230 1466
1643240 1464
1643250 1464
1643260 1462
1643270 1460
1643280 1460
1643290 1457
1643300 1454
1643310 1454
1643320 1450
1643330 1446
1643340 1443
1643350 1443
1643360 1440
1643370 1437
1643380 1437
1643390 1433
1643400 1430
1643410 1430
1643420 1426
1643430 1424
1643440 1424
1643450 1425
1643460 1423
1643470 1423
1643480 1422
1643490 1421
1643500 1421
1643510 1419
1643520 1417
1643530 1417
1643540 1415
1643550 1414
1643560 1412
1643570 1412
1643580 1411
1643590 1409
1643600 1409
1643610 1412
1643620 1415
1643630 1415
1643640 1418
1643650 1420
1643660 1420
1643670 1423
1643680 1427
1643690 1427
1643700 1428
1643710 1430
1643720 1430
1643730 1430
1643740 1430
1643750 1430
1643760 1430
1643770 1433
1643780 1433
1643790 1433
1643800 1434
1643810 1434
1643820 1434
1643830 1434
1643840 1434
1643850 1434
1643860 1433
1643870 1432
1643880 1432
1643890 1430
1643900 1428
1643910 1428
1643920 1425
1643930 1423
1643940 1423
1643950 1420
1643960 1418
1643970 1418
1643980 1416
1643990 1414
1644000 1414
1644010 1411
1644020 1409
1644030 1405
1644040 1405
1644050 1401
1644060 1397
1644070 1397
1644080 1393
1644090 1391
1644100 1391
1644110 1388
1644120 1384
1644130 1384
1644140 1382
1644150 1386
1644160 1386
1644170 1386
1644180 1388
1644190 1388
1644200 1389
1644210 1393
1644220 1393
1644230 1397
1644240 1400
1644250 1404
1644260 1404
1644270 1407
1644280 1410
1644290 1410
1644300 1413
1644310 1417
1644320 1417
1644330 1420
1644340 1423
1644350 1423
1644360 1425
1644370 1427
1644380 1427
1644390 1428
1644400 1429
1644410 1429
1644420 1430
1644430 1430
1644440 1430
1644450 1432
1644460 1433
1644470 1434
1644480 1434
1644490 1434
1644500 1433
1644510 1433
1644520 1432
1644530 1430
1644540 1428
1644550 1424
1644560 1420
1644570 1420
1644580 1415
1644590 1410
1644600 1410
1644610 1405
1644620 1401
1644630 1401
1644640 1396
1644650 1391
1644660 1391
1644670 1386
1644680 1380
1644690 1374
1644700 1374
1644710 1368
1644720 1362
1644730 1362
1644740 1357
1644750 1351
1644760 1351
1644770 1346
1644780 1341
1644790 1341
1644800 1336
1644810 1330
1644820 1330
1644830 1325
1644840 1318
1644850 1318
1644860 1312
1644870 1306
1644880 1306
1644890 1300
1644900 1293
1644910 1285
1644920 1285
1644930 1278
1644940 1273
1644950 1273
1644960 1267
1644970 1259
1644980 1259
1644990 1257
1645000 1260
1645010 1260
1645020 1261
1645030 1259
1645040 1259
1645050 1256
1645060 1253
1645070 1253
1645080 1250
1645090 1247
1645100 1247
1645110 1244
1645120 1241
1645130 1241
1645140 1237
1645150 1234
1645160 1235
1645170 1235
1645180 1238
1645190 1242
1645200 1242
1645210 1246
1645220 1249
1645230 1249
1645240 1252
1645250 1255
1645260 1255
1645270 1258
1645280 1261
1645290 1261
1645300 1264
1645310 1267
1645320 1267
1645330 1273
1645340 1276
1645350 1276
1645360 1279
1645370 1282
1645380 1285
1645390 1285
1645400 1289
1645410 1292
1645420 1292
1645430 1296
1645440 1300
1645450 1300
1645460 1303
1645470 1306
1645480 1306
1645490 1309
1645500 1312
1645510 1312
1645520 1314
1645530 1316
1645540 1316
1645550 1317
1645560 1318
1645570 1318
1645580 1318
1645590 1320
1645600 1321
1645610 1321
1645620 1323
1645630 1325
1645640 1325
1645650 1328
1645660 1330
1645670 1330
1645680 1332
1645690 1335
1645700 1335
1645710 1337
1645720 1339
1645730 1339
1645740 1342
1645750 1347
1645760 1347
1645770 1351
1645780 1355
1645790 1355
1645800 1358
1645810 1361
1645820 1364
1645830 1364
1645840 1368
1645850 1373
1645860 1373
1645870 1377
1645880 1379
1645890 1379
1645900 1383
1645910 1388
1645920 1388
1645930 1392
1645940 1396
1645950 1396
1645960 1399
1645970 1403
1645980 1403
1645990 1405
1646000 1404
1646010 1404
1646020 1403
1646030 1401
1646040 1398
1646050 1398
1646060 1394
1646070 1390
1646080 1390
1646090 1386
1646100 1380
1646110 1378
1646120 1374
1646130 1369
1646140 1369
1646150 1365
1646160 1362
1646170 1362
1646180 1358
1646190 1354
1646200 1354
1646210 1352
1646220 1350
1646230 1350
1646240 1348
1646250 1346
1646260 1343
1646270 1343
1646280 1340
1646290 1337
1646300 1337
1646310 1334
1646320 1332
1646330 1332
1646340 1330
1646350 1328
1646360 1328
1646370 1326
1646380 1324
1646390 1324
1646400 1323
1646410 1321
1646420 1321
1646430 1320
1646440 1319
1646450 1319
1646460 1318
1646470 1317
1646480 1317
1646490 1317
1646500 1316
1646510 1315
1646520 1315
1646530 1313
1646540 1312
1646550 1312
1646560 1311
1646570 1310
1646580 1310
1646590 1308
1646600 1305
1646610 1305
1646620 1303
1646630 1300
1646640 1300
1646650 1298
1646660 1295
1646670 1295
1646680 1291
1646690 1286
1646700 1286
1646710 1281
1646720 1275
1646730 1269
1646740 1269
1646750 1264
1646760 1258
1646770 1258
1646780 1253
1646790 1248
1646800 1248
1646810 1241
1646820 1236
1646830 1236
1646840 1230
1646850 1224
1646860 1224
1646870 1220
1646880 1217
1646890 1217
1646900 1212
1646910 1210
1646920 1210
1646930 1215
1646940 1219
1646950 1222
1646960 1222
1646970 1226
1646980 1228
1646990 1228
1647000 1229
1647010 1225
1647020 1225
1647030 1220
1647040 1216
1647050 1216
1647060 1210
1647070 1205
1647080 1205
1647090 1199
1647100 1195
1647110 1195
1647120 1197
1647130 1201
1647140 1201
1647150 1206
1647160 1212
1647170 1219
1647180 1219
1647190 1227
1647200 1232
1647210 1232
1647220 1239
1647230 1247
1647240 1247
1647250 1255
1647260 1261
1647270 1261
1647280 1267
1647290 1272
1647300 1272
1647310 1278
1647320 1284
1647330 1284
1647340 1290
1647350 1296
1647360 1296
1647370 1301
1647380 1306
1647390 1311
1647400 1311
1647410 1316
1647420 1321
1647430 1321
1647440 1326
1647450 1331
1647460 1331
1647470 1336
1647480 1339
1647490 1339
1647500 1343
1647510 1348
1647520 1348
1647530 1352
1647540 1357
1647550 1357
1647560 1361
1647570 1365
1647580 1365
1647590 1369
1647600 1372
1647610 1378
1647620 1378
1647630 1383
1647640 1388
1647650 1388
1647660 1394
1647670 1399
1647680 1399
1647690 1404
1647700 1409
1647710 1409
1647720 1414
1647730 1419
1647740 1419
1647750 1425
1647760 1429
1647770 1429
1647780 1434
1647790 1439
1647800 1439
1647810 1445
1647820 1449
1647830 1454
1647840 1454
1647850 1459
1647860 1463
1647870 1463
1647880 1467
1647890 1470
1647900 1470
1647910 1474
1647920 1477
1647930 1477
1647940 1480
1647950 1483
1647960 1483
1647970 1486
1647980 1489
1647990 1489
1648000 1491
1648010 1494
1648020 1494
1648030 1496
1648040 1498
1648050 1498
1648060 1499
1648070 1499
1648080 1500
1648090 1500
1648100 1501
1648110 1502
1648120 1502
1648130 1504
1648140 1505
1648150 1505
1648160 1506
1648170 1508
1648180 1508
1648190 1509
1648200 1512
1648210 1512
1648220 1514
1648230 1515
1648240 1515
1648250 1517
1648260 1519
1648270 1519
1648280 1521
1648290 1523
1648300 1525
1648310 1525
1648320 1527
1648330 1529
1648340 1529
1648350 1531
1648360 1533
1648370 1533
1648380 1534
1648390 1537
1648400 1537
1648410 1539
1648420 1541
1648430 1541
1648440 1542
1648450 1540
1648460 1540
1648470 1540
1648480 1540
1648490 1540
1648500 1540
1648510 1540
1648520 1539
1648530 1539
1648540 1538
1648550 1537
1648560 1537
1648570 1536
1648580 1534
1648590 1534
1648600 1531
1648610 1528
1648620 1528
1648630 1526
1648640 1522
1648650 1522
1648660 1518
1648670 1516
1648680 1516
1648690 1513
1648700 1511
1648710 1511
1648720 1509
1648730 1506
1648740 1505
1648750 1505
1648760 1504
1648770 1505
1648780 1505
1648790 1505
1648800 1505
1648810 1505
1648820 1505
1648830 1506
1648840 1506
1648850 1507
1648860 1508
1648870 1508
1648880 1508
1648890 1508
1648900 1508
1648910 1508
1648920 1508
1648930 1508
1648940 1508
1648950 1508
1648960 1508
1648970 1508
1648980 1507
1648990 1506
1649000 1506
1649010 1505
1649020 1505
1649030 1505
1649040 1504
1649050 1503
1649060 1503
1649070 1503
1649080 1502
1649090 1502
1649100 1500
1649110 1499
1649120 1499
1649130 1498
1649140 1497
1649150 1497
1649160 1496
1649170 1496
1649180 1495
1649190 1495
1649200 1495
1649210 1495
1649220 1495
1649230 1489
1649240 1489
1649250 1489
1649260 1490
1649270 1489
1649280 1489
1649290 1489
1649300 1488
1649310 1488
1649320 1487
1649330 1488
1649340 1488
1649350 1488
1649360 1488
1649370 1488
1649380 1488
1649390 1488
1649400 1489
1649410 1489
1649420 1490
1649430 1491
1649440 1491
1649450 1492
1649460 1493
1649470 1493
1649480 1494
1649490 1495
1649500 1495
1649510 1497
1649520 1498
1649530 1498
1649540 1500
1649550 1502
1649560 1502
1649570 1503
1649580 1505
1649590 1505
1649600 1507
1649610 1508
1649620 1508
1649630 1510
1649640 1512
1649650 1513
1649660 1513
1649670 1515
1649680 1516
1649690 1516
1649700 1517
1649710 1516
1649720 1516
1649730 1515
1649740 1513
1649750 1513
1649760 1510
1649770 1508
1649780 1508
1649790 1506
1649800 1504
1649810 1504
1649820 1502
1649830 1499
1649840 1499
1649850 1497
1649860 1495
1649870 1493
1649880 1493
1649890 1491
1649900 1489
1649910 1489
1649920 1487
1649930 1485
1649940 1485
1649950 1482
1649960 1480
1649970 1480
1649980 1479
1649990 1474
1650000 1474
1650010 1471
1650020 1469
1650030 1469
1650040 1467
1650050 1464
1650060 1464
1650070 1462
1650080 1458
1650090 1454
1650100 1454
1650110 1450
1650120 1447
1650130 1447
1650140 1443
1650150 1440
1650160 1440
1650170 1436
1650180 1432
1650190 1432
1650200 1429
1650210 1426
1650220 1426
1650230 1422
1650240 1418
1650250 1418
1650260 1414
1650270 1410
1650280 1410
1650290 1406
1650300 1401
1650310 1397
1650320 1397
1650330 1392
1650340 1388
1650350 1388
1650360 1383
1650370 1378
1650380 1378
1650390 1374
1650400 1369
1650410 1369
1650420 1364
1650430 1358
1650440 1358
1650450 1352
1650460 1346
1650470 1346
1650480 1340
1650490 1335
1650500 1335
1650510 1329
1650520 1324
1650530 1319
1650540 1319
1650550 1313
1650560 1308
1650570 1308
1650580 1302
1650590 1297
1650600 1297
1650610 1292
1650620 1287
1650630 1287
1650640 1282
1650650 1277
1650660 1277
1650670 1272
1650680 1267
1650690 1267
1650700 1263
1650710 1258
1650720 1258
1650730 1254
1650740 1252
1650750 1249
1650760 1252
1650770 1249
1650780 1247
1650790 1247
1650800 1244
1650810 1242
1650820 1242
1650830 1240
1650840 1237
1650850 1237
1650860 1236
1650870 1234
1650880 1234
1650890 1231
1650900 1228
1650910 1228
1650920 1225
1650930 1223
1650940 1223
1650950 1220
1650960 1216
1650970 1216
1650980 1212
1650990 1208
1651000 1204
1651010 1204
1651020 1200
1651030 1195
1651040 1195
1651050 1190
1651060 1186
1651070 1186
1651080 1182
1651090 1178
1651100 1178
1651110 1173
1651120 1169
1651130 1169
1651140 1164
1651150 1159
1651160 1159
1651170 1154
1651180 1149
1651190 1149
1651200 1144
1651210 1139
1651220 1134
1651230 1134
1651240 1128
1651250 1122
1651260 1122
1651270 1116
1651280 1109
1651290 1109
1651300 1103
1651310 1097
1651320 1097
1651330 1091
1651340 1085
1651350 1085
1651360 1081
1651370 1075
1651380 1075
1651390 1070
1651400 1066
1651410 1066
1651420 1061
1651430 1056
1651440 1051
1651450 1051
1651460 1050
1651470 1047
1651480 1047
1651490 1043
1651500 1038
1651510 1038
1651520 1027
1651530 1022
1651540 1022
1651550 1019
1651560 1015
1651570 1015
1651580 1011
1651590 1008
1651600 1008
1651610 1002
1651620 998
1651630 998
1651640 994
1651650 989
1651660 986
1651670 986
1651680 982
1651690 978
1651700 978
1651710 973
1651720 967
1651730 967
1651740 962
1651750 956
1651760 956
1651770 948
1651780 942
1651790 942
1651800 942
1651810 942
1651820 942
1651830 942
1651840 942
1651850 942
1651860 943
1651870 945
1651880 948
1651890 948
1651900 950
1651910 952
1651920 952
1651930 954
1651940 958
1651950 958
1651960 965
1651970 968
1651980 968
1651990 966
1652000 960
1652010 960
1652020 958
1652030 960
1652040 960
1652050 966
1652060 971
1652070 971
1652080 980
1652090 986
1652100 993
1652110 993
1652120 999
1652130 1005
1652140 1005
1652150 1011
1652160 1018
1652170 1018
1652180 1023
1652190 1028
1652200 1028
1652210 1031
1652220 1034
1652230 1034
1652240 1036
1652250 1037
1652260 1037
1652270 1038
1652280 1043
1652290 1043
1652300 1045
1652310 1045
1652320 1045
1652330 1046
1652340 1048
1652350 1051
1652360 1051
1652370 1052
1652380 1055
1652390 1055
1652400 1061
1652410 1066
1652420 1066
1652430 1072
1652440 1079
1652450 1079
1652460 1086
1652470 1091
1652480 1091
1652490 1096
1652500 1101
1652510 1101
1652520 1106
1652530 1110
1652540 1110
1652550 1113
1652560 1117
1652570 1120
1652580 1120
1652590 1122
1652600 1125
1652610 1125
1652620 1128
1652630 1130
1652640 1130
1652650 1133
1652660 1135
1652670 1135
1652680 1138
1652690 1139
1652700 1139
1652710 1141
1652720 1144
1652730 1144
1652740 1147
1652750 1149
1652760 1149
1652770 1150
1652780 1152
1652790 1153
1652800 1153
1652810 1153
1652820 1153
1652830 1153
1652840 1154
1652850 1156
1652860 1156
1652870 1158
1652880 1161
1652890 1161
1652900 1164
1652910 1165
1652920 1165
1652930 1167
1652940 1169
1652950 1169
1652960 1172
1652970 1175
1652980 1175
1652990 1177
1653000 1180
1653010 1183
1653020 1183
1653030 1185
1653040 1191
1653050 1191
1653060 1194
1653070 1198
1653080 1198
1653090 1201
1653100 1205
1653110 1205
1653120 1209
1653130 1214
1653140 1214
1653150 1217
1653160 1220
1653170 1220
1653180 1223
1653190 1225
1653200 1225
1653210 1227
1653220 1228
1653230 1229
1653240 1229
1653250 1231
1653260 1233
1653270 1233
1653280 1234
1653290 1235
1653300 1235
1653310 1236
1653320 1237
1653330 1237
1653340 1238
1653350 1239
1653360 1239
1653370 1239
1653380 1240
1653390 1240
1653400 1243
1653410 1245
1653420 1245
1653430 1248
1653440 1251
1653450 1255
1653460 1255
1653470 1258
1653480 1261
1653490 1261
1653500 1263
1653510 1266
1653520 1266
1653530 1268
1653540 1270
1653550 1270
1653560 1273
1653570 1276
1653580 1276
1653590 1279
1653600 1282
1653610 1282
1653620 1285
1653630 1288
1653640 1288
1653650 1292
1653660 1295
1653670 1299
1653680 1299
1653690 1302
1653700 1304
1653710 1304
1653720 1307
1653730 1309
1653740 1309
1653750 1312
1653760 1315
1653770 1315
1653780 1317
1653790 1320
1653800 1320
1653810 1322
1653820 1324
1653830 1324
1653840 1326
1653850 1328
1653860 1328
1653870 1329
1653880 1331
1653890 1331
1653900 1332
1653910 1334
1653920 1335
1653930 1335
1653940 1337
1653950 1338
1653960 1338
1653970 1338
1653980 1339
1653990 1339
1654000 1340
1654010 1340
1654020 1340
1654030 1340
1654040 1340
1654050 1340
1654060 1340
1654070 1340
1654080 1340
1654090 1340
1654100 1340
1654110 1340
1654120 1340
1654130 1340
1654140 1340
1654150 1340
1654160 1340
1654170 1340
1654180 1340
1654190 1340
1654200 1339
1654210 1339
1654220 1339
1654230 1338
1654240 1338
1654250 1337
1654260 1335
1654270 1335
1654280 1334
1654290 1332
1654300 1332
1654310 1330
1654320 1328
1654330 1328
1654340 1325
1654350 1321
1654360 1317
1654370 1317
1654380 1313
1654390 1309
1654400 1309
1654410 1305
1654420 1302
1654430 1302
1654440 1299
1654450 1295
1654460 1295
1654470 1293
1654480 1290
1654490 1290
1654500 1287
1654510 1284
1654520 1284
1654530 1283
1654540 1280
1654550 1280
1654560 1279
1654570 1279
1654580 1278
1654590 1278
1654600 1277
1654610 1277
1654620 1277
1654630 1276
1654640 1276
1654650 1276
1654660 1275
1654670 1274
1654680 1274
1654690 1274
1654700 1273
1654710 1273
1654720 1272
1654730 1271
1654740 1271
1654750 1270
1654760 1269
1654770 1269
1654780 1269
1654790 1268
1654800 1268
1654810 1268
1654820 1267
1654830 1266
1654840 1266
1654850 1265
1654860 1264
1654870 1264
1654880 1264
1654890 1264
1654900 1264
1654910 1264
1654920 1265
1654930 1265
1654940 1265
1654950 1265
1654960 1265
1654970 1266
1654980 1267
1654990 1267
1655000 1268
1655010 1269
1655020 1270
1655030 1270
1655040 1270
1655050 1270
1655060 1270
1655070 1271
1655080 1272
1655090 1272
1655100 1273
1655110 1274
1655120 1274
1655130 1275
1655140 1275
1655150 1275
1655160 1276
1655170 1277
1655180 1277
1655190 1277
1655200 1277
1655210 1277
1655220 1277
1655230 1278
1655240 1278
1655250 1278
1655260 1279
1655270 1279
1655280 1277
1655290 1277
1655300 1277
1655310 1277
1655320 1277
1655330 1276
1655340 1276
1655350 1276
1655360 1276
1655370 1276
1655380 1276
1655390 1275
1655400 1275
1655410 1274
1655420 1273
1655430 1273
1655440 1272
1655450 1269
1655460 1269
1655470 1267
1655480 1264
1655490 1260
1655500 1260
1655510 1255
1655520 1249
1655530 1249
1655540 1244
1655550 1239
1655560 1239
1655570 1234
1655580 1230
1655590 1230
1655600 1227
1655610 1213
1655620 1213
1655630 1203
1655640 1196
1655650 1196
1655660 1189
1655670 1183
1655680 1183
1655690 1178
1655700 1171
1655710 1173
1655720 1173
1655730 1180
1655740 1185
1655750 1185
1655760 1189
1655770 1193
1655780 1193
1655790 1196
1655800 1199
1655810 1199
1655820 1202
1655830 1206
1655840 1206
1655850 1209
1655860 1212
1655870 1212
1655880 1215
1655890 1217
1655900 1217
1655910 1219
1655920 1221
1655930 1224
1655940 1224
1655950 1225
1655960 1227
1655970 1227
1655980 1228
1655990 1229
1656000 1229
1656010 1231
1656020 1229
1656030 1229
1656040 1231
1656050 1232
1656060 1232
1656070 1232
1656080 1234
1656090 1234
1656100 1235
1656110 1236
1656120 1236
1656130 1238
1656140 1237
1656150 1236
1656160 1236
1656170 1235
1656180 1235
1656190 1235
1656200 1234
1656210 1233
1656220 1233
1656230 1233
1656240 1232
1656250 1232
1656260 1229
1656270 1227
1656280 1227
1656290 1223
1656300 1220
1656310 1220
1656320 1217
1656330 1214
1656340 1214
1656350 1210
1656360 1206
1656370 1200
1656380 1200
1656390 1194
1656400 1188
1656410 1188
1656420 1182
1656430 1178
1656440 1178
1656450 1176
1656460 1178
1656470 1178
1656480 1182
1656490 1185
1656500 1185
1656510 1188
1656520 1192
1656530 1192
1656540 1194
1656550 1198
1656560 1198
1656570 1201
1656580 1205
1656590 1205
1656600 1208
1656610 1211
1656620 1213
1656630 1213
1656640 1212
1656650 1208
1656660 1208
1656670 1204
1656680 1198
1656690 1198
1656700 1192
1656710 1188
1656720 1188
1656730 1183
1656740 1179
1656750 1179
1656760 1173
1656770 1168
1656780 1168
1656790 1164
1656800 1158
1656810 1158
1656820 1153
1656830 1147
1656840 1141
1656850 1141
1656860 1136
1656870 1129
1656880 1129
1656890 1121
1656900 1110
1656910 1110
1656920 1109
1656930 1109
1656940 1109
1656950 1113
1656960 1116
1656970 1116
1656980 1122
1656990 1127
1657000 1127
1657010 1132
1657020 1137
1657030 1137
1657040 1142
1657050 1147
1657060 1152
1657070 1152
1657080 1156
1657090 1160
1657100 1160
1657110 1165
1657120 1170
1657130 1170
1657140 1175
1657150 1180
1657160 1180
1657170 1185
1657180 1190
1657190 1190
1657200 1196
1657210 1202
1657220 1202
1657230 1208
1657240 1214
1657250 1214
1657260 1221
1657270 1227
1657280 1233
1657290 1233
1657300 1239
1657310 1245
1657320 1245
1657330 1251
1657340 1256
1657350 1256
1657360 1259
1657370 1262
1657380 1262
1657390 1264
1657400 1265
1657410 1265
1657420 1268
1657430 1271
1657440 1271
1657450 1271
1657460 1274
1657470 1274
1657480 1279
1657490 1284
1657500 1292
1657510 1292
1657520 1296
1657530 1299
1657540 1299
1657550 1301
1657560 1304
1657570 1304
1657580 1311
1657590 1316
1657600 1316
1657610 1320
1657620 1326
1657630 1326
1657640 1333
1657650 1340
1657660 1340
1657670 1348
1657680 1354
1657690 1354
1657700 1361
1657710 1368
1657720 1375
1657730 1375
1657740 1381
1657750 1387
1657760 1387
1657770 1392
1657780 1398
1657790 1398
1657800 1403
1657810 1409
1657820 1409
1657830 1414
1657840 1410
1657850 1410
1657860 1405
1657870 1399
1657880 1399
1657890 1394
1657900 1389
1657910 1389
1657920 1383
1657930 1379
1657940 1374
1657950 1374
1657960 1370
1657970 1365
1657980 1365
1657990 1359
1658000 1353
1658010 1353
1658020 1349
1658030 1347
1658040 1347
1658050 1344
1658060 1341
1658070 1341
1658080 1337
1658090 1333
1658100 1333
1658110 1331
1658120 1328
1658130 1328
1658140 1324
1658150 1321
1658160 1321
1658170 1318
1658180 1315
1658190 1313
1658200 1313
1658210 1314
1658220 1313
1658230 1312
1658240 1307
1658250 1301
1658260 1301
1658270 1297
1658280 1292
1658290 1292
1658300 1289
1658310 1285
1658320 1285
1658330 1281
1658340 1277
1658350 1277
1658360 1275
1658370 1273
1658380 1273
1658390 1271
1658400 1269
1658410 1266
1658420 1266
1658430 1263
1658440 1258
1658450 1258
1658460 1250
1658470 1244
1658480 1244
1658490 1239
1658500 1234
1658510 1234
1658520 1232
1658530 1229
1658540 1229
1658550 1227
1658560 1224
1658570 1224
1658580 1219
1658590 1220
1658600 1220
1658610 1225
1658620 1231
1658630 1236
1658640 1236
1658650 1239
1658660 1241
1658670 1241
1658680 1242
1658690 1243
1658700 1243
1658710 1244
1658720 1245
1658730 1245
1658740 1247
1658750 1249
1658760 1249
1658770 1253
1658780 1258
1658790 1258
1658800 1262
1658810 1266
1658820 1266
1658830 1270
1658840 1275
1658850 1280
1658860 1280
1658870 1284
1658880 1287
1658890 1287
1658900 1290
1658910 1292
1658920 1292
1658930 1293
1658940 1295
1658950 1295
1658960 1293
1658970 1293
1658980 1293
1658990 1293
1659000 1292
1659010 1292
1659020 1291
1659030 1292
1659040 1292
1659050 1296
1659060 1299
1659070 1301
1659080 1301
1659090 1303
1659100 1307
1659110 1307
1659120 1311
1659130 1314
1659140 1314
1659150 1316
1659160 1319
1659170 1319
1659180 1322
1659190 1325
1659200 1325
1659210 1329
1659220 1332
1659230 1332
1659240 1336
1659250 1339
1659260 1339
1659270 1342
1659280 1344
1659290 1347
1659300 1347
1659310 1350
1659320 1353
1659330 1353
1659340 1355
1659350 1358
1659360 1358
1659370 1361
1659380 1364
1659390 1364
1659400 1368
1659410 1372
1659420 1372
1659430 1376
1659440 1379
1659450 1379
1659460 1383
1659470 1387
1659480 1387
1659490 1391
1659500 1395
1659510 1395
1659520 1398
1659530 1401
1659540 1404
1659550 1404
1659560 1408
1659570 1411
1659580 1411
1659590 1414
1659600 1418
1659610 1418
1659620 1422
1659630 1425
1659640 1425
1659650 1427
1659660 1429
1659670 1429
1659680 1431
1659690 1438
1659700 1438
1659710 1440
1659720 1443
1659730 1443
1659740 1445
1659750 1448
1659760 1451
1659770 1451
1659780 1453
1659790 1455
1659800 1455
1659810 1457
1659820 1460
1659830 1460
1659840 1463
1659850 1465
1659860 1465
1659870 1468
1659880 1470
1659890 1470
1659900 1472
1659910 1474
1659920 1474
1659930 1476
1659940 1478
1659950 1478
1659960 1479
1659970 1480
1659980 1480
1659990 1480
