1640000 795
1640010 795
1640020 798
1640030 800
1640040 800
1640050 802
1640060 803
1640070 803
1640080 803
1640090 802
1640100 802
1640110 802
1640120 804
1640130 807
1640140 807
1640150 808
1640160 810
1640170 810
1640180 812
1640190 814
1640200 814
1640210 817
1640220 819
1640230 819
1640240 821
1640250 824
1640260 824
1640270 826
1640280 829
1640290 829
1640300 831
1640310 833
1640320 831
1640330 831
1640340 833
1640350 836
1640360 836
1640370 838
1640380 839
1640390 839
1640400 842
1640410 845
1640420 845
1640430 847
1640440 850
1640450 850
1640460 852
1640470 855
1640480 855
1640490 857
1640500 860
1640510 860
1640520 862
1640530 865
1640540 868
1640550 868
1640560 873
1640570 876
1640580 876
1640590 880
1640600 883
1640610 883
1640620 886
1640630 889
1640640 889
1640650 892
1640660 895
1640670 895
1640680 897
1640690 898
1640700 898
1640710 900
1640720 902
1640730 902
1640740 903
1640750 904
1640760 905
1640770 905
1640780 904
1640790 903
1640800 903
1640810 902
1640820 903
1640830 903
1640840 905
1640850 908
1640860 908
1640870 911
1640880 914
1640890 914
1640900 918
1640910 921
1640920 921
1640930 925
1640940 928
1640950 928
1640960 932
1640970 936
1640980 939
1640990 939
1641000 943
1641010 946
1641020 946
1641030 949
1641040 951
1641050 951
1641060 953
1641070 954
1641080 954
1641090 954
1641100 955
1641110 955
1641120 957
1641130 952
1641140 952
1641150 954
1641160 957
1641170 957
1641180 959
1641190 962
1641200 962
1641210 966
1641220 969
1641230 973
1641240 973
1641250 978
1641260 983
1641270 983
1641280 987
1641290 992
1641300 992
1641310 997
1641320 1001
1641330 1001
1641340 1005
1641350 1008
1641360 1008
1641370 1012
1641380 1015
1641390 1015
1641400 1020
1641410 1024
1641420 1024
1641430 1026
1641440 1027
1641450 1027
1641460 1027
1641470 1023
1641480 1020
1641490 1020
1641500 1019
1641510 1017
1641520 1017
1641530 1015
1641540 1013
1641550 1013
1641560 1011
1641570 1007
1641580 1007
1641590 1004
1641600 1001
1641610 1001
1641620 998
1641630 995
1641640 995
1641650 992
1641660 989
1641670 986
1641680 986
1641690 983
1641700 980
1641710 980
1641720 977
1641730 974
1641740 974
1641750 971
1641760 968
1641770 968
1641780 966
1641790 963
1641800 963
1641810 960
1641820 958
1641830 958
1641840 957
1641850 955
1641860 955
1641870 953
1641880 950
1641890 946
1641900 946
1641910 941
1641920 941
1641930 941
1641940 947
1641950 953
1641960 953
1641970 959
1641980 964
1641990 964
1642000 969
1642010 974
1642020 974
1642030 979
1642040 985
1642050 985
1642060 990
1642070 994
1642080 994
1642090 999
1642100 1004
1642110 1004
1642120 1009
1642130 1015
1642140 1021
1642150 1021
1642160 1027
1642170 1033
1642180 1033
1642190 1038
1642200 1045
1642210 1045
1642220 1052
1642230 1059
1642240 1059
1642250 1067
1642260 1074
1642270 1074
1642280 1082
1642290 1090
1642300 1090
1642310 1096
1642320 1103
1642330 1103
1642340 1110
1642350 1117
1642360 1123
1642370 1123
1642380 1128
1642390 1133
1642400 1133
1642410 1137
1642420 1141
1642430 1141
1642440 1144
1642450 1146
1642460 1146
1642470 1148
1642480 1150
1642490 1150
1642500 1153
1642510 1155
1642520 1155
1642530 1157
1642540 1159
1642550 1159
1642560 1162
1642570 1165
1642580 1168
1642590 1168
1642600 1171
1642610 1174
1642620 1174
1642630 1178
1642640 1181
1642650 1181
1642660 1183
1642670 1186
1642680 1186
1642690 1188
1642700 1190
1642710 1190
1642720 1191
1642730 1193
1642740 1193
1642750 1190
1642760 1192
1642770 1192
1642780 1195
1642790 1197
1642800 1199
1642810 1199
1642820 1201
1642830 1203
1642840 1203
1642850 1205
1642860 1206
1642870 1206
1642880 1207
1642890 1207
1642900 1207
1642910 1208
1642920 1208
1642930 1208
1642940 1208
1642950 1208
1642960 1208
1642970 1208
1642980 1207
1642990 1207
1643000 1207
1643010 1207
1643020 1207
1643030 1207
1643040 1207
1643050 1207
1643060 1207
1643070 1207
1643080 1208
1643090 1208
1643100 1209
1643110 1210
1643120 1210
1643130 1210
1643140 1210
1643150 1210
1643160 1208
1643170 1202
1643180 1202
1643190 1192
1643200 1183
1643210 1183
1643220 1175
1643230 1168
1643240 1168
1643250 1163
1643260 1156
1643270 1151
1643280 1151
1643290 1145
1643300 1139
1643310 1139
1643320 1131
1643330 1123
1643340 1123
1643350 1115
1643360 1110
1643370 1110
1643380 1103
1643390 1097
1643400 1097
1643410 1092
1643420 1087
1643430 1087
1643440 1083
1643450 1078
1643460 1078
1643470 1073
1643480 1069
1643490 1064
1643500 1064
1643510 1060
1643520 1056
1643530 1056
1643540 1052
1643550 1042
1643560 1042
1643570 1038
1643580 1035
1643590 1035
1643600 1031
1643610 1028
1643620 1028
1643630 1024
1643640 1019
1643650 1019
1643660 1016
1643670 1017
1643680 1017
1643690 1017
1643700 1015
1643710 1012
1643720 1012
1643730 1010
1643740 1008
1643750 1008
1643760 1007
1643770 1006
1643780 1006
1643790 1006
1643800 1006
1643810 1006
1643820 1006
1643830 1005
1643840 1005
1643850 1006
1643860 1007
1643870 1007
1643880 1008
1643890 1011
1643900 1011
1643910 1013
1643920 1018
1643930 1022
1643940 1022
1643950 1026
1643960 1030
1643970 1030
1643980 1036
1643990 1040
1644000 1040
1644010 1045
1644020 1051
1644030 1051
1644040 1057
1644050 1060
1644060 1060
1644070 1064
1644080 1071
1644090 1071
1644100 1078
1644110 1086
1644120 1086
1644130 1093
1644140 1098
1644150 1098
1644160 1104
1644170 1110
1644180 1114
1644190 1114
1644200 1119
1644210 1124
1644220 1124
1644230 1129
1644240 1133
1644250 1133
1644260 1137
1644270 1140
1644280 1140
1644290 1142
1644300 1144
1644310 1144
1644320 1144
1644330 1145
1644340 1145
1644350 1145
1644360 1145
1644370 1145
1644380 1145
1644390 1145
1644400 1147
1644410 1147
1644420 1149
1644430 1150
1644440 1150
1644450 1152
1644460 1153
1644470 1153
1644480 1155
1644490 1157
1644500 1157
1644510 1158
1644520 1159
1644530 1159
1644540 1160
1644550 1161
1644560 1161
1644570 1163
1644580 1164
1644590 1164
1644600 1165
1644610 1166
1644620 1167
1644630 1167
1644640 1168
1644650 1168
1644660 1168
1644670 1169
1644680 1169
1644690 1169
1644700 1169
1644710 1168
1644720 1168
1644730 1167
1644740 1167
1644750 1167
1644760 1165
1644770 1164
1644780 1164
1644790 1162
1644800 1160
1644810 1160
1644820 1158
1644830 1155
1644840 1152
1644850 1152
1644860 1150
1644870 1148
1644880 1148
1644890 1146
1644900 1144
1644910 1144
1644920 1143
1644930 1142
1644940 1142
1644950 1141
1644960 1140
1644970 1140
1644980 1139
1644990 1139
1645000 1139
1645010 1137
1645020 1137
1645030 1137
1645040 1137
1645050 1137
1645060 1137
1645070 1138
1645080 1140
1645090 1143
1645100 1143
1645110 1145
1645120 1147
1645130 1147
1645140 1146
1645150 1148
1645160 1148
1645170 1150
1645180 1151
1645190 1151
1645200 1153
1645210 1155
1645220 1155
1645230 1156
1645240 1158
1645250 1158
1645260 1160
1645270 1162
1645280 1162
1645290 1163
1645300 1165
1645310 1167
1645320 1167
1645330 1168
1645340 1169
1645350 1169
1645360 1171
1645370 1172
1645380 1172
1645390 1173
1645400 1175
1645410 1175
1645420 1176
1645430 1178
1645440 1178
1645450 1181
1645460 1183
1645470 1183
1645480 1184
1645490 1185
1645500 1185
1645510 1187
1645520 1189
1645530 1191
1645540 1191
1645550 1193
1645560 1195
1645570 1195
1645580 1197
1645590 1199
1645600 1199
1645610 1201
1645620 1202
1645630 1202
1645640 1203
1645650 1205
1645660 1205
1645670 1207
1645680 1208
1645690 1208
1645700 1210
1645710 1211
1645720 1211
1645730 1212
1645740 1212
1645750 1211
1645760 1211
1645770 1211
1645780 1211
1645790 1211
1645800 1210
1645810 1210
1645820 1210
1645830 1210
1645840 1208
1645850 1208
1645860 1205
1645870 1200
1645880 1200
1645890 1194
1645900 1190
1645910 1190
1645920 1185
1645930 1177
1645940 1177
1645950 1171
1645960 1165
1645970 1160
1645980 1160
1645990 1155
1646000 1150
1646010 1150
1646020 1144
1646030 1139
1646040 1139
1646050 1133
1646060 1127
1646070 1127
1646080 1122
1646090 1116
1646100 1116
1646110 1111
1646120 1106
1646130 1106
1646140 1102
1646150 1096
1646160 1096
1646170 1091
1646180 1085
1646190 1085
1646200 1079
1646210 1073
1646220 1068
1646230 1068
1646240 1062
1646250 1056
1646260 1056
1646270 1050
1646280 1044
1646290 1044
1646300 1039
1646310 1033
1646320 1033
1646330 1026
1646340 1018
1646350 1018
1646360 1011
1646370 1004
1646380 1004
1646390 1003
1646400 1007
1646410 1007
1646420 1013
1646430 1018
1646440 1023
1646450 1023
1646460 1028
1646470 1033
1646480 1033
1646490 1038
1646500 1042
1646510 1042
1646520 1047
1646530 1051
1646540 1051
1646550 1056
1646560 1060
1646570 1060
1646580 1063
1646590 1067
1646600 1067
1646610 1069
1646620 1073
1646630 1073
1646640 1077
1646650 1081
1646660 1085
1646670 1085
1646680 1089
1646690 1093
1646700 1093
1646710 1095
1646720 1099
1646730 1099
1646740 1104
1646750 1108
1646760 1108
1646770 1111
1646780 1115
1646790 1115
1646800 1118
1646810 1122
1646820 1122
1646830 1126
1646840 1130
1646850 1130
1646860 1135
1646870 1139
1646880 1144
1646890 1144
1646900 1148
1646910 1152
1646920 1152
1646930 1156
1646940 1160
1646950 1160
1646960 1164
1646970 1168
1646980 1168
1646990 1171
1647000 1174
1647010 1174
1647020 1177
1647030 1180
1647040 1180
1647050 1182
1647060 1185
1647070 1185
1647080 1186
1647090 1188
1647100 1188
1647110 1190
1647120 1192
1647130 1193
1647140 1193
1647150 1194
1647160 1195
1647170 1195
1647180 1196
1647190 1197
1647200 1197
1647210 1198
1647220 1198
1647230 1198
1647240 1199
1647250 1200
1647260 1200
1647270 1201
1647280 1201
1647290 1201
1647300 1201
1647310 1202
1647320 1202
1647330 1203
1647340 1204
1647350 1205
1647360 1205
1647370 1207
1647380 1208
1647390 1208
1647400 1210
1647410 1211
1647420 1211
1647430 1213
1647440 1214
1647450 1214
1647460 1215
1647470 1217
1647480 1217
1647490 1215
1647500 1217
1647510 1217
1647520 1218
1647530 1220
1647540 1220
1647550 1221
1647560 1222
1647570 1223
1647580 1223
1647590 1225
1647600 1226
1647610 1226
1647620 1227
1647630 1227
1647640 1227
1647650 1228
1647660 1228
1647670 1228
1647680 1228
1647690 1227
1647700 1227
1647710 1227
1647720 1225
1647730 1225
1647740 1223
1647750 1221
1647760 1221
1647770 1218
1647780 1213
1647790 1210
1647800 1210
1647810 1208
1647820 1204
1647830 1204
1647840 1201
1647850 1198
1647860 1198
1647870 1195
1647880 1192
1647890 1192
1647900 1190
1647910 1186
1647920 1186
1647930 1183
1647940 1180
1647950 1180
1647960 1177
1647970 1174
1647980 1174
1647990 1169
1648000 1164
1648010 1159
1648020 1159
1648030 1156
1648040 1155
1648050 1155
1648060 1153
1648070 1151
1648080 1151
1648090 1148
1648100 1146
1648110 1146
1648120 1145
1648130 1144
1648140 1144
1648150 1142
1648160 1139
1648170 1139
1648180 1135
1648190 1130
1648200 1130
1648210 1125
1648220 1118
1648230 1118
1648240 1111
1648250 1104
1648260 1097
1648270 1096
1648280 1089
1648290 1082
1648300 1082
1648310 1074
1648320 1068
1648330 1068
1648340 1061
1648350 1054
1648360 1054
1648370 1049
1648380 1043
1648390 1043
1648400 1038
1648410 1043
1648420 1043
1648430 1051
1648440 1056
1648450 1056
1648460 1062
1648470 1067
1648480 1069
1648490 1069
1648500 1073
1648510 1077
1648520 1077
1648530 1080
1648540 1082
1648550 1082
1648560 1084
1648570 1084
1648580 1084
1648590 1084
1648600 1083
1648610 1083
1648620 1081
1648630 1080
1648640 1080
1648650 1078
1648660 1076
1648670 1076
1648680 1074
1648690 1072
1648700 1068
1648710 1068
1648720 1066
1648730 1071
1648740 1071
1648750 1078
1648760 1084
1648770 1084
1648780 1088
1648790 1093
1648800 1093
1648810 1098
1648820 1103
1648830 1103
1648840 1106
1648850 1111
1648860 1111
1648870 1114
1648880 1118
1648890 1118
1648900 1121
1648910 1123
1648920 1126
1648930 1126
1648940 1131
1648950 1136
1648960 1136
1648970 1141
1648980 1145
1648990 1145
1649000 1150
1649010 1154
1649020 1154
1649030 1159
1649040 1166
1649050 1166
1649060 1171
1649070 1175
1649080 1175
1649090 1179
1649100 1184
1649110 1184
1649120 1188
1649130 1191
1649140 1191
1649150 1195
1649160 1199
1649170 1203
1649180 1203
1649190 1207
1649200 1210
1649210 1210
1649220 1214
1649230 1217
1649240 1217
1649250 1221
1649260 1225
1649270 1225
1649280 1229
1649290 1233
1649300 1233
1649310 1236
1649320 1240
1649330 1240
1649340 1243
1649350 1247
1649360 1247
1649370 1250
1649380 1253
1649390 1256
1649400 1256
1649410 1259
1649420 1262
1649430 1262
1649440 1266
1649450 1269
1649460 1269
1649470 1272
1649480 1275
1649490 1275
1649500 1277
1649510 1281
1649520 1281
1649530 1284
1649540 1287
1649550 1287
1649560 1290
1649570 1294
1649580 1294
1649590 1297
1649600 1301
1649610 1304
1649620 1304
1649630 1307
1649640 1311
1649650 1311
1649660 1314
1649670 1317
1649680 1317
1649690 1320
1649700 1324
1649710 1324
1649720 1327
1649730 1330
1649740 1330
1649750 1334
1649760 1337
1649770 1337
1649780 1341
1649790 1344
1649800 1344
1649810 1349
1649820 1352
1649830 1355
1649840 1355
1649850 1355
1649860 1352
1649870 1352
1649880 1349
1649890 1346
1649900 1346
1649910 1343
1649920 1340
1649930 1340
1649940 1336
1649950 1333
1649960 1333
1649970 1330
1649980 1326
1649990 1326
1650000 1323
1650010 1320
1650020 1320
1650030 1317
1650040 1313
1650050 1313
1650060 1308
1650070 1304
1650080 1299
1650090 1299
1650100 1295
1650110 1290
1650120 1290
1650130 1285
1650140 1281
1650150 1281
1650160 1277
1650170 1272
1650180 1272
1650190 1268
1650200 1263
1650210 1263
1650220 1259
1650230 1255
1650240 1255
1650250 1250
1650260 1246
1650270 1246
1650280 1242
1650290 1237
1650300 1233
1650310 1233
1650320 1228
1650330 1223
1650340 1223
1650350 1220
1650360 1215
1650370 1215
1650380 1210
1650390 1206
1650400 1206
1650410 1201
1650420 1197
1650430 1197
1650440 1193
1650450 1188
1650460 1188
1650470 1184
1650480 1179
1650490 1179
1650500 1175
1650510 1171
1650520 1167
1650530 1167
1650540 1163
1650550 1159
1650560 1159
1650570 1157
1650580 1159
1650590 1159
1650600 1156
1650610 1152
1650620 1152
1650630 1149
1650640 1147
1650650 1147
1650660 1144
1650670 1140
1650680 1140
1650690 1136
1650700 1132
1650710 1132
1650720 1128
1650730 1125
1650740 1123
1650750 1123
1650760 1121
1650770 1119
1650780 1119
1650790 1118
1650800 1116
1650810 1116
1650820 1114
1650830 1112
1650840 1112
1650850 1110
1650860 1108
1650870 1108
1650880 1106
1650890 1104
1650900 1104
1650910 1101
1650920 1099
1650930 1099
1650940 1097
1650950 1096
1650960 1094
1650970 1094
1650980 1092
1650990 1090
1651000 1090
1651010 1089
1651020 1088
1651030 1088
1651040 1087
1651050 1088
1651060 1088
1651070 1089
1651080 1089
1651090 1089
1651100 1087
1651110 1086
1651120 1086
1651130 1085
1651140 1083
1651150 1083
1651160 1080
1651170 1076
1651180 1076
1651190 1073
1651200 1072
1651210 1070
1651220 1070
1651230 1068
1651240 1067
1651250 1067
1651260 1064
1651270 1062
1651280 1062
1651290 1060
1651300 1059
1651310 1059
1651320 1058
1651330 1056
1651340 1061
1651350 1060
1651360 1060
1651370 1060
1651380 1059
1651390 1058
1651400 1058
1651410 1057
1651420 1055
1651430 1051
1651440 1051
1651450 1047
1651460 1043
1651470 1043
1651480 1040
1651490 1038
1651500 1038
1651510 1035
1651520 1036
1651530 1036
1651540 1034
1651550 1027
1651560 1027
1651570 1026
1651580 1026
1651590 1026
1651600 1023
1651610 1018
1651620 1018
1651630 1011
1651640 1004
1651650 995
1651660 995
1651670 988
1651680 986
1651690 986
1651700 984
1651710 980
1651720 980
1651730 976
1651740 968
1651750 968
1651760 965
1651770 961
1651780 961
1651790 956
1651800 949
1651810 949
1651820 942
1651830 932
1651840 932
1651850 926
1651860 919
1651870 911
1651880 911
1651890 908
1651900 903
1651910 903
1651920 902
1651930 900
1651940 900
1651950 899
1651960 897
1651970 897
1651980 896
1651990 895
1652000 895
1652010 895
1652020 896
1652030 896
1652040 899
1652050 905
1652060 905
1652070 911
1652080 916
1652090 916
1652100 926
1652110 932
1652120 939
1652130 939
1652140 946
1652150 955
1652160 955
1652170 962
1652180 969
1652190 969
1652200 975
1652210 981
1652220 981
1652230 988
1652240 993
1652250 993
1652260 998
1652270 1005
1652280 1005
1652290 1009
1652300 1014
1652310 1014
1652320 1020
1652330 1025
1652340 1029
1652350 1029
1652360 1034
1652370 1039
1652380 1039
1652390 1043
1652400 1046
1652410 1046
1652420 1050
1652430 1053
1652440 1053
1652450 1056
1652460 1059
1652470 1059
1652480 1063
1652490 1066
1652500 1066
1652510 1069
1652520 1072
1652530 1072
1652540 1075
1652550 1078
1652560 1081
1652570 1081
1652580 1082
1652590 1083
1652600 1083
1652610 1084
1652620 1084
1652630 1084
1652640 1083
1652650 1084
1652660 1084
1652670 1084
1652680 1084
1652690 1084
1652700 1083
1652710 1081
1652720 1081
1652730 1078
1652740 1076
1652750 1076
1652760 1073
1652770 1071
1652780 1068
1652790 1068
1652800 1065
1652810 1062
1652820 1062
1652830 1059
1652840 1056
1652850 1056
1652860 1049
1652870 1046
1652880 1046
1652890 1043
1652900 1040
1652910 1040
1652920 1037
1652930 1034
1652940 1034
1652950 1033
1652960 1032
1652970 1032
1652980 1030
1652990 1028
1653000 1028
1653010 1025
1653020 1023
1653030 1021
1653040 1021
1653050 1018
1653060 1015
1653070 1015
1653080 1013
1653090 1011
1653100 1011
1653110 1009
1653120 1007
1653130 1007
1653140 1006
1653150 1006
1653160 1006
1653170 1005
1653180 1005
1653190 1005
1653200 1005
1653210 1004
1653220 1004
1653230 1003
1653240 1002
1653250 1002
1653260 1002
1653270 1004
1653280 1005
1653290 1005
1653300 1006
1653310 1006
1653320 1006
1653330 1007
1653340 1008
1653350 1008
1653360 1011
1653370 1013
1653380 1013
1653390 1015
1653400 1018
1653410 1018
1653420 1022
1653430 1026
1653440 1026
1653450 1029
1653460 1032
1653470 1034
1653480 1034
1653490 1037
1653500 1040
1653510 1040
1653520 1041
1653530 1043
1653540 1043
1653550 1044
1653560 1044
1653570 1044
1653580 1044
1653590 1040
1653600 1040
1653610 1039
1653620 1042
1653630 1042
1653640 1046
1653650 1049
1653660 1049
1653670 1050
1653680 1052
1653690 1054
1653700 1054
1653710 1056
1653720 1058
1653730 1058
1653740 1060
1653750 1063
1653760 1063
1653770 1066
1653780 1070
1653790 1070
1653800 1073
1653810 1075
1653820 1075
1653830 1078
1653840 1081
1653850 1081
1653860 1083
1653870 1085
1653880 1085
1653890 1085
1653900 1084
1653910 1083
1653920 1083
1653930 1081
1653940 1079
1653950 1079
1653960 1081
1653970 1085
1653980 1085
1653990 1090
1654000 1097
1654010 1097
1654020 1102
1654030 1107
1654040 1107
1654050 1113
1654060 1117
1654070 1117
1654080 1122
1654090 1127
1654100 1127
1654110 1131
1654120 1135
1654130 1135
1654140 1140
1654150 1143
1654160 1145
1654170 1145
1654180 1148
1654190 1150
1654200 1150
1654210 1153
1654220 1155
1654230 1155
1654240 1158
1654250 1162
1654260 1162
1654270 1165
1654280 1169
1654290 1169
1654300 1173
1654310 1179
1654320 1179
1654330 1184
1654340 1188
1654350 1188
1654360 1195
1654370 1199
1654380 1203
1654390 1203
1654400 1207
1654410 1212
1654420 1212
1654430 1216
1654440 1220
1654450 1220
1654460 1224
1654470 1227
1654480 1227
1654490 1232
1654500 1236
1654510 1236
1654520 1238
1654530 1239
1654540 1239
1654550 1238
1654560 1236
1654570 1236
1654580 1232
1654590 1227
1654600 1222
1654610 1222
1654620 1218
1654630 1213
1654640 1213
1654650 1209
1654660 1205
1654670 1205
1654680 1201
1654690 1197
1654700 1197
1654710 1194
1654720 1191
1654730 1191
1654740 1187
1654750 1184
1654760 1184
1654770 1180
1654780 1177
1654790 1177
1654800 1172
1654810 1167
1654820 1162
1654830 1162
1654840 1155
1654850 1149
1654860 1149
1654870 1143
1654880 1138
1654890 1138
1654900 1132
1654910 1127
1654920 1127
1654930 1122
1654940 1117
1654950 1117
1654960 1112
1654970 1108
1654980 1108
1654990 1104
1655000 1101
1655010 1101
1655020 1099
1655030 1101
1655040 1101
1655050 1104
1655060 1107
1655070 1111
1655080 1111
1655090 1115
1655100 1118
1655110 1114
1655120 1118
1655130 1122
1655140 1122
1655150 1126
1655160 1130
1655170 1130
1655180 1133
1655190 1136
1655200 1136
1655210 1138
1655220 1139
1655230 1139
1655240 1140
1655250 1141
1655260 1141
1655270 1142
1655280 1141
1655290 1141
1655300 1141
1655310 1140
1655320 1139
1655330 1139
1655340 1138
1655350 1137
1655360 1137
1655370 1136
1655380 1135
1655390 1135
1655400 1134
1655410 1133
1655420 1133
1655430 1132
1655440 1130
1655450 1130
1655460 1128
1655470 1126
1655480 1126
1655490 1124
1655500 1120
1655510 1114
1655520 1114
1655530 1109
1655540 1103
1655550 1103
1655560 1096
1655570 1090
1655580 1090
1655590 1085
1655600 1079
1655610 1079
1655620 1071
1655630 1062
1655640 1062
1655650 1055
1655660 1047
1655670 1047
1655680 1039
1655690 1031
1655700 1031
1655710 1023
1655720 1015
1655730 1014
1655740 1014
1655750 1018
1655760 1020
1655770 1020
1655780 1021
1655790 1020
1655800 1020
1655810 1017
1655820 1012
1655830 1012
1655840 1006
1655850 994
1655860 994
1655870 988
1655880 982
1655890 982
1655900 980
1655910 981
1655920 981
1655930 982
1655940 983
1655950 983
1655960 983
1655970 983
1655980 985
1655990 985
1656000 988
1656010 991
1656020 991
1656030 994
1656040 997
1656050 997
1656060 999
1656070 1002
1656080 1002
1656090 1004
1656100 1006
1656110 1006
1656120 1009
1656130 1013
1656140 1013
1656150 1017
1656160 1020
1656170 1020
1656180 1023
1656190 1027
1656200 1031
1656210 1031
1656220 1036
1656230 1040
1656240 1040
1656250 1045
1656260 1050
1656270 1050
1656280 1054
1656290 1057
1656300 1057
1656310 1061
1656320 1066
1656330 1066
1656340 1071
1656350 1075
1656360 1075
1656370 1079
1656380 1082
1656390 1082
1656400 1087
1656410 1093
1656420 1098
1656430 1098
1656440 1103
1656450 1107
1656460 1107
1656470 1112
1656480 1116
1656490 1116
1656500 1122
1656510 1128
1656520 1128
1656530 1134
1656540 1140
1656550 1140
1656560 1146
1656570 1151
1656580 1151
1656590 1160
1656600 1164
1656610 1164
1656620 1166
1656630 1167
1656640 1170
1656650 1170
1656660 1173
1656670 1177
1656680 1177
1656690 1181
1656700 1186
1656710 1186
1656720 1192
1656730 1196
1656740 1196
1656750 1200
1656760 1205
1656770 1205
1656780 1209
1656790 1213
1656800 1213
1656810 1217
1656820 1222
1656830 1222
1656840 1227
1656850 1231
1656860 1234
1656870 1234
1656880 1237
1656890 1239
1656900 1239
1656910 1237
1656920 1236
1656930 1236
1656940 1237
1656950 1240
1656960 1240
1656970 1241
1656980 1242
1656990 1242
1657000 1243
1657010 1245
1657020 1245
1657030 1246
1657040 1248
1657050 1248
1657060 1252
1657070 1256
1657080 1256
1657090 1260
1657100 1263
1657110 1265
1657120 1265
1657130 1269
1657140 1272
1657150 1272
1657160 1275
1657170 1279
1657180 1279
1657190 1283
1657200 1286
1657210 1286
1657220 1290
1657230 1294
1657240 1294
1657250 1298
1657260 1303
1657270 1303
1657280 1306
1657290 1307
1657300 1307
1657310 1307
1657320 1305
1657330 1310
1657340 1310
1657350 1310
1657360 1311
1657370 1311
1657380 1312
1657390 1315
1657400 1315
1657410 1316
1657420 1319
1657430 1319
1657440 1322
1657450 1324
1657460 1324
1657470 1326
1657480 1327
1657490 1327
1657500 1329
1657510 1330
1657520 1330
1657530 1331
1657540 1332
1657550 1331
1657560 1331
1657570 1330
1657580 1327
1657590 1327
1657600 1325
1657610 1324
1657620 1324
1657630 1325
1657640 1326
1657650 1326
1657660 1327
1657670 1328
1657680 1328
1657690 1330
1657700 1333
1657710 1333
1657720 1336
1657730 1337
1657740 1337
1657750 1338
1657760 1339
1657770 1341
1657780 1341
1657790 1342
1657800 1344
1657810 1344
1657820 1346
1657830 1349
1657840 1349
1657850 1350
1657860 1351
1657870 1351
1657880 1352
1657890 1353
1657900 1353
1657910 1352
1657920 1349
1657930 1349
1657940 1343
1657950 1339
1657960 1339
1657970 1338
1657980 1337
1657990 1337
1658000 1335
1658010 1335
1658020 1336
1658030 1336
1658040 1339
1658050 1342
1658060 1345
1658070 1347
1658080 1348
1658090 1348
1658100 1350
1658110 1350
1658120 1350
1658130 1351
1658140 1353
1658150 1353
1658160 1356
1658170 1359
1658180 1359
1658190 1361
1658200 1363
1658210 1363
1658220 1365
1658230 1367
1658240 1368
1658250 1368
1658260 1369
1658270 1370
1658280 1370
1658290 1371
1658300 1372
1658310 1372
1658320 1374
1658330 1376
1658340 1376
1658350 1378
1658360 1381
1658370 1381
1658380 1382
1658390 1383
1658400 1383
1658410 1384
1658420 1385
1658430 1385
1658440 1387
1658450 1388
1658460 1389
1658470 1389
1658480 1390
1658490 1392
1658500 1392
1658510 1393
1658520 1394
1658530 1394
1658540 1395
1658550 1397
1658560 1397
1658570 1398
1658580 1398
1658590 1398
1658600 1399
1658610 1401
1658620 1401
1658630 1403
1658640 1405
1658650 1405
1658660 1407
1658670 1409
1658680 1411
1658690 1411
1658700 1413
1658710 1415
1658720 1415
1658730 1416
1658740 1418
1658750 1418
1658760 1420
1658770 1422
1658780 1422
1658790 1427
1658800 1429
1658810 1429
1658820 1432
1658830 1434
1658840 1434
1658850 1437
1658860 1441
1658870 1441
1658880 1444
1658890 1447
1658900 1447
1658910 1450
1658920 1453
1658930 1457
1658940 1457
1658950 1460
1658960 1463
1658970 1463
1658980 1466
1658990 1470
1659000 1470
1659010 1473
1659020 1474
1659030 1474
1659040 1475
1659050 1476
1659060 1476
1659070 1475
1659080 1474
1659090 1474
1659100 1473
1659110 1473
1659120 1473
1659130 1473
1659140 1473
1659150 1472
1659160 1472
1659170 1471
1659180 1470
1659190 1470
1659200 1470
1659210 1470
1659220 1470
1659230 1470
1659240 1470
1659250 1470
1659260 1470
1659270 1468
1659280 1468
1659290 1466
1659300 1464
1659310 1464
1659320 1461
1659330 1458
1659340 1458
1659350 1454
1659360 1450
1659370 1444
1659380 1444
1659390 1439
1659400 1434
1659410 1434
1659420 1428
1659430 1422
1659440 1422
1659450 1417
1659460 1412
1659470 1412
1659480 1407
1659490 1403
1659500 1403
1659510 1398
1659520 1391
1659530 1391
1659540 1387
1659550 1383
1659560 1383
1659570 1378
1659580 1374
1659590 1370
1659600 1370
1659610 1366
1659620 1362
1659630 1362
1659640 1357
1659650 1353
1659660 1353
1659670 1347
1659680 1341
1659690 1341
1659700 1335
1659710 1331
1659720 1331
1659730 1326
1659740 1322
1659750 1322
1659760 1317
1659770 1311
1659780 1311
1659790 1306
1659800 1300
1659810 1300
1659820 1294
1659830 1288
1659840 1285
1659850 1285
1659860 1281
1659870 1277
1659880 1277
1659890 1274
1659900 1273
1659910 1273
1659920 1274
1659930 1273
1659940 1273
1659950 1278
1659960 1282
1659970 1282
1659980 1284
1659990 1287
