1640000 821
1640010 812
1640020 812
1640030 805
1640040 800
1640050 795
1640060 795
1640070 790
1640080 786
1640090 786
1640100 783
1640110 780
1640120 780
1640130 777
1640140 774
1640150 774
1640160 772
1640170 769
1640180 769
1640190 766
1640200 763
1640210 763
1640220 760
1640230 757
1640240 757
1640250 755
1640260 753
1640270 749
1640280 749
1640290 746
1640300 743
1640310 743
1640320 740
1640330 737
1640340 737
1640350 733
1640360 728
1640370 728
1640380 724
1640390 721
1640400 721
1640410 721
1640420 721
1640430 721
1640440 721
1640450 721
1640460 721
1640470 721
1640480 721
1640490 719
1640500 719
1640510 720
1640520 723
1640530 723
1640540 723
1640550 723
1640560 723
1640570 723
1640580 724
1640590 724
1640600 724
1640610 724
1640620 724
1640630 724
1640640 725
1640650 725
1640660 727
1640670 727
1640680 727
1640690 728
1640700 730
1640710 730
1640720 732
1640730 734
1640740 736
1640750 736
1640760 736
1640770 737
1640780 737
1640790 737
1640800 738
1640810 738
1640820 739
1640830 741
1640840 741
1640850 741
1640860 743
1640870 743
1640880 743
1640890 744
1640900 744
1640910 743
1640920 743
1640930 743
1640940 748
1640950 752
1640960 755
1640970 755
1640980 757
1640990 759
1641000 759
1641010 762
1641020 765
1641030 765
1641040 769
1641050 771
1641060 771
1641070 773
1641080 775
1641090 775
1641100 777
1641110 778
1641120 778
1641130 780
1641140 782
1641150 780
1641160 782
1641170 783
1641180 785
1641190 785
1641200 787
1641210 789
1641220 789
1641230 790
1641240 792
1641250 792
1641260 793
1641270 795
1641280 795
1641290 796
1641300 797
1641310 797
1641320 798
1641330 799
1641340 799
1641350 800
1641360 800
1641370 800
1641380 800
1641390 801
1641400 802
1641410 802
1641420 802
1641430 802
1641440 802
1641450 802
1641460 802
1641470 802
1641480 800
1641490 799
1641500 799
1641510 799
1641520 799
1641530 799
1641540 798
1641550 799
1641560 799
1641570 800
1641580 800
1641590 800
1641600 802
1641610 803
1641620 803
1641630 804
1641640 806
1641650 807
1641660 807
1641670 808
1641680 808
1641690 808
1641700 808
1641710 809
1641720 809
1641730 809
1641740 808
1641750 808
1641760 810
1641770 811
1641780 811
1641790 812
1641800 814
1641810 814
1641820 815
1641830 816
1641840 816
1641850 817
1641860 818
1641870 819
1641880 819
1641890 819
1641900 820
1641910 820
1641920 821
1641930 822
1641940 822
1641950 823
1641960 823
1641970 823
1641980 823
1641990 823
1642000 823
1642010 824
1642020 826
1642030 826
1642040 827
1642050 828
1642060 828
1642070 829
1642080 830
1642090 831
1642100 831
1642110 832
1642120 833
1642130 833
1642140 834
1642150 835
1642160 835
1642170 837
1642180 838
1642190 838
1642200 839
1642210 840
1642220 840
1642230 842
1642240 843
1642250 843
1642260 844
1642270 845
1642280 845
1642290 846
1642300 847
1642310 847
1642320 848
1642330 849
1642340 850
1642350 850
1642360 850
1642370 851
1642380 851
1642390 852
1642400 852
1642410 852
1642420 852
1642430 852
1642440 852
1642450 853
1642460 854
1642470 854
1642480 854
1642490 855
1642500 855
1642510 856
1642520 857
1642530 857
1642540 858
1642550 859
1642560 859
1642570 859
1642580 860
1642590 861
1642600 861
1642610 861
1642620 862
1642630 862
1642640 863
1642650 865
1642660 865
1642670 867
1642680 869
1642690 869
1642700 870
1642710 871
1642720 871
1642730 873
1642740 875
1642750 875
1642760 877
1642770 875
1642780 876
1642790 876
1642800 877
1642810 878
1642820 878
1642830 878
1642840 879
1642850 879
1642860 879
1642870 880
1642880 880
1642890 880
1642900 881
1642910 881
1642920 882
1642930 883
1642940 883
1642950 884
1642960 885
1642970 885
1642980 886
1642990 887
1643000 889
1643010 889
1643020 890
1643030 891
1643040 891
1643050 892
1643060 892
1643070 892
1643080 893
1643090 894
1643100 894
1643110 895
1643120 895
1643130 895
1643140 895
1643150 895
1643160 895
1643170 896
1643180 896
1643190 896
1643200 897
1643210 898
1643220 898
1643230 898
1643240 899
1643250 899
1643260 899
1643270 899
1643280 899
1643290 899
1643300 900
1643310 900
1643320 900
1643330 900
1643340 900
1643350 900
1643360 901
1643370 901
1643380 901
1643390 902
1643400 902
1643410 902
1643420 903
1643430 903
1643440 903
1643450 903
1643460 899
1643470 893
1643480 893
1643490 892
1643500 894
1643510 894
1643520 897
1643530 901
1643540 901
1643550 903
1643560 906
1643570 908
1643580 911
1643590 914
1643600 914
1643610 916
1643620 919
1643630 919
1643640 922
1643650 925
1643660 925
1643670 928
1643680 931
1643690 934
1643700 934
1643710 937
1643720 939
1643730 939
1643740 942
1643750 944
1643760 944
1643770 946
1643780 948
1643790 948
1643800 948
1643810 949
1643820 949
1643830 950
1643840 951
1643850 951
1643860 951
1643870 952
1643880 952
1643890 952
1643900 953
1643910 954
1643920 954
1643930 955
1643940 955
1643950 955
1643960 956
1643970 956
1643980 956
1643990 957
1644000 958
1644010 958
1644020 960
1644030 961
1644040 961
1644050 963
1644060 964
1644070 964
1644080 966
1644090 967
1644100 967
1644110 968
1644120 969
1644130 969
1644140 970
1644150 971
1644160 971
1644170 971
1644180 971
1644190 971
1644200 971
1644210 967
1644220 969
1644230 969
1644240 968
1644250 967
1644260 967
1644270 965
1644280 963
1644290 963
1644300 961
1644310 958
1644320 958
1644330 956
1644340 954
1644350 954
1644360 951
1644370 950
1644380 948
1644390 948
1644400 947
1644410 946
1644420 946
1644430 945
1644440 945
1644450 945
1644460 944
1644470 943
1644480 943
1644490 941
1644500 939
1644510 939
1644520 936
1644530 933
1644540 933
1644550 931
1644560 931
1644570 931
1644580 930
1644590 931
1644600 932
1644610 932
1644620 933
1644630 933
1644640 933
1644650 934
1644660 933
1644670 933
1644680 933
1644690 931
1644700 931
1644710 927
1644720 922
1644730 922
1644740 916
1644750 909
1644760 909
1644770 902
1644780 899
1644790 899
1644800 900
1644810 902
1644820 902
1644830 902
1644840 901
1644850 899
1644860 899
1644870 896
1644880 894
1644890 894
1644900 895
1644910 902
1644920 902
1644930 907
1644940 911
1644950 911
1644960 914
1644970 916
1644980 916
1644990 918
1645000 920
1645010 920
1645020 921
1645030 922
1645040 922
1645050 923
1645060 924
1645070 924
1645080 924
1645090 925
1645100 926
1645110 926
1645120 928
1645130 931
1645140 931
1645150 932
1645160 931
1645170 931
1645180 932
1645190 932
1645200 932
1645210 933
1645220 933
1645230 933
1645240 933
1645250 932
1645260 932
1645270 932
1645280 931
1645290 932
1645300 932
1645310 933
1645320 933
1645330 933
1645340 934
1645350 935
1645360 935
1645370 936
1645380 937
1645390 937
1645400 937
1645410 937
1645420 937
1645430 936
1645440 934
1645450 934
1645460 932
1645470 930
1645480 930
1645490 929
1645500 928
1645510 927
1645520 927
1645530 926
1645540 924
1645550 924
1645560 922
1645570 921
1645580 921
1645590 925
1645600 929
1645610 929
1645620 932
1645630 936
1645640 936
1645650 939
1645660 941
1645670 941
1645680 945
1645690 948
1645700 948
1645710 948
1645720 948
1645730 948
1645740 948
1645750 948
1645760 946
1645770 946
1645780 941
1645790 937
1645800 937
1645810 934
1645820 931
1645830 931
1645840 929
1645850 927
1645860 927
1645870 926
1645880 927
1645890 927
1645900 927
1645910 927
1645920 927
1645930 928
1645940 925
1645950 925
1645960 925
1645970 925
1645980 924
1645990 924
1646000 924
1646010 923
1646020 923
1646030 922
1646040 921
1646050 921
1646060 918
1646070 913
1646080 913
1646090 908
1646100 903
1646110 903
1646120 900
1646130 899
1646140 899
1646150 901
1646160 905
1646170 905
1646180 912
1646190 919
1646200 928
1646210 928
1646220 937
1646230 949
1646240 949
1646250 958
1646260 963
1646270 963
1646280 967
1646290 972
1646300 972
1646310 976
1646320 980
1646330 980
1646340 984
1646350 986
1646360 986
1646370 988
1646380 989
1646390 989
1646400 989
1646410 990
1646420 990
1646430 989
1646440 987
1646450 985
1646460 985
1646470 984
1646480 985
1646490 985
1646500 986
1646510 987
1646520 987
1646530 988
1646540 990
1646550 990
1646560 991
1646570 992
1646580 992
1646590 993
1646600 994
1646610 994
1646620 995
1646630 996
1646640 996
1646650 996
1646660 996
1646670 995
1646680 995
1646690 994
1646700 992
1646710 992
1646720 989
1646730 989
1646740 989
1646750 986
1646760 981
1646770 981
1646780 979
1646790 977
1646800 977
1646810 974
1646820 969
1646830 969
1646840 965
1646850 960
1646860 960
1646870 956
1646880 953
1646890 947
1646900 947
1646910 942
1646920 939
1646930 939
1646940 939
1646950 941
1646960 941
1646970 945
1646980 947
1646990 947
1647000 949
1647010 951
1647020 951
1647030 954
1647040 957
1647050 957
1647060 959
1647070 961
1647080 961
1647090 964
1647100 967
1647110 971
1647120 971
1647130 975
1647140 979
1647150 979
1647160 984
1647170 987
1647180 987
1647190 990
1647200 993
1647210 993
1647220 995
1647230 997
1647240 997
1647250 999
1647260 1000
1647270 1000
1647280 1001
1647290 1003
1647300 1003
1647310 1005
1647320 1007
1647330 1007
1647340 1010
1647350 1012
1647360 1015
1647370 1015
1647380 1018
1647390 1021
1647400 1021
1647410 1024
1647420 1027
1647430 1027
1647440 1029
1647450 1031
1647460 1031
1647470 1032
1647480 1030
1647490 1030
1647500 1028
1647510 1020
1647520 1020
1647530 1015
1647540 1011
1647550 1011
1647560 1004
1647570 997
1647580 991
1647590 991
1647600 986
1647610 981
1647620 981
1647630 976
1647640 971
1647650 971
1647660 966
1647670 962
1647680 962
1647690 959
1647700 955
1647710 955
1647720 951
1647730 948
1647740 948
1647750 944
1647760 941
1647770 941
1647780 937
1647790 932
1647800 924
1647810 924
1647820 916
1647830 909
1647840 909
1647850 902
1647860 895
1647870 895
1647880 888
1647890 882
1647900 882
1647910 877
1647920 876
1647930 876
1647940 875
1647950 880
1647960 880
1647970 887
1647980 892
1647990 892
1648000 897
1648010 901
1648020 906
1648030 906
1648040 911
1648050 915
1648060 915
1648070 920
1648080 925
1648090 925
1648100 931
1648110 935
1648120 935
1648130 942
1648140 947
1648150 947
1648160 954
1648170 960
1648180 960
1648190 967
1648200 975
1648210 975
1648220 983
1648230 991
1648240 991
1648250 999
1648260 1006
1648270 1012
1648280 1012
1648290 1016
1648300 1022
1648310 1022
1648320 1027
1648330 1031
1648340 1031
1648350 1034
1648360 1037
1648370 1037
1648380 1040
1648390 1042
1648400 1042
1648410 1043
1648420 1043
1648430 1043
1648440 1044
1648450 1044
1648460 1044
1648470 1044
1648480 1044
1648490 1045
1648500 1045
1648510 1045
1648520 1045
1648530 1045
1648540 1044
1648550 1043
1648560 1043
1648570 1042
1648580 1041
1648590 1041
1648600 1040
1648610 1040
1648620 1040
1648630 1040
1648640 1039
1648650 1039
1648660 1039
1648670 1039
1648680 1039
1648690 1039
1648700 1038
1648710 1037
1648720 1037
1648730 1035
1648740 1034
1648750 1034
1648760 1032
1648770 1029
1648780 1029
1648790 1026
1648800 1023
1648810 1023
1648820 1019
1648830 1016
1648840 1016
1648850 1013
1648860 1011
1648870 1011
1648880 1008
1648890 1006
1648900 1006
1648910 1004
1648920 1001
1648930 1001
1648940 999
1648950 996
1648960 995
1648970 995
1648980 993
1648990 991
1649000 991
1649010 989
1649020 988
1649030 988
1649040 987
1649050 985
1649060 979
1649070 980
1649080 982
1649090 982
1649100 987
1649110 990
1649120 990
1649130 994
1649140 999
1649150 999
1649160 1005
1649170 1012
1649180 1018
1649190 1018
1649200 1025
1649210 1032
1649220 1032
1649230 1038
1649240 1044
1649250 1044
1649260 1051
1649270 1056
1649280 1056
1649290 1062
1649300 1067
1649310 1067
1649320 1072
1649330 1077
1649340 1077
1649350 1080
1649360 1083
1649370 1083
1649380 1085
1649390 1088
1649400 1089
1649410 1089
1649420 1088
1649430 1087
1649440 1087
1649450 1086
1649460 1086
1649470 1086
1649480 1085
1649490 1086
1649500 1086
1649510 1086
1649520 1086
1649530 1086
1649540 1087
1649550 1088
1649560 1088
1649570 1089
1649580 1089
1649590 1089
1649600 1090
1649610 1092
1649620 1093
1649630 1093
1649640 1094
1649650 1096
1649660 1096
1649670 1098
1649680 1100
1649690 1100
1649700 1102
1649710 1105
1649720 1105
1649730 1109
1649740 1111
1649750 1111
1649760 1114
1649770 1117
1649780 1117
1649790 1121
1649800 1124
1649810 1124
1649820 1128
1649830 1128
1649840 1128
1649850 1133
1649860 1138
1649870 1143
1649880 1143
1649890 1148
1649900 1153
1649910 1153
1649920 1157
1649930 1162
1649940 1162
1649950 1167
1649960 1171
1649970 1171
1649980 1175
1649990 1178
1650000 1178
1650010 1181
1650020 1185
1650030 1185
1650040 1188
1650050 1190
1650060 1190
1650070 1192
1650080 1194
1650090 1196
1650100 1196
1650110 1198
1650120 1200
1650130 1200
1650140 1202
1650150 1203
1650160 1203
1650170 1204
1650180 1204
1650190 1204
1650200 1203
1650210 1202
1650220 1202
1650230 1201
1650240 1199
1650250 1199
1650260 1196
1650270 1193
1650280 1193
1650290 1189
1650300 1186
1650310 1184
1650320 1184
1650330 1182
1650340 1179
1650350 1179
1650360 1178
1650370 1175
1650380 1175
1650390 1173
1650400 1171
1650410 1171
1650420 1169
1650430 1167
1650440 1167
1650450 1163
1650460 1160
1650470 1160
1650480 1157
1650490 1153
1650500 1153
1650510 1150
1650520 1147
1650530 1147
1650540 1144
1650550 1142
1650560 1140
1650570 1140
1650580 1137
1650590 1134
1650600 1131
1650610 1126
1650620 1124
1650630 1124
1650640 1119
1650650 1115
1650660 1115
1650670 1112
1650680 1108
1650690 1108
1650700 1103
1650710 1099
1650720 1099
1650730 1093
1650740 1087
1650750 1087
1650760 1081
1650770 1075
1650780 1069
1650790 1069
1650800 1063
1650810 1057
1650820 1057
1650830 1051
1650840 1045
1650850 1045
1650860 1039
1650870 1032
1650880 1032
1650890 1025
1650900 1019
1650910 1019
1650920 1014
1650930 1009
1650940 1009
1650950 1004
1650960 1000
1650970 1000
1650980 995
1650990 989
1651000 983
1651010 983
1651020 977
1651030 971
1651040 971
1651050 965
1651060 961
1651070 961
1651080 955
1651090 950
1651100 950
1651110 949
1651120 947
1651130 947
1651140 946
1651150 944
1651160 944
1651170 944
1651180 943
1651190 943
1651200 941
1651210 936
1651220 930
1651230 930
1651240 925
1651250 919
1651260 919
1651270 915
1651280 914
1651290 914
1651300 911
1651310 909
1651320 909
1651330 906
1651340 900
1651350 900
1651360 900
1651370 898
1651380 898
1651390 895
1651400 898
1651410 898
1651420 902
1651430 900
1651440 900
1651450 897
1651460 894
1651470 891
1651480 891
1651490 888
1651500 885
1651510 885
1651520 882
1651530 878
1651540 878
1651550 875
1651560 873
1651570 873
1651580 872
1651590 870
1651600 870
1651610 869
1651620 867
1651630 867
1651640 868
1651650 866
1651660 866
1651670 866
1651680 868
1651690 873
1651700 873
1651710 878
1651720 884
1651730 884
1651740 890
1651750 895
1651760 895
1651770 900
1651780 903
1651790 903
1651800 907
1651810 911
1651820 911
1651830 916
1651840 922
1651850 922
1651860 933
1651870 937
1651880 937
1651890 943
1651900 949
1651910 955
1651920 955
1651930 961
1651940 967
1651950 967
1651960 975
1651970 989
1651980 989
1651990 1001
1652000 1013
1652010 1013
1652020 1017
1652030 1018
1652040 1018
1652050 1020
1652060 1022
1652070 1022
1652080 1023
1652090 1025
1652100 1025
1652110 1030
1652120 1040
1652130 1040
1652140 1048
1652150 1055
1652160 1063
1652170 1063
1652180 1069
1652190 1073
1652200 1073
1652210 1076
1652220 1079
1652230 1079
1652240 1083
1652250 1087
1652260 1087
1652270 1088
1652280 1091
1652290 1091
1652300 1093
1652310 1096
1652320 1096
1652330 1100
1652340 1104
1652350 1104
1652360 1107
1652370 1110
1652380 1115
1652390 1115
1652400 1119
1652410 1122
1652420 1122
1652430 1126
1652440 1130
1652450 1130
1652460 1134
1652470 1137
1652480 1137
1652490 1140
1652500 1142
1652510 1142
1652520 1144
1652530 1145
1652540 1145
1652550 1144
1652560 1143
1652570 1143
1652580 1141
1652590 1138
1652600 1134
1652610 1134
1652620 1131
1652630 1127
1652640 1127
1652650 1123
1652660 1120
1652670 1120
1652680 1116
1652690 1115
1652700 1115
1652710 1115
1652720 1115
1652730 1115
1652740 1115
1652750 1116
1652760 1116
1652770 1116
1652780 1117
1652790 1117
1652800 1117
1652810 1118
1652820 1118
1652830 1118
1652840 1118
1652850 1118
1652860 1118
1652870 1118
1652880 1113
1652890 1113
1652900 1113
1652910 1113
1652920 1113
1652930 1113
1652940 1113
1652950 1113
1652960 1114
1652970 1115
1652980 1115
1652990 1116
1653000 1117
1653010 1117
1653020 1119
1653030 1121
1653040 1121
1653050 1123
1653060 1126
1653070 1128
1653080 1128
1653090 1131
1653100 1133
1653110 1133
1653120 1136
1653130 1139
1653140 1139
1653150 1142
1653160 1146
1653170 1146
1653180 1149
1653190 1153
1653200 1153
1653210 1157
1653220 1160
1653230 1160
1653240 1163
1653250 1166
1653260 1166
1653270 1169
1653280 1172
1653290 1173
1653300 1173
1653310 1174
1653320 1174
1653330 1174
1653340 1174
1653350 1173
1653360 1173
1653370 1173
1653380 1171
1653390 1171
1653400 1169
1653410 1167
1653420 1167
1653430 1165
1653440 1163
1653450 1163
1653460 1160
1653470 1159
1653480 1159
1653490 1158
1653500 1158
1653510 1158
1653520 1158
1653530 1158
1653540 1158
1653550 1158
1653560 1159
1653570 1160
1653580 1160
1653590 1161
1653600 1162
1653610 1162
1653620 1163
1653630 1159
1653640 1159
1653650 1161
1653660 1162
1653670 1162
1653680 1163
1653690 1165
1653700 1165
1653710 1166
1653720 1168
1653730 1168
1653740 1169
1653750 1168
1653760 1164
1653770 1164
1653780 1155
1653790 1146
1653800 1146
1653810 1139
1653820 1131
1653830 1131
1653840 1124
1653850 1117
1653860 1117
1653870 1109
1653880 1102
1653890 1102
1653900 1096
1653910 1089
1653920 1089
1653930 1083
1653940 1076
1653950 1076
1653960 1069
1653970 1063
1653980 1057
1653990 1057
1654000 1057
1654010 1059
1654020 1059
1654030 1060
1654040 1060
1654050 1060
1654060 1061
1654070 1060
1654080 1060
1654090 1059
1654100 1056
1654110 1056
1654120 1052
1654130 1047
1654140 1047
1654150 1043
1654160 1037
1654170 1037
1654180 1031
1654190 1027
1654200 1025
1654210 1025
1654220 1021
1654230 1016
1654240 1016
1654250 1021
1654260 1027
1654270 1027
1654280 1032
1654290 1037
1654300 1037
1654310 1042
1654320 1041
1654330 1041
1654340 1038
1654350 1034
1654360 1034
1654370 1031
1654380 1021
1654390 1021
1654400 1018
1654410 1014
1654420 1010
1654430 1010
1654440 1006
1654450 1001
1654460 1001
1654470 997
1654480 992
1654490 992
1654500 987
1654510 983
1654520 983
1654530 979
1654540 975
1654550 975
1654560 971
1654570 967
1654580 967
1654590 961
1654600 955
1654610 955
1654620 947
1654630 943
1654640 943
1654650 945
1654660 943
1654670 940
1654680 940
1654690 935
1654700 929
1654710 929
1654720 927
1654730 929
1654740 929
1654750 930
1654760 929
1654770 929
1654780 930
1654790 930
1654800 930
1654810 930
1654820 931
1654830 931
1654840 931
1654850 931
1654860 931
1654870 932
1654880 933
1654890 934
1654900 934
1654910 936
1654920 938
1654930 938
1654940 942
1654950 947
1654960 947
1654970 952
1654980 955
1654990 955
1655000 957
1655010 958
1655020 958
1655030 959
1655040 964
1655050 964
1655060 970
1655070 977
1655080 977
1655090 983
1655100 988
1655110 993
1655120 993
1655130 1002
1655140 1007
1655150 1007
1655160 1012
1655170 1017
1655180 1017
1655190 1022
1655200 1028
1655210 1028
1655220 1033
1655230 1038
1655240 1038
1655250 1044
1655260 1049
1655270 1049
1655280 1054
1655290 1057
1655300 1057
1655310 1060
1655320 1061
1655330 1061
1655340 1062
1655350 1063
1655360 1065
1655370 1065
1655380 1065
1655390 1065
1655400 1065
1655410 1063
1655420 1062
1655430 1062
1655440 1063
1655450 1063
1655460 1063
1655470 1062
1655480 1061
1655490 1061
1655500 1057
1655510 1054
1655520 1054
1655530 1056
1655540 1058
1655550 1058
1655560 1057
1655570 1054
1655580 1051
1655590 1051
1655600 1053
1655610 1053
1655620 1053
1655630 1052
1655640 1051
1655650 1051
1655660 1052
1655670 1056
1655680 1056
1655690 1059
1655700 1059
1655710 1059
1655720 1061
1655730 1067
1655740 1067
1655750 1074
1655760 1081
1655770 1081
1655780 1087
1655790 1092
1655800 1097
1655810 1097
1655820 1101
1655830 1106
1655840 1106
1655850 1110
1655860 1115
1655870 1112
1655880 1117
1655890 1121
1655900 1121
1655910 1127
1655920 1132
1655930 1132
1655940 1137
1655950 1142
1655960 1142
1655970 1148
1655980 1154
1655990 1154
1656000 1160
1656010 1166
1656020 1172
1656030 1172
1656040 1177
1656050 1183
1656060 1183
1656070 1188
1656080 1193
1656090 1193
1656100 1198
1656110 1203
1656120 1203
1656130 1208
1656140 1213
1656150 1213
1656160 1218
1656170 1223
1656180 1223
1656190 1228
1656200 1234
1656210 1234
1656220 1240
1656230 1245
1656240 1245
1656250 1250
1656260 1254
1656270 1257
1656280 1257
1656290 1261
1656300 1266
1656310 1266
1656320 1270
1656330 1274
1656340 1274
1656350 1278
1656360 1280
1656370 1280
1656380 1283
1656390 1287
1656400 1287
1656410 1290
1656420 1294
1656430 1294
1656440 1295
1656450 1295
1656460 1295
1656470 1293
1656480 1291
1656490 1290
1656500 1290
1656510 1287
1656520 1286
1656530 1286
1656540 1286
1656550 1286
1656560 1286
1656570 1286
1656580 1287
1656590 1287
1656600 1291
1656610 1292
1656620 1292
1656630 1292
1656640 1293
1656650 1293
1656660 1293
1656670 1294
1656680 1294
1656690 1295
1656700 1297
1656710 1298
1656720 1298
1656730 1300
1656740 1301
1656750 1301
1656760 1301
1656770 1300
1656780 1300
1656790 1299
1656800 1296
1656810 1296
1656820 1294
1656830 1292
1656840 1292
1656850 1290
1656860 1289
1656870 1289
1656880 1289
1656890 1290
1656900 1290
1656910 1291
1656920 1291
1656930 1291
1656940 1292
1656950 1293
1656960 1294
1656970 1294
1656980 1296
1656990 1297
1657000 1297
1657010 1299
1657020 1301
1657030 1301
1657040 1304
1657050 1307
1657060 1307
1657070 1310
1657080 1313
1657090 1313
1657100 1315
1657110 1317
1657120 1317
1657130 1319
1657140 1322
1657150 1322
1657160 1325
1657170 1328
1657180 1330
1657190 1330
1657200 1333
1657210 1334
1657220 1334
1657230 1335
1657240 1335
1657250 1335
1657260 1337
1657270 1340
1657280 1340
1657290 1342
1657300 1341
1657310 1341
1657320 1340
1657330 1339
1657340 1339
1657350 1330
1657360 1325
1657370 1325
1657380 1319
1657390 1314
1657400 1309
1657410 1309
1657420 1305
1657430 1301
1657440 1301
1657450 1299
1657460 1296
1657470 1296
1657480 1293
1657490 1290
1657500 1290
1657510 1290
1657520 1289
1657530 1289
1657540 1288
1657550 1288
1657560 1288
1657570 1288
1657580 1286
1657590 1286
1657600 1284
1657610 1283
1657620 1285
1657630 1285
1657640 1288
1657650 1288
1657660 1288
1657670 1286
1657680 1285
1657690 1285
1657700 1284
1657710 1284
1657720 1284
1657730 1285
1657740 1285
1657750 1285
1657760 1286
1657770 1287
1657780 1287
1657790 1290
1657800 1293
1657810 1293
1657820 1296
1657830 1298
1657840 1298
1657850 1299
1657860 1300
1657870 1300
1657880 1300
1657890 1300
1657900 1300
1657910 1300
1657920 1301
1657930 1301
1657940 1301
1657950 1300
1657960 1300
1657970 1300
1657980 1298
1657990 1297
1658000 1297
1658010 1296
1658020 1296
1658030 1296
1658040 1297
1658050 1298
1658060 1298
1658070 1298
1658080 1295
1658090 1293
1658100 1293
1658110 1291
1658120 1289
1658130 1289
1658140 1285
1658150 1279
1658160 1279
1658170 1274
1658180 1269
1658190 1269
1658200 1264
1658210 1260
1658220 1260
1658230 1256
1658240 1250
1658250 1250
1658260 1245
1658270 1241
1658280 1241
1658290 1235
1658300 1231
1658310 1225
1658320 1225
1658330 1220
1658340 1214
1658350 1214
1658360 1208
1658370 1201
1658380 1201
1658390 1195
1658400 1190
1658410 1190
1658420 1190
1658430 1192
1658440 1192
1658450 1194
1658460 1196
1658470 1196
1658480 1198
1658490 1198
1658500 1198
1658510 1198
1658520 1198
1658530 1198
1658540 1200
1658550 1203
1658560 1204
1658570 1204
1658580 1200
1658590 1192
1658600 1192
1658610 1184
1658620 1175
1658630 1175
1658640 1164
1658650 1155
1658660 1155
1658670 1148
1658680 1141
1658690 1141
1658700 1134
1658710 1126
1658720 1126
1658730 1117
1658740 1109
1658750 1109
1658760 1107
1658770 1109
1658780 1111
1658790 1111
1658800 1115
1658810 1111
1658820 1111
1658830 1112
1658840 1110
1658850 1110
1658860 1102
1658870 1094
1658880 1094
1658890 1085
1658900 1077
1658910 1077
1658920 1073
1658930 1072
1658940 1072
1658950 1073
1658960 1080
1658970 1080
1658980 1086
1658990 1093
1659000 1099
1659010 1099
1659020 1105
1659030 1110
1659040 1110
1659050 1116
1659060 1122
1659070 1122
1659080 1129
1659090 1136
1659100 1136
1659110 1141
1659120 1147
1659130 1147
1659140 1151
1659150 1156
1659160 1156
1659170 1161
1659180 1165
1659190 1165
1659200 1170
1659210 1176
1659220 1181
1659230 1181
1659240 1181
1659250 1175
1659260 1175
1659270 1170
1659280 1165
1659290 1165
1659300 1161
1659310 1157
1659320 1157
1659330 1153
1659340 1149
1659350 1149
1659360 1143
1659370 1138
1659380 1138
1659390 1133
1659400 1133
1659410 1133
1659420 1135
1659430 1135
1659440 1135
1659450 1134
1659460 1132
1659470 1131
1659480 1131
1659490 1135
1659500 1137
1659510 1137
1659520 1137
1659530 1139
1659540 1132
1659550 1132
1659560 1129
1659570 1129
1659580 1127
1659590 1127
1659600 1127
1659610 1128
1659620 1128
1659630 1128
1659640 1130
1659650 1131
1659660 1131
1659670 1133
1659680 1134
1659690 1134
1659700 1134
1659710 1135
1659720 1134
1659730 1134
1659740 1135
1659750 1135
1659760 1135
1659770 1135
1659780 1135
1659790 1135
1659800 1134
1659810 1133
1659820 1133
1659830 1132
1659840 1131
1659850 1131
1659860 1129
1659870 1128
1659880 1128
1659890 1125
1659900 1122
1659910 1117
1659920 1117
1659930 1114
1659940 1111
1659950 1111
1659960 1107
1659970 1102
1659980 1102
1659990 1097
