1640000 716
1640010 716
1640020 716
1640030 716
1640040 715
1640050 715
1640060 714
1640070 713
1640080 713
1640090 713
1640100 713
1640110 712
1640120 712
1640130 712
1640140 712
1640150 712
1640160 711
1640170 707
1640180 707
1640190 702
1640200 698
1640210 698
1640220 695
1640230 694
1640240 694
1640250 694
1640260 693
1640270 693
1640280 693
1640290 693
1640300 693
1640310 693
1640320 693
1640330 694
1640340 694
1640350 694
1640360 693
1640370 693
1640380 693
1640390 693
1640400 693
1640410 693
1640420 693
1640430 693
1640440 693
1640450 693
1640460 693
1640470 693
1640480 693
1640490 693
1640500 693
1640510 693
1640520 693
1640530 693
1640540 693
1640550 693
1640560 693
1640570 694
1640580 694
1640590 694
1640600 693
1640610 693
1640620 693
1640630 693
1640640 693
1640650 693
1640660 693
1640670 693
1640680 693
1640690 693
1640700 693
1640710 693
1640720 692
1640730 692
1640740 692
1640750 692
1640760 692
1640770 692
1640780 691
1640790 690
1640800 690
1640810 690
1640820 690
1640830 690
1640840 690
1640850 691
1640860 692
1640870 692
1640880 692
1640890 692
1640900 692
1640910 692
1640920 692
1640930 692
1640940 692
1640950 692
1640960 692
1640970 692
1640980 691
1640990 691
1641000 691
1641010 691
1641020 691
1641030 691
1641040 691
1641050 691
1641060 691
1641070 691
1641080 691
1641090 691
1641100 692
1641110 694
1641120 694
1641130 694
1641140 694
1641150 694
1641160 694
1641170 692
1641180 692
1641190 690
1641200 691
1641210 691
1641220 692
1641230 693
1641240 693
1641250 693
1641260 693
1641270 693
1641280 693
1641290 693
1641300 693
1641310 693
1641320 693
1641330 693
1641340 693
1641350 693
1641360 693
1641370 693
1641380 693
1641390 693
1641400 693
1641410 693
1641420 693
1641430 693
1641440 694
1641450 694
1641460 694
1641470 694
1641480 694
1641490 694
1641500 694
1641510 695
1641520 695
1641530 695
1641540 695
1641550 696
1641560 696
1641570 697
1641580 698
1641590 698
1641600 699
1641610 700
1641620 700
1641630 700
1641640 701
1641650 701
1641660 701
1641670 702
1641680 702
1641690 703
1641700 704
1641710 704
1641720 705
1641730 706
1641740 707
1641750 707
1641760 708
1641770 709
1641780 709
1641790 710
1641800 711
1641810 711
1641820 712
1641830 713
1641840 713
1641850 715
1641860 716
1641870 716
1641880 717
1641890 718
1641900 718
1641910 719
1641920 720
1641930 720
1641940 722
1641950 723
1641960 724
1641970 724
1641980 726
1641990 727
1642000 727
1642010 730
1642020 732
1642030 732
1642040 735
1642050 737
1642060 737
1642070 739
1642080 740
1642090 740
1642100 742
1642110 744
1642120 744
1642130 746
1642140 748
1642150 748
1642160 751
1642170 753
1642180 753
1642190 755
1642200 757
1642210 759
1642220 759
1642230 760
1642240 761
1642250 761
1642260 762
1642270 762
1642280 762
1642290 761
1642300 761
1642310 761
1642320 759
1642330 756
1642340 756
1642350 753
1642360 749
1642370 749
1642380 745
1642390 747
1642400 747
1642410 747
1642420 749
1642430 751
1642440 751
1642450 752
1642460 754
1642470 754
1642480 755
1642490 756
1642500 756
1642510 757
1642520 758
1642530 758
1642540 759
1642550 760
1642560 760
1642570 759
1642580 760
1642590 760
1642600 760
1642610 760
1642620 760
1642630 759
1642640 759
1642650 759
1642660 759
1642670 759
1642680 758
1642690 758
1642700 758
1642710 757
1642720 757
1642730 756
1642740 755
1642750 755
1642760 753
1642770 751
1642780 751
1642790 749
1642800 746
1642810 746
1642820 745
1642830 745
1642840 745
1642850 745
1642860 746
1642870 746
1642880 746
1642890 746
1642900 745
1642910 745
1642920 744
1642930 744
1642940 744
1642950 743
1642960 741
1642970 741
1642980 737
1642990 735
1643000 735
1643010 734
1643020 734
1643030 734
1643040 732
1643050 734
1643060 734
1643070 736
1643080 740
1643090 740
1643100 743
1643110 746
1643120 749
1643130 749
1643140 752
1643150 755
1643160 755
1643170 758
1643180 761
1643190 764
1643200 767
1643210 770
1643220 770
1643230 773
1643240 776
1643250 776
1643260 778
1643270 781
1643280 781
1643290 783
1643300 786
1643310 786
1643320 789
1643330 791
1643340 791
1643350 793
1643360 796
1643370 799
1643380 799
1643390 802
1643400 804
1643410 804
1643420 806
1643430 807
1643440 807
1643450 808
1643460 809
1643470 809
1643480 810
1643490 811
1643500 811
1643510 812
1643520 814
1643530 814
1643540 815
1643550 816
1643560 816
1643570 817
1643580 818
1643590 819
1643600 819
1643610 820
1643620 821
1643630 821
1643640 821
1643650 821
1643660 821
1643670 821
1643680 820
1643690 820
1643700 820
1643710 819
1643720 819
1643730 819
1643740 818
1643750 818
1643760 817
1643770 816
1643780 816
1643790 814
1643800 813
1643810 813
1643820 811
1643830 810
1643840 808
1643850 808
1643860 806
1643870 804
1643880 804
1643890 801
1643900 799
1643910 799
1643920 797
1643930 795
1643940 795
1643950 792
1643960 790
1643970 790
1643980 784
1643990 782
1644000 782
1644010 779
1644020 776
1644030 776
1644040 774
1644050 772
1644060 770
1644070 770
1644080 768
1644090 766
1644100 766
1644110 764
1644120 764
1644130 764
1644140 764
1644150 763
1644160 763
1644170 762
1644180 760
1644190 760
1644200 759
1644210 758
1644220 758
1644230 756
1644240 754
1644250 754
1644260 753
1644270 752
1644280 751
1644290 751
1644300 749
1644310 748
1644320 748
1644330 746
1644340 744
1644350 744
1644360 742
1644370 740
1644380 740
1644390 740
1644400 740
1644410 740
1644420 740
1644430 740
1644440 740
1644450 740
1644460 739
1644470 739
1644480 739
1644490 739
1644500 739
1644510 739
1644520 739
1644530 739
1644540 739
1644550 739
1644560 739
1644570 739
1644580 739
1644590 738
1644600 738
1644610 738
1644620 737
1644630 737
1644640 737
1644650 737
1644660 737
1644670 737
1644680 737
1644690 737
1644700 737
1644710 736
1644720 736
1644730 737
1644740 737
1644750 737
1644760 737
1644770 737
1644780 736
1644790 736
1644800 736
1644810 736
1644820 736
1644830 736
1644840 736
1644850 736
1644860 736
1644870 735
1644880 735
1644890 735
1644900 734
1644910 734
1644920 734
1644930 734
1644940 734
1644950 734
1644960 734
1644970 734
1644980 734
1644990 735
1645000 736
1645010 736
1645020 736
1645030 737
1645040 737
1645050 737
1645060 736
1645070 736
1645080 736
1645090 737
1645100 737
1645110 737
1645120 737
1645130 737
1645140 737
1645150 737
1645160 737
1645170 737
1645180 737
1645190 737
1645200 737
1645210 737
1645220 737
1645230 737
1645240 737
1645250 738
1645260 738
1645270 738
1645280 738
1645290 738
1645300 738
1645310 736
1645320 736
1645330 730
1645340 725
1645350 725
1645360 723
1645370 723
1645380 723
1645390 723
1645400 723
1645410 723
1645420 724
1645430 724
1645440 724
1645450 724
1645460 724
1645470 724
1645480 724
1645490 724
1645500 724
1645510 724
1645520 723
1645530 724
1645540 724
1645550 725
1645560 725
1645570 725
1645580 725
1645590 725
1645600 725
1645610 726
1645620 726
1645630 726
1645640 726
1645650 726
1645660 726
1645670 726
1645680 727
1645690 727
1645700 727
1645710 727
1645720 728
1645730 728
1645740 728
1645750 729
1645760 729
1645770 731
1645780 731
1645790 731
1645800 733
1645810 735
1645820 735
1645830 737
1645840 739
1645850 739
1645860 740
1645870 741
1645880 741
1645890 742
1645900 743
1645910 745
1645920 745
1645930 747
1645940 750
1645950 750
1645960 753
1645970 756
1645980 756
1645990 758
1646000 759
1646010 759
1646020 761
1646030 764
1646040 764
1646050 767
1646060 770
1646070 770
1646080 773
1646090 775
1646100 775
1646110 776
1646120 777
1646130 777
1646140 777
1646150 776
1646160 776
1646170 776
1646180 777
1646190 783
1646200 783
1646210 787
1646220 791
1646230 791
1646240 794
1646250 799
1646260 799
1646270 804
1646280 808
1646290 808
1646300 812
1646310 817
1646320 817
1646330 822
1646340 823
1646350 823
1646360 828
1646370 830
1646380 831
1646390 831
1646400 834
1646410 836
1646420 836
1646430 840
1646440 844
1646450 844
1646460 847
1646470 849
1646480 849
1646490 849
1646500 848
1646510 848
1646520 848
1646530 847
1646540 847
1646550 845
1646560 845
1646570 845
1646580 846
1646590 846
1646600 845
1646610 845
1646620 849
1646630 849
1646640 849
1646650 851
1646660 852
1646670 852
1646680 856
1646690 860
1646700 860
1646710 864
1646720 867
1646730 867
1646740 869
1646750 872
1646760 872
1646770 875
1646780 878
1646790 878
1646800 881
1646810 884
1646820 884
1646830 888
1646840 892
1646850 896
1646860 896
1646870 901
1646880 906
1646890 906
1646900 910
1646910 914
1646920 914
1646930 917
1646940 922
1646950 922
1646960 925
1646970 926
1646980 926
1646990 925
1647000 925
1647010 925
1647020 926
1647030 926
1647040 926
1647050 927
1647060 928
1647070 930
1647080 930
1647090 932
1647100 933
1647110 933
1647120 935
1647130 937
1647140 940
1647150 942
1647160 943
1647170 943
1647180 945
1647190 947
1647200 947
1647210 950
1647220 953
1647230 953
1647240 956
1647250 958
1647260 958
1647270 961
1647280 964
1647290 964
1647300 967
1647310 970
1647320 973
1647330 973
1647340 975
1647350 978
1647360 978
1647370 981
1647380 983
1647390 983
1647400 987
1647410 990
1647420 990
1647430 992
1647440 994
1647450 994
1647460 997
1647470 999
1647480 999
1647490 1001
1647500 1004
1647510 1004
1647520 1005
1647530 1007
1647540 1008
1647550 1008
1647560 1009
1647570 1009
1647580 1009
1647590 1009
1647600 1010
1647610 1010
1647620 1010
1647630 1009
1647640 1009
1647650 1008
1647660 1007
1647670 1007
1647680 1004
1647690 1001
1647700 1001
1647710 997
1647720 994
1647730 994
1647740 991
1647750 988
1647760 988
1647770 984
1647780 980
1647790 977
1647800 977
1647810 975
1647820 973
1647830 973
1647840 971
1647850 969
1647860 969
1647870 967
1647880 964
1647890 964
1647900 962
1647910 961
1647920 959
1647930 958
1647940 957
1647950 957
1647960 956
1647970 953
1647980 953
1647990 952
1648000 950
1648010 949
1648020 949
1648030 948
1648040 946
1648050 946
1648060 945
1648070 945
1648080 945
1648090 944
1648100 943
1648110 943
1648120 942
1648130 942
1648140 942
1648150 942
1648160 942
1648170 942
1648180 942
1648190 941
1648200 941
1648210 941
1648220 940
1648230 940
1648240 940
1648250 940
1648260 939
1648270 939
1648280 939
1648290 937
1648300 937
1648310 935
1648320 932
1648330 932
1648340 928
1648350 924
1648360 924
1648370 920
1648380 916
1648390 916
1648400 912
1648410 908
1648420 908
1648430 904
1648440 900
1648450 900
1648460 895
1648470 890
1648480 885
1648490 885
1648500 881
1648510 876
1648520 876
1648530 871
1648540 867
1648550 867
1648560 862
1648570 857
1648580 857
1648590 853
1648600 850
1648610 850
1648620 846
1648630 841
1648640 841
1648650 835
1648660 828
1648670 828
1648680 827
1648690 827
1648700 831
1648710 831
1648720 835
1648730 838
1648740 838
1648750 841
1648760 844
1648770 844
1648780 846
1648790 849
1648800 849
1648810 853
1648820 856
1648830 856
1648840 859
1648850 861
1648860 861
1648870 864
1648880 867
1648890 867
1648900 870
1648910 873
1648920 873
1648930 876
1648940 879
1648950 882
1648960 882
1648970 885
1648980 888
1648990 888
1649000 890
1649010 892
1649020 892
1649030 894
1649040 897
1649050 897
1649060 900
1649070 903
1649080 903
1649090 905
1649100 907
1649110 907
1649120 909
1649130 911
1649140 911
1649150 914
1649160 915
1649170 917
1649180 917
1649190 918
1649200 919
1649210 919
1649220 919
1649230 919
1649240 919
1649250 919
1649260 918
1649270 918
1649280 917
1649290 915
1649300 915
1649310 914
1649320 913
1649330 913
1649340 912
1649350 910
1649360 910
1649370 909
1649380 907
1649390 907
1649400 906
1649410 906
1649420 905
1649430 905
1649440 904
1649450 903
1649460 903
1649470 899
1649480 898
1649490 898
1649500 898
1649510 897
1649520 897
1649530 897
1649540 896
1649550 896
1649560 896
1649570 895
1649580 895
1649590 895
1649600 894
1649610 894
1649620 892
1649630 889
1649640 884
1649650 884
1649660 879
1649670 875
1649680 875
1649690 871
1649700 867
1649710 867
1649720 863
1649730 859
1649740 859
1649750 855
1649760 850
1649770 850
1649780 845
1649790 840
1649800 840
1649810 835
1649820 830
1649830 830
1649840 825
1649850 820
1649860 816
1649870 816
1649880 813
1649890 809
1649900 809
1649910 803
1649920 807
1649930 807
1649940 812
1649950 815
1649960 815
1649970 818
1649980 821
1649990 821
1650000 825
1650010 827
1650020 827
1650030 829
1650040 832
1650050 832
1650060 834
1650070 836
1650080 836
1650090 839
1650100 840
1650110 840
1650120 840
1650130 838
1650140 835
1650150 835
1650160 832
1650170 830
1650180 830
1650190 828
1650200 825
1650210 825
1650220 823
1650230 821
1650240 818
1650250 815
1650260 813
1650270 813
1650280 810
1650290 808
1650300 808
1650310 806
1650320 804
1650330 806
1650340 806
1650350 812
1650360 817
1650370 817
1650380 821
1650390 825
1650400 825
1650410 829
1650420 833
1650430 833
1650440 836
1650450 841
1650460 841
1650470 845
1650480 850
1650490 850
1650500 855
1650510 859
1650520 859
1650530 863
1650540 867
1650550 867
1650560 870
1650570 874
1650580 879
1650590 879
1650600 883
1650610 887
1650620 887
1650630 892
1650640 897
1650650 897
1650660 902
1650670 906
1650680 906
1650690 911
1650700 916
1650710 916
1650720 920
1650730 924
1650740 924
1650750 928
1650760 932
1650770 932
1650780 935
1650790 937
1650800 938
1650810 938
1650820 938
1650830 937
1650840 937
1650850 934
1650860 931
1650870 931
1650880 928
1650890 925
1650900 925
1650910 924
1650920 923
1650930 923
1650940 923
1650950 923
1650960 923
1650970 923
1650980 923
1650990 923
1651000 921
1651010 921
1651020 921
1651030 922
1651040 922
1651050 922
1651060 922
1651070 922
1651080 922
1651090 922
1651100 923
1651110 923
1651120 923
1651130 924
1651140 925
1651150 925
1651160 926
1651170 926
1651180 926
1651190 926
1651200 927
1651210 927
1651220 927
1651230 926
1651240 926
1651250 923
1651260 918
1651270 914
1651280 914
1651290 909
1651300 905
1651310 905
1651320 901
1651330 897
1651340 897
1651350 894
1651360 891
1651370 891
1651380 888
1651390 885
1651400 885
1651410 883
1651420 880
1651430 880
1651440 878
1651450 876
1651460 876
1651470 874
1651480 871
1651490 869
1651500 869
1651510 867
1651520 865
1651530 865
1651540 862
1651550 858
1651560 858
1651570 855
1651580 854
1651590 854
1651600 852
1651610 852
1651620 852
1651630 851
1651640 847
1651650 847
1651660 846
1651670 848
1651680 848
1651690 849
1651700 851
1651710 851
1651720 852
1651730 853
1651740 854
1651750 854
1651760 852
1651770 854
1651780 854
1651790 855
1651800 856
1651810 856
1651820 858
1651830 860
1651840 860
1651850 861
1651860 862
1651870 862
1651880 864
1651890 865
1651900 865
1651910 864
1651920 863
1651930 863
1651940 862
1651950 861
1651960 859
1651970 859
1651980 857
1651990 855
1652000 855
1652010 853
1652020 852
1652030 852
1652040 850
1652050 849
1652060 849
1652070 846
1652080 844
1652090 844
1652100 839
1652110 835
1652120 835
1652130 833
1652140 830
1652150 830
1652160 828
1652170 826
1652180 826
1652190 824
1652200 821
1652210 820
1652220 820
1652230 818
1652240 815
1652250 815
1652260 812
1652270 809
1652280 809
1652290 805
1652300 802
1652310 802
1652320 800
1652330 797
1652340 797
1652350 794
1652360 790
1652370 790
1652380 787
1652390 783
1652400 783
1652410 781
1652420 778
1652430 776
1652440 776
1652450 775
1652460 774
1652470 774
1652480 773
1652490 776
1652500 776
1652510 782
1652520 784
1652530 784
1652540 790
1652550 793
1652560 793
1652570 794
1652580 798
1652590 798
1652600 799
1652610 799
1652620 799
1652630 800
1652640 801
1652650 801
1652660 802
1652670 803
1652680 803
1652690 803
1652700 803
1652710 803
1652720 803
1652730 803
1652740 803
1652750 803
1652760 803
1652770 802
1652780 802
1652790 801
1652800 799
1652810 799
1652820 798
1652830 796
1652840 796
1652850 793
1652860 788
1652870 788
1652880 783
1652890 778
1652900 775
1652910 775
1652920 771
1652930 770
1652940 770
1652950 772
1652960 777
1652970 777
1652980 780
1652990 780
1653000 780
1653010 780
1653020 779
1653030 779
1653040 778
1653050 777
1653060 777
1653070 776
1653080 774
1653090 774
1653100 773
1653110 772
1653120 770
1653130 770
1653140 768
1653150 767
1653160 767
1653170 766
1653180 765
1653190 765
1653200 765
1653210 764
1653220 764
1653230 762
1653240 762
1653250 762
1653260 762
1653270 761
1653280 759
1653290 761
1653300 762
1653310 762
1653320 763
1653330 764
1653340 764
1653350 764
1653360 765
1653370 766
1653380 766
1653390 767
1653400 768
1653410 768
1653420 769
1653430 769
1653440 769
1653450 770
1653460 770
1653470 770
1653480 771
1653490 771
1653500 771
1653510 773
1653520 776
1653530 776
1653540 783
1653550 791
1653560 791
1653570 798
1653580 803
1653590 808
1653600 808
1653610 815
1653620 819
1653630 819
1653640 815
1653650 822
1653660 822
1653670 825
1653680 832
1653690 832
1653700 841
1653710 843
1653720 843
1653730 844
1653740 849
1653750 849
1653760 850
1653770 846
1653780 846
1653790 845
1653800 845
1653810 845
1653820 848
1653830 853
1653840 857
1653850 857
1653860 855
1653870 851
1653880 851
1653890 844
1653900 837
1653910 837
1653920 830
1653930 823
1653940 823
1653950 821
1653960 826
1653970 826
1653980 831
1653990 838
1654000 838
1654010 845
1654020 850
1654030 851
1654040 858
1654050 865
1654060 872
1654070 872
1654080 877
1654090 882
1654100 882
1654110 888
1654120 893
1654130 893
1654140 899
1654150 903
1654160 903
1654170 906
1654180 908
1654190 908
1654200 909
1654210 910
1654220 910
1654230 912
1654240 914
1654250 914
1654260 915
1654270 917
1654280 918
1654290 918
1654300 919
1654310 920
1654320 920
1654330 919
1654340 915
1654350 915
1654360 908
1654370 902
1654380 902
1654390 898
1654400 890
1654410 890
1654420 884
1654430 878
1654440 878
1654450 873
1654460 867
1654470 867
1654480 861
1654490 856
1654500 856
1654510 850
1654520 844
1654530 838
1654540 838
1654550 833
1654560 829
1654570 829
1654580 823
1654590 817
1654600 817
1654610 812
1654620 811
1654630 811
1654640 812
1654650 814
1654660 814
1654670 819
1654680 825
1654690 825
1654700 834
1654710 842
1654720 842
1654730 851
1654740 859
1654750 868
1654760 868
1654770 873
1654780 876
1654790 876
1654800 879
1654810 883
1654820 883
1654830 888
1654840 893
1654850 893
1654860 898
1654870 903
1654880 903
1654890 908
1654900 913
1654910 913
1654920 917
1654930 921
1654940 921
1654950 924
1654960 927
1654970 927
1654980 930
1654990 932
1655000 934
1655010 934
1655020 936
1655030 940
1655040 940
1655050 943
1655060 947
1655070 947
1655080 950
1655090 954
1655100 954
1655110 957
1655120 960
1655130 960
1655140 964
1655150 966
1655160 966
1655170 969
1655180 971
1655190 971
1655200 971
1655210 975
1655220 977
1655230 977
1655240 980
1655250 982
1655260 982
1655270 985
1655280 989
1655290 989
1655300 992
1655310 995
1655320 995
1655330 999
1655340 1004
1655350 1004
1655360 1008
1655370 1011
1655380 1011
1655390 1014
1655400 1017
1655410 1017
1655420 1018
1655430 1019
1655440 1019
1655450 1022
1655460 1028
1655470 1031
1655480 1031
1655490 1034
1655500 1038
1655510 1038
1655520 1032
1655530 1034
1655540 1034
1655550 1035
1655560 1036
1655570 1036
1655580 1035
1655590 1036
1655600 1036
1655610 1037
1655620 1037
1655630 1037
1655640 1038
1655650 1040
1655660 1040
1655670 1042
1655680 1045
1655690 1048
1655700 1048
1655710 1048
1655720 1048
1655730 1048
1655740 1048
1655750 1050
1655760 1050
1655770 1050
1655780 1050
1655790 1050
1655800 1048
1655810 1046
1655820 1046
1655830 1043
1655840 1041
1655850 1041
1655860 1037
1655870 1034
1655880 1034
1655890 1030
1655900 1028
1655910 1026
1655920 1026
1655930 1023
1655940 1020
1655950 1020
1655960 1020
1655970 1019
1655980 1019
1655990 1019
1656000 1018
1656010 1018
1656020 1019
1656030 1020
1656040 1020
1656050 1021
1656060 1023
1656070 1023
1656080 1023
1656090 1023
1656100 1023
1656110 1022
1656120 1022
1656130 1022
1656140 1022
1656150 1023
1656160 1024
1656170 1024
1656180 1025
1656190 1026
1656200 1026
1656210 1027
1656220 1028
1656230 1028
1656240 1030
1656250 1031
1656260 1027
1656270 1028
1656280 1030
1656290 1030
1656300 1032
1656310 1033
1656320 1033
1656330 1034
1656340 1035
1656350 1035
1656360 1036
1656370 1037
1656380 1038
1656390 1038
1656400 1040
1656410 1043
1656420 1043
1656430 1045
1656440 1047
1656450 1047
1656460 1049
1656470 1051
1656480 1051
1656490 1053
1656500 1055
1656510 1055
1656520 1056
1656530 1057
1656540 1057
1656550 1057
1656560 1057
1656570 1057
1656580 1058
1656590 1059
1656600 1059
1656610 1061
1656620 1062
1656630 1064
1656640 1064
1656650 1065
1656660 1067
1656670 1067
1656680 1070
1656690 1072
1656700 1072
1656710 1074
1656720 1076
1656730 1076
1656740 1078
1656750 1079
1656760 1079
1656770 1080
1656780 1081
1656790 1081
1656800 1083
1656810 1087
1656820 1087
1656830 1089
1656840 1091
1656850 1093
1656860 1093
1656870 1095
1656880 1097
1656890 1097
1656900 1100
1656910 1102
1656920 1102
1656930 1104
1656940 1106
1656950 1106
1656960 1108
1656970 1111
1656980 1111
1656990 1113
1657000 1112
1657010 1112
1657020 1115
1657030 1119
1657040 1119
1657050 1122
1657060 1126
1657070 1126
1657080 1128
1657090 1131
1657100 1134
1657110 1134
1657120 1137
1657130 1141
1657140 1141
1657150 1144
1657160 1149
1657170 1149
1657180 1153
1657190 1156
1657200 1156
1657210 1159
1657220 1161
1657230 1161
1657240 1164
1657250 1167
1657260 1167
1657270 1171
1657280 1175
1657290 1175
1657300 1180
1657310 1184
1657320 1187
1657330 1187
1657340 1191
1657350 1194
1657360 1194
1657370 1198
1657380 1201
1657390 1201
1657400 1204
1657410 1207
1657420 1207
1657430 1209
1657440 1212
1657450 1212
1657460 1214
1657470 1216
1657480 1216
1657490 1217
1657500 1219
1657510 1219
1657520 1221
1657530 1223
1657540 1225
1657550 1225
1657560 1227
1657570 1230
1657580 1230
1657590 1232
1657600 1234
1657610 1234
1657620 1237
1657630 1239
1657640 1239
1657650 1242
1657660 1244
1657670 1244
1657680 1247
1657690 1250
1657700 1250
1657710 1253
1657720 1257
1657730 1257
1657740 1258
1657750 1263
1657760 1263
1657770 1265
1657780 1269
1657790 1273
1657800 1273
1657810 1276
1657820 1279
1657830 1279
1657840 1281
1657850 1283
1657860 1283
1657870 1286
1657880 1289
1657890 1289
1657900 1291
1657910 1294
1657920 1294
1657930 1296
1657940 1300
1657950 1300
1657960 1303
1657970 1306
1657980 1306
1657990 1309
1658000 1312
1658010 1314
1658020 1314
1658030 1316
1658040 1319
1658050 1319
1658060 1321
1658070 1323
1658080 1323
1658090 1325
1658100 1327
1658110 1327
1658120 1330
1658130 1333
1658140 1333
1658150 1334
1658160 1338
1658170 1338
1658180 1342
1658190 1345
1658200 1345
1658210 1347
1658220 1350
1658230 1350
1658240 1352
1658250 1354
1658260 1356
1658270 1356
1658280 1357
1658290 1358
1658300 1358
1658310 1359
1658320 1360
1658330 1360
1658340 1360
1658350 1359
1658360 1359
1658370 1357
1658380 1354
1658390 1354
1658400 1350
1658410 1346
1658420 1346
1658430 1343
1658440 1339
1658450 1339
1658460 1335
1658470 1334
1658480 1330
1658490 1330
1658500 1327
1658510 1323
1658520 1323
1658530 1320
1658540 1316
1658550 1316
1658560 1312
1658570 1308
1658580 1308
1658590 1305
1658600 1301
1658610 1301
1658620 1298
1658630 1294
1658640 1294
1658650 1290
1658660 1287
1658670 1287
1658680 1283
1658690 1279
1658700 1279
1658710 1275
1658720 1271
1658730 1268
1658740 1268
1658750 1265
1658760 1263
1658770 1263
1658780 1261
1658790 1258
1658800 1258
1658810 1255
1658820 1252
1658830 1252
1658840 1249
1658850 1245
1658860 1245
1658870 1242
1658880 1239
1658890 1239
1658900 1236
1658910 1235
1658920 1235
1658930 1233
1658940 1232
1658950 1230
1658960 1230
1658970 1228
1658980 1225
1658990 1225
1659000 1223
1659010 1221
1659020 1221
1659030 1219
1659040 1216
1659050 1216
1659060 1212
1659070 1208
1659080 1208
1659090 1205
1659100 1202
1659110 1202
1659120 1200
1659130 1198
1659140 1198
1659150 1197
1659160 1194
1659170 1191
1659180 1191
1659190 1187
1659200 1185
1659210 1185
1659220 1181
1659230 1177
1659240 1177
1659250 1172
1659260 1165
1659270 1165
1659280 1159
1659290 1153
1659300 1153
1659310 1155
1659320 1158
1659330 1158
1659340 1162
1659350 1165
1659360 1165
1659370 1167
1659380 1168
1659390 1168
1659400 1171
1659410 1171
1659420 1170
1659430 1170
1659440 1171
1659450 1172
1659460 1172
1659470 1175
1659480 1184
1659490 1184
1659500 1189
1659510 1191
1659520 1191
1659530 1194
1659540 1198
1659550 1198
1659560 1201
1659570 1205
1659580 1205
1659590 1210
1659600 1215
1659610 1215
1659620 1219
1659630 1222
1659640 1226
1659650 1226
1659660 1230
1659670 1234
1659680 1234
1659690 1238
1659700 1243
1659710 1243
1659720 1247
1659730 1253
1659740 1253
1659750 1258
1659760 1262
1659770 1262
1659780 1264
1659790 1266
1659800 1266
1659810 1267
1659820 1267
1659830 1267
1659840 1268
1659850 1268
1659860 1268
1659870 1268
1659880 1269
1659890 1271
1659900 1271
1659910 1273
1659920 1277
1659930 1277
1659940 1278
1659950 1279
1659960 1279
1659970 1279
1659980 1280
1659990 1280
