1640000 676
1640010 676
1640020 676
1640030 676
1640040 676
1640050 676
1640060 676
1640070 676
1640080 676
1640090 675
1640100 675
1640110 675
1640120 675
1640130 675
1640140 675
1640150 675
1640160 675
1640170 675
1640180 675
1640190 675
1640200 675
1640210 675
1640220 675
1640230 674
1640240 674
1640250 674
1640260 673
1640270 673
1640280 670
1640290 663
1640300 663
1640310 659
1640320 659
1640330 659
1640340 658
1640350 659
1640360 659
1640370 659
1640380 659
1640390 659
1640400 659
1640410 659
1640420 659
1640430 659
1640440 659
1640450 659
1640460 659
1640470 659
1640480 659
1640490 659
1640500 659
1640510 659
1640520 659
1640530 659
1640540 659
1640550 659
1640560 659
1640570 659
1640580 659
1640590 658
1640600 659
1640610 659
1640620 659
1640630 658
1640640 658
1640650 658
1640660 657
1640670 656
1640680 656
1640690 656
1640700 656
1640710 656
1640720 655
1640730 655
1640740 655
1640750 655
1640760 655
1640770 655
1640780 655
1640790 656
1640800 656
1640810 656
1640820 655
1640830 655
1640840 655
1640850 655
1640860 655
1640870 655
1640880 654
1640890 654
1640900 654
1640910 654
1640920 654
1640930 654
1640940 654
1640950 655
1640960 655
1640970 660
1640980 661
1640990 661
1641000 661
1641010 661
1641020 661
1641030 660
1641040 660
1641050 660
1641060 657
1641070 655
1641080 655
1641090 655
1641100 655
1641110 655
1641120 655
1641130 655
1641140 655
1641150 655
1641160 655
1641170 655
1641180 655
1641190 655
1641200 654
1641210 654
1641220 654
1641230 654
1641240 654
1641250 654
1641260 654
1641270 654
1641280 654
1641290 654
1641300 654
1641310 654
1641320 654
1641330 654
1641340 654
1641350 653
1641360 653
1641370 653
1641380 653
1641390 654
1641400 654
1641410 654
1641420 654
1641430 654
1641440 654
1641450 654
1641460 654
1641470 654
1641480 654
1641490 654
1641500 654
1641510 654
1641520 654
1641530 654
1641540 654
1641550 654
1641560 654
1641570 654
1641580 654
1641590 654
1641600 654
1641610 654
1641620 654
1641630 654
1641640 653
1641650 653
1641660 652
1641670 652
1641680 652
1641690 652
1641700 652
1641710 652
1641720 653
1641730 653
1641740 653
1641750 652
1641760 652
1641770 652
1641780 652
1641790 652
1641800 652
1641810 652
1641820 652
1641830 652
1641840 652
1641850 653
1641860 654
1641870 654
1641880 655
1641890 655
1641900 655
1641910 655
1641920 655
1641930 655
1641940 655
1641950 655
1641960 655
1641970 655
1641980 655
1641990 655
1642000 655
1642010 655
1642020 655
1642030 655
1642040 655
1642050 655
1642060 655
1642070 655
1642080 655
1642090 655
1642100 655
1642110 655
1642120 655
1642130 655
1642140 655
1642150 655
1642160 655
1642170 655
1642180 655
1642190 654
1642200 654
1642210 654
1642220 655
1642230 655
1642240 655
1642250 654
1642260 654
1642270 654
1642280 654
1642290 654
1642300 654
1642310 654
1642320 654
1642330 654
1642340 654
1642350 654
1642360 654
1642370 654
1642380 654
1642390 654
1642400 654
1642410 654
1642420 655
1642430 655
1642440 655
1642450 655
1642460 655
1642470 655
1642480 655
1642490 655
1642500 655
1642510 655
1642520 655
1642530 655
1642540 655
1642550 655
1642560 655
1642570 655
1642580 655
1642590 655
1642600 655
1642610 655
1642620 655
1642630 655
1642640 655
1642650 655
1642660 655
1642670 655
1642680 655
1642690 655
1642700 654
1642710 654
1642720 654
1642730 654
1642740 654
1642750 654
1642760 653
1642770 652
1642780 652
1642790 654
1642800 655
1642810 655
1642820 655
1642830 654
1642840 654
1642850 654
1642860 654
1642870 654
1642880 654
1642890 654
1642900 654
1642910 654
1642920 654
1642930 654
1642940 654
1642950 655
1642960 655
1642970 655
1642980 655
1642990 655
1643000 655
1643010 655
1643020 655
1643030 655
1643040 655
1643050 655
1643060 655
1643070 655
1643080 655
1643090 655
1643100 655
1643110 655
1643120 655
1643130 655
1643140 656
1643150 656
1643160 656
1643170 656
1643180 656
1643190 656
1643200 657
1643210 657
1643220 657
1643230 657
1643240 657
1643250 657
1643260 658
1643270 658
1643280 658
1643290 658
1643300 658
1643310 658
1643320 658
1643330 659
1643340 659
1643350 659
1643360 659
1643370 659
1643380 659
1643390 659
1643400 659
1643410 659
1643420 659
1643430 659
1643440 659
1643450 659
1643460 659
1643470 659
1643480 659
1643490 659
1643500 659
1643510 660
1643520 660
1643530 660
1643540 661
1643550 663
1643560 663
1643570 663
1643580 663
1643590 663
1643600 663
1643610 664
1643620 664
1643630 664
1643640 663
1643650 663
1643660 663
1643670 663
1643680 663
1643690 663
1643700 663
1643710 663
1643720 663
1643730 663
1643740 663
1643750 663
1643760 663
1643770 663
1643780 663
1643790 663
1643800 663
1643810 663
1643820 664
1643830 664
1643840 664
1643850 664
1643860 664
1643870 664
1643880 663
1643890 663
1643900 663
1643910 663
1643920 663
1643930 663
1643940 663
1643950 663
1643960 663
1643970 663
1643980 663
1643990 663
1644000 663
1644010 663
1644020 663
1644030 663
1644040 663
1644050 664
1644060 664
1644070 664
1644080 663
1644090 663
1644100 663
1644110 663
1644120 663
1644130 663
1644140 663
1644150 663
1644160 663
1644170 663
1644180 663
1644190 663
1644200 663
1644210 663
1644220 663
1644230 663
1644240 663
1644250 663
1644260 663
1644270 663
1644280 663
1644290 663
1644300 663
1644310 663
1644320 663
1644330 663
1644340 663
1644350 662
1644360 662
1644370 662
1644380 662
1644390 662
1644400 662
1644410 662
1644420 662
1644430 662
1644440 662
1644450 662
1644460 662
1644470 662
1644480 662
1644490 662
1644500 662
1644510 661
1644520 661
1644530 661
1644540 661
1644550 661
1644560 661
1644570 661
1644580 661
1644590 661
1644600 661
1644610 661
1644620 661
1644630 661
1644640 661
1644650 661
1644660 661
1644670 661
1644680 661
1644690 661
1644700 661
1644710 661
1644720 661
1644730 661
1644740 661
1644750 661
1644760 661
1644770 661
1644780 661
1644790 661
1644800 661
1644810 661
1644820 662
1644830 662
1644840 662
1644850 663
1644860 664
1644870 664
1644880 664
1644890 662
1644900 662
1644910 662
1644920 662
1644930 661
1644940 661
1644950 661
1644960 661
1644970 661
1644980 661
1644990 661
1645000 661
1645010 661
1645020 661
1645030 661
1645040 661
1645050 661
1645060 661
1645070 661
1645080 661
1645090 661
1645100 661
1645110 660
1645120 660
1645130 660
1645140 660
1645150 660
1645160 660
1645170 660
1645180 660
1645190 660
1645200 660
1645210 660
1645220 660
1645230 660
1645240 659
1645250 659
1645260 659
1645270 659
1645280 659
1645290 659
1645300 659
1645310 659
1645320 659
1645330 659
1645340 659
1645350 659
1645360 659
1645370 659
1645380 659
1645390 659
1645400 658
1645410 658
1645420 658
1645430 658
1645440 658
1645450 658
1645460 658
1645470 658
1645480 658
1645490 658
1645500 658
1645510 658
1645520 658
1645530 658
1645540 658
1645550 658
1645560 658
1645570 658
1645580 658
1645590 658
1645600 658
1645610 658
1645620 658
1645630 658
1645640 658
1645650 658
1645660 658
1645670 658
1645680 658
1645690 658
1645700 658
1645710 658
1645720 658
1645730 658
1645740 658
1645750 658
1645760 658
1645770 658
1645780 658
1645790 658
1645800 658
1645810 658
1645820 658
1645830 658
1645840 658
1645850 658
1645860 659
1645870 659
1645880 659
1645890 659
1645900 659
1645910 659
1645920 659
1645930 659
1645940 659
1645950 659
1645960 659
1645970 659
1645980 659
1645990 659
1646000 659
1646010 658
1646020 658
1646030 658
1646040 658
1646050 658
1646060 658
1646070 658
1646080 658
1646090 658
1646100 658
1646110 658
1646120 658
1646130 658
1646140 658
1646150 658
1646160 658
1646170 658
1646180 657
1646190 657
1646200 657
1646210 657
1646220 657
1646230 657
1646240 657
1646250 657
1646260 658
1646270 658
1646280 658
1646290 658
1646300 658
1646310 658
1646320 658
1646330 658
1646340 658
1646350 658
1646360 657
1646370 657
1646380 657
1646390 657
1646400 657
1646410 657
1646420 657
1646430 657
1646440 657
1646450 657
1646460 657
1646470 657
1646480 657
1646490 657
1646500 657
1646510 657
1646520 657
1646530 657
1646540 657
1646550 657
1646560 657
1646570 656
1646580 656
1646590 656
1646600 656
1646610 656
1646620 656
1646630 656
1646640 656
1646650 656
1646660 656
1646670 656
1646680 656
1646690 656
1646700 655
1646710 655
1646720 655
1646730 655
1646740 655
1646750 655
1646760 655
1646770 655
1646780 655
1646790 655
1646800 655
1646810 655
1646820 655
1646830 655
1646840 655
1646850 655
1646860 656
1646870 657
1646880 657
1646890 660
1646900 662
1646910 662
1646920 661
1646930 663
1646940 663
1646950 665
1646960 668
1646970 668
1646980 670
1646990 673
1647000 673
1647010 675
1647020 678
1647030 678
1647040 680
1647050 683
1647060 686
1647070 686
1647080 689
1647090 692
1647100 692
1647110 695
1647120 697
1647130 697
1647140 699
1647150 702
1647160 702
1647170 705
1647180 707
1647190 707
1647200 712
1647210 715
1647220 715
1647230 717
1647240 720
1647250 720
1647260 723
1647270 725
1647280 725
1647290 726
1647300 727
1647310 728
1647320 728
1647330 729
1647340 730
1647350 730
1647360 731
1647370 732
1647380 732
1647390 732
1647400 732
1647410 732
1647420 733
1647430 733
1647440 733
1647450 733
1647460 733
1647470 733
1647480 734
1647490 734
1647500 734
1647510 733
1647520 733
1647530 731
1647540 731
1647550 729
1647560 726
1647570 726
1647580 723
1647590 721
1647600 721
1647610 720
1647620 718
1647630 718
1647640 716
1647650 714
1647660 714
1647670 712
1647680 711
1647690 711
1647700 710
1647710 714
1647720 714
1647730 712
1647740 711
1647750 711
1647760 709
1647770 708
1647780 708
1647790 708
1647800 707
1647810 707
1647820 707
1647830 705
1647840 704
1647850 704
1647860 702
1647870 701
1647880 701
1647890 700
1647900 699
1647910 699
1647920 698
1647930 697
1647940 697
1647950 696
1647960 694
1647970 694
1647980 693
1647990 691
1648000 691
1648010 690
1648020 689
1648030 687
1648040 687
1648050 685
1648060 684
1648070 684
1648080 682
1648090 681
1648100 681
1648110 680
1648120 679
1648130 679
1648140 678
1648150 677
1648160 677
1648170 677
1648180 675
1648190 675
1648200 674
1648210 673
1648220 673
1648230 672
1648240 671
1648250 670
1648260 670
1648270 669
1648280 668
1648290 668
1648300 667
1648310 666
1648320 666
1648330 665
1648340 664
1648350 664
1648360 663
1648370 662
1648380 662
1648390 661
1648400 660
1648410 660
1648420 658
1648430 659
1648440 659
1648450 659
1648460 659
1648470 659
1648480 657
1648490 657
1648500 656
1648510 656
1648520 652
1648530 651
1648540 651
1648550 651
1648560 650
1648570 650
1648580 650
1648590 650
1648600 650
1648610 651
1648620 651
1648630 651
1648640 651
1648650 652
1648660 652
1648670 653
1648680 653
1648690 653
1648700 653
1648710 653
1648720 653
1648730 653
1648740 653
1648750 653
1648760 653
1648770 653
1648780 653
1648790 653
1648800 654
1648810 655
1648820 655
1648830 660
1648840 666
1648850 666
1648860 673
1648870 679
1648880 679
1648890 684
1648900 690
1648910 690
1648920 695
1648930 700
1648940 700
1648950 705
1648960 711
1648970 716
1648980 716
1648990 719
1649000 723
1649010 723
1649020 728
1649030 731
1649040 731
1649050 735
1649060 738
1649070 738
1649080 741
1649090 746
1649100 746
1649110 747
1649120 748
1649130 748
1649140 747
1649150 747
1649160 747
1649170 747
1649180 746
1649190 746
1649200 744
1649210 743
1649220 742
1649230 742
1649240 740
1649250 739
1649260 736
1649270 735
1649280 733
1649290 733
1649300 731
1649310 730
1649320 730
1649330 728
1649340 727
1649350 727
1649360 726
1649370 724
1649380 724
1649390 723
1649400 721
1649410 721
1649420 719
1649430 717
1649440 716
1649450 716
1649460 713
1649470 710
1649480 710
1649490 707
1649500 705
1649510 705
1649520 703
1649530 701
1649540 701
1649550 697
1649560 693
1649570 693
1649580 689
1649590 684
1649600 684
1649610 680
1649620 679
1649630 679
1649640 683
1649650 686
1649660 686
1649670 689
1649680 691
1649690 695
1649700 695
1649710 698
1649720 701
1649730 701
1649740 703
1649750 705
1649760 705
1649770 706
1649780 706
1649790 706
1649800 707
1649810 708
1649820 708
1649830 708
1649840 709
1649850 709
1649860 709
1649870 710
1649880 710
1649890 710
1649900 710
1649910 710
1649920 711
1649930 711
1649940 710
1649950 710
1649960 710
1649970 710
1649980 710
1649990 710
1650000 709
1650010 709
1650020 708
1650030 705
1650040 705
1650050 704
1650060 700
1650070 700
1650080 699
1650090 696
1650100 696
1650110 697
1650120 699
1650130 699
1650140 702
1650150 704
1650160 706
1650170 706
1650180 706
1650190 706
1650200 706
1650210 707
1650220 707
1650230 707
1650240 707
1650250 708
1650260 708
1650270 708
1650280 709
1650290 709
1650300 709
1650310 709
1650320 709
1650330 710
1650340 710
1650350 710
1650360 711
1650370 711
1650380 711
1650390 711
1650400 711
1650410 712
1650420 712
1650430 712
1650440 712
1650450 712
1650460 712
1650470 712
1650480 712
1650490 713
1650500 713
1650510 713
1650520 712
1650530 712
1650540 712
1650550 712
1650560 711
1650570 711
1650580 711
1650590 710
1650600 710
1650610 709
1650620 710
1650630 710
1650640 709
1650650 709
1650660 708
1650670 708
1650680 709
1650690 707
1650700 707
1650710 703
1650720 701
1650730 701
1650740 700
1650750 699
1650760 699
1650770 699
1650780 700
1650790 700
1650800 701
1650810 703
1650820 703
1650830 704
1650840 705
1650850 705
1650860 706
1650870 709
1650880 712
1650890 712
1650900 713
1650910 715
1650920 715
1650930 719
1650940 723
1650950 723
1650960 728
1650970 731
1650980 731
1650990 732
1651000 734
1651010 734
1651020 736
1651030 742
1651040 742
1651050 747
1651060 752
1651070 752
1651080 757
1651090 762
1651100 762
1651110 765
1651120 767
1651130 769
1651140 769
1651150 771
1651160 772
1651170 772
1651180 774
1651190 777
1651200 777
1651210 779
1651220 780
1651230 780
1651240 780
1651250 779
1651260 779
1651270 779
1651280 778
1651290 778
1651300 777
1651310 776
1651320 776
1651330 776
1651340 775
1651350 775
1651360 775
1651370 774
1651380 774
1651390 774
1651400 774
1651410 775
1651420 775
1651430 776
1651440 777
1651450 777
1651460 778
1651470 779
1651480 779
1651490 779
1651500 780
1651510 780
1651520 779
1651530 778
1651540 778
1651550 778
1651560 783
1651570 783
1651580 778
1651590 770
1651600 764
1651610 764
1651620 766
1651630 771
1651640 771
1651650 778
1651660 784
1651670 784
1651680 788
1651690 792
1651700 792
1651710 793
1651720 793
1651730 793
1651740 793
1651750 793
1651760 793
1651770 794
1651780 795
1651790 795
1651800 795
1651810 795
1651820 795
1651830 795
1651840 796
1651850 795
1651860 795
1651870 794
1651880 793
1651890 793
1651900 791
1651910 789
1651920 789
1651930 787
1651940 786
1651950 786
1651960 784
1651970 783
1651980 783
1651990 778
1652000 775
1652010 775
1652020 779
1652030 784
1652040 784
1652050 787
1652060 790
1652070 792
1652080 792
1652090 795
1652100 798
1652110 798
1652120 801
1652130 805
1652140 805
1652150 809
1652160 813
1652170 813
1652180 817
1652190 820
1652200 820
1652210 824
1652220 827
1652230 827
1652240 829
1652250 831
1652260 831
1652270 833
1652280 835
1652290 835
1652300 838
1652310 840
1652320 843
1652330 843
1652340 842
1652350 839
1652360 839
1652370 836
1652380 835
1652390 835
1652400 837
1652410 842
1652420 842
1652430 849
1652440 857
1652450 857
1652460 862
1652470 867
1652480 867
1652490 872
1652500 875
1652510 875
1652520 879
1652530 883
1652540 883
1652550 887
1652560 890
1652570 894
1652580 894
1652590 898
1652600 902
1652610 902
1652620 906
1652630 909
1652640 909
1652650 912
1652660 916
1652670 916
1652680 919
1652690 922
1652700 922
1652710 926
1652720 930
1652730 930
1652740 933
1652750 937
1652760 937
1652770 941
1652780 945
1652790 949
1652800 949
1652810 953
1652820 957
1652830 957
1652840 961
1652850 965
1652860 965
1652870 969
1652880 973
1652890 973
1652900 977
1652910 981
1652920 981
1652930 984
1652940 987
1652950 987
1652960 990
1652970 993
1652980 993
1652990 996
1653000 999
1653010 999
1653020 1002
1653030 1004
1653040 1005
1653050 1005
1653060 1007
1653070 1006
1653080 1006
1653090 1007
1653100 1010
1653110 1010
1653120 1011
1653130 1013
1653140 1013
1653150 1015
1653160 1017
1653170 1017
1653180 1019
1653190 1021
1653200 1021
1653210 1023
1653220 1025
1653230 1025
1653240 1027
1653250 1030
1653260 1030
1653270 1033
1653280 1036
1653290 1040
1653300 1040
1653310 1044
1653320 1048
1653330 1048
1653340 1052
1653350 1057
1653360 1057
1653370 1061
1653380 1066
1653390 1066
1653400 1070
1653410 1074
1653420 1074
1653430 1078
1653440 1081
1653450 1081
1653460 1084
1653470 1087
1653480 1087
1653490 1090
1653500 1092
1653510 1094
1653520 1094
1653530 1096
1653540 1098
1653550 1098
1653560 1100
1653570 1101
1653580 1101
1653590 1102
1653600 1103
1653610 1103
1653620 1105
1653630 1107
1653640 1107
1653650 1109
1653660 1112
1653670 1112
1653680 1115
1653690 1118
1653700 1118
1653710 1122
1653720 1126
1653730 1126
1653740 1129
1653750 1132
1653760 1135
1653770 1135
1653780 1138
1653790 1141
1653800 1141
1653810 1145
1653820 1145
1653830 1145
1653840 1148
1653850 1150
1653860 1150
1653870 1150
1653880 1146
1653890 1146
1653900 1141
1653910 1136
1653920 1136
1653930 1131
1653940 1125
1653950 1125
1653960 1119
1653970 1115
1653980 1108
1653990 1108
1654000 1103
1654010 1097
1654020 1097
1654030 1091
1654040 1085
1654050 1085
1654060 1079
1654070 1073
1654080 1073
1654090 1068
1654100 1066
1654110 1066
1654120 1062
1654130 1060
1654140 1060
1654150 1058
1654160 1058
1654170 1058
1654180 1059
1654190 1058
1654200 1058
1654210 1053
1654220 1049
1654230 1046
1654240 1046
1654250 1044
1654260 1041
1654270 1041
1654280 1036
1654290 1031
1654300 1031
1654310 1025
1654320 1018
1654330 1018
1654340 1011
1654350 1004
1654360 1004
1654370 996
1654380 988
1654390 988
1654400 979
1654410 973
1654420 973
1654430 964
1654440 957
1654450 957
1654460 949
1654470 942
1654480 934
1654490 934
1654500 927
1654510 922
1654520 922
1654530 921
1654540 923
1654550 923
1654560 930
1654570 939
1654580 939
1654590 947
1654600 954
1654610 954
1654620 961
1654630 967
1654640 967
1654650 973
1654660 979
1654670 979
1654680 985
1654690 990
1654700 996
1654710 996
1654720 1002
1654730 1007
1654740 1007
1654750 1013
1654760 1020
1654770 1020
1654780 1026
1654790 1032
1654800 1032
1654810 1039
1654820 1046
1654830 1046
1654840 1053
1654850 1062
1654860 1062
1654870 1070
1654880 1078
1654890 1078
1654900 1083
1654910 1089
1654920 1089
1654930 1095
1654940 1101
1654950 1106
1654960 1106
1654970 1112
1654980 1118
1654990 1118
1655000 1123
1655010 1128
1655020 1128
1655030 1132
1655040 1135
1655050 1135
1655060 1135
1655070 1136
1655080 1136
1655090 1137
1655100 1138
1655110 1138
1655120 1140
1655130 1142
1655140 1142
1655150 1144
1655160 1147
1655170 1147
1655180 1150
1655190 1153
1655200 1156
1655210 1156
1655220 1158
1655230 1161
1655240 1161
1655250 1163
1655260 1165
1655270 1165
1655280 1165
1655290 1165
1655300 1165
1655310 1165
1655320 1161
1655330 1161
1655340 1160
1655350 1159
1655360 1159
1655370 1158
1655380 1157
1655390 1157
1655400 1157
1655410 1157
1655420 1157
1655430 1157
1655440 1157
1655450 1156
1655460 1156
1655470 1154
1655480 1153
1655490 1153
1655500 1152
1655510 1152
1655520 1152
1655530 1152
1655540 1153
1655550 1153
1655560 1155
1655570 1157
1655580 1157
1655590 1159
1655600 1161
1655610 1161
1655620 1163
1655630 1166
1655640 1166
1655650 1168
1655660 1171
1655670 1174
1655680 1174
1655690 1176
1655700 1179
1655710 1179
1655720 1182
1655730 1184
1655740 1184
1655750 1185
1655760 1185
1655770 1185
1655780 1184
1655790 1182
1655800 1182
1655810 1179
1655820 1175
1655830 1175
1655840 1172
1655850 1168
1655860 1168
1655870 1165
1655880 1162
1655890 1162
1655900 1160
1655910 1158
1655920 1155
1655930 1155
1655940 1153
1655950 1152
1655960 1152
1655970 1151
1655980 1150
1655990 1150
1656000 1148
1656010 1147
1656020 1147
1656030 1146
1656040 1145
1656050 1145
1656060 1140
1656070 1140
1656080 1140
1656090 1142
1656100 1143
1656110 1143
1656120 1144
1656130 1147
1656140 1150
1656150 1150
1656160 1153
1656170 1155
1656180 1155
1656190 1156
1656200 1156
1656210 1156
1656220 1155
1656230 1154
1656240 1154
1656250 1153
1656260 1152
1656270 1152
1656280 1150
1656290 1149
1656300 1149
1656310 1147
1656320 1145
1656330 1145
1656340 1143
1656350 1142
1656360 1142
1656370 1144
1656380 1147
1656390 1150
1656400 1150
1656410 1153
1656420 1156
1656430 1156
1656440 1158
1656450 1161
1656460 1161
1656470 1164
1656480 1167
1656490 1167
1656500 1170
1656510 1173
1656520 1173
1656530 1174
1656540 1177
1656550 1177
1656560 1180
1656570 1183
1656580 1183
1656590 1185
1656600 1187
1656610 1187
1656620 1190
1656630 1193
1656640 1196
1656650 1196
1656660 1198
1656670 1201
1656680 1201
1656690 1203
1656700 1206
1656710 1206
1656720 1208
1656730 1209
1656740 1209
1656750 1211
1656760 1213
1656770 1213
1656780 1215
1656790 1215
1656800 1209
1656810 1215
1656820 1222
1656830 1222
1656840 1229
1656850 1235
1656860 1242
1656870 1242
1656880 1248
1656890 1254
1656900 1254
1656910 1261
1656920 1267
1656930 1267
1656940 1274
1656950 1280
1656960 1280
1656970 1286
1656980 1290
1656990 1290
1657000 1296
1657010 1301
1657020 1301
1657030 1306
1657040 1311
1657050 1311
1657060 1316
1657070 1322
1657080 1322
1657090 1327
1657100 1333
1657110 1338
1657120 1338
1657130 1342
1657140 1347
1657150 1347
1657160 1350
1657170 1354
1657180 1354
1657190 1356
1657200 1358
1657210 1358
1657220 1360
1657230 1362
1657240 1362
1657250 1364
1657260 1365
1657270 1365
1657280 1367
1657290 1368
1657300 1368
1657310 1370
1657320 1372
1657330 1374
1657340 1374
1657350 1375
1657360 1377
1657370 1377
1657380 1379
1657390 1381
1657400 1381
1657410 1384
1657420 1386
1657430 1386
1657440 1389
1657450 1391
1657460 1391
1657470 1395
1657480 1398
1657490 1398
1657500 1400
1657510 1403
1657520 1403
1657530 1405
1657540 1401
1657550 1401
1657560 1403
1657570 1404
1657580 1406
1657590 1406
1657600 1407
1657610 1408
1657620 1408
1657630 1409
1657640 1410
1657650 1410
1657660 1411
1657670 1412
1657680 1412
1657690 1412
1657700 1413
1657710 1413
1657720 1413
1657730 1414
1657740 1414
1657750 1414
1657760 1414
1657770 1414
1657780 1413
1657790 1412
1657800 1412
1657810 1411
1657820 1409
1657830 1406
1657840 1406
1657850 1402
1657860 1398
1657870 1398
1657880 1394
1657890 1391
1657900 1391
1657910 1388
1657920 1385
1657930 1385
1657940 1382
1657950 1379
1657960 1379
1657970 1376
1657980 1373
1657990 1373
1658000 1370
1658010 1366
1658020 1366
1658030 1363
1658040 1362
1658050 1362
1658060 1362
1658070 1361
1658080 1360
1658090 1360
1658100 1360
1658110 1360
1658120 1360
1658130 1360
1658140 1359
1658150 1359
1658160 1359
1658170 1358
1658180 1358
1658190 1358
1658200 1358
1658210 1358
1658220 1358
1658230 1358
1658240 1358
1658250 1357
1658260 1358
1658270 1353
1658280 1353
1658290 1353
1658300 1353
1658310 1353
1658320 1353
1658330 1351
1658340 1351
1658350 1350
1658360 1348
1658370 1348
1658380 1344
1658390 1343
1658400 1343
1658410 1339
1658420 1335
1658430 1335
1658440 1331
1658450 1326
1658460 1326
1658470 1321
1658480 1316
1658490 1316
1658500 1309
1658510 1302
1658520 1302
1658530 1296
1658540 1291
1658550 1285
1658560 1285
1658570 1279
1658580 1273
1658590 1273
1658600 1267
1658610 1260
1658620 1260
1658630 1253
1658640 1244
1658650 1244
1658660 1237
1658670 1231
1658680 1231
1658690 1225
1658700 1219
1658710 1219
1658720 1214
1658730 1208
1658740 1208
1658750 1209
1658760 1216
1658770 1221
1658780 1221
1658790 1225
1658800 1228
1658810 1228
1658820 1230
1658830 1230
1658840 1230
1658850 1228
1658860 1225
1658870 1225
1658880 1221
1658890 1216
1658900 1216
1658910 1215
1658920 1220
1658930 1220
1658940 1225
1658950 1231
1658960 1231
1658970 1236
1658980 1241
1658990 1241
1659000 1248
1659010 1253
1659020 1258
1659030 1258
1659040 1263
1659050 1268
1659060 1268
1659070 1275
1659080 1281
1659090 1281
1659100 1286
1659110 1290
1659120 1290
1659130 1295
1659140 1299
1659150 1299
1659160 1302
1659170 1305
1659180 1305
1659190 1304
1659200 1300
1659210 1300
1659220 1297
1659230 1293
1659240 1293
1659250 1289
1659260 1285
1659270 1281
1659280 1281
1659290 1277
1659300 1273
1659310 1273
1659320 1269
1659330 1266
1659340 1266
1659350 1263
1659360 1261
1659370 1261
1659380 1259
1659390 1257
1659400 1257
1659410 1257
1659420 1259
1659430 1259
1659440 1261
1659450 1262
1659460 1262
1659470 1265
1659480 1268
1659490 1272
1659500 1272
1659510 1276
1659520 1279
1659530 1279
1659540 1281
1659550 1283
1659560 1283
1659570 1283
1659580 1282
1659590 1282
1659600 1281
1659610 1280
1659620 1280
1659630 1279
1659640 1278
1659650 1278
1659660 1277
1659670 1275
1659680 1275
1659690 1274
1659700 1272
1659710 1272
1659720 1271
1659730 1264
1659740 1263
1659750 1263
1659760 1261
1659770 1258
1659780 1258
1659790 1256
1659800 1253
1659810 1253
1659820 1250
1659830 1246
1659840 1246
1659850 1242
1659860 1238
1659870 1238
1659880 1234
1659890 1230
1659900 1230
1659910 1225
1659920 1220
1659930 1220
1659940 1215
1659950 1210
1659960 1210
1659970 1206
1659980 1202
1659990 1199
