1640000 684
1640010 684
1640020 684
1640030 684
1640040 684
1640050 684
1640060 684
1640070 684
1640080 684
1640090 684
1640100 684
1640110 683
1640120 683
1640130 683
1640140 683
1640150 683
1640160 683
1640170 683
1640180 683
1640190 683
1640200 683
1640210 683
1640220 683
1640230 683
1640240 683
1640250 683
1640260 683
1640270 683
1640280 683
1640290 683
1640300 682
1640310 682
1640320 682
1640330 682
1640340 682
1640350 682
1640360 682
1640370 682
1640380 682
1640390 682
1640400 682
1640410 682
1640420 682
1640430 682
1640440 682
1640450 682
1640460 682
1640470 682
1640480 682
1640490 682
1640500 682
1640510 682
1640520 681
1640530 681
1640540 681
1640550 681
1640560 681
1640570 681
1640580 681
1640590 681
1640600 681
1640610 681
1640620 681
1640630 681
1640640 680
1640650 680
1640660 680
1640670 680
1640680 680
1640690 680
1640700 680
1640710 680
1640720 680
1640730 680
1640740 680
1640750 680
1640760 680
1640770 680
1640780 680
1640790 680
1640800 680
1640810 680
1640820 680
1640830 680
1640840 680
1640850 680
1640860 679
1640870 679
1640880 679
1640890 679
1640900 679
1640910 679
1640920 679
1640930 679
1640940 679
1640950 679
1640960 679
1640970 679
1640980 679
1640990 679
1641000 679
1641010 679
1641020 679
1641030 679
1641040 679
1641050 679
1641060 679
1641070 679
1641080 678
1641090 678
1641100 678
1641110 678
1641120 678
1641130 678
1641140 678
1641150 678
1641160 678
1641170 678
1641180 678
1641190 678
1641200 678
1641210 678
1641220 678
1641230 678
1641240 678
1641250 678
1641260 678
1641270 678
1641280 677
1641290 677
1641300 677
1641310 677
1641320 677
1641330 677
1641340 677
1641350 677
1641360 677
1641370 677
1641380 677
1641390 677
1641400 677
1641410 677
1641420 677
1641430 677
1641440 677
1641450 677
1641460 677
1641470 676
1641480 676
1641490 676
1641500 676
1641510 676
1641520 676
1641530 676
1641540 676
1641550 676
1641560 676
1641570 676
1641580 676
1641590 676
1641600 676
1641610 676
1641620 676
1641630 676
1641640 676
1641650 675
1641660 675
1641670 675
1641680 675
1641690 675
1641700 675
1641710 675
1641720 675
1641730 675
1641740 675
1641750 675
1641760 675
1641770 675
1641780 675
1641790 675
1641800 675
1641810 675
1641820 675
1641830 674
1641840 674
1641850 674
1641860 674
1641870 674
1641880 674
1641890 674
1641900 673
1641910 674
1641920 674
1641930 674
1641940 674
1641950 674
1641960 674
1641970 674
1641980 674
1641990 673
1642000 673
1642010 673
1642020 673
1642030 673
1642040 673
1642050 673
1642060 673
1642070 673
1642080 673
1642090 673
1642100 673
1642110 673
1642120 673
1642130 673
1642140 673
1642150 673
1642160 673
1642170 673
1642180 673
1642190 673
1642200 673
1642210 672
1642220 672
1642230 672
1642240 672
1642250 671
1642260 671
1642270 671
1642280 671
1642290 671
1642300 671
1642310 671
1642320 671
1642330 672
1642340 671
1642350 671
1642360 671
1642370 671
1642380 672
1642390 672
1642400 672
1642410 672
1642420 672
1642430 671
1642440 671
1642450 671
1642460 671
1642470 671
1642480 671
1642490 671
1642500 671
1642510 671
1642520 671
1642530 671
1642540 671
1642550 671
1642560 671
1642570 671
1642580 671
1642590 671
1642600 671
1642610 671
1642620 671
1642630 671
1642640 671
1642650 671
1642660 670
1642670 670
1642680 670
1642690 670
1642700 670
1642710 670
1642720 670
1642730 670
1642740 670
1642750 670
1642760 670
1642770 670
1642780 670
1642790 670
1642800 670
1642810 670
1642820 670
1642830 670
1642840 670
1642850 670
1642860 670
1642870 670
1642880 670
1642890 670
1642900 669
1642910 669
1642920 669
1642930 669
1642940 669
1642950 669
1642960 669
1642970 669
1642980 669
1642990 669
1643000 669
1643010 669
1643020 669
1643030 669
1643040 669
1643050 669
1643060 669
1643070 669
1643080 669
1643090 669
1643100 669
1643110 669
1643120 669
1643130 668
1643140 668
1643150 668
1643160 668
1643170 668
1643180 668
1643190 668
1643200 668
1643210 668
1643220 668
1643230 668
1643240 668
1643250 668
1643260 668
1643270 668
1643280 668
1643290 668
1643300 667
1643310 667
1643320 667
1643330 667
1643340 667
1643350 667
1643360 667
1643370 667
1643380 667
1643390 667
1643400 667
1643410 667
1643420 667
1643430 667
1643440 667
1643450 667
1643460 667
1643470 667
1643480 667
1643490 667
1643500 667
1643510 667
1643520 667
1643530 667
1643540 667
1643550 667
1643560 667
1643570 667
1643580 666
1643590 666
1643600 666
1643610 666
1643620 666
1643630 666
1643640 666
1643650 666
1643660 666
1643670 666
1643680 666
1643690 666
1643700 666
1643710 666
1643720 666
1643730 666
1643740 666
1643750 666
1643760 666
1643770 666
1643780 665
1643790 665
1643800 665
1643810 666
1643820 666
1643830 665
1643840 665
1643850 665
1643860 665
1643870 665
1643880 665
1643890 665
1643900 665
1643910 665
1643920 665
1643930 665
1643940 665
1643950 665
1643960 665
1643970 665
1643980 665
1643990 665
1644000 665
1644010 665
1644020 665
1644030 664
1644040 664
1644050 664
1644060 664
1644070 664
1644080 664
1644090 664
1644100 664
1644110 664
1644120 664
1644130 664
1644140 664
1644150 664
1644160 664
1644170 664
1644180 664
1644190 664
1644200 664
1644210 664
1644220 664
1644230 664
1644240 664
1644250 663
1644260 663
1644270 663
1644280 663
1644290 663
1644300 663
1644310 663
1644320 663
1644330 663
1644340 663
1644350 663
1644360 663
1644370 663
1644380 663
1644390 663
1644400 663
1644410 663
1644420 663
1644430 663
1644440 663
1644450 663
1644460 663
1644470 663
1644480 663
1644490 663
1644500 662
1644510 662
1644520 662
1644530 662
1644540 662
1644550 662
1644560 662
1644570 662
1644580 662
1644590 662
1644600 662
1644610 662
1644620 662
1644630 662
1644640 662
1644650 662
1644660 662
1644670 662
1644680 662
1644690 662
1644700 662
1644710 662
1644720 662
1644730 662
1644740 662
1644750 662
1644760 662
1644770 662
1644780 663
1644790 663
1644800 662
1644810 662
1644820 662
1644830 662
1644840 662
1644850 661
1644860 661
1644870 661
1644880 661
1644890 661
1644900 661
1644910 661
1644920 661
1644930 661
1644940 661
1644950 661
1644960 661
1644970 661
1644980 661
1644990 661
1645000 661
1645010 661
1645020 661
1645030 661
1645040 661
1645050 660
1645060 660
1645070 660
1645080 660
1645090 660
1645100 660
1645110 660
1645120 660
1645130 660
1645140 660
1645150 660
1645160 660
1645170 660
1645180 660
1645190 661
1645200 661
1645210 661
1645220 660
1645230 660
1645240 660
1645250 659
1645260 659
1645270 659
1645280 660
1645290 660
1645300 659
1645310 659
1645320 659
1645330 659
1645340 659
1645350 659
1645360 659
1645370 659
1645380 659
1645390 659
1645400 659
1645410 659
1645420 659
1645430 659
1645440 659
1645450 659
1645460 659
1645470 659
1645480 659
1645490 658
1645500 658
1645510 658
1645520 658
1645530 658
1645540 658
1645550 658
1645560 658
1645570 658
1645580 658
1645590 658
1645600 658
1645610 658
1645620 658
1645630 658
1645640 658
1645650 658
1645660 658
1645670 658
1645680 657
1645690 657
1645700 657
1645710 657
1645720 657
1645730 657
1645740 658
1645750 658
1645760 658
1645770 657
1645780 657
1645790 657
1645800 657
1645810 657
1645820 656
1645830 656
1645840 656
1645850 656
1645860 656
1645870 656
1645880 656
1645890 656
1645900 656
1645910 656
1645920 656
1645930 656
1645940 656
1645950 656
1645960 656
1645970 656
1645980 656
1645990 656
1646000 656
1646010 656
1646020 655
1646030 655
1646040 655
1646050 655
1646060 655
1646070 655
1646080 655
1646090 655
1646100 655
1646110 655
1646120 655
1646130 655
1646140 655
1646150 655
1646160 654
1646170 654
1646180 654
1646190 654
1646200 654
1646210 654
1646220 654
1646230 654
1646240 654
1646250 654
1646260 654
1646270 654
1646280 654
1646290 654
1646300 654
1646310 654
1646320 654
1646330 654
1646340 654
1646350 654
1646360 654
1646370 654
1646380 654
1646390 654
1646400 654
1646410 654
1646420 654
1646430 654
1646440 654
1646450 654
1646460 654
1646470 654
1646480 654
1646490 654
1646500 654
1646510 654
1646520 654
1646530 654
1646540 653
1646550 653
1646560 653
1646570 653
1646580 653
1646590 653
1646600 653
1646610 653
1646620 653
1646630 653
1646640 653
1646650 653
1646660 653
1646670 653
1646680 653
1646690 653
1646700 653
1646710 653
1646720 653
1646730 653
1646740 653
1646750 653
1646760 653
1646770 653
1646780 653
1646790 653
1646800 653
1646810 653
1646820 652
1646830 652
1646840 652
1646850 652
1646860 652
1646870 652
1646880 652
1646890 652
1646900 652
1646910 652
1646920 652
1646930 652
1646940 652
1646950 652
1646960 652
1646970 652
1646980 652
1646990 652
1647000 652
1647010 652
1647020 652
1647030 653
1647040 654
1647050 654
1647060 654
1647070 655
1647080 655
1647090 655
1647100 655
1647110 655
1647120 654
1647130 653
1647140 653
1647150 652
1647160 652
1647170 652
1647180 652
1647190 652
1647200 652
1647210 652
1647220 652
1647230 652
1647240 651
1647250 651
1647260 651
1647270 652
1647280 652
1647290 651
1647300 651
1647310 651
1647320 651
1647330 651
1647340 651
1647350 651
1647360 651
1647370 651
1647380 651
1647390 651
1647400 651
1647410 650
1647420 650
1647430 651
1647440 651
1647450 651
1647460 651
1647470 651
1647480 651
1647490 651
1647500 651
1647510 651
1647520 651
1647530 650
1647540 650
1647550 650
1647560 650
1647570 649
1647580 649
1647590 649
1647600 649
1647610 649
1647620 649
1647630 649
1647640 649
1647650 649
1647660 649
1647670 649
1647680 649
1647690 649
1647700 649
1647710 649
1647720 649
1647730 649
1647740 649
1647750 649
1647760 649
1647770 649
1647780 649
1647790 649
1647800 649
1647810 649
1647820 649
1647830 649
1647840 649
1647850 649
1647860 649
1647870 649
1647880 649
1647890 649
1647900 648
1647910 648
1647920 648
1647930 648
1647940 648
1647950 648
1647960 648
1647970 648
1647980 648
1647990 648
1648000 648
1648010 648
1648020 648
1648030 648
1648040 648
1648050 648
1648060 648
1648070 648
1648080 648
1648090 648
1648100 648
1648110 648
1648120 648
1648130 648
1648140 648
1648150 647
1648160 647
1648170 647
1648180 647
1648190 647
1648200 647
1648210 647
1648220 646
1648230 646
1648240 646
1648250 646
1648260 646
1648270 646
1648280 646
1648290 646
1648300 646
1648310 646
1648320 646
1648330 646
1648340 646
1648350 646
1648360 646
1648370 646
1648380 646
1648390 646
1648400 646
1648410 646
1648420 646
1648430 645
1648440 645
1648450 645
1648460 645
1648470 645
1648480 645
1648490 645
1648500 645
1648510 645
1648520 645
1648530 644
1648540 644
1648550 644
1648560 642
1648570 642
1648580 642
1648590 644
1648600 645
1648610 645
1648620 645
1648630 645
1648640 645
1648650 645
1648660 645
1648670 645
1648680 645
1648690 645
1648700 645
1648710 645
1648720 645
1648730 645
1648740 645
1648750 644
1648760 643
1648770 643
1648780 645
1648790 645
1648800 645
1648810 645
1648820 645
1648830 645
1648840 645
1648850 644
1648860 644
1648870 644
1648880 644
1648890 644
1648900 644
1648910 644
1648920 644
1648930 644
1648940 644
1648950 644
1648960 644
1648970 644
1648980 644
1648990 644
1649000 643
1649010 642
1649020 642
1649030 641
1649040 638
1649050 638
1649060 636
1649070 636
1649080 636
1649090 635
1649100 635
1649110 635
1649120 634
1649130 634
1649140 634
1649150 633
1649160 633
1649170 633
1649180 633
1649190 633
1649200 633
1649210 633
1649220 632
1649230 633
1649240 633
1649250 633
1649260 633
1649270 633
1649280 633
1649290 633
1649300 633
1649310 633
1649320 633
1649330 633
1649340 633
1649350 633
1649360 633
1649370 633
1649380 633
1649390 633
1649400 633
1649410 633
1649420 633
1649430 633
1649440 633
1649450 634
1649460 634
1649470 634
1649480 634
1649490 634
1649500 634
1649510 633
1649520 633
1649530 633
1649540 633
1649550 633
1649560 633
1649570 633
1649580 633
1649590 633
1649600 633
1649610 633
1649620 633
1649630 633
1649640 633
1649650 633
1649660 633
1649670 633
1649680 632
1649690 632
1649700 632
1649710 632
1649720 632
1649730 632
1649740 632
1649750 632
1649760 632
1649770 632
1649780 632
1649790 632
1649800 632
1649810 632
1649820 632
1649830 632
1649840 630
1649850 631
1649860 631
1649870 632
1649880 631
1649890 631
1649900 631
1649910 631
1649920 631
1649930 631
1649940 630
1649950 630
1649960 630
1649970 630
1649980 630
1649990 630
1650000 630
1650010 630
1650020 630
1650030 630
1650040 630
1650050 630
1650060 630
1650070 630
1650080 630
1650090 630
1650100 630
1650110 630
1650120 630
1650130 630
1650140 630
1650150 630
1650160 630
1650170 630
1650180 630
1650190 629
1650200 629
1650210 629
1650220 629
1650230 629
1650240 629
1650250 629
1650260 629
1650270 629
1650280 629
1650290 628
1650300 628
1650310 628
1650320 628
1650330 628
1650340 628
1650350 628
1650360 628
1650370 628
1650380 628
1650390 628
1650400 628
1650410 628
1650420 628
1650430 628
1650440 628
1650450 627
1650460 627
1650470 627
1650480 627
1650490 627
1650500 627
1650510 627
1650520 627
1650530 627
1650540 627
1650550 627
1650560 627
1650570 627
1650580 627
1650590 627
1650600 627
1650610 627
1650620 627
1650630 627
1650640 627
1650650 627
1650660 627
1650670 627
1650680 627
1650690 627
1650700 627
1650710 627
1650720 626
1650730 626
1650740 626
1650750 626
1650760 626
1650770 626
1650780 626
1650790 626
1650800 626
1650810 626
1650820 626
1650830 626
1650840 626
1650850 626
1650860 626
1650870 626
1650880 626
1650890 626
1650900 626
1650910 626
1650920 626
1650930 626
1650940 626
1650950 626
1650960 626
1650970 626
1650980 626
1650990 626
1651000 626
1651010 626
1651020 626
1651030 626
1651040 626
1651050 626
1651060 626
1651070 625
1651080 625
1651090 626
1651100 626
1651110 626
1651120 625
1651130 625
1651140 625
1651150 625
1651160 625
1651170 626
1651180 626
1651190 626
1651200 627
1651210 627
1651220 627
1651230 626
1651240 626
1651250 625
1651260 625
1651270 625
1651280 625
1651290 625
1651300 625
1651310 625
1651320 625
1651330 625
1651340 626
1651350 626
1651360 626
1651370 626
1651380 626
1651390 626
1651400 626
1651410 626
1651420 626
1651430 626
1651440 626
1651450 626
1651460 626
1651470 626
1651480 626
1651490 626
1651500 626
1651510 626
1651520 626
1651530 626
1651540 626
1651550 626
1651560 626
1651570 628
1651580 628
1651590 627
1651600 626
1651610 626
1651620 627
1651630 626
1651640 626
1651650 626
1651660 626
1651670 626
1651680 626
1651690 625
1651700 625
1651710 625
1651720 624
1651730 624
1651740 624
1651750 624
1651760 624
1651770 624
1651780 624
1651790 624
1651800 624
1651810 624
1651820 624
1651830 624
1651840 623
1651850 623
1651860 623
1651870 623
1651880 623
1651890 623
1651900 623
1651910 623
1651920 623
1651930 623
1651940 623
1651950 623
1651960 623
1651970 623
1651980 623
1651990 623
1652000 623
1652010 623
1652020 623
1652030 623
1652040 623
1652050 623
1652060 623
1652070 623
1652080 623
1652090 623
1652100 623
1652110 623
1652120 623
1652130 623
1652140 623
1652150 623
1652160 623
1652170 623
1652180 623
1652190 623
1652200 623
1652210 623
1652220 623
1652230 623
1652240 623
1652250 623
1652260 623
1652270 623
1652280 624
1652290 625
1652300 625
1652310 626
1652320 626
1652330 626
1652340 626
1652350 626
1652360 626
1652370 626
1652380 626
1652390 626
1652400 626
1652410 630
1652420 633
1652430 633
1652440 636
1652450 638
1652460 638
1652470 641
1652480 644
1652490 644
1652500 646
1652510 650
1652520 650
1652530 652
1652540 656
1652550 656
1652560 661
1652570 666
1652580 666
1652590 672
1652600 676
1652610 676
1652620 679
1652630 683
1652640 687
1652650 682
1652660 684
1652670 687
1652680 687
1652690 691
1652700 697
1652710 697
1652720 701
1652730 704
1652740 704
1652750 705
1652760 706
1652770 706
1652780 707
1652790 711
1652800 711
1652810 714
1652820 716
1652830 716
1652840 718
1652850 721
1652860 721
1652870 723
1652880 726
1652890 730
1652900 730
1652910 733
1652920 736
1652930 736
1652940 739
1652950 742
1652960 742
1652970 745
1652980 750
1652990 750
1653000 754
1653010 757
1653020 757
1653030 759
1653040 763
1653050 763
1653060 766
1653070 769
1653080 769
1653090 771
1653100 774
1653110 776
1653120 776
1653130 779
1653140 782
1653150 782
1653160 785
1653170 788
1653180 788
1653190 791
1653200 794
1653210 794
1653220 795
1653230 794
1653240 794
1653250 794
1653260 793
1653270 793
1653280 792
1653290 790
1653300 790
1653310 788
1653320 785
1653330 785
1653340 782
1653350 778
1653360 774
1653370 774
1653380 770
1653390 765
1653400 765
1653410 759
1653420 754
1653430 754
1653440 752
1653450 748
1653460 748
1653470 743
1653480 738
1653490 738
1653500 732
1653510 727
1653520 727
1653530 723
1653540 720
1653550 720
1653560 717
1653570 714
1653580 714
1653590 712
1653600 710
1653610 709
1653620 709
1653630 708
1653640 708
1653650 708
1653660 707
1653670 708
1653680 708
1653690 708
1653700 708
1653710 708
1653720 707
1653730 706
1653740 706
1653750 705
1653760 705
1653770 705
1653780 707
1653790 711
1653800 711
1653810 715
1653820 721
1653830 721
1653840 726
1653850 731
1653860 735
1653870 735
1653880 739
1653890 742
1653900 742
1653910 745
1653920 750
1653930 750
1653940 753
1653950 759
1653960 759
1653970 762
1653980 766
1653990 766
1654000 769
1654010 772
1654020 772
1654030 773
1654040 774
1654050 774
1654060 775
1654070 775
1654080 775
1654090 775
1654100 774
1654110 774
1654120 774
1654130 773
1654140 772
1654150 770
1654160 770
1654170 769
1654180 769
1654190 768
1654200 767
1654210 767
1654220 766
1654230 765
1654240 765
1654250 763
1654260 762
1654270 762
1654280 761
1654290 760
1654300 760
1654310 759
1654320 758
1654330 758
1654340 757
1654350 757
1654360 756
1654370 756
1654380 756
1654390 755
1654400 755
1654410 753
1654420 753
1654430 753
1654440 753
1654450 753
1654460 753
1654470 753
1654480 752
1654490 752
1654500 752
1654510 753
1654520 753
1654530 754
1654540 754
1654550 754
1654560 754
1654570 755
1654580 756
1654590 756
1654600 757
1654610 758
1654620 758
1654630 759
1654640 759
1654650 759
1654660 759
1654670 758
1654680 758
1654690 757
1654700 756
1654710 756
1654720 755
1654730 754
1654740 754
1654750 752
1654760 751
1654770 751
1654780 746
1654790 742
1654800 742
1654810 739
1654820 743
1654830 748
1654840 748
1654850 752
1654860 755
1654870 755
1654880 759
1654890 762
1654900 761
1654910 763
1654920 763
1654930 763
1654940 763
1654950 763
1654960 763
1654970 763
1654980 763
1654990 763
1655000 762
1655010 761
1655020 761
1655030 760
1655040 759
1655050 759
1655060 757
1655070 755
1655080 753
1655090 753
1655100 751
1655110 750
1655120 750
1655130 749
1655140 747
1655150 747
1655160 746
1655170 746
1655180 746
1655190 747
1655200 748
1655210 748
1655220 749
1655230 749
1655240 749
1655250 750
1655260 750
1655270 750
1655280 750
1655290 750
1655300 750
1655310 750
1655320 751
1655330 751
1655340 751
1655350 750
1655360 750
1655370 750
1655380 750
1655390 750
1655400 750
1655410 750
1655420 750
1655430 750
1655440 750
1655450 750
1655460 750
1655470 750
1655480 751
1655490 751
1655500 751
1655510 751
1655520 751
1655530 752
1655540 752
1655550 752
1655560 753
1655570 753
1655580 754
1655590 754
1655600 754
1655610 755
1655620 755
1655630 756
1655640 758
1655650 756
1655660 757
1655670 757
1655680 757
1655690 758
1655700 759
1655710 759
1655720 759
1655730 758
1655740 758
1655750 757
1655760 755
1655770 755
1655780 754
1655790 754
1655800 755
1655810 755
1655820 756
1655830 757
1655840 757
1655850 758
1655860 758
1655870 758
1655880 758
1655890 757
1655900 757
1655910 756
1655920 758
1655930 758
1655940 758
1655950 759
1655960 759
1655970 759
1655980 760
1655990 760
1656000 760
1656010 761
1656020 761
1656030 762
1656040 762
1656050 761
1656060 761
1656070 761
1656080 762
1656090 762
1656100 764
1656110 766
1656120 766
1656130 766
1656140 767
1656150 767
1656160 768
1656170 770
1656180 770
1656190 771
1656200 774
1656210 774
1656220 776
1656230 779
1656240 779
1656250 780
1656260 783
1656270 783
1656280 785
1656290 786
1656300 787
1656310 787
1656320 787
1656330 788
1656340 788
1656350 789
1656360 790
1656370 790
1656380 790
1656390 793
1656400 793
1656410 794
1656420 795
1656430 795
1656440 796
1656450 797
1656460 797
1656470 798
1656480 800
1656490 800
1656500 801
1656510 802
1656520 802
1656530 804
1656540 805
1656550 806
1656560 806
1656570 808
1656580 809
1656590 809
1656600 811
1656610 812
1656620 812
1656630 814
1656640 816
1656650 816
1656660 818
1656670 820
1656680 820
1656690 822
1656700 823
1656710 823
1656720 825
1656730 827
1656740 827
1656750 828
1656760 828
1656770 828
1656780 828
1656790 828
1656800 829
1656810 829
1656820 830
1656830 830
1656840 830
1656850 831
1656860 832
1656870 832
1656880 832
1656890 832
1656900 832
1656910 831
1656920 831
1656930 831
1656940 832
1656950 833
1656960 833
1656970 834
1656980 835
1656990 835
1657000 837
1657010 840
1657020 843
1657030 843
1657040 845
1657050 847
1657060 847
1657070 850
1657080 853
1657090 853
1657100 855
1657110 857
1657120 857
1657130 857
1657140 860
1657150 860
1657160 862
1657170 866
1657180 866
1657190 869
1657200 872
1657210 872
1657220 875
1657230 879
1657240 879
1657250 882
1657260 886
1657270 890
1657280 890
1657290 893
1657300 896
1657310 896
1657320 899
1657330 903
1657340 903
1657350 906
1657360 910
1657370 910
1657380 913
1657390 915
1657400 915
1657410 918
1657420 920
1657430 920
1657440 922
1657450 925
1657460 925
1657470 927
1657480 930
1657490 930
1657500 933
1657510 937
1657520 940
1657530 940
1657540 942
1657550 941
1657560 941
1657570 938
1657580 936
1657590 936
1657600 933
1657610 931
1657620 931
1657630 928
1657640 925
1657650 925
1657660 922
1657670 918
1657680 918
1657690 916
1657700 913
1657710 913
1657720 911
1657730 909
1657740 909
1657750 908
1657760 907
1657770 907
1657780 907
1657790 908
1657800 910
1657810 910
1657820 911
1657830 912
1657840 912
1657850 912
1657860 907
1657870 907
1657880 908
1657890 908
1657900 908
1657910 909
1657920 909
1657930 909
1657940 908
1657950 907
1657960 907
1657970 906
1657980 905
1657990 905
1658000 904
1658010 904
1658020 904
1658030 904
1658040 905
1658050 906
1658060 906
1658070 906
1658080 907
1658090 907
1658100 907
1658110 904
1658120 904
1658130 900
1658140 895
1658150 895
1658160 889
1658170 883
1658180 883
1658190 878
1658200 877
1658210 877
1658220 882
1658230 886
1658240 890
1658250 890
1658260 894
1658270 897
1658280 897
1658290 897
1658300 895
1658310 895
1658320 891
1658330 885
1658340 885
1658350 878
1658360 872
1658370 872
1658380 872
1658390 879
1658400 879
1658410 885
1658420 890
1658430 890
1658440 895
1658450 900
1658460 900
1658470 904
1658480 908
1658490 910
1658500 910
1658510 912
1658520 915
1658530 915
1658540 916
1658550 918
1658560 918
1658570 920
1658580 922
1658590 917
1658600 919
1658610 921
1658620 921
1658630 923
1658640 924
1658650 924
1658660 925
1658670 924
1658680 924
1658690 923
1658700 921
1658710 921
1658720 919
1658730 915
1658740 911
1658750 911
1658760 907
1658770 904
1658780 904
1658790 901
1658800 898
1658810 898
1658820 894
1658830 888
1658840 888
1658850 882
1658860 880
1658870 880
1658880 884
1658890 883
1658900 883
1658910 881
1658920 882
1658930 882
1658940 882
1658950 884
1658960 884
1658970 885
1658980 887
1658990 889
1659000 889
1659010 891
1659020 894
1659030 894
1659040 896
1659050 898
1659060 898
1659070 896
1659080 893
1659090 893
1659100 890
1659110 886
1659120 886
1659130 883
1659140 884
1659150 884
1659160 886
1659170 887
1659180 887
1659190 889
1659200 894
1659210 894
1659220 899
1659230 903
1659240 906
1659250 906
1659260 908
1659270 908
1659280 908
1659290 908
1659300 907
1659310 907
1659320 911
1659330 913
1659340 913
1659350 918
1659360 921
1659370 921
1659380 924
1659390 926
1659400 926
1659410 929
1659420 932
1659430 932
1659440 938
1659450 945
1659460 950
1659470 950
1659480 954
1659490 957
1659500 957
1659510 962
1659520 967
1659530 967
1659540 972
1659550 975
1659560 975
1659570 979
1659580 983
1659590 983
1659600 986
1659610 992
1659620 992
1659630 998
1659640 1005
1659650 1005
1659660 1012
1659670 1018
1659680 1018
1659690 1023
1659700 1027
1659710 1030
1659720 1030
1659730 1031
1659740 1030
1659750 1030
1659760 1027
1659770 1026
1659780 1026
1659790 1026
1659800 1028
1659810 1028
1659820 1030
1659830 1033
1659840 1033
1659850 1035
1659860 1039
1659870 1039
1659880 1043
1659890 1047
1659900 1047
1659910 1051
1659920 1057
1659930 1057
1659940 1063
1659950 1069
1659960 1075
1659970 1075
1659980 1080
1659990 1083
