1640000 1005
1640010 1004
1640020 1001
1640030 1001
1640040 997
1640050 992
1640060 992
1640070 997
1640080 1003
1640090 1003
1640100 1008
1640110 1011
1640120 1011
1640130 1015
1640140 1019
1640150 1019
1640160 1024
1640170 1028
1640180 1028
1640190 1032
1640200 1036
1640210 1041
1640220 1041
1640230 1046
1640240 1051
1640250 1051
1640260 1056
1640270 1060
1640280 1060
1640290 1063
1640300 1066
1640310 1066
1640320 1066
1640330 1061
1640340 1061
1640350 1055
1640360 1049
1640370 1049
1640380 1043
1640390 1036
1640400 1036
1640410 1030
1640420 1024
1640430 1024
1640440 1018
1640450 1012
1640460 1012
1640470 1006
1640480 1001
1640490 995
1640500 995
1640510 989
1640520 982
1640530 982
1640540 975
1640550 967
1640560 967
1640570 962
1640580 954
1640590 954
1640600 947
1640610 938
1640620 938
1640630 932
1640640 929
1640650 929
1640660 927
1640670 922
1640680 922
1640690 917
1640700 911
1640710 911
1640720 906
1640730 901
1640740 886
1640750 886
1640760 880
1640770 876
1640780 876
1640790 877
1640800 880
1640810 880
1640820 882
1640830 884
1640840 884
1640850 885
1640860 889
1640870 889
1640880 892
1640890 892
1640900 892
1640910 889
1640920 888
1640930 888
1640940 887
1640950 887
1640960 887
1640970 887
1640980 890
1640990 898
1641000 898
1641010 905
1641020 912
1641030 912
1641040 917
1641050 922
1641060 922
1641070 927
1641080 932
1641090 932
1641100 935
1641110 938
1641120 938
1641130 940
1641140 941
1641150 941
1641160 942
1641170 942
1641180 942
1641190 943
1641200 943
1641210 943
1641220 942
1641230 941
1641240 940
1641250 940
1641260 940
1641270 941
1641280 941
1641290 942
1641300 943
1641310 943
1641320 944
1641330 947
1641340 947
1641350 949
1641360 951
1641370 951
1641380 953
1641390 956
1641400 956
1641410 959
1641420 963
1641430 963
1641440 967
1641450 972
1641460 972
1641470 977
1641480 982
1641490 986
1641500 986
1641510 990
1641520 993
1641530 993
1641540 996
1641550 996
1641560 996
1641570 993
1641580 991
1641590 991
1641600 991
1641610 991
1641620 991
1641630 992
1641640 993
1641650 993
1641660 993
1641670 993
1641680 993
1641690 993
1641700 993
1641710 993
1641720 995
1641730 996
1641740 999
1641750 999
1641760 1001
1641770 1002
1641780 1002
1641790 1001
1641800 999
1641810 999
1641820 999
1641830 997
1641840 997
1641850 998
1641860 1000
1641870 1000
1641880 1003
1641890 1007
1641900 1007
1641910 1010
1641920 1014
1641930 1014
1641940 1018
1641950 1021
1641960 1021
1641970 1025
1641980 1028
1641990 1031
1642000 1031
1642010 1035
1642020 1039
1642030 1039
1642040 1041
1642050 1043
1642060 1043
1642070 1047
1642080 1049
1642090 1049
1642100 1051
1642110 1054
1642120 1054
1642130 1055
1642140 1057
1642150 1057
1642160 1059
1642170 1060
1642180 1060
1642190 1062
1642200 1063
1642210 1063
1642220 1064
1642230 1064
1642240 1063
1642250 1063
1642260 1061
1642270 1061
1642280 1061
1642290 1061
1642300 1062
1642310 1062
1642320 1064
1642330 1067
1642340 1067
1642350 1070
1642360 1076
1642370 1076
1642380 1079
1642390 1081
1642400 1081
1642410 1083
1642420 1085
1642430 1085
1642440 1087
1642450 1089
1642460 1089
1642470 1092
1642480 1094
1642490 1097
1642500 1097
1642510 1100
1642520 1102
1642530 1102
1642540 1104
1642550 1106
1642560 1106
1642570 1107
1642580 1108
1642590 1108
1642600 1108
1642610 1106
1642620 1106
1642630 1104
1642640 1102
1642650 1102
1642660 1101
1642670 1100
1642680 1100
1642690 1100
1642700 1099
1642710 1099
1642720 1099
1642730 1099
1642740 1097
1642750 1097
1642760 1094
1642770 1090
1642780 1090
1642790 1084
1642800 1077
1642810 1077
1642820 1071
1642830 1067
1642840 1067
1642850 1062
1642860 1056
1642870 1056
1642880 1051
1642890 1045
1642900 1045
1642910 1042
1642920 1042
1642930 1042
1642940 1043
1642950 1043
1642960 1043
1642970 1042
1642980 1040
1642990 1039
1643000 1039
1643010 1038
1643020 1037
1643030 1037
1643040 1037
1643050 1038
1643060 1038
1643070 1039
1643080 1039
1643090 1039
1643100 1039
1643110 1038
1643120 1038
1643130 1038
1643140 1037
1643150 1037
1643160 1036
1643170 1035
1643180 1035
1643190 1032
1643200 1026
1643210 1026
1643220 1021
1643230 1017
1643240 1017
1643250 1013
1643260 1009
1643270 1004
1643280 1004
1643290 1000
1643300 995
1643310 995
1643320 990
1643330 985
1643340 985
1643350 979
1643360 975
1643370 975
1643380 969
1643390 964
1643400 964
1643410 958
1643420 951
1643430 951
1643440 945
1643450 941
1643460 941
1643470 936
1643480 931
1643490 931
1643500 926
1643510 920
1643520 914
1643530 914
1643540 912
1643550 906
1643560 906
1643570 902
1643580 894
1643590 894
1643600 887
1643610 881
1643620 881
1643630 874
1643640 867
1643650 867
1643660 864
1643670 861
1643680 861
1643690 857
1643700 853
1643710 853
1643720 849
1643730 846
1643740 846
1643750 843
1643760 842
1643770 844
1643780 844
1643790 845
1643800 845
1643810 845
1643820 846
1643830 846
1643840 846
1643850 846
1643860 844
1643870 844
1643880 844
1643890 844
1643900 844
1643910 843
1643920 841
1643930 841
1643940 838
1643950 835
1643960 832
1643970 829
1643980 826
1643990 826
1644000 823
1644010 819
1644020 815
1644030 815
1644040 811
1644050 807
1644060 807
1644070 803
1644080 798
1644090 798
1644100 793
1644110 790
1644120 790
1644130 787
1644140 785
1644150 785
1644160 782
1644170 780
1644180 780
1644190 778
1644200 775
1644210 775
1644220 771
1644230 768
1644240 768
1644250 764
1644260 763
1644270 761
1644280 761
1644290 757
1644300 753
1644310 753
1644320 749
1644330 746
1644340 746
1644350 743
1644360 741
1644370 741
1644380 738
1644390 735
1644400 735
1644410 730
1644420 724
1644430 724
1644440 719
1644450 716
1644460 716
1644470 715
1644480 715
1644490 715
1644500 715
1644510 715
1644520 716
1644530 716
1644540 716
1644550 716
1644560 716
1644570 716
1644580 715
1644590 715
1644600 715
1644610 715
1644620 715
1644630 715
1644640 715
1644650 715
1644660 715
1644670 715
1644680 715
1644690 715
1644700 716
1644710 716
1644720 715
1644730 715
1644740 715
1644750 715
1644760 715
1644770 715
1644780 715
1644790 715
1644800 715
1644810 715
1644820 715
1644830 715
1644840 715
1644850 714
1644860 714
1644870 714
1644880 714
1644890 714
1644900 714
1644910 714
1644920 714
1644930 714
1644940 714
1644950 714
1644960 714
1644970 714
1644980 713
1644990 713
1645000 714
1645010 715
1645020 716
1645030 716
1645040 718
1645050 720
1645060 720
1645070 722
1645080 726
1645090 726
1645100 731
1645110 735
1645120 735
1645130 740
1645140 744
1645150 744
1645160 748
1645170 751
1645180 751
1645190 749
1645200 747
1645210 747
1645220 750
1645230 755
1645240 755
1645250 761
1645260 767
1645270 774
1645280 774
1645290 781
1645300 786
1645310 786
1645320 791
1645330 796
1645340 796
1645350 800
1645360 803
1645370 803
1645380 807
1645390 811
1645400 811
1645410 815
1645420 820
1645430 820
1645440 824
1645450 819
1645460 819
1645470 812
1645480 806
1645490 806
1645500 800
1645510 799
1645520 801
1645530 801
1645540 806
1645550 813
1645560 813
1645570 817
1645580 822
1645590 822
1645600 826
1645610 830
1645620 830
1645630 836
1645640 841
1645650 841
1645660 847
1645670 851
1645680 851
1645690 855
1645700 859
1645710 859
1645720 863
1645730 865
1645740 865
1645750 862
1645760 857
1645770 851
1645780 851
1645790 845
1645800 839
1645810 839
1645820 835
1645830 828
1645840 828
1645850 821
1645860 824
1645870 824
1645880 831
1645890 838
1645900 838
1645910 845
1645920 850
1645930 850
1645940 855
1645950 859
1645960 859
1645970 865
1645980 870
1645990 870
1646000 876
1646010 882
1646020 889
1646030 889
1646040 895
1646050 900
1646060 900
1646070 904
1646080 906
1646090 906
1646100 908
1646110 912
1646120 912
1646130 915
1646140 917
1646150 917
1646160 920
1646170 922
1646180 922
1646190 925
1646200 928
1646210 928
1646220 930
1646230 933
1646240 933
1646250 935
1646260 937
1646270 937
1646280 938
1646290 938
1646300 938
1646310 938
1646320 939
1646330 939
1646340 943
1646350 942
1646360 941
1646370 941
1646380 938
1646390 936
1646400 936
1646410 935
1646420 934
1646430 934
1646440 932
1646450 931
1646460 931
1646470 928
1646480 923
1646490 923
1646500 919
1646510 916
1646520 916
1646530 914
1646540 913
1646550 914
1646560 914
1646570 913
1646580 911
1646590 911
1646600 910
1646610 907
1646620 907
1646630 905
1646640 902
1646650 902
1646660 899
1646670 896
1646680 896
1646690 894
1646700 892
1646710 892
1646720 890
1646730 887
1646740 887
1646750 885
1646760 884
1646770 884
1646780 883
1646790 884
1646800 884
1646810 884
1646820 883
1646830 878
1646840 878
1646850 873
1646860 867
1646870 867
1646880 862
1646890 860
1646900 860
1646910 860
1646920 859
1646930 859
1646940 859
1646950 860
1646960 860
1646970 862
1646980 863
1646990 863
1647000 863
1647010 862
1647020 862
1647030 861
1647040 860
1647050 862
1647060 862
1647070 866
1647080 869
1647090 869
1647100 873
1647110 877
1647120 877
1647130 881
1647140 885
1647150 885
1647160 889
1647170 893
1647180 893
1647190 896
1647200 899
1647210 899
1647220 901
1647230 902
1647240 902
1647250 904
1647260 905
1647270 905
1647280 905
1647290 904
1647300 900
1647310 900
1647320 896
1647330 891
1647340 891
1647350 887
1647360 884
1647370 884
1647380 881
1647390 878
1647400 878
1647410 876
1647420 873
1647430 873
1647440 870
1647450 866
1647460 866
1647470 861
1647480 856
1647490 856
1647500 850
1647510 845
1647520 845
1647530 838
1647540 833
1647550 830
1647560 830
1647570 825
1647580 819
1647590 819
1647600 811
1647610 807
1647620 807
1647630 809
1647640 811
1647650 811
1647660 813
1647670 817
1647680 817
1647690 821
1647700 826
1647710 826
1647720 828
1647730 829
1647740 829
1647750 831
1647760 832
1647770 832
1647780 832
1647790 832
1647800 833
1647810 833
1647820 835
1647830 835
1647840 835
1647850 835
1647860 835
1647870 835
1647880 834
1647890 832
1647900 832
1647910 834
1647920 833
1647930 833
1647940 833
1647950 833
1647960 833
1647970 832
1647980 831
1647990 831
1648000 830
1648010 830
1648020 830
1648030 829
1648040 828
1648050 825
1648060 825
1648070 822
1648080 818
1648090 818
1648100 815
1648110 811
1648120 811
1648130 808
1648140 805
1648150 805
1648160 802
1648170 799
1648180 799
1648190 797
1648200 794
1648210 794
1648220 791
1648230 788
1648240 788
1648250 786
1648260 785
1648270 785
1648280 783
1648290 781
1648300 779
1648310 779
1648320 777
1648330 775
1648340 775
1648350 774
1648360 772
1648370 772
1648380 770
1648390 768
1648400 768
1648410 764
1648420 762
1648430 762
1648440 761
1648450 759
1648460 759
1648470 755
1648480 752
1648490 752
1648500 748
1648510 746
1648520 746
1648530 742
1648540 738
1648550 736
1648560 736
1648570 736
1648580 736
1648590 736
1648600 735
1648610 735
1648620 735
1648630 735
1648640 734
1648650 734
1648660 735
1648670 737
1648680 740
1648690 742
1648700 743
1648710 743
1648720 744
1648730 745
1648740 745
1648750 744
1648760 742
1648770 742
1648780 743
1648790 745
1648800 745
1648810 745
1648820 743
1648830 737
1648840 737
1648850 733
1648860 735
1648870 735
1648880 741
1648890 745
1648900 745
1648910 745
1648920 745
1648930 745
1648940 744
1648950 741
1648960 741
1648970 738
1648980 736
1648990 736
1649000 735
1649010 734
1649020 734
1649030 732
1649040 730
1649050 730
1649060 728
1649070 725
1649080 726
1649090 726
1649100 726
1649110 724
1649120 724
1649130 720
1649140 716
1649150 716
1649160 712
1649170 709
1649180 709
1649190 705
1649200 704
1649210 704
1649220 702
1649230 701
1649240 701
1649250 700
1649260 699
1649270 699
1649280 699
1649290 700
1649300 700
1649310 701
1649320 699
1649330 700
1649340 700
1649350 701
1649360 702
1649370 702
1649380 704
1649390 706
1649400 706
1649410 704
1649420 703
1649430 703
1649440 701
1649450 699
1649460 702
1649470 699
1649480 697
1649490 697
1649500 695
1649510 693
1649520 693
1649530 691
1649540 688
1649550 688
1649560 685
1649570 683
1649580 680
1649590 680
1649600 678
1649610 677
1649620 677
1649630 675
1649640 674
1649650 674
1649660 672
1649670 671
1649680 671
1649690 669
1649700 668
1649710 668
1649720 667
1649730 666
1649740 666
1649750 665
1649760 664
1649770 664
1649780 664
1649790 663
1649800 663
1649810 663
1649820 662
1649830 661
1649840 661
1649850 661
1649860 660
1649870 660
1649880 659
1649890 658
1649900 658
1649910 658
1649920 658
1649930 658
1649940 658
1649950 658
1649960 658
1649970 657
1649980 656
1649990 656
1650000 656
1650010 655
1650020 655
1650030 655
1650040 654
1650050 654
1650060 654
1650070 654
1650080 653
1650090 653
1650100 653
1650110 653
1650120 653
1650130 653
1650140 652
1650150 652
1650160 652
1650170 652
1650180 652
1650190 651
1650200 651
1650210 651
1650220 650
1650230 650
1650240 650
1650250 649
1650260 648
1650270 648
1650280 648
1650290 647
1650300 647
1650310 647
1650320 646
1650330 646
1650340 646
1650350 646
1650360 646
1650370 646
1650380 645
1650390 645
1650400 645
1650410 644
1650420 644
1650430 644
1650440 644
1650450 644
1650460 644
1650470 643
1650480 643
1650490 643
1650500 642
1650510 642
1650520 642
1650530 641
1650540 641
1650550 641
1650560 641
1650570 641
1650580 640
1650590 640
1650600 640
1650610 640
1650620 640
1650630 642
1650640 646
1650650 646
1650660 650
1650670 650
1650680 650
1650690 650
1650700 649
1650710 649
1650720 648
1650730 648
1650740 648
1650750 647
1650760 646
1650770 646
1650780 645
1650790 644
1650800 644
1650810 642
1650820 641
1650830 639
1650840 639
1650850 638
1650860 637
1650870 637
1650880 637
1650890 636
1650900 636
1650910 635
1650920 635
1650930 635
1650940 635
1650950 634
1650960 634
1650970 634
1650980 634
1650990 634
1651000 633
1651010 633
1651020 633
1651030 632
1651040 632
1651050 632
1651060 632
1651070 631
1651080 631
1651090 631
1651100 630
1651110 630
1651120 630
1651130 630
1651140 629
1651150 629
1651160 630
1651170 631
1651180 631
1651190 629
1651200 628
1651210 628
1651220 628
1651230 628
1651240 628
1651250 628
1651260 628
1651270 628
1651280 628
1651290 628
1651300 628
1651310 628
1651320 627
1651330 626
1651340 626
1651350 626
1651360 627
1651370 627
1651380 626
1651390 626
1651400 626
1651410 626
1651420 625
1651430 625
1651440 625
1651450 624
1651460 624
1651470 624
1651480 624
1651490 624
1651500 624
1651510 623
1651520 623
1651530 623
1651540 623
1651550 623
1651560 622
1651570 622
1651580 622
1651590 622
1651600 622
1651610 622
1651620 622
1651630 621
1651640 621
1651650 621
1651660 621
1651670 621
1651680 621
1651690 621
1651700 621
1651710 621
1651720 621
1651730 620
1651740 620
1651750 620
1651760 620
1651770 620
1651780 620
1651790 620
1651800 620
1651810 620
1651820 619
1651830 619
1651840 619
1651850 619
1651860 619
1651870 619
1651880 619
1651890 619
1651900 619
1651910 619
1651920 619
1651930 619
1651940 620
1651950 621
1651960 621
1651970 621
1651980 621
1651990 621
1652000 620
1652010 618
1652020 618
1652030 616
1652040 615
1652050 615
1652060 615
1652070 614
1652080 614
1652090 612
1652100 612
1652110 612
1652120 612
1652130 612
1652140 612
1652150 612
1652160 612
1652170 613
1652180 613
1652190 614
1652200 614
1652210 614
1652220 614
1652230 614
1652240 614
1652250 614
1652260 614
1652270 614
1652280 614
1652290 614
1652300 614
1652310 614
1652320 614
1652330 614
1652340 614
1652350 614
1652360 614
1652370 614
1652380 614
1652390 614
1652400 614
1652410 614
1652420 614
1652430 614
1652440 614
1652450 614
1652460 614
1652470 614
1652480 614
1652490 614
1652500 614
1652510 614
1652520 614
1652530 614
1652540 613
1652550 613
1652560 613
1652570 612
1652580 612
1652590 611
1652600 611
1652610 611
1652620 611
1652630 611
1652640 611
1652650 611
1652660 611
1652670 611
1652680 611
1652690 612
1652700 612
1652710 612
1652720 613
1652730 613
1652740 613
1652750 613
1652760 613
1652770 613
1652780 613
1652790 613
1652800 613
1652810 612
1652820 613
1652830 613
1652840 613
1652850 613
1652860 612
1652870 612
1652880 614
1652890 615
1652900 615
1652910 614
1652920 614
1652930 614
1652940 616
1652950 614
1652960 614
1652970 614
1652980 614
1652990 614
1653000 613
1653010 613
1653020 613
1653030 613
1653040 612
1653050 612
1653060 612
1653070 611
1653080 611
1653090 611
1653100 611
1653110 610
1653120 610
1653130 610
1653140 610
1653150 610
1653160 610
1653170 610
1653180 610
1653190 611
1653200 611
1653210 611
1653220 610
1653230 610
1653240 610
1653250 610
1653260 610
1653270 610
1653280 610
1653290 610
1653300 610
1653310 610
1653320 610
1653330 610
1653340 610
1653350 610
1653360 610
1653370 610
1653380 610
1653390 610
1653400 610
1653410 611
1653420 611
1653430 611
1653440 612
1653450 611
1653460 611
1653470 610
1653480 610
1653490 610
1653500 610
1653510 610
1653520 610
1653530 610
1653540 610
1653550 610
1653560 610
1653570 610
1653580 610
1653590 612
1653600 614
1653610 615
1653620 615
1653630 614
1653640 614
1653650 614
1653660 614
1653670 614
1653680 614
1653690 614
1653700 614
1653710 614
1653720 614
1653730 614
1653740 614
1653750 614
1653760 614
1653770 614
1653780 614
1653790 614
1653800 614
1653810 614
1653820 614
1653830 614
1653840 614
1653850 614
1653860 614
1653870 614
1653880 614
1653890 614
1653900 614
1653910 615
1653920 619
1653930 619
1653940 622
1653950 620
1653960 620
1653970 617
1653980 615
1653990 615
1654000 615
1654010 615
1654020 615
1654030 615
1654040 615
1654050 615
1654060 616
1654070 619
1654080 619
1654090 618
1654100 617
1654110 615
1654120 615
1654130 615
1654140 615
1654150 615
1654160 615
1654170 614
1654180 614
1654190 614
1654200 614
1654210 614
1654220 614
1654230 615
1654240 615
1654250 617
1654260 618
1654270 618
1654280 617
1654290 616
1654300 616
1654310 615
1654320 614
1654330 614
1654340 614
1654350 614
1654360 614
1654370 614
1654380 614
1654390 614
1654400 614
1654410 614
1654420 615
1654430 615
1654440 615
1654450 615
1654460 615
1654470 615
1654480 615
1654490 615
1654500 615
1654510 615
1654520 615
1654530 615
1654540 615
1654550 615
1654560 615
1654570 615
1654580 615
1654590 615
1654600 616
1654610 616
1654620 616
1654630 615
1654640 615
1654650 615
1654660 615
1654670 615
1654680 615
1654690 615
1654700 615
1654710 615
1654720 615
1654730 615
1654740 615
1654750 615
1654760 615
1654770 615
1654780 615
1654790 615
1654800 615
1654810 615
1654820 615
1654830 615
1654840 615
1654850 615
1654860 615
1654870 615
1654880 616
1654890 615
1654900 615
1654910 615
1654920 615
1654930 615
1654940 615
1654950 615
1654960 615
1654970 616
1654980 615
1654990 615
1655000 615
1655010 615
1655020 615
1655030 615
1655040 615
1655050 615
1655060 615
1655070 616
1655080 616
1655090 616
1655100 616
1655110 616
1655120 616
1655130 616
1655140 616
1655150 616
1655160 615
1655170 611
1655180 611
1655190 609
1655200 608
1655210 608
1655220 607
1655230 606
1655240 606
1655250 606
1655260 606
1655270 606
1655280 606
1655290 606
1655300 606
1655310 606
1655320 606
1655330 606
1655340 606
1655350 606
1655360 606
1655370 606
1655380 606
1655390 606
1655400 606
1655410 606
1655420 606
1655430 606
1655440 606
1655450 606
1655460 606
1655470 606
1655480 608
1655490 608
1655500 610
1655510 615
1655520 611
1655530 616
1655540 618
1655550 618
1655560 619
1655570 618
1655580 618
1655590 618
1655600 617
1655610 617
1655620 616
1655630 616
1655640 616
1655650 616
1655660 616
1655670 616
1655680 616
1655690 616
1655700 616
1655710 616
1655720 616
1655730 616
1655740 616
1655750 616
1655760 616
1655770 616
1655780 616
1655790 616
1655800 616
1655810 616
1655820 616
1655830 616
1655840 616
1655850 616
1655860 616
1655870 617
1655880 617
1655890 617
1655900 617
1655910 618
1655920 619
1655930 619
1655940 622
1655950 628
1655960 628
1655970 632
1655980 632
1655990 632
1656000 633
1656010 633
1656020 633
1656030 634
1656040 635
1656050 635
1656060 636
1656070 637
1656080 637
1656090 638
1656100 639
1656110 639
1656120 640
1656130 641
1656140 642
1656150 642
1656160 643
1656170 644
1656180 644
1656190 645
1656200 647
1656210 647
1656220 648
1656230 649
1656240 649
1656250 650
1656260 650
1656270 650
1656280 651
1656290 651
1656300 651
1656310 652
1656320 653
1656330 653
1656340 653
1656350 655
1656360 655
1656370 656
1656380 657
1656390 658
1656400 658
1656410 659
1656420 660
1656430 660
1656440 661
1656450 662
1656460 662
1656470 664
1656480 666
1656490 666
1656500 668
1656510 670
1656520 670
1656530 673
1656540 675
1656550 675
1656560 677
1656570 681
1656580 681
1656590 684
1656600 687
1656610 687
1656620 690
1656630 693
1656640 693
1656650 696
1656660 699
1656670 703
1656680 703
1656690 706
1656700 710
1656710 710
1656720 713
1656730 716
1656740 716
1656750 720
1656760 724
1656770 724
1656780 729
1656790 734
1656800 734
1656810 739
1656820 744
1656830 744
1656840 747
1656850 751
1656860 751
1656870 755
1656880 758
1656890 758
1656900 761
1656910 762
1656920 760
1656930 760
1656940 758
1656950 755
1656960 755
1656970 752
1656980 748
1656990 748
1657000 741
1657010 737
1657020 737
1657030 733
1657040 729
1657050 729
1657060 724
1657070 722
1657080 722
1657090 718
1657100 715
1657110 715
1657120 713
1657130 710
1657140 710
1657150 705
1657160 701
1657170 698
1657180 698
1657190 701
1657200 707
1657210 707
1657220 713
1657230 718
1657240 718
1657250 723
1657260 729
1657270 729
1657280 733
1657290 737
1657300 737
1657310 741
1657320 745
1657330 745
1657340 749
1657350 754
1657360 754
1657370 759
1657380 763
1657390 763
1657400 767
1657410 770
1657420 771
1657430 771
1657440 771
1657450 770
1657460 770
1657470 769
1657480 766
1657490 766
1657500 764
1657510 763
1657520 763
1657530 761
1657540 759
1657550 759
1657560 757
1657570 755
1657580 755
1657590 753
1657600 751
1657610 751
1657620 750
1657630 748
1657640 748
1657650 747
1657660 746
1657670 745
1657680 745
1657690 744
1657700 748
1657710 748
1657720 753
1657730 758
1657740 758
1657750 762
1657760 766
1657770 766
1657780 770
1657790 775
1657800 775
1657810 780
1657820 783
1657830 783
1657840 785
1657850 786
1657860 786
1657870 786
1657880 785
1657890 785
1657900 784
1657910 783
1657920 782
1657930 782
1657940 780
1657950 778
1657960 778
1657970 776
1657980 774
1657990 774
1658000 773
1658010 771
1658020 771
1658030 769
1658040 768
1658050 768
1658060 766
1658070 764
1658080 764
1658090 762
1658100 760
1658110 760
1658120 757
1658130 755
1658140 755
1658150 754
1658160 750
1658170 749
1658180 749
1658190 753
1658200 759
1658210 759
1658220 765
1658230 770
1658240 770
1658250 774
1658260 779
1658270 779
1658280 784
1658290 789
1658300 789
1658310 795
1658320 800
1658330 800
1658340 805
1658350 809
1658360 809
1658370 813
1658380 817
1658390 817
1658400 821
1658410 825
1658420 830
1658430 830
1658440 834
1658450 839
1658460 839
1658470 845
1658480 849
1658490 849
1658500 849
1658510 847
1658520 847
1658530 844
1658540 841
1658550 841
1658560 837
1658570 834
1658580 834
1658590 831
1658600 828
1658610 828
1658620 824
1658630 822
1658640 822
1658650 819
1658660 816
1658670 812
1658680 812
1658690 813
1658700 815
1658710 815
1658720 817
1658730 819
1658740 819
1658750 822
1658760 825
1658770 825
1658780 828
1658790 831
1658800 831
1658810 833
1658820 836
1658830 836
1658840 839
1658850 839
1658860 839
1658870 837
1658880 833
1658890 833
1658900 829
1658910 824
1658920 824
1658930 819
1658940 812
1658950 808
1658960 808
1658970 802
1658980 798
1658990 798
1659000 794
1659010 789
1659020 789
1659030 785
1659040 781
1659050 781
1659060 776
1659070 771
1659080 771
1659090 765
1659100 764
1659110 764
1659120 767
1659130 772
1659140 772
1659150 775
1659160 777
1659170 777
1659180 780
1659190 783
1659200 781
1659210 781
1659220 783
1659230 783
1659240 783
1659250 783
1659260 783
1659270 783
1659280 782
1659290 781
1659300 781
1659310 781
1659320 780
1659330 780
1659340 780
1659350 780
1659360 780
1659370 780
1659380 779
1659390 779
1659400 778
1659410 778
1659420 778
1659430 777
1659440 775
1659450 778
1659460 778
1659470 781
1659480 785
1659490 785
1659500 789
1659510 793
1659520 793
1659530 796
1659540 800
1659550 800
1659560 805
1659570 811
1659580 811
1659590 816
1659600 821
1659610 821
1659620 825
1659630 829
1659640 829
1659650 833
1659660 837
1659670 837
1659680 840
1659690 845
1659700 849
1659710 849
1659720 853
1659730 857
1659740 857
1659750 862
1659760 867
1659770 867
1659780 872
1659790 876
1659800 876
1659810 880
1659820 885
1659830 885
1659840 889
1659850 889
1659860 889
1659870 887
1659880 885
1659890 885
1659900 883
1659910 881
1659920 881
1659930 876
1659940 874
1659950 872
1659960 872
1659970 870
1659980 868
1659990 868
