1640000 1248
1640010 1246
1640020 1246
1640030 1244
1640040 1241
1640050 1241
1640060 1238
1640070 1237
1640080 1237
1640090 1236
1640100 1236
1640110 1236
1640120 1236
1640130 1236
1640140 1236
1640150 1236
1640160 1236
1640170 1235
1640180 1235
1640190 1235
1640200 1236
1640210 1236
1640220 1237
1640230 1237
1640240 1237
1640250 1238
1640260 1238
1640270 1238
1640280 1238
1640290 1237
1640300 1237
1640310 1234
1640320 1232
1640330 1232
1640340 1230
1640350 1228
1640360 1225
1640370 1225
1640380 1223
1640390 1220
1640400 1220
1640410 1219
1640420 1217
1640430 1217
1640440 1216
1640450 1216
1640460 1216
1640470 1215
1640480 1216
1640490 1208
1640500 1207
1640510 1208
1640520 1208
1640530 1209
1640540 1209
1640550 1209
1640560 1210
1640570 1211
1640580 1211
1640590 1212
1640600 1212
1640610 1213
1640620 1213
1640630 1214
1640640 1215
1640650 1215
1640660 1216
1640670 1218
1640680 1218
1640690 1219
1640700 1219
1640710 1219
1640720 1214
1640730 1208
1640740 1208
1640750 1202
1640760 1197
1640770 1197
1640780 1192
1640790 1187
1640800 1187
1640810 1182
1640820 1177
1640830 1177
1640840 1171
1640850 1166
1640860 1166
1640870 1163
1640880 1162
1640890 1160
1640900 1160
1640910 1159
1640920 1157
1640930 1157
1640940 1155
1640950 1153
1640960 1153
1640970 1150
1640980 1146
1640990 1146
1641000 1142
1641010 1137
1641020 1137
1641030 1131
1641040 1126
1641050 1126
1641060 1121
1641070 1117
1641080 1117
1641090 1111
1641100 1105
1641110 1105
1641120 1100
1641130 1093
1641140 1088
1641150 1088
1641160 1082
1641170 1076
1641180 1076
1641190 1070
1641200 1066
1641210 1066
1641220 1064
1641230 1063
1641240 1063
1641250 1063
1641260 1062
1641270 1062
1641280 1059
1641290 1055
1641300 1050
1641310 1046
1641320 1041
1641330 1041
1641340 1037
1641350 1033
1641360 1033
1641370 1029
1641380 1025
1641390 1027
1641400 1027
1641410 1030
1641420 1032
1641430 1032
1641440 1036
1641450 1039
1641460 1039
1641470 1040
1641480 1040
1641490 1040
1641500 1039
1641510 1039
1641520 1039
1641530 1039
1641540 1040
1641550 1040
1641560 1041
1641570 1044
1641580 1044
1641590 1047
1641600 1050
1641610 1050
1641620 1053
1641630 1056
1641640 1058
1641650 1058
1641660 1060
1641670 1062
1641680 1062
1641690 1063
1641700 1065
1641710 1065
1641720 1066
1641730 1067
1641740 1067
1641750 1068
1641760 1069
1641770 1069
1641780 1070
1641790 1071
1641800 1071
1641810 1072
1641820 1074
1641830 1074
1641840 1076
1641850 1077
1641860 1077
1641870 1079
1641880 1080
1641890 1079
1641900 1079
1641910 1076
1641920 1072
1641930 1072
1641940 1067
1641950 1060
1641960 1060
1641970 1051
1641980 1044
1641990 1044
1642000 1038
1642010 1033
1642020 1033
1642030 1028
1642040 1023
1642050 1023
1642060 1018
1642070 1012
1642080 1012
1642090 1006
1642100 1001
1642110 1001
1642120 993
1642130 982
1642140 971
1642150 971
1642160 961
1642170 952
1642180 952
1642190 943
1642200 934
1642210 934
1642220 926
1642230 918
1642240 918
1642250 912
1642260 905
1642270 905
1642280 898
1642290 892
1642300 892
1642310 885
1642320 872
1642330 872
1642340 865
1642350 863
1642360 863
1642370 860
1642380 858
1642390 858
1642400 856
1642410 857
1642420 856
1642430 856
1642440 856
1642450 854
1642460 854
1642470 850
1642480 845
1642490 845
1642500 841
1642510 836
1642520 836
1642530 832
1642540 833
1642550 833
1642560 834
1642570 834
1642580 834
1642590 834
1642600 834
1642610 834
1642620 836
1642630 838
1642640 838
1642650 841
1642660 845
1642670 848
1642680 848
1642690 851
1642700 853
1642710 853
1642720 854
1642730 850
1642740 850
1642750 845
1642760 840
1642770 840
1642780 835
1642790 828
1642800 828
1642810 820
1642820 813
1642830 813
1642840 807
1642850 803
1642860 803
1642870 797
1642880 790
1642890 790
1642900 785
1642910 781
1642920 771
1642930 771
1642940 765
1642950 759
1642960 759
1642970 753
1642980 749
1642990 749
1643000 745
1643010 744
1643020 744
1643030 744
1643040 743
1643050 743
1643060 743
1643070 742
1643080 742
1643090 742
1643100 741
1643110 741
1643120 741
1643130 741
1643140 741
1643150 741
1643160 740
1643170 739
1643180 739
1643190 739
1643200 741
1643210 741
1643220 740
1643230 740
1643240 740
1643250 740
1643260 739
1643270 739
1643280 739
1643290 740
1643300 740
1643310 741
1643320 740
1643330 740
1643340 740
1643350 740
1643360 740
1643370 741
1643380 745
1643390 745
1643400 751
1643410 757
1643420 765
1643430 765
1643440 772
1643450 778
1643460 778
1643470 784
1643480 789
1643490 789
1643500 794
1643510 796
1643520 796
1643530 795
1643540 790
1643550 790
1643560 786
1643570 785
1643580 785
1643590 783
1643600 781
1643610 781
1643620 779
1643630 778
1643640 778
1643650 776
1643660 775
1643670 774
1643680 774
1643690 773
1643700 772
1643710 772
1643720 778
1643730 776
1643740 776
1643750 776
1643760 776
1643770 776
1643780 777
1643790 779
1643800 779
1643810 782
1643820 787
1643830 787
1643840 792
1643850 794
1643860 794
1643870 797
1643880 800
1643890 800
1643900 802
1643910 802
1643920 802
1643930 801
1643940 801
1643950 802
1643960 802
1643970 808
1643980 812
1643990 812
1644000 814
1644010 816
1644020 816
1644030 818
1644040 821
1644050 821
1644060 824
1644070 826
1644080 826
1644090 827
1644100 828
1644110 828
1644120 830
1644130 831
1644140 831
1644150 833
1644160 834
1644170 834
1644180 835
1644190 837
1644200 838
1644210 838
1644220 839
1644230 840
1644240 840
1644250 842
1644260 843
1644270 843
1644280 843
1644290 845
1644300 845
1644310 848
1644320 850
1644330 850
1644340 852
1644350 854
1644360 854
1644370 855
1644380 859
1644390 859
1644400 863
1644410 868
1644420 868
1644430 873
1644440 878
1644450 881
1644460 881
1644470 884
1644480 886
1644490 886
1644500 887
1644510 888
1644520 886
1644530 889
1644540 893
1644550 893
1644560 896
1644570 900
1644580 900
1644590 903
1644600 907
1644610 907
1644620 911
1644630 914
1644640 914
1644650 917
1644660 918
1644670 918
1644680 919
1644690 921
1644700 925
1644710 925
1644720 931
1644730 936
1644740 936
1644750 940
1644760 945
1644770 945
1644780 950
1644790 955
1644800 955
1644810 959
1644820 963
1644830 963
1644840 967
1644850 972
1644860 972
1644870 976
1644880 980
1644890 980
1644900 983
1644910 985
1644920 985
1644930 987
1644940 989
1644950 992
1644960 992
1644970 994
1644980 996
1644990 996
1645000 998
1645010 1001
1645020 1001
1645030 1004
1645040 1007
1645050 1007
1645060 1010
1645070 1013
1645080 1013
1645090 1017
1645100 1019
1645110 1019
1645120 1022
1645130 1024
1645140 1024
1645150 1027
1645160 1030
1645170 1030
1645180 1033
1645190 1035
1645200 1035
1645210 1038
1645220 1041
1645230 1044
1645240 1044
1645250 1046
1645260 1049
1645270 1049
1645280 1052
1645290 1054
1645300 1054
1645310 1052
1645320 1053
1645330 1053
1645340 1055
1645350 1056
1645360 1056
1645370 1058
1645380 1059
1645390 1059
1645400 1061
1645410 1063
1645420 1063
1645430 1065
1645440 1067
1645450 1067
1645460 1070
1645470 1072
1645480 1075
1645490 1075
1645500 1078
1645510 1081
1645520 1081
1645530 1084
1645540 1086
1645550 1086
1645560 1090
1645570 1093
1645580 1093
1645590 1096
1645600 1099
1645610 1099
1645620 1102
1645630 1105
1645640 1105
1645650 1107
1645660 1110
1645670 1110
1645680 1113
1645690 1115
1645700 1115
1645710 1117
1645720 1120
1645730 1122
1645740 1122
1645750 1124
1645760 1127
1645770 1127
1645780 1129
1645790 1132
1645800 1132
1645810 1135
1645820 1138
1645830 1138
1645840 1140
1645850 1143
1645860 1143
1645870 1146
1645880 1148
1645890 1148
1645900 1151
1645910 1153
1645920 1153
1645930 1155
1645940 1157
1645950 1157
1645960 1159
1645970 1161
1645980 1163
1645990 1163
1646000 1165
1646010 1167
1646020 1167
1646030 1168
1646040 1170
1646050 1170
1646060 1172
1646070 1173
1646080 1173
1646090 1175
1646100 1176
1646110 1176
1646120 1177
1646130 1179
1646140 1179
1646150 1180
1646160 1181
1646170 1181
1646180 1182
1646190 1183
1646200 1183
1646210 1183
1646220 1183
1646230 1182
1646240 1182
1646250 1181
1646260 1180
1646270 1180
1646280 1178
1646290 1176
1646300 1176
1646310 1173
1646320 1170
1646330 1170
1646340 1165
1646350 1161
1646360 1161
1646370 1158
1646380 1155
1646390 1155
1646400 1151
1646410 1147
1646420 1147
1646430 1142
1646440 1139
1646450 1139
1646460 1136
1646470 1134
1646480 1134
1646490 1134
1646500 1131
1646510 1127
1646520 1127
1646530 1122
1646540 1118
1646550 1118
1646560 1115
1646570 1114
1646580 1114
1646590 1112
1646600 1110
1646610 1110
1646620 1108
1646630 1106
1646640 1106
1646650 1102
1646660 1100
1646670 1100
1646680 1098
1646690 1097
1646700 1097
1646710 1096
1646720 1095
1646730 1095
1646740 1094
1646750 1093
1646760 1092
1646770 1092
1646780 1091
1646790 1091
1646800 1091
1646810 1089
1646820 1088
1646830 1088
1646840 1087
1646850 1086
1646860 1086
1646870 1085
1646880 1083
1646890 1079
1646900 1077
1646910 1075
1646920 1075
1646930 1073
1646940 1071
1646950 1071
1646960 1068
1646970 1065
1646980 1065
1646990 1061
1647000 1056
1647010 1051
1647020 1051
1647030 1046
1647040 1041
1647050 1041
1647060 1037
1647070 1033
1647080 1033
1647090 1030
1647100 1026
1647110 1026
1647120 1022
1647130 1018
1647140 1018
1647150 1014
1647160 1010
1647170 1010
1647180 1006
1647190 1002
1647200 1002
1647210 999
1647220 996
1647230 996
1647240 992
1647250 989
1647260 985
1647270 985
1647280 982
1647290 980
1647300 980
1647310 980
1647320 980
1647330 980
1647340 979
1647350 978
1647360 978
1647370 976
1647380 973
1647390 973
1647400 971
1647410 970
1647420 970
1647430 969
1647440 969
1647450 969
1647460 968
1647470 967
1647480 967
1647490 964
1647500 960
1647510 956
1647520 956
1647530 956
1647540 956
1647550 956
1647560 956
1647570 956
1647580 956
1647590 957
1647600 959
1647610 959
1647620 961
1647630 962
1647640 962
1647650 962
1647660 965
1647670 968
1647680 970
1647690 973
1647700 973
1647710 976
1647720 983
1647730 983
1647740 989
1647750 994
1647760 999
1647770 999
1647780 1003
1647790 1007
1647800 1007
1647810 1010
1647820 1015
1647830 1015
1647840 1019
1647850 1024
1647860 1024
1647870 1029
1647880 1034
1647890 1034
1647900 1039
1647910 1043
1647920 1043
1647930 1045
1647940 1046
1647950 1046
1647960 1044
1647970 1042
1647980 1042
1647990 1038
1648000 1035
1648010 1031
1648020 1031
1648030 1027
1648040 1023
1648050 1023
1648060 1020
1648070 1016
1648080 1016
1648090 1012
1648100 1008
1648110 1008
1648120 1005
1648130 1003
1648140 1003
1648150 1001
1648160 999
1648170 999
1648180 997
1648190 996
1648200 996
1648210 994
1648220 993
1648230 993
1648240 992
1648250 991
1648260 991
1648270 989
1648280 988
1648290 986
1648300 986
1648310 984
1648320 982
1648330 982
1648340 979
1648350 976
1648360 976
1648370 973
1648380 970
1648390 970
1648400 967
1648410 964
1648420 964
1648430 960
1648440 956
1648450 955
1648460 951
1648470 947
1648480 947
1648490 943
1648500 940
1648510 940
1648520 936
1648530 932
1648540 928
1648550 928
1648560 923
1648570 918
1648580 918
1648590 912
1648600 907
1648610 907
1648620 900
1648630 894
1648640 894
1648650 888
1648660 883
1648670 883
1648680 881
1648690 878
1648700 878
1648710 875
1648720 872
1648730 872
1648740 870
1648750 867
1648760 867
1648770 863
1648780 861
1648790 858
1648800 858
1648810 855
1648820 852
1648830 852
1648840 849
1648850 844
1648860 844
1648870 840
1648880 836
1648890 836
1648900 832
1648910 828
1648920 828
1648930 823
1648940 819
1648950 819
1648960 814
1648970 809
1648980 809
1648990 803
1649000 800
1649010 800
1649020 804
1649030 809
1649040 814
1649050 814
1649060 820
1649070 826
1649080 826
1649090 832
1649100 839
1649110 839
1649120 844
1649130 849
1649140 849
1649150 852
1649160 856
1649170 856
1649180 860
1649190 864
1649200 864
1649210 867
1649220 872
1649230 872
1649240 876
1649250 879
1649260 879
1649270 883
1649280 886
1649290 889
1649300 889
1649310 892
1649320 894
1649330 894
1649340 896
1649350 896
1649360 896
1649370 894
1649380 891
1649390 891
1649400 888
1649410 885
1649420 885
1649430 883
1649440 883
1649450 883
1649460 881
1649470 878
1649480 878
1649490 880
1649500 883
1649510 883
1649520 885
1649530 889
1649540 889
1649550 893
1649560 898
1649570 902
1649580 902
1649590 906
1649600 910
1649610 910
1649620 914
1649630 918
1649640 918
1649650 922
1649660 927
1649670 927
1649680 930
1649690 933
1649700 933
1649710 936
1649720 940
1649730 940
1649740 941
1649750 939
1649760 939
1649770 936
1649780 932
1649790 932
1649800 929
1649810 925
1649820 923
1649830 923
1649840 920
1649850 916
1649860 916
1649870 913
1649880 909
1649890 909
1649900 906
1649910 902
1649920 902
1649930 897
1649940 892
1649950 892
1649960 888
1649970 886
1649980 886
1649990 884
1650000 885
1650010 885
1650020 885
1650030 885
1650040 885
1650050 885
1650060 883
1650070 881
1650080 881
1650090 877
1650100 874
1650110 874
1650120 872
1650130 871
1650140 871
1650150 870
1650160 869
1650170 869
1650180 868
1650190 867
1650200 867
1650210 864
1650220 862
1650230 862
1650240 860
1650250 858
1650260 858
1650270 856
1650280 853
1650290 853
1650300 851
1650310 849
1650320 846
1650330 846
1650340 844
1650350 842
1650360 842
1650370 841
1650380 838
1650390 838
1650400 836
1650410 833
1650420 833
1650430 831
1650440 828
1650450 828
1650460 826
1650470 825
1650480 825
1650490 825
1650500 825
1650510 825
1650520 825
1650530 823
1650540 823
1650550 821
1650560 818
1650570 815
1650580 815
1650590 810
1650600 804
1650610 804
1650620 800
1650630 797
1650640 797
1650650 793
1650660 790
1650670 790
1650680 788
1650690 784
1650700 784
1650710 779
1650720 777
1650730 777
1650740 772
1650750 768
1650760 770
1650770 764
1650780 761
1650790 761
1650800 759
1650810 757
1650820 754
1650830 754
1650840 752
1650850 751
1650860 751
1650870 751
1650880 750
1650890 750
1650900 750
1650910 746
1650920 746
1650930 741
1650940 736
1650950 736
1650960 733
1650970 736
1650980 736
1650990 737
1651000 737
1651010 737
1651020 737
1651030 738
1651040 738
1651050 738
1651060 739
1651070 739
1651080 740
1651090 741
1651100 742
1651110 742
1651120 743
1651130 744
1651140 744
1651150 746
1651160 747
1651170 747
1651180 749
1651190 750
1651200 750
1651210 751
1651220 751
1651230 751
1651240 750
1651250 749
1651260 749
1651270 748
1651280 746
1651290 746
1651300 744
1651310 742
1651320 742
1651330 740
1651340 738
1651350 735
1651360 735
1651370 732
1651380 730
1651390 730
1651400 727
1651410 724
1651420 724
1651430 721
1651440 718
1651450 718
1651460 715
1651470 712
1651480 712
1651490 708
1651500 705
1651510 705
1651520 701
1651530 698
1651540 698
1651550 694
1651560 692
1651570 692
1651580 690
1651590 688
1651600 687
1651610 687
1651620 686
1651630 684
1651640 684
1651650 683
1651660 681
1651670 681
1651680 680
1651690 678
1651700 678
1651710 676
1651720 675
1651730 675
1651740 673
1651750 672
1651760 672
1651770 670
1651780 669
1651790 669
1651800 668
1651810 667
1651820 667
1651830 666
1651840 665
1651850 663
1651860 663
1651870 662
1651880 660
1651890 660
1651900 661
1651910 660
1651920 660
1651930 659
1651940 658
1651950 658
1651960 657
1651970 657
1651980 657
1651990 657
1652000 657
1652010 657
1652020 657
1652030 656
1652040 656
1652050 656
1652060 656
1652070 656
1652080 655
1652090 655
1652100 654
1652110 654
1652120 653
1652130 653
1652140 653
1652150 651
1652160 645
1652170 645
1652180 640
1652190 637
1652200 637
1652210 632
1652220 628
1652230 628
1652240 626
1652250 624
1652260 624
1652270 624
1652280 624
1652290 624
1652300 623
1652310 623
1652320 623
1652330 624
1652340 624
1652350 624
1652360 624
1652370 624
1652380 625
1652390 625
1652400 625
1652410 626
1652420 626
1652430 627
1652440 629
1652450 629
1652460 628
1652470 628
1652480 628
1652490 628
1652500 628
1652510 628
1652520 628
1652530 628
1652540 628
1652550 628
1652560 628
1652570 628
1652580 628
1652590 629
1652600 629
1652610 628
1652620 628
1652630 628
1652640 628
1652650 628
1652660 628
1652670 628
1652680 628
1652690 628
1652700 628
1652710 627
1652720 627
1652730 627
1652740 627
1652750 626
1652760 626
1652770 625
1652780 625
1652790 625
1652800 624
1652810 624
1652820 624
1652830 623
1652840 623
1652850 623
1652860 624
1652870 624
1652880 623
1652890 623
1652900 622
1652910 622
1652920 622
1652930 621
1652940 619
1652950 619
1652960 618
1652970 616
1652980 616
1652990 615
1653000 614
1653010 614
1653020 613
1653030 613
1653040 613
1653050 613
1653060 613
1653070 613
1653080 612
1653090 612
1653100 612
1653110 613
1653120 613
1653130 612
1653140 612
1653150 612
1653160 612
1653170 612
1653180 612
1653190 612
1653200 612
1653210 612
1653220 612
1653230 612
1653240 612
1653250 611
1653260 611
1653270 611
1653280 611
1653290 611
1653300 611
1653310 611
1653320 611
1653330 611
1653340 610
1653350 610
1653360 610
1653370 609
1653380 609
1653390 609
1653400 609
1653410 609
1653420 609
1653430 609
1653440 609
1653450 609
1653460 609
1653470 609
1653480 609
1653490 609
1653500 609
1653510 609
1653520 609
1653530 609
1653540 609
1653550 609
1653560 609
1653570 609
1653580 609
1653590 609
1653600 609
1653610 609
1653620 609
1653630 609
1653640 610
1653650 610
1653660 610
1653670 610
1653680 609
1653690 609
1653700 609
1653710 609
1653720 609
1653730 609
1653740 609
1653750 609
1653760 609
1653770 609
1653780 609
1653790 609
1653800 609
1653810 609
1653820 609
1653830 609
1653840 609
1653850 609
1653860 608
1653870 608
1653880 608
1653890 608
1653900 608
1653910 608
1653920 608
1653930 608
1653940 608
1653950 608
1653960 609
1653970 609
1653980 609
1653990 609
1654000 608
1654010 608
1654020 608
1654030 608
1654040 608
1654050 608
1654060 608
1654070 608
1654080 608
1654090 608
1654100 608
1654110 608
1654120 608
1654130 608
1654140 608
1654150 608
1654160 608
1654170 608
1654180 608
1654190 607
1654200 607
1654210 606
1654220 606
1654230 606
1654240 607
1654250 607
1654260 607
1654270 606
1654280 606
1654290 606
1654300 607
1654310 607
1654320 607
1654330 606
1654340 607
1654350 607
1654360 607
1654370 607
1654380 607
1654390 608
1654400 608
1654410 608
1654420 608
1654430 608
1654440 608
1654450 608
1654460 608
1654470 608
1654480 608
1654490 608
1654500 608
1654510 608
1654520 608
1654530 608
1654540 608
1654550 611
1654560 612
1654570 612
1654580 609
1654590 608
1654600 608
1654610 609
1654620 610
1654630 610
1654640 611
1654650 611
1654660 610
1654670 610
1654680 610
1654690 610
1654700 610
1654710 610
1654720 610
1654730 610
1654740 609
1654750 608
1654760 608
1654770 607
1654780 607
1654790 607
1654800 607
1654810 607
1654820 607
1654830 607
1654840 607
1654850 607
1654860 607
1654870 607
1654880 607
1654890 607
1654900 607
1654910 607
1654920 607
1654930 607
1654940 606
1654950 606
1654960 605
1654970 605
1654980 605
1654990 605
1655000 605
1655010 605
1655020 605
1655030 605
1655040 605
1655050 606
1655060 606
1655070 606
1655080 606
1655090 606
1655100 606
1655110 606
1655120 606
1655130 606
1655140 606
1655150 606
1655160 606
1655170 606
1655180 606
1655190 606
1655200 606
1655210 606
1655220 606
1655230 606
1655240 606
1655250 606
1655260 606
1655270 606
1655280 606
1655290 606
1655300 606
1655310 606
1655320 606
1655330 606
1655340 606
1655350 606
1655360 606
1655370 605
1655380 605
1655390 606
1655400 606
1655410 606
1655420 608
1655430 609
1655440 609
1655450 609
1655460 609
1655470 609
1655480 609
1655490 609
1655500 609
1655510 609
1655520 609
1655530 609
1655540 609
1655550 609
1655560 609
1655570 609
1655580 609
1655590 609
1655600 609
1655610 609
1655620 609
1655630 609
1655640 609
1655650 609
1655660 609
1655670 609
1655680 609
1655690 609
1655700 609
1655710 609
1655720 609
1655730 609
1655740 609
1655750 609
1655760 609
1655770 609
1655780 609
1655790 609
1655800 609
1655810 609
1655820 609
1655830 609
1655840 608
1655850 608
1655860 609
1655870 609
1655880 609
1655890 609
1655900 609
1655910 609
1655920 609
1655930 608
1655940 608
1655950 608
1655960 608
1655970 608
1655980 608
1655990 608
1656000 608
1656010 608
1656020 608
1656030 608
1656040 608
1656050 608
1656060 608
1656070 608
1656080 608
1656090 608
1656100 608
1656110 608
1656120 608
1656130 608
1656140 608
1656150 608
1656160 608
1656170 608
1656180 608
1656190 608
1656200 608
1656210 608
1656220 607
1656230 607
1656240 607
1656250 607
1656260 607
1656270 607
1656280 607
1656290 607
1656300 608
1656310 608
1656320 608
1656330 608
1656340 608
1656350 608
1656360 608
1656370 608
1656380 608
1656390 608
1656400 607
1656410 607
1656420 607
1656430 607
1656440 607
1656450 608
1656460 608
1656470 608
1656480 608
1656490 608
1656500 608
1656510 608
1656520 608
1656530 609
1656540 609
1656550 609
1656560 610
1656570 610
1656580 610
1656590 610
1656600 610
1656610 610
1656620 610
1656630 610
1656640 610
1656650 610
1656660 610
1656670 610
1656680 610
1656690 610
1656700 610
1656710 610
1656720 610
1656730 610
1656740 610
1656750 610
1656760 610
1656770 610
1656780 610
1656790 610
1656800 610
1656810 610
1656820 610
1656830 610
1656840 610
1656850 610
1656860 611
1656870 611
1656880 611
1656890 611
1656900 611
1656910 611
1656920 611
1656930 611
1656940 611
1656950 611
1656960 611
1656970 611
1656980 611
1656990 611
1657000 611
1657010 611
1657020 611
1657030 611
1657040 611
1657050 610
1657060 610
1657070 610
1657080 609
1657090 609
1657100 609
1657110 609
1657120 610
1657130 610
1657140 610
1657150 610
1657160 610
1657170 610
1657180 610
1657190 610
1657200 610
1657210 610
1657220 610
1657230 610
1657240 610
1657250 610
1657260 610
1657270 610
1657280 610
1657290 610
1657300 610
1657310 610
1657320 610
1657330 610
1657340 610
1657350 610
1657360 610
1657370 610
1657380 610
1657390 610
1657400 610
1657410 610
1657420 610
1657430 610
1657440 610
1657450 610
1657460 610
1657470 610
1657480 610
1657490 610
1657500 610
1657510 610
1657520 610
1657530 610
1657540 610
1657550 611
1657560 611
1657570 611
1657580 611
1657590 611
1657600 611
1657610 610
1657620 610
1657630 610
1657640 610
1657650 610
1657660 610
1657670 610
1657680 610
1657690 610
1657700 610
1657710 610
1657720 610
1657730 610
1657740 610
1657750 610
1657760 610
1657770 610
1657780 610
1657790 610
1657800 609
1657810 609
1657820 609
1657830 609
1657840 609
1657850 609
1657860 609
1657870 609
1657880 609
1657890 609
1657900 609
1657910 609
1657920 609
1657930 609
1657940 609
1657950 609
1657960 609
1657970 609
1657980 609
1657990 609
1658000 609
1658010 609
1658020 609
1658030 609
1658040 609
1658050 609
1658060 609
1658070 609
1658080 609
1658090 609
1658100 609
1658110 609
1658120 609
1658130 609
1658140 610
1658150 609
1658160 609
1658170 609
1658180 609
1658190 609
1658200 609
1658210 609
1658220 609
1658230 610
1658240 611
1658250 610
1658260 610
1658270 610
1658280 610
1658290 610
1658300 610
1658310 609
1658320 609
1658330 609
1658340 609
1658350 609
1658360 609
1658370 609
1658380 609
1658390 609
1658400 609
1658410 609
1658420 609
1658430 609
1658440 609
1658450 609
1658460 609
1658470 609
1658480 609
1658490 609
1658500 609
1658510 609
1658520 609
1658530 609
1658540 609
1658550 609
1658560 610
1658570 610
1658580 610
1658590 610
1658600 610
1658610 610
1658620 610
1658630 610
1658640 610
1658650 610
1658660 610
1658670 610
1658680 610
1658690 610
1658700 610
1658710 610
1658720 610
1658730 610
1658740 610
1658750 610
1658760 610
1658770 610
1658780 610
1658790 610
1658800 610
1658810 610
1658820 610
1658830 610
1658840 610
1658850 610
1658860 610
1658870 610
1658880 610
1658890 610
1658900 610
1658910 610
1658920 610
1658930 610
1658940 610
1658950 610
1658960 610
1658970 610
1658980 609
1658990 609
1659000 609
1659010 609
1659020 609
1659030 610
1659040 610
1659050 610
1659060 610
1659070 610
1659080 610
1659090 610
1659100 610
1659110 610
1659120 610
1659130 610
1659140 610
1659150 610
1659160 610
1659170 610
1659180 610
1659190 610
1659200 610
1659210 610
1659220 610
1659230 611
1659240 611
1659250 611
1659260 611
1659270 611
1659280 611
1659290 611
1659300 610
1659310 611
1659320 611
1659330 611
1659340 611
1659350 611
1659360 611
1659370 610
1659380 610
1659390 610
1659400 610
1659410 610
1659420 610
1659430 610
1659440 610
1659450 610
1659460 610
1659470 610
1659480 611
1659490 611
1659500 611
1659510 611
1659520 612
1659530 613
1659540 613
1659550 615
1659560 617
1659570 617
1659580 619
1659590 622
1659600 622
1659610 626
1659620 632
1659630 632
1659640 638
1659650 643
1659660 643
1659670 649
1659680 651
1659690 651
1659700 650
1659710 652
1659720 652
1659730 652
1659740 656
1659750 656
1659760 659
1659770 660
1659780 661
1659790 661
1659800 663
1659810 665
1659820 665
1659830 668
1659840 671
1659850 671
1659860 672
1659870 672
1659880 672
1659890 666
1659900 659
1659910 659
1659920 655
1659930 659
1659940 659
1659950 667
1659960 676
1659970 676
1659980 679
1659990 681
