1640000 900
1640010 900
1640020 899
1640030 898
1640040 898
1640050 898
1640060 898
1640070 898
1640080 897
1640090 897
1640100 896
1640110 896
1640120 896
1640130 895
1640140 895
1640150 894
1640160 894
1640170 894
1640180 893
1640190 893
1640200 893
1640210 892
1640220 891
1640230 891
1640240 890
1640250 889
1640260 889
1640270 888
1640280 887
1640290 887
1640300 886
1640310 885
1640320 885
1640330 884
1640340 884
1640350 883
1640360 883
1640370 882
1640380 880
1640390 880
1640400 878
1640410 877
1640420 877
1640430 875
1640440 874
1640450 874
1640460 873
1640470 872
1640480 872
1640490 871
1640500 869
1640510 869
1640520 868
1640530 867
1640540 867
1640550 866
1640560 864
1640570 864
1640580 863
1640590 861
1640600 861
1640610 860
1640620 859
1640630 858
1640640 858
1640650 856
1640660 855
1640670 855
1640680 854
1640690 853
1640700 853
1640710 852
1640720 851
1640730 851
1640740 850
1640750 849
1640760 849
1640770 848
1640780 847
1640790 847
1640800 845
1640810 844
1640820 844
1640830 843
1640840 841
1640850 841
1640860 840
1640870 840
1640880 839
1640890 838
1640900 838
1640910 837
1640920 837
1640930 837
1640940 836
1640950 836
1640960 835
1640970 834
1640980 834
1640990 834
1641000 833
1641010 833
1641020 833
1641030 832
1641040 832
1641050 832
1641060 831
1641070 831
1641080 831
1641090 831
1641100 831
1641110 831
1641120 831
1641130 831
1641140 830
1641150 830
1641160 831
1641170 831
1641180 831
1641190 831
1641200 831
1641210 832
1641220 832
1641230 832
1641240 833
1641250 833
1641260 833
1641270 834
1641280 834
1641290 834
1641300 834
1641310 834
1641320 834
1641330 834
1641340 833
1641350 833
1641360 833
1641370 834
1641380 834
1641390 834
1641400 834
1641410 835
1641420 835
1641430 835
1641440 835
1641450 835
1641460 836
1641470 836
1641480 836
1641490 837
1641500 837
1641510 837
1641520 837
1641530 837
1641540 837
1641550 837
1641560 837
1641570 837
1641580 836
1641590 835
1641600 835
1641610 835
1641620 834
1641630 834
1641640 834
1641650 832
1641660 831
1641670 831
1641680 831
1641690 831
1641700 831
1641710 831
1641720 832
1641730 832
1641740 833
1641750 835
1641760 835
1641770 836
1641780 836
1641790 836
1641800 837
1641810 837
1641820 837
1641830 838
1641840 838
1641850 838
1641860 838
1641870 837
1641880 837
1641890 836
1641900 836
1641910 836
1641920 836
1641930 836
1641940 836
1641950 836
1641960 836
1641970 837
1641980 837
1641990 837
1642000 837
1642010 837
1642020 838
1642030 838
1642040 838
1642050 838
1642060 838
1642070 838
1642080 838
1642090 839
1642100 839
1642110 839
1642120 839
1642130 839
1642140 839
1642150 839
1642160 839
1642170 839
1642180 840
1642190 839
1642200 839
1642210 839
1642220 840
1642230 840
1642240 840
1642250 840
1642260 840
1642270 840
1642280 841
1642290 841
1642300 841
1642310 841
1642320 841
1642330 841
1642340 841
1642350 841
1642360 841
1642370 841
1642380 841
1642390 842
1642400 843
1642410 843
1642420 844
1642430 844
1642440 845
1642450 845
1642460 845
1642470 846
1642480 846
1642490 846
1642500 847
1642510 847
1642520 848
1642530 848
1642540 848
1642550 849
1642560 849
1642570 849
1642580 849
1642590 850
1642600 850
1642610 850
1642620 850
1642630 850
1642640 850
1642650 851
1642660 851
1642670 853
1642680 855
1642690 855
1642700 856
1642710 857
1642720 858
1642730 858
1642740 859
1642750 860
1642760 860
1642770 861
1642780 862
1642790 862
1642800 863
1642810 864
1642820 864
1642830 865
1642840 866
1642850 866
1642860 868
1642870 870
1642880 870
1642890 871
1642900 873
1642910 873
1642920 873
1642930 874
1642940 874
1642950 875
1642960 876
1642970 877
1642980 877
1642990 878
1643000 880
1643010 880
1643020 881
1643030 882
1643040 882
1643050 883
1643060 884
1643070 884
1643080 885
1643090 886
1643100 886
1643110 888
1643120 890
1643130 890
1643140 892
1643150 893
1643160 893
1643170 895
1643180 896
1643190 896
1643200 897
1643210 898
1643220 900
1643230 900
1643240 901
1643250 902
1643260 902
1643270 904
1643280 906
1643290 906
1643300 908
1643310 909
1643320 909
1643330 910
1643340 911
1643350 911
1643360 911
1643370 911
1643380 911
1643390 911
1643400 911
1643410 911
1643420 910
1643430 910
1643440 910
1643450 910
1643460 910
1643470 910
1643480 909
1643490 909
1643500 909
1643510 909
1643520 908
1643530 908
1643540 908
1643550 907
1643560 907
1643570 907
1643580 907
1643590 906
1643600 906
1643610 906
1643620 905
1643630 905
1643640 905
1643650 905
1643660 905
1643670 905
1643680 905
1643690 905
1643700 905
1643710 904
1643720 904
1643730 904
1643740 904
1643750 904
1643760 904
1643770 904
1643780 904
1643790 904
1643800 903
1643810 903
1643820 903
1643830 903
1643840 902
1643850 902
1643860 902
1643870 902
1643880 902
1643890 901
1643900 901
1643910 901
1643920 900
1643930 900
1643940 900
1643950 899
1643960 899
1643970 899
1643980 899
1643990 899
1644000 899
1644010 898
1644020 898
1644030 898
1644040 898
1644050 897
1644060 897
1644070 897
1644080 896
1644090 896
1644100 896
1644110 896
1644120 896
1644130 896
1644140 895
1644150 895
1644160 895
1644170 895
1644180 894
1644190 894
1644200 894
1644210 893
1644220 893
1644230 893
1644240 892
1644250 892
1644260 892
1644270 892
1644280 891
1644290 891
1644300 891
1644310 890
1644320 890
1644330 890
1644340 889
1644350 889
1644360 888
1644370 888
1644380 888
1644390 887
1644400 887
1644410 887
1644420 886
1644430 886
1644440 886
1644450 885
1644460 885
1644470 885
1644480 884
1644490 884
1644500 884
1644510 883
1644520 883
1644530 883
1644540 883
1644550 882
1644560 882
1644570 882
1644580 881
1644590 881
1644600 881
1644610 880
1644620 880
1644630 880
1644640 879
1644650 879
1644660 879
1644670 879
1644680 878
1644690 878
1644700 878
1644710 878
1644720 878
1644730 878
1644740 877
1644750 877
1644760 877
1644770 878
1644780 878
1644790 879
1644800 879
1644810 878
1644820 878
1644830 878
1644840 877
1644850 877
1644860 876
1644870 876
1644880 876
1644890 876
1644900 875
1644910 876
1644920 875
1644930 875
1644940 875
1644950 875
1644960 874
1644970 874
1644980 873
1644990 873
1645000 873
1645010 872
1645020 872
1645030 872
1645040 872
1645050 871
1645060 870
1645070 870
1645080 869
1645090 868
1645100 868
1645110 867
1645120 867
1645130 867
1645140 866
1645150 866
1645160 866
1645170 866
1645180 865
1645190 865
1645200 864
1645210 864
1645220 864
1645230 863
1645240 862
1645250 862
1645260 861
1645270 861
1645280 861
1645290 860
1645300 860
1645310 859
1645320 859
1645330 858
1645340 858
1645350 858
1645360 857
1645370 857
1645380 857
1645390 857
1645400 855
1645410 855
1645420 854
1645430 854
1645440 854
1645450 854
1645460 854
1645470 854
1645480 853
1645490 853
1645500 853
1645510 852
1645520 852
1645530 852
1645540 851
1645550 851
1645560 851
1645570 850
1645580 850
1645590 849
1645600 849
1645610 849
1645620 848
1645630 848
1645640 847
1645650 846
1645660 846
1645670 846
1645680 845
1645690 845
1645700 845
1645710 845
1645720 845
1645730 844
1645740 843
1645750 843
1645760 843
1645770 842
1645780 842
1645790 842
1645800 842
1645810 842
1645820 841
1645830 840
1645840 839
1645850 839
1645860 839
1645870 838
1645880 838
1645890 838
1645900 837
1645910 837
1645920 836
1645930 836
1645940 836
1645950 835
1645960 835
1645970 835
1645980 835
1645990 834
1646000 834
1646010 834
1646020 834
1646030 834
1646040 833
1646050 833
1646060 833
1646070 833
1646080 832
1646090 832
1646100 832
1646110 831
1646120 830
1646130 830
1646140 830
1646150 829
1646160 829
1646170 829
1646180 829
1646190 829
1646200 828
1646210 828
1646220 828
1646230 827
1646240 827
1646250 827
1646260 826
1646270 826
1646280 826
1646290 825
1646300 825
1646310 825
1646320 824
1646330 824
1646340 824
1646350 823
1646360 823
1646370 823
1646380 823
1646390 823
1646400 822
1646410 822
1646420 822
1646430 821
1646440 821
1646450 821
1646460 820
1646470 820
1646480 820
1646490 820
1646500 820
1646510 819
1646520 817
1646530 817
1646540 815
1646550 813
1646560 813
1646570 811
1646580 810
1646590 810
1646600 809
1646610 809
1646620 808
1646630 808
1646640 808
1646650 807
1646660 807
1646670 807
1646680 807
1646690 807
1646700 806
1646710 804
1646720 804
1646730 803
1646740 803
1646750 803
1646760 803
1646770 803
1646780 803
1646790 805
1646800 805
1646810 805
1646820 805
1646830 803
1646840 803
1646850 801
1646860 800
1646870 799
1646880 799
1646890 798
1646900 797
1646910 797
1646920 796
1646930 795
1646940 795
1646950 794
1646960 793
1646970 793
1646980 791
1646990 789
1647000 789
1647010 788
1647020 786
1647030 786
1647040 785
1647050 784
1647060 784
1647070 783
1647080 781
1647090 781
1647100 779
1647110 777
1647120 777
1647130 776
1647140 774
1647150 772
1647160 772
1647170 770
1647180 768
1647190 768
1647200 766
1647210 765
1647220 765
1647230 764
1647240 763
1647250 763
1647260 762
1647270 762
1647280 762
1647290 761
1647300 761
1647310 761
1647320 760
1647330 759
1647340 759
1647350 758
1647360 757
1647370 757
1647380 756
1647390 754
1647400 753
1647410 753
1647420 752
1647430 751
1647440 751
1647450 751
1647460 750
1647470 750
1647480 750
1647490 749
1647500 749
1647510 749
1647520 748
1647530 748
1647540 747
1647550 746
1647560 746
1647570 745
1647580 744
1647590 744
1647600 744
1647610 743
1647620 743
1647630 743
1647640 742
1647650 742
1647660 741
1647670 740
1647680 740
1647690 740
1647700 739
1647710 739
1647720 739
1647730 738
1647740 737
1647750 737
1647760 737
1647770 736
1647780 736
1647790 735
1647800 735
1647810 735
1647820 734
1647830 733
1647840 733
1647850 733
1647860 732
1647870 732
1647880 731
1647890 731
1647900 731
1647910 730
1647920 729
1647930 729
1647940 729
1647950 728
1647960 727
1647970 727
1647980 727
1647990 727
1648000 727
1648010 726
1648020 726
1648030 726
1648040 725
1648050 724
1648060 723
1648070 722
1648080 722
1648090 722
1648100 721
1648110 720
1648120 720
1648130 720
1648140 720
1648150 720
1648160 720
1648170 719
1648180 718
1648190 718
1648200 720
1648210 721
1648220 721
1648230 721
1648240 722
1648250 722
1648260 722
1648270 723
1648280 723
1648290 722
1648300 722
1648310 722
1648320 722
1648330 722
1648340 722
1648350 721
1648360 721
1648370 721
1648380 721
1648390 721
1648400 721
1648410 721
1648420 720
1648430 720
1648440 720
1648450 720
1648460 720
1648470 720
1648480 720
1648490 720
1648500 720
1648510 719
1648520 719
1648530 719
1648540 719
1648550 719
1648560 719
1648570 718
1648580 718
1648590 718
1648600 718
1648610 717
1648620 717
1648630 717
1648640 716
1648650 716
1648660 716
1648670 716
1648680 716
1648690 718
1648700 719
1648710 720
1648720 720
1648730 720
1648740 721
1648750 721
1648760 722
1648770 723
1648780 723
1648790 725
1648800 727
1648810 727
1648820 728
1648830 730
1648840 730
1648850 733
1648860 734
1648870 734
1648880 736
1648890 736
1648900 736
1648910 737
1648920 739
1648930 739
1648940 740
1648950 741
1648960 742
1648970 742
1648980 743
1648990 744
1649000 744
1649010 744
1649020 745
1649030 745
1649040 746
1649050 747
1649060 747
1649070 747
1649080 748
1649090 748
1649100 748
1649110 749
1649120 749
1649130 749
1649140 749
1649150 749
1649160 749
1649170 749
1649180 749
1649190 749
1649200 749
1649210 749
1649220 748
1649230 748
1649240 748
1649250 748
1649260 747
1649270 747
1649280 747
1649290 746
1649300 745
1649310 745
1649320 745
1649330 742
1649340 742
1649350 739
1649360 738
1649370 738
1649380 738
1649390 737
1649400 737
1649410 734
1649420 731
1649430 731
1649440 728
1649450 727
1649460 727
1649470 726
1649480 726
1649490 726
1649500 726
1649510 727
1649520 729
1649530 729
1649540 732
1649550 735
1649560 735
1649570 735
1649580 734
1649590 734
1649600 733
1649610 736
1649620 736
1649630 737
1649640 739
1649650 739
1649660 743
1649670 746
1649680 746
1649690 747
1649700 747
1649710 747
1649720 747
1649730 747
1649740 747
1649750 747
1649760 747
1649770 747
1649780 747
1649790 747
1649800 746
1649810 746
1649820 746
1649830 744
1649840 744
1649850 743
1649860 743
1649870 743
1649880 743
1649890 742
1649900 742
1649910 742
1649920 740
1649930 740
1649940 740
1649950 740
1649960 740
1649970 741
1649980 744
1649990 744
1650000 744
1650010 744
1650020 744
1650030 744
1650040 744
1650050 744
1650060 744
1650070 744
1650080 744
1650090 744
1650100 744
1650110 744
1650120 744
1650130 744
1650140 743
1650150 743
1650160 743
1650170 743
1650180 743
1650190 743
1650200 744
1650210 744
1650220 744
1650230 743
1650240 743
1650250 743
1650260 743
1650270 743
1650280 743
1650290 743
1650300 743
1650310 743
1650320 743
1650330 742
1650340 742
1650350 742
1650360 742
1650370 742
1650380 742
1650390 742
1650400 742
1650410 742
1650420 742
1650430 742
1650440 742
1650450 743
1650460 743
1650470 743
1650480 744
1650490 744
1650500 744
1650510 745
1650520 745
1650530 746
1650540 746
1650550 746
1650560 746
1650570 746
1650580 746
1650590 746
1650600 745
1650610 745
1650620 745
1650630 745
1650640 744
1650650 744
1650660 744
1650670 744
1650680 744
1650690 743
1650700 743
1650710 743
1650720 743
1650730 743
1650740 743
1650750 742
1650760 742
1650770 742
1650780 741
1650790 741
1650800 741
1650810 741
1650820 740
1650830 740
1650840 740
1650850 739
1650860 739
1650870 739
1650880 738
1650890 738
1650900 738
1650910 737
1650920 737
1650930 737
1650940 737
1650950 737
1650960 737
1650970 736
1650980 736
1650990 736
1651000 735
1651010 734
1651020 734
1651030 734
1651040 734
1651050 733
1651060 733
1651070 733
1651080 733
1651090 733
1651100 733
1651110 733
1651120 733
1651130 732
1651140 732
1651150 732
1651160 731
1651170 731
1651180 731
1651190 731
1651200 730
1651210 730
1651220 730
1651230 729
1651240 729
1651250 729
1651260 728
1651270 728
1651280 728
1651290 728
1651300 728
1651310 727
1651320 727
1651330 726
1651340 726
1651350 726
1651360 726
1651370 726
1651380 725
1651390 725
1651400 725
1651410 724
1651420 724
1651430 724
1651440 724
1651450 723
1651460 723
1651470 723
1651480 723
1651490 723
1651500 722
1651510 722
1651520 722
1651530 721
1651540 721
1651550 721
1651560 720
1651570 720
1651580 719
1651590 719
1651600 719
1651610 718
1651620 718
1651630 718
1651640 718
1651650 718
1651660 717
1651670 717
1651680 717
1651690 717
1651700 717
1651710 717
1651720 716
1651730 716
1651740 716
1651750 715
1651760 715
1651770 715
1651780 714
1651790 714
1651800 714
1651810 714
1651820 714
1651830 714
1651840 713
1651850 713
1651860 712
1651870 712
1651880 712
1651890 712
1651900 712
1651910 712
1651920 712
1651930 712
1651940 711
1651950 711
1651960 711
1651970 710
1651980 709
1651990 709
1652000 709
1652010 708
1652020 708
1652030 708
1652040 708
1652050 708
1652060 707
1652070 707
1652080 707
1652090 706
1652100 706
1652110 706
1652120 706
1652130 706
1652140 705
1652150 705
1652160 705
1652170 704
1652180 704
1652190 704
1652200 704
1652210 704
1652220 703
1652230 703
1652240 703
1652250 702
1652260 702
1652270 702
1652280 702
1652290 701
1652300 701
1652310 701
1652320 699
1652330 699
1652340 698
1652350 697
1652360 696
1652370 696
1652380 696
1652390 696
1652400 696
1652410 694
1652420 692
1652430 692
1652440 689
1652450 690
1652460 690
1652470 692
1652480 692
1652490 692
1652500 694
1652510 695
1652520 695
1652530 695
1652540 695
1652550 695
1652560 695
1652570 694
1652580 694
1652590 694
1652600 693
1652610 693
1652620 693
1652630 692
1652640 692
1652650 692
1652660 691
1652670 689
1652680 689
1652690 688
1652700 686
1652710 686
1652720 683
1652730 680
1652740 680
1652750 677
1652760 676
1652770 676
1652780 674
1652790 672
1652800 672
1652810 671
1652820 670
1652830 670
1652840 669
1652850 668
1652860 668
1652870 667
1652880 666
1652890 665
1652900 665
1652910 663
1652920 660
1652930 660
1652940 657
1652950 654
1652960 654
1652970 652
1652980 652
1652990 652
1653000 652
1653010 651
1653020 651
1653030 652
1653040 651
1653050 651
1653060 652
1653070 653
1653080 653
1653090 655
1653100 657
1653110 657
1653120 659
1653130 660
1653140 660
1653150 660
1653160 661
1653170 661
1653180 661
1653190 661
1653200 661
1653210 661
1653220 660
1653230 660
1653240 660
1653250 658
1653260 656
1653270 656
1653280 655
1653290 655
1653300 655
1653310 655
1653320 655
1653330 655
1653340 655
1653350 656
1653360 656
1653370 658
1653380 659
1653390 659
1653400 659
1653410 660
1653420 662
1653430 662
1653440 662
1653450 664
1653460 664
1653470 665
1653480 667
1653490 667
1653500 668
1653510 668
1653520 668
1653530 669
1653540 670
1653550 670
1653560 670
1653570 671
1653580 671
1653590 672
1653600 672
1653610 672
1653620 672
1653630 673
1653640 673
1653650 673
1653660 674
1653670 674
1653680 674
1653690 675
1653700 676
1653710 676
1653720 676
1653730 676
1653740 676
1653750 677
1653760 677
1653770 677
1653780 678
1653790 678
1653800 678
1653810 679
1653820 679
1653830 679
1653840 680
1653850 683
1653860 683
1653870 687
1653880 689
1653890 689
1653900 690
1653910 693
1653920 693
1653930 696
1653940 699
1653950 701
1653960 701
1653970 702
1653980 703
1653990 703
1654000 704
1654010 704
1654020 704
1654030 704
1654040 704
1654050 704
1654060 704
1654070 704
1654080 704
1654090 703
1654100 702
1654110 702
1654120 701
1654130 699
1654140 699
1654150 697
1654160 695
1654170 695
1654180 692
1654190 690
1654200 689
1654210 689
1654220 687
1654230 687
1654240 687
1654250 687
1654260 687
1654270 687
1654280 687
1654290 687
1654300 687
1654310 687
1654320 687
1654330 687
1654340 687
1654350 687
1654360 687
1654370 687
1654380 687
1654390 687
1654400 687
1654410 686
1654420 686
1654430 687
1654440 687
1654450 686
1654460 686
1654470 686
1654480 686
1654490 686
1654500 686
1654510 686
1654520 686
1654530 686
1654540 686
1654550 686
1654560 686
1654570 686
1654580 686
1654590 686
1654600 686
1654610 686
1654620 686
1654630 685
1654640 685
1654650 685
1654660 685
1654670 685
1654680 685
1654690 685
1654700 685
1654710 685
1654720 685
1654730 685
1654740 685
1654750 685
1654760 685
1654770 685
1654780 685
1654790 684
1654800 684
1654810 684
1654820 684
1654830 684
1654840 684
1654850 684
1654860 684
1654870 684
1654880 684
1654890 684
1654900 684
1654910 684
1654920 684
1654930 684
1654940 684
1654950 684
1654960 684
1654970 684
1654980 684
1654990 684
1655000 684
1655010 683
1655020 683
1655030 683
1655040 683
1655050 683
1655060 683
1655070 683
1655080 683
1655090 683
1655100 683
1655110 683
1655120 682
1655130 682
1655140 682
1655150 682
1655160 682
1655170 682
1655180 682
1655190 682
1655200 682
1655210 682
1655220 682
1655230 681
1655240 681
1655250 681
1655260 681
1655270 681
1655280 681
1655290 680
1655300 680
1655310 680
1655320 680
1655330 680
1655340 680
1655350 680
1655360 680
1655370 680
1655380 680
1655390 680
1655400 679
1655410 679
1655420 679
1655430 679
1655440 679
1655450 679
1655460 678
1655470 678
1655480 678
1655490 678
1655500 678
1655510 678
1655520 678
1655530 678
1655540 677
1655550 677
1655560 677
1655570 677
1655580 677
1655590 677
1655600 677
1655610 677
1655620 677
1655630 677
1655640 677
1655650 677
1655660 677
1655670 677
1655680 677
1655690 677
1655700 677
1655710 677
1655720 677
1655730 677
1655740 676
1655750 676
1655760 676
1655770 676
1655780 676
1655790 676
1655800 676
1655810 676
1655820 676
1655830 676
1655840 676
1655850 676
1655860 676
1655870 675
1655880 675
1655890 675
1655900 675
1655910 674
1655920 674
1655930 674
1655940 674
1655950 674
1655960 674
1655970 673
1655980 673
1655990 673
1656000 673
1656010 673
1656020 672
1656030 672
1656040 672
1656050 672
1656060 672
1656070 672
1656080 672
1656090 672
1656100 671
1656110 671
1656120 671
1656130 671
1656140 671
1656150 671
1656160 671
1656170 671
1656180 671
1656190 671
1656200 671
1656210 671
1656220 671
1656230 671
1656240 670
1656250 670
1656260 670
1656270 670
1656280 669
1656290 669
1656300 669
1656310 669
1656320 669
1656330 669
1656340 668
1656350 668
1656360 668
1656370 668
1656380 667
1656390 667
1656400 667
1656410 667
1656420 667
1656430 667
1656440 667
1656450 667
1656460 667
1656470 666
1656480 666
1656490 666
1656500 666
1656510 666
1656520 666
1656530 666
1656540 665
1656550 665
1656560 665
1656570 665
1656580 665
1656590 665
1656600 665
1656610 665
1656620 665
1656630 665
1656640 665
1656650 665
1656660 664
1656670 664
1656680 664
1656690 664
1656700 664
1656710 663
1656720 662
1656730 662
1656740 661
1656750 661
1656760 661
1656770 660
1656780 660
1656790 660
1656800 660
1656810 660
1656820 659
1656830 659
1656840 659
1656850 659
1656860 659
1656870 659
1656880 659
1656890 659
1656900 659
1656910 659
1656920 659
1656930 659
1656940 659
1656950 659
1656960 659
1656970 659
1656980 659
1656990 659
1657000 658
1657010 658
1657020 658
1657030 658
1657040 658
1657050 658
1657060 658
1657070 658
1657080 658
1657090 658
1657100 657
1657110 657
1657120 657
1657130 657
1657140 657
1657150 657
1657160 657
1657170 657
1657180 656
1657190 656
1657200 656
1657210 656
1657220 655
1657230 655
1657240 655
1657250 655
1657260 655
1657270 655
1657280 653
1657290 653
1657300 652
1657310 651
1657320 651
1657330 650
1657340 650
1657350 649
1657360 649
1657370 649
1657380 649
1657390 649
1657400 648
1657410 648
1657420 648
1657430 647
1657440 646
1657450 646
1657460 646
1657470 646
1657480 646
1657490 646
1657500 646
1657510 646
1657520 647
1657530 647
1657540 647
1657550 647
1657560 647
1657570 647
1657580 646
1657590 646
1657600 646
1657610 646
1657620 646
1657630 646
1657640 646
1657650 646
1657660 645
1657670 645
1657680 644
1657690 644
1657700 644
1657710 642
1657720 642
1657730 642
1657740 642
1657750 640
1657760 640
1657770 640
1657780 640
1657790 640
1657800 640
1657810 640
1657820 640
1657830 640
1657840 640
1657850 640
1657860 640
1657870 640
1657880 641
1657890 641
1657900 641
1657910 640
1657920 640
1657930 640
1657940 640
1657950 640
1657960 640
1657970 640
1657980 640
1657990 639
1658000 640
1658010 640
1658020 639
1658030 639
1658040 639
1658050 639
1658060 639
1658070 639
1658080 638
1658090 638
1658100 638
1658110 638
1658120 638
1658130 638
1658140 638
1658150 637
1658160 637
1658170 637
1658180 637
1658190 636
1658200 636
1658210 636
1658220 636
1658230 636
1658240 636
1658250 636
1658260 636
1658270 636
1658280 636
1658290 636
1658300 636
1658310 637
1658320 637
1658330 636
1658340 635
1658350 635
1658360 635
1658370 635
1658380 635
1658390 635
1658400 635
1658410 635
1658420 635
1658430 635
1658440 635
1658450 635
1658460 635
1658470 635
1658480 635
1658490 635
1658500 636
1658510 636
1658520 637
1658530 639
1658540 639
1658550 639
1658560 640
1658570 640
1658580 640
1658590 642
1658600 642
1658610 643
1658620 644
1658630 644
1658640 643
1658650 643
1658660 642
1658670 642
1658680 641
1658690 641
1658700 641
1658710 640
1658720 638
1658730 638
1658740 636
1658750 635
1658760 635
1658770 634
1658780 632
1658790 632
1658800 629
1658810 627
1658820 627
1658830 626
1658840 626
1658850 626
1658860 621
1658870 618
1658880 618
1658890 618
1658900 617
1658910 617
1658920 617
1658930 619
1658940 619
1658950 619
1658960 619
1658970 622
1658980 622
1658990 624
1659000 627
1659010 627
1659020 632
1659030 636
1659040 636
1659050 640
1659060 644
1659070 644
1659080 647
1659090 650
1659100 650
1659110 654
1659120 655
1659130 655
1659140 655
1659150 655
1659160 654
1659170 654
1659180 652
1659190 650
1659200 650
1659210 646
1659220 642
1659230 642
1659240 638
1659250 634
1659260 634
1659270 630
1659280 627
1659290 627
1659300 624
1659310 623
1659320 623
1659330 621
1659340 620
1659350 623
1659360 621
1659370 620
1659380 620
1659390 620
1659400 620
1659410 620
1659420 619
1659430 619
1659440 618
1659450 618
1659460 618
1659470 617
1659480 617
1659490 617
1659500 617
1659510 617
1659520 616
1659530 616
1659540 616
1659550 616
1659560 617
1659570 617
1659580 617
1659590 618
1659600 618
1659610 618
1659620 619
1659630 619
1659640 620
1659650 620
1659660 620
1659670 619
1659680 618
1659690 617
1659700 617
1659710 616
1659720 615
1659730 615
1659740 614
1659750 612
1659760 612
1659770 610
1659780 610
1659790 610
1659800 611
1659810 609
1659820 609
1659830 606
1659840 602
1659850 602
1659860 601
1659870 600
1659880 600
1659890 596
1659900 595
1659910 595
1659920 594
1659930 594
1659940 594
1659950 594
1659960 597
1659970 598
1659980 598
1659990 598
