1640000 1388
1640010 1388
1640020 1390
1640030 1392
1640040 1392
1640050 1393
1640060 1396
1640070 1396
1640080 1398
1640090 1401
1640100 1401
1640110 1403
1640120 1405
1640130 1407
1640140 1407
1640150 1410
1640160 1411
1640170 1411
1640180 1413
1640190 1415
1640200 1415
1640210 1417
1640220 1419
1640230 1419
1640240 1420
1640250 1421
1640260 1421
1640270 1422
1640280 1423
1640290 1423
1640300 1424
1640310 1425
1640320 1425
1640330 1424
1640340 1426
1640350 1426
1640360 1424
1640370 1422
1640380 1419
1640390 1419
1640400 1416
1640410 1413
1640420 1413
1640430 1409
1640440 1405
1640450 1405
1640460 1402
1640470 1398
1640480 1398
1640490 1394
1640500 1391
1640510 1391
1640520 1388
1640530 1386
1640540 1386
1640550 1384
1640560 1381
1640570 1381
1640580 1379
1640590 1377
1640600 1377
1640610 1374
1640620 1372
1640630 1372
1640640 1371
1640650 1369
1640660 1368
1640670 1368
1640680 1368
1640690 1367
1640700 1367
1640710 1365
1640720 1363
1640730 1363
1640740 1360
1640750 1356
1640760 1356
1640770 1351
1640780 1348
1640790 1348
1640800 1345
1640810 1342
1640820 1342
1640830 1339
1640840 1336
1640850 1336
1640860 1334
1640870 1333
1640880 1333
1640890 1331
1640900 1330
1640910 1330
1640920 1328
1640930 1326
1640940 1323
1640950 1323
1640960 1322
1640970 1320
1640980 1320
1640990 1322
1641000 1323
1641010 1323
1641020 1325
1641030 1329
1641040 1329
1641050 1332
1641060 1335
1641070 1335
1641080 1339
1641090 1343
1641100 1343
1641110 1347
1641120 1351
1641130 1351
1641140 1356
1641150 1360
1641160 1359
1641170 1364
1641180 1368
1641190 1372
1641200 1372
1641210 1375
1641220 1378
1641230 1378
1641240 1382
1641250 1385
1641260 1385
1641270 1388
1641280 1391
1641290 1391
1641300 1394
1641310 1397
1641320 1397
1641330 1400
1641340 1402
1641350 1402
1641360 1405
1641370 1407
1641380 1407
1641390 1409
1641400 1411
1641410 1411
1641420 1412
1641430 1413
1641440 1413
1641450 1413
1641460 1413
1641470 1412
1641480 1412
1641490 1410
1641500 1407
1641510 1407
1641520 1404
1641530 1400
1641540 1400
1641550 1396
1641560 1391
1641570 1391
1641580 1387
1641590 1383
1641600 1383
1641610 1378
1641620 1374
1641630 1374
1641640 1370
1641650 1365
1641660 1365
1641670 1360
1641680 1355
1641690 1355
1641700 1350
1641710 1345
1641720 1340
1641730 1340
1641740 1336
1641750 1331
1641760 1331
1641770 1326
1641780 1320
1641790 1320
1641800 1314
1641810 1308
1641820 1308
1641830 1303
1641840 1297
1641850 1297
1641860 1292
1641870 1286
1641880 1286
1641890 1280
1641900 1275
1641910 1275
1641920 1269
1641930 1263
1641940 1263
1641950 1258
1641960 1252
1641970 1252
1641980 1246
1641990 1240
1642000 1234
1642010 1234
1642020 1228
1642030 1223
1642040 1223
1642050 1217
1642060 1212
1642070 1212
1642080 1207
1642090 1202
1642100 1202
1642110 1196
1642120 1190
1642130 1190
1642140 1184
1642150 1178
1642160 1178
1642170 1172
1642180 1166
1642190 1166
1642200 1160
1642210 1153
1642220 1153
1642230 1147
1642240 1141
1642250 1141
1642260 1135
1642270 1128
1642280 1122
1642290 1122
1642300 1115
1642310 1110
1642320 1110
1642330 1107
1642340 1106
1642350 1106
1642360 1095
1642370 1092
1642380 1092
1642390 1093
1642400 1101
1642410 1101
1642420 1112
1642430 1117
1642440 1117
1642450 1122
1642460 1128
1642470 1128
1642480 1133
1642490 1135
1642500 1135
1642510 1140
1642520 1143
1642530 1146
1642540 1146
1642550 1149
1642560 1152
1642570 1152
1642580 1155
1642590 1158
1642600 1158
1642610 1162
1642620 1165
1642630 1165
1642640 1168
1642650 1171
1642660 1171
1642670 1174
1642680 1177
1642690 1177
1642700 1179
1642710 1182
1642720 1182
1642730 1185
1642740 1189
1642750 1189
1642760 1193
1642770 1196
1642780 1200
1642790 1204
1642800 1208
1642810 1211
1642820 1211
1642830 1215
1642840 1219
1642850 1219
1642860 1223
1642870 1226
1642880 1226
1642890 1230
1642900 1233
1642910 1233
1642920 1238
1642930 1240
1642940 1240
1642950 1244
1642960 1248
1642970 1248
1642980 1251
1642990 1254
1643000 1254
1643010 1257
1643020 1259
1643030 1259
1643040 1259
1643050 1255
1643060 1250
1643070 1250
1643080 1244
1643090 1238
1643100 1238
1643110 1233
1643120 1227
1643130 1227
1643140 1221
1643150 1215
1643160 1215
1643170 1208
1643180 1203
1643190 1203
1643200 1197
1643210 1192
1643220 1192
1643230 1187
1643240 1182
1643250 1182
1643260 1177
1643270 1172
1643280 1172
1643290 1167
1643300 1162
1643310 1162
1643320 1156
1643330 1152
1643340 1147
1643350 1147
1643360 1141
1643370 1134
1643380 1134
1643390 1128
1643400 1131
1643410 1131
1643420 1138
1643430 1144
1643440 1144
1643450 1150
1643460 1155
1643470 1155
1643480 1160
1643490 1165
1643500 1165
1643510 1170
1643520 1175
1643530 1175
1643540 1180
1643550 1185
1643560 1185
1643570 1190
1643580 1198
1643590 1198
1643600 1203
1643610 1208
1643620 1213
1643630 1213
1643640 1218
1643650 1222
1643660 1222
1643670 1227
1643680 1231
1643690 1231
1643700 1236
1643710 1241
1643720 1241
1643730 1245
1643740 1250
1643750 1250
1643760 1254
1643770 1258
1643780 1258
1643790 1262
1643800 1266
1643810 1266
1643820 1271
1643830 1275
1643840 1275
1643850 1278
1643860 1282
1643870 1285
1643880 1285
1643890 1288
1643900 1291
1643910 1291
1643920 1294
1643930 1296
1643940 1296
1643950 1298
1643960 1300
1643970 1300
1643980 1302
1643990 1304
1644000 1304
1644010 1306
1644020 1307
1644030 1307
1644040 1309
1644050 1310
1644060 1310
1644070 1311
1644080 1312
1644090 1312
1644100 1312
1644110 1313
1644120 1313
1644130 1314
1644140 1314
1644150 1314
1644160 1314
1644170 1314
1644180 1314
1644190 1314
1644200 1314
1644210 1314
1644220 1314
1644230 1314
1644240 1313
1644250 1313
1644260 1313
1644270 1313
1644280 1313
1644290 1313
1644300 1313
1644310 1313
1644320 1313
1644330 1313
1644340 1313
1644350 1313
1644360 1313
1644370 1313
1644380 1315
1644390 1314
1644400 1314
1644410 1314
1644420 1314
1644430 1314
1644440 1314
1644450 1313
1644460 1313
1644470 1313
1644480 1312
1644490 1311
1644500 1311
1644510 1311
1644520 1310
1644530 1310
1644540 1309
1644550 1308
1644560 1308
1644570 1307
1644580 1306
1644590 1306
1644600 1305
1644610 1303
1644620 1303
1644630 1302
1644640 1300
1644650 1300
1644660 1298
1644670 1296
1644680 1293
1644690 1293
1644700 1290
1644710 1288
1644720 1288
1644730 1285
1644740 1282
1644750 1282
1644760 1278
1644770 1275
1644780 1275
1644790 1271
1644800 1267
1644810 1267
1644820 1263
1644830 1258
1644840 1258
1644850 1255
1644860 1252
1644870 1252
1644880 1249
1644890 1246
1644900 1246
1644910 1243
1644920 1239
1644930 1236
1644940 1236
1644950 1232
1644960 1229
1644970 1229
1644980 1226
1644990 1222
1645000 1222
1645010 1219
1645020 1216
1645030 1216
1645040 1212
1645050 1208
1645060 1208
1645070 1203
1645080 1199
1645090 1199
1645100 1194
1645110 1189
1645120 1189
1645130 1184
1645140 1180
1645150 1180
1645160 1176
1645170 1173
1645180 1173
1645190 1169
1645200 1165
1645210 1160
1645220 1160
1645230 1157
1645240 1153
1645250 1153
1645260 1151
1645270 1148
1645280 1148
1645290 1149
1645300 1151
1645310 1151
1645320 1153
1645330 1155
1645340 1155
1645350 1157
1645360 1160
1645370 1160
1645380 1162
1645390 1164
1645400 1164
1645410 1167
1645420 1170
1645430 1170
1645440 1172
1645450 1175
1645460 1175
1645470 1177
1645480 1180
1645490 1182
1645500 1182
1645510 1184
1645520 1186
1645530 1186
1645540 1188
1645550 1189
1645560 1189
1645570 1190
1645580 1190
1645590 1190
1645600 1189
1645610 1186
1645620 1186
1645630 1183
1645640 1178
1645650 1178
1645660 1174
1645670 1169
1645680 1169
1645690 1164
1645700 1159
1645710 1159
1645720 1154
1645730 1150
1645740 1145
1645750 1145
1645760 1141
1645770 1136
1645780 1136
1645790 1131
1645800 1127
1645810 1127
1645820 1123
1645830 1119
1645840 1119
1645850 1115
1645860 1111
1645870 1111
1645880 1107
1645890 1103
1645900 1103
1645910 1099
1645920 1095
1645930 1095
1645940 1091
1645950 1088
1645960 1088
1645970 1084
1645980 1080
1645990 1080
1646000 1077
1646010 1073
1646020 1069
1646030 1069
1646040 1065
1646050 1062
1646060 1062
1646070 1058
1646080 1055
1646090 1055
1646100 1052
1646110 1048
1646120 1048
1646130 1044
1646140 1040
1646150 1040
1646160 1038
1646170 1036
1646180 1036
1646190 1038
1646200 1045
1646210 1045
1646220 1052
1646230 1059
1646240 1059
1646250 1065
1646260 1070
1646270 1073
1646280 1073
1646290 1076
1646300 1079
1646310 1079
1646320 1081
1646330 1082
1646340 1082
1646350 1083
1646360 1083
1646370 1083
1646380 1082
1646390 1080
1646400 1080
1646410 1077
1646420 1074
1646430 1074
1646440 1070
1646450 1065
1646460 1065
1646470 1061
1646480 1056
1646490 1056
1646500 1051
1646510 1047
1646520 1047
1646530 1043
1646540 1039
1646550 1035
1646560 1035
1646570 1032
1646580 1028
1646590 1028
1646600 1025
1646610 1022
1646620 1022
1646630 1019
1646640 1015
1646650 1015
1646660 1010
1646670 1008
1646680 1008
1646690 1006
1646700 1003
1646710 1003
1646720 999
1646730 995
1646740 995
1646750 993
1646760 992
1646770 992
1646780 990
1646790 991
1646800 991
1646810 992
1646820 995
1646830 998
1646840 998
1646850 1001
1646860 1004
1646870 1004
1646880 1008
1646890 1013
1646900 1013
1646910 1020
1646920 1024
1646930 1024
1646940 1024
1646950 1024
1646960 1024
1646970 1024
1646980 1024
1646990 1024
1647000 1023
1647010 1023
1647020 1023
1647030 1023
1647040 1023
1647050 1023
1647060 1023
1647070 1023
1647080 1023
1647090 1023
1647100 1023
1647110 1022
1647120 1022
1647130 1022
1647140 1023
1647150 1023
1647160 1023
1647170 1023
1647180 1023
1647190 1023
1647200 1022
1647210 1022
1647220 1022
1647230 1022
1647240 1022
1647250 1022
1647260 1021
1647270 1021
1647280 1021
1647290 1021
1647300 1021
1647310 1019
1647320 1015
1647330 1015
1647340 1010
1647350 1003
1647360 1000
1647370 1000
1647380 1000
1647390 1002
1647400 1002
1647410 1002
1647420 1005
1647430 1005
1647440 1009
1647450 1014
1647460 1014
1647470 1017
1647480 1019
1647490 1019
1647500 1020
1647510 1021
1647520 1021
1647530 1023
1647540 1025
1647550 1025
1647560 1026
1647570 1027
1647580 1027
1647590 1029
1647600 1030
1647610 1032
1647620 1032
1647630 1033
1647640 1035
1647650 1035
1647660 1037
1647670 1038
1647680 1038
1647690 1037
1647700 1032
1647710 1032
1647720 1027
1647730 1022
1647740 1022
1647750 1017
1647760 1015
1647770 1015
1647780 1014
1647790 1013
1647800 1013
1647810 1012
1647820 1012
1647830 1012
1647840 1012
1647850 1016
1647860 1016
1647870 1019
1647880 1022
1647890 1025
1647900 1025
1647910 1030
1647920 1033
1647930 1033
1647940 1037
1647950 1041
1647960 1041
1647970 1044
1647980 1047
1647990 1047
1648000 1050
1648010 1050
1648020 1050
1648030 1053
1648040 1055
1648050 1055
1648060 1057
1648070 1059
1648080 1059
1648090 1061
1648100 1063
1648110 1063
1648120 1064
1648130 1065
1648140 1065
1648150 1066
1648160 1067
1648170 1069
1648180 1069
1648190 1070
1648200 1071
1648210 1071
1648220 1072
1648230 1072
1648240 1072
1648250 1073
1648260 1074
1648270 1074
1648280 1076
1648290 1077
1648300 1077
1648310 1083
1648320 1083
1648330 1083
1648340 1084
1648350 1084
1648360 1084
1648370 1084
1648380 1084
1648390 1084
1648400 1083
1648410 1083
1648420 1082
1648430 1082
1648440 1081
1648450 1080
1648460 1080
1648470 1078
1648480 1074
1648490 1074
1648500 1070
1648510 1065
1648520 1065
1648530 1061
1648540 1057
1648550 1057
1648560 1054
1648570 1050
1648580 1050
1648590 1047
1648600 1043
1648610 1043
1648620 1040
1648630 1036
1648640 1036
1648650 1033
1648660 1029
1648670 1029
1648680 1025
1648690 1021
1648700 1015
1648710 1015
1648720 1010
1648730 1005
1648740 1005
1648750 1000
1648760 995
1648770 995
1648780 990
1648790 984
1648800 984
1648810 978
1648820 973
1648830 973
1648840 971
1648850 969
1648860 969
1648870 971
1648880 973
1648890 973
1648900 977
1648910 980
1648920 980
1648930 982
1648940 984
1648950 986
1648960 986
1648970 989
1648980 992
1648990 992
1649000 995
1649010 999
1649020 999
1649030 1003
1649040 1007
1649050 1007
1649060 1010
1649070 1013
1649080 1013
1649090 1021
1649100 1024
1649110 1024
1649120 1026
1649130 1028
1649140 1028
1649150 1028
1649160 1029
1649170 1029
1649180 1030
1649190 1029
1649200 1029
1649210 1029
1649220 1028
1649230 1028
1649240 1028
1649250 1028
1649260 1029
1649270 1029
1649280 1029
1649290 1029
1649300 1029
1649310 1029
1649320 1029
1649330 1029
1649340 1029
1649350 1029
1649360 1029
1649370 1028
1649380 1028
1649390 1028
1649400 1028
1649410 1028
1649420 1028
1649430 1028
1649440 1027
1649450 1027
1649460 1026
1649470 1024
1649480 1024
1649490 1024
1649500 1023
1649510 1021
1649520 1021
1649530 1018
1649540 1014
1649550 1014
1649560 1011
1649570 1009
1649580 1009
1649590 1009
1649600 1010
1649610 1010
1649620 1011
1649630 1011
1649640 1011
1649650 1011
1649660 1013
1649670 1013
1649680 1014
1649690 1015
1649700 1015
1649710 1016
1649720 1016
1649730 1016
1649740 1016
1649750 1016
1649760 1016
1649770 1016
1649780 1016
1649790 1015
1649800 1015
1649810 1014
1649820 1013
1649830 1013
1649840 1012
1649850 1011
1649860 1015
1649870 1014
1649880 1013
1649890 1013
1649900 1010
1649910 1005
1649920 1005
1649930 1001
1649940 996
1649950 996
1649960 991
1649970 987
1649980 987
1649990 983
1650000 978
1650010 978
1650020 975
1650030 973
1650040 975
1650050 975
1650060 980
1650070 986
1650080 986
1650090 990
1650100 995
1650110 995
1650120 998
1650130 1000
1650140 1000
1650150 1002
1650160 1003
1650170 1003
1650180 1005
1650190 1006
1650200 1006
1650210 1008
1650220 1009
1650230 1009
1650240 1011
1650250 1011
1650260 1011
1650270 1012
1650280 1012
1650290 1013
1650300 1013
1650310 1014
1650320 1015
1650330 1015
1650340 1016
1650350 1017
1650360 1017
1650370 1019
1650380 1020
1650390 1020
1650400 1021
1650410 1023
1650420 1023
1650430 1024
1650440 1025
1650450 1025
1650460 1025
1650470 1025
1650480 1025
1650490 1021
1650500 1015
1650510 1015
1650520 1009
1650530 1007
1650540 1007
1650550 1007
1650560 1010
1650570 1013
1650580 1013
1650590 1017
1650600 1021
1650610 1021
1650620 1025
1650630 1032
1650640 1032
1650650 1035
1650660 1039
1650670 1039
1650680 1041
1650690 1044
1650700 1044
1650710 1046
1650720 1047
1650730 1047
1650740 1048
1650750 1050
1650760 1050
1650770 1051
1650780 1051
1650790 1051
1650800 1052
1650810 1053
1650820 1053
1650830 1053
1650840 1053
1650850 1054
1650860 1054
1650870 1054
1650880 1054
1650890 1054
1650900 1055
1650910 1055
1650920 1055
1650930 1055
1650940 1055
1650950 1055
1650960 1056
1650970 1056
1650980 1056
1650990 1055
1651000 1054
1651010 1054
1651020 1053
1651030 1049
1651040 1049
1651050 1044
1651060 1039
1651070 1039
1651080 1032
1651090 1027
1651100 1021
1651110 1021
1651120 1014
1651130 1008
1651140 1008
1651150 1002
1651160 994
1651170 994
1651180 987
1651190 983
1651200 983
1651210 984
1651220 986
1651230 986
1651240 989
1651250 991
1651260 991
1651270 992
1651280 994
1651290 994
1651300 996
1651310 998
1651320 998
1651330 999
1651340 1001
1651350 1001
1651360 1002
1651370 1003
1651380 1003
1651390 1006
1651400 1007
1651410 1008
1651420 1008
1651430 1009
1651440 1011
1651450 1011
1651460 1012
1651470 1014
1651480 1014
1651490 1015
1651500 1016
1651510 1016
1651520 1017
1651530 1018
1651540 1018
1651550 1019
1651560 1020
1651570 1020
1651580 1021
1651590 1021
1651600 1021
1651610 1021
1651620 1020
1651630 1020
1651640 1020
1651650 1019
1651660 1018
1651670 1018
1651680 1016
1651690 1015
1651700 1015
1651710 1014
1651720 1014
1651730 1014
1651740 1014
1651750 1015
1651760 1015
1651770 1016
1651780 1018
1651790 1018
1651800 1019
1651810 1020
1651820 1020
1651830 1021
1651840 1021
1651850 1021
1651860 1022
1651870 1023
1651880 1023
1651890 1024
1651900 1025
1651910 1024
1651920 1024
1651930 1022
1651940 1015
1651950 1015
1651960 1009
1651970 1002
1651980 1002
1651990 996
1652000 991
1652010 991
1652020 987
1652030 984
1652040 984
1652050 977
1652060 970
1652070 970
1652080 964
1652090 960
1652100 960
1652110 960
1652120 965
1652130 965
1652140 972
1652150 979
1652160 980
1652170 986
1652180 992
1652190 998
1652200 998
1652210 1002
1652220 1007
1652230 1007
1652240 1009
1652250 1012
1652260 1012
1652270 1014
1652280 1015
1652290 1015
1652300 1017
1652310 1018
1652320 1018
1652330 1019
1652340 1021
1652350 1021
1652360 1022
1652370 1023
1652380 1023
1652390 1023
1652400 1022
1652410 1022
1652420 1019
1652430 1016
1652440 1012
1652450 1012
1652460 1007
1652470 1002
1652480 1002
1652490 998
1652500 994
1652510 994
1652520 989
1652530 987
1652540 987
1652550 986
1652560 987
1652570 987
1652580 988
1652590 991
1652600 991
1652610 994
1652620 998
1652630 998
1652640 1003
1652650 1007
1652660 1007
1652670 1010
1652680 1013
1652690 1013
1652700 1015
1652710 1018
1652720 1021
1652730 1021
1652740 1023
1652750 1024
1652760 1024
1652770 1027
1652780 1029
1652790 1029
1652800 1031
1652810 1034
1652820 1034
1652830 1035
1652840 1037
1652850 1037
1652860 1038
1652870 1038
1652880 1038
1652890 1038
1652900 1038
1652910 1038
1652920 1039
1652930 1037
1652940 1037
1652950 1035
1652960 1032
1652970 1029
1652980 1029
1652990 1027
1653000 1024
1653010 1024
1653020 1022
1653030 1020
1653040 1020
1653050 1018
1653060 1016
1653070 1016
1653080 1013
1653090 1011
1653100 1011
1653110 1008
1653120 1005
1653130 1005
1653140 1002
1653150 998
1653160 998
1653170 994
1653180 990
1653190 990
1653200 989
1653210 988
1653220 988
1653230 984
1653240 980
1653250 977
1653260 977
1653270 973
1653280 970
1653290 970
1653300 967
1653310 964
1653320 964
1653330 960
1653340 957
1653350 957
1653360 954
1653370 952
1653380 952
1653390 949
1653400 947
1653410 947
1653420 948
1653430 950
1653440 950
1653450 953
1653460 955
1653470 955
1653480 957
1653490 958
1653500 958
1653510 960
1653520 962
1653530 964
1653540 964
1653550 965
1653560 965
1653570 965
1653580 965
1653590 965
1653600 965
1653610 964
1653620 963
1653630 963
1653640 962
1653650 961
1653660 961
1653670 961
1653680 959
1653690 959
1653700 958
1653710 957
1653720 957
1653730 956
1653740 954
1653750 954
1653760 953
1653770 952
1653780 951
1653790 951
1653800 951
1653810 950
1653820 950
1653830 950
1653840 950
1653850 950
1653860 950
1653870 948
1653880 948
1653890 945
1653900 942
1653910 942
1653920 938
1653930 935
1653940 935
1653950 931
1653960 926
1653970 926
1653980 921
1653990 916
1654000 916
1654010 911
1654020 906
1654030 906
1654040 901
1654050 895
1654060 887
1654070 887
1654080 879
1654090 873
1654100 873
1654110 866
1654120 859
1654130 859
1654140 852
1654150 845
1654160 845
1654170 838
1654180 831
1654190 831
1654200 824
1654210 817
1654220 817
1654230 809
1654240 801
1654250 801
1654260 791
1654270 787
1654280 787
1654290 786
1654300 786
1654310 785
1654320 785
1654330 785
1654340 788
1654350 788
1654360 792
1654370 795
1654380 795
1654390 799
1654400 800
1654410 800
1654420 804
1654430 806
1654440 806
1654450 809
1654460 813
1654470 813
1654480 816
1654490 820
1654500 820
1654510 825
1654520 830
1654530 830
1654540 836
1654550 842
1654560 842
1654570 848
1654580 854
1654590 860
1654600 860
1654610 867
1654620 873
1654630 873
1654640 880
1654650 886
1654660 886
1654670 893
1654680 900
1654690 900
1654700 910
1654710 915
1654720 915
1654730 922
1654740 930
1654750 930
1654760 938
1654770 945
1654780 945
1654790 951
1654800 955
1654810 955
1654820 956
1654830 955
1654840 955
1654850 952
1654860 948
1654870 945
1654880 945
1654890 943
1654900 941
1654910 941
1654920 940
1654930 938
1654940 938
1654950 937
1654960 935
1654970 935
1654980 934
1654990 933
1655000 933
1655010 931
1655020 930
1655030 930
1655040 928
1655050 926
1655060 926
1655070 924
1655080 922
1655090 922
1655100 920
1655110 917
1655120 915
1655130 915
1655140 912
1655150 909
1655160 909
1655170 908
1655180 905
1655190 905
1655200 902
1655210 899
1655220 899
1655230 896
1655240 893
1655250 893
1655260 890
1655270 888
1655280 888
1655290 884
1655300 880
1655310 880
1655320 876
1655330 872
1655340 872
1655350 867
1655360 863
1655370 863
1655380 860
1655390 857
1655400 854
1655410 854
1655420 851
1655430 849
1655440 849
1655450 847
1655460 845
1655470 845
1655480 843
1655490 841
1655500 841
1655510 840
1655520 839
1655530 839
1655540 838
1655550 836
1655560 836
1655570 835
1655580 834
1655590 834
1655600 833
1655610 832
1655620 832
1655630 831
1655640 830
1655650 830
1655660 830
1655670 830
1655680 830
1655690 830
1655700 829
1655710 829
1655720 829
1655730 829
1655740 828
1655750 828
1655760 828
1655770 827
1655780 827
1655790 827
1655800 827
1655810 827
1655820 826
1655830 826
1655840 826
1655850 825
1655860 826
1655870 826
1655880 828
1655890 830
1655900 830
1655910 831
1655920 832
1655930 833
1655940 833
1655950 833
1655960 834
1655970 834
1655980 835
1655990 835
1656000 835
1656010 836
1656020 837
1656030 837
1656040 837
1656050 838
1656060 838
1656070 838
1656080 838
1656090 838
1656100 839
1656110 839
1656120 839
1656130 839
1656140 840
1656150 840
1656160 840
1656170 840
1656180 840
1656190 840
1656200 839
1656210 839
1656220 839
1656230 839
1656240 839
1656250 839
1656260 839
1656270 838
1656280 838
1656290 838
1656300 838
1656310 838
1656320 837
1656330 837
1656340 837
1656350 836
1656360 836
1656370 836
1656380 835
1656390 835
1656400 835
1656410 834
1656420 833
1656430 833
1656440 832
1656450 831
1656460 830
1656470 830
1656480 829
1656490 827
1656500 827
1656510 826
1656520 824
1656530 824
1656540 823
1656550 820
1656560 820
1656570 818
1656580 818
1656590 818
1656600 818
1656610 819
1656620 819
1656630 820
1656640 820
1656650 820
1656660 819
1656670 819
1656680 819
1656690 819
1656700 819
1656710 819
1656720 819
1656730 820
1656740 821
1656750 821
1656760 822
1656770 822
1656780 822
1656790 821
1656800 820
1656810 820
1656820 819
1656830 818
1656840 818
1656850 816
1656860 814
1656870 814
1656880 812
1656890 810
1656900 810
1656910 808
1656920 806
1656930 806
1656940 804
1656950 803
1656960 803
1656970 802
1656980 799
1656990 799
1657000 796
1657010 793
1657020 789
1657030 789
1657040 785
1657050 783
1657060 783
1657070 782
1657080 781
1657090 781
1657100 782
1657110 785
1657120 785
1657130 788
1657140 792
1657150 792
1657160 796
1657170 800
1657180 800
1657190 804
1657200 807
1657210 807
1657220 810
1657230 813
1657240 813
1657250 815
1657260 816
1657270 817
1657280 817
1657290 816
1657300 815
1657310 815
1657320 813
1657330 811
1657340 811
1657350 810
1657360 809
1657370 809
1657380 809
1657390 808
1657400 808
1657410 807
1657420 805
1657430 805
1657440 803
1657450 801
1657460 801
1657470 798
1657480 796
1657490 796
1657500 794
1657510 791
1657520 791
1657530 788
1657540 786
1657550 783
1657560 783
1657570 779
1657580 776
1657590 776
1657600 773
1657610 771
1657620 771
1657630 767
1657640 769
1657650 769
1657660 770
1657670 772
1657680 772
1657690 774
1657700 775
1657710 775
1657720 775
1657730 775
1657740 775
1657750 774
1657760 774
1657770 774
1657780 773
1657790 772
1657800 772
1657810 772
1657820 772
1657830 770
1657840 770
1657850 770
1657860 769
1657870 769
1657880 769
1657890 769
1657900 769
1657910 768
1657920 768
1657930 768
1657940 767
1657950 766
1657960 766
1657970 764
1657980 761
1657990 761
1658000 759
1658010 758
1658020 758
1658030 756
1658040 757
1658050 757
1658060 761
1658070 762
1658080 763
1658090 763
1658100 763
1658110 763
1658120 763
1658130 764
1658140 763
1658150 763
1658160 763
1658170 762
1658180 762
1658190 762
1658200 762
1658210 762
1658220 762
1658230 761
1658240 761
1658250 761
1658260 762
1658270 762
1658280 762
1658290 763
1658300 763
1658310 764
1658320 764
1658330 764
1658340 763
1658350 763
1658360 763
1658370 763
1658380 762
1658390 762
1658400 762
1658410 761
1658420 761
1658430 761
1658440 759
1658450 758
1658460 758
1658470 757
1658480 756
1658490 756
1658500 756
1658510 755
1658520 755
1658530 754
1658540 753
1658550 753
1658560 752
1658570 751
1658580 751
1658590 750
1658600 749
1658610 747
1658620 747
1658630 744
1658640 741
1658650 741
1658660 737
1658670 734
1658680 734
1658690 732
1658700 728
1658710 728
1658720 724
1658730 722
1658740 722
1658750 721
1658760 718
1658770 718
1658780 716
1658790 718
1658800 718
1658810 717
1658820 716
1658830 716
1658840 714
1658850 712
1658860 714
1658870 713
1658880 712
1658890 711
1658900 711
1658910 710
1658920 709
1658930 709
1658940 708
1658950 707
1658960 707
1658970 706
1658980 705
1658990 705
1659000 707
1659010 708
1659020 708
1659030 709
1659040 709
1659050 709
1659060 709
1659070 709
1659080 709
1659090 709
1659100 709
1659110 709
1659120 710
1659130 711
1659140 713
1659150 713
1659160 714
1659170 714
1659180 714
1659190 714
1659200 714
1659210 714
1659220 714
1659230 714
1659240 714
1659250 714
1659260 714
1659270 714
1659280 714
1659290 714
1659300 714
1659310 714
1659320 713
1659330 713
1659340 713
1659350 712
1659360 712
1659370 711
1659380 711
1659390 711
1659400 710
1659410 709
1659420 709
1659430 709
1659440 708
1659450 707
1659460 707
1659470 706
1659480 705
1659490 705
1659500 704
1659510 703
1659520 703
1659530 701
1659540 699
1659550 699
1659560 696
1659570 696
1659580 696
1659590 697
1659600 696
1659610 696
1659620 696
1659630 695
1659640 695
1659650 695
1659660 694
1659670 694
1659680 693
1659690 692
1659700 691
1659710 691
1659720 690
1659730 690
1659740 690
1659750 688
1659760 687
1659770 687
1659780 686
1659790 685
1659800 685
1659810 684
1659820 683
1659830 683
1659840 682
1659850 681
1659860 681
1659870 680
1659880 679
1659890 679
1659900 677
1659910 676
1659920 676
1659930 675
1659940 674
1659950 673
1659960 673
1659970 672
1659980 671
1659990 671
