1640000 1718
1640010 1718
1640020 1716
1640030 1714
1640040 1714
1640050 1713
1640060 1711
1640070 1709
1640080 1709
1640090 1707
1640100 1704
1640110 1704
1640120 1702
1640130 1699
1640140 1699
1640150 1696
1640160 1693
1640170 1693
1640180 1690
1640190 1687
1640200 1687
1640210 1684
1640220 1681
1640230 1675
1640240 1673
1640250 1670
1640260 1670
1640270 1667
1640280 1664
1640290 1664
1640300 1661
1640310 1658
1640320 1658
1640330 1654
1640340 1651
1640350 1648
1640360 1648
1640370 1644
1640380 1640
1640390 1640
1640400 1637
1640410 1634
1640420 1634
1640430 1631
1640440 1629
1640450 1629
1640460 1627
1640470 1624
1640480 1624
1640490 1622
1640500 1620
1640510 1620
1640520 1619
1640530 1617
1640540 1617
1640550 1615
1640560 1614
1640570 1614
1640580 1611
1640590 1609
1640600 1609
1640610 1607
1640620 1605
1640630 1602
1640640 1602
1640650 1599
1640660 1596
1640670 1596
1640680 1593
1640690 1590
1640700 1590
1640710 1588
1640720 1586
1640730 1586
1640740 1583
1640750 1581
1640760 1581
1640770 1579
1640780 1577
1640790 1577
1640800 1575
1640810 1573
1640820 1573
1640830 1573
1640840 1572
1640850 1572
1640860 1571
1640870 1569
1640880 1567
1640890 1567
1640900 1565
1640910 1562
1640920 1562
1640930 1559
1640940 1556
1640950 1556
1640960 1552
1640970 1549
1640980 1549
1640990 1545
1641000 1541
1641010 1541
1641020 1539
1641030 1537
1641040 1533
1641050 1530
1641060 1528
1641070 1528
1641080 1527
1641090 1525
1641100 1525
1641110 1524
1641120 1523
1641130 1523
1641140 1521
1641150 1519
1641160 1517
1641170 1517
1641180 1514
1641190 1510
1641200 1510
1641210 1507
1641220 1505
1641230 1505
1641240 1501
1641250 1497
1641260 1497
1641270 1494
1641280 1490
1641290 1490
1641300 1486
1641310 1483
1641320 1483
1641330 1478
1641340 1474
1641350 1474
1641360 1470
1641370 1468
1641380 1468
1641390 1465
1641400 1462
1641410 1462
1641420 1459
1641430 1456
1641440 1455
1641450 1455
1641460 1453
1641470 1452
1641480 1452
1641490 1450
1641500 1448
1641510 1448
1641520 1448
1641530 1448
1641540 1448
1641550 1446
1641560 1444
1641570 1444
1641580 1442
1641590 1439
1641600 1439
1641610 1436
1641620 1432
1641630 1432
1641640 1428
1641650 1424
1641660 1424
1641670 1420
1641680 1416
1641690 1412
1641700 1412
1641710 1407
1641720 1403
1641730 1403
1641740 1399
1641750 1394
1641760 1394
1641770 1390
1641780 1386
1641790 1386
1641800 1382
1641810 1378
1641820 1378
1641830 1378
1641840 1377
1641850 1377
1641860 1376
1641870 1376
1641880 1376
1641890 1377
1641900 1377
1641910 1377
1641920 1376
1641930 1375
1641940 1375
1641950 1374
1641960 1372
1641970 1371
1641980 1371
1641990 1369
1642000 1369
1642010 1369
1642020 1370
1642030 1367
1642040 1367
1642050 1362
1642060 1358
1642070 1358
1642080 1356
1642090 1356
1642100 1356
1642110 1358
1642120 1361
1642130 1361
1642140 1365
1642150 1368
1642160 1368
1642170 1366
1642180 1362
1642190 1362
1642200 1360
1642210 1356
1642220 1356
1642230 1354
1642240 1352
1642250 1353
1642260 1353
1642270 1360
1642280 1364
1642290 1364
1642300 1364
1642310 1360
1642320 1360
1642330 1357
1642340 1355
1642350 1355
1642360 1353
1642370 1353
1642380 1353
1642390 1354
1642400 1356
1642410 1356
1642420 1359
1642430 1361
1642440 1361
1642450 1364
1642460 1367
1642470 1367
1642480 1369
1642490 1371
1642500 1371
1642510 1373
1642520 1376
1642530 1378
1642540 1378
1642550 1381
1642560 1385
1642570 1385
1642580 1388
1642590 1391
1642600 1391
1642610 1395
1642620 1397
1642630 1397
1642640 1400
1642650 1403
1642660 1403
1642670 1409
1642680 1412
1642690 1412
1642700 1415
1642710 1418
1642720 1418
1642730 1421
1642740 1425
1642750 1425
1642760 1429
1642770 1432
1642780 1436
1642790 1436
1642800 1439
1642810 1443
1642820 1443
1642830 1447
1642840 1451
1642850 1451
1642860 1454
1642870 1458
1642880 1458
1642890 1461
1642900 1463
1642910 1463
1642920 1465
1642930 1467
1642940 1467
1642950 1469
1642960 1470
1642970 1470
1642980 1470
1642990 1470
1643000 1470
1643010 1470
1643020 1470
1643030 1470
1643040 1469
1643050 1468
1643060 1467
1643070 1467
1643080 1465
1643090 1463
1643100 1463
1643110 1462
1643120 1460
1643130 1460
1643140 1455
1643150 1452
1643160 1452
1643170 1447
1643180 1442
1643190 1442
1643200 1437
1643210 1431
1643220 1431
1643230 1426
1643240 1420
1643250 1420
1643260 1415
1643270 1410
1643280 1410
1643290 1404
1643300 1398
1643310 1398
1643320 1393
1643330 1389
1643340 1384
1643350 1384
1643360 1379
1643370 1374
1643380 1374
1643390 1368
1643400 1362
1643410 1362
1643420 1357
1643430 1359
1643440 1359
1643450 1360
1643460 1361
1643470 1362
1643480 1364
1643490 1367
1643500 1367
1643510 1371
1643520 1375
1643530 1375
1643540 1379
1643550 1384
1643560 1384
1643570 1389
1643580 1393
1643590 1393
1643600 1398
1643610 1403
1643620 1408
1643630 1408
1643640 1413
1643650 1418
1643660 1418
1643670 1424
1643680 1429
1643690 1429
1643700 1434
1643710 1438
1643720 1438
1643730 1443
1643740 1448
1643750 1448
1643760 1452
1643770 1457
1643780 1457
1643790 1462
1643800 1467
1643810 1467
1643820 1472
1643830 1477
1643840 1477
1643850 1481
1643860 1486
1643870 1490
1643880 1490
1643890 1494
1643900 1499
1643910 1499
1643920 1503
1643930 1508
1643940 1508
1643950 1512
1643960 1516
1643970 1516
1643980 1520
1643990 1524
1644000 1524
1644010 1528
1644020 1531
1644030 1531
1644040 1535
1644050 1539
1644060 1539
1644070 1542
1644080 1545
1644090 1545
1644100 1547
1644110 1550
1644120 1550
1644130 1551
1644140 1553
1644150 1554
1644160 1554
1644170 1554
1644180 1555
1644190 1555
1644200 1555
1644210 1555
1644220 1555
1644230 1555
1644240 1553
1644250 1553
1644260 1550
1644270 1548
1644280 1548
1644290 1546
1644300 1543
1644310 1543
1644320 1540
1644330 1538
1644340 1538
1644350 1535
1644360 1531
1644370 1531
1644380 1528
1644390 1525
1644400 1525
1644410 1521
1644420 1518
1644430 1515
1644440 1515
1644450 1512
1644460 1508
1644470 1508
1644480 1504
1644490 1500
1644500 1500
1644510 1495
1644520 1491
1644530 1491
1644540 1487
1644550 1482
1644560 1482
1644570 1477
1644580 1473
1644590 1473
1644600 1469
1644610 1465
1644620 1465
1644630 1461
1644640 1458
1644650 1458
1644660 1454
1644670 1451
1644680 1447
1644690 1447
1644700 1443
1644710 1439
1644720 1439
1644730 1435
1644740 1431
1644750 1431
1644760 1427
1644770 1423
1644780 1423
1644790 1418
1644800 1413
1644810 1413
1644820 1408
1644830 1403
1644840 1403
1644850 1398
1644860 1394
1644870 1394
1644880 1390
1644890 1386
1644900 1386
1644910 1382
1644920 1378
1644930 1378
1644940 1374
1644950 1370
1644960 1366
1644970 1366
1644980 1362
1644990 1359
1645000 1359
1645010 1355
1645020 1352
1645030 1352
1645040 1348
1645050 1345
1645060 1348
1645070 1349
1645080 1351
1645090 1351
1645100 1355
1645110 1357
1645120 1357
1645130 1359
1645140 1361
1645150 1361
1645160 1362
1645170 1365
1645180 1365
1645190 1368
1645200 1371
1645210 1371
1645220 1373
1645230 1376
1645240 1378
1645250 1378
1645260 1381
1645270 1384
1645280 1384
1645290 1387
1645300 1390
1645310 1390
1645320 1393
1645330 1396
1645340 1396
1645350 1399
1645360 1402
1645370 1402
1645380 1404
1645390 1407
1645400 1407
1645410 1410
1645420 1412
1645430 1412
1645440 1414
1645450 1417
1645460 1417
1645470 1419
1645480 1421
1645490 1421
1645500 1423
1645510 1425
1645520 1426
1645530 1426
1645540 1424
1645550 1419
1645560 1419
1645570 1416
1645580 1411
1645590 1411
1645600 1407
1645610 1402
1645620 1402
1645630 1398
1645640 1395
1645650 1395
1645660 1392
1645670 1388
1645680 1388
1645690 1385
1645700 1382
1645710 1382
1645720 1379
1645730 1375
1645740 1375
1645750 1372
1645760 1369
1645770 1366
1645780 1366
1645790 1362
1645800 1357
1645810 1357
1645820 1353
1645830 1349
1645840 1349
1645850 1346
1645860 1344
1645870 1344
1645880 1341
1645890 1338
1645900 1338
1645910 1336
1645920 1333
1645930 1333
1645940 1331
1645950 1327
1645960 1327
1645970 1324
1645980 1320
1645990 1320
1646000 1315
1646010 1311
1646020 1311
1646030 1308
1646040 1305
1646050 1301
1646060 1301
1646070 1298
1646080 1294
1646090 1294
1646100 1291
1646110 1288
1646120 1288
1646130 1284
1646140 1280
1646150 1280
1646160 1276
1646170 1272
1646180 1272
1646190 1269
1646200 1264
1646210 1264
1646220 1259
1646230 1255
1646240 1255
1646250 1251
1646260 1248
1646270 1248
1646280 1249
1646290 1252
1646300 1252
1646310 1254
1646320 1259
1646330 1264
1646340 1264
1646350 1269
1646360 1275
1646370 1275
1646380 1280
1646390 1285
1646400 1285
1646410 1291
1646420 1296
1646430 1296
1646440 1301
1646450 1306
1646460 1306
1646470 1311
1646480 1316
1646490 1316
1646500 1321
1646510 1328
1646520 1328
1646530 1334
1646540 1339
1646550 1339
1646560 1343
1646570 1347
1646580 1350
1646590 1350
1646600 1353
1646610 1356
1646620 1356
1646630 1357
1646640 1356
1646650 1356
1646660 1359
1646670 1362
1646680 1362
1646690 1365
1646700 1368
1646710 1368
1646720 1371
1646730 1373
1646740 1373
1646750 1376
1646760 1379
1646770 1379
1646780 1381
1646790 1382
1646800 1382
1646810 1383
1646820 1385
1646830 1385
1646840 1387
1646850 1390
1646860 1394
1646870 1394
1646880 1396
1646890 1398
1646900 1398
1646910 1400
1646920 1402
1646930 1402
1646940 1405
1646950 1409
1646960 1409
1646970 1412
1646980 1414
1646990 1414
1647000 1415
1647010 1417
1647020 1417
1647030 1419
1647040 1423
1647050 1423
1647060 1426
1647070 1429
1647080 1429
1647090 1433
1647100 1436
1647110 1436
1647120 1438
1647130 1440
1647140 1442
1647150 1442
1647160 1444
1647170 1446
1647180 1446
1647190 1446
1647200 1446
1647210 1446
1647220 1446
1647230 1446
1647240 1446
1647250 1445
1647260 1444
1647270 1444
1647280 1442
1647290 1440
1647300 1440
1647310 1439
1647320 1439
1647330 1439
1647340 1438
1647350 1437
1647360 1437
1647370 1436
1647380 1435
1647390 1435
1647400 1435
1647410 1434
1647420 1434
1647430 1437
1647440 1436
1647450 1436
1647460 1436
1647470 1436
1647480 1436
1647490 1436
1647500 1435
1647510 1434
1647520 1434
1647530 1434
1647540 1434
1647550 1434
1647560 1435
1647570 1435
1647580 1435
1647590 1435
1647600 1435
1647610 1435
1647620 1435
1647630 1435
1647640 1435
1647650 1435
1647660 1435
1647670 1435
1647680 1435
1647690 1435
1647700 1433
1647710 1433
1647720 1432
1647730 1430
1647740 1430
1647750 1426
1647760 1422
1647770 1422
1647780 1417
1647790 1413
1647800 1413
1647810 1407
1647820 1402
1647830 1402
1647840 1398
1647850 1393
1647860 1393
1647870 1389
1647880 1384
1647890 1384
1647900 1379
1647910 1374
1647920 1374
1647930 1370
1647940 1365
1647950 1361
1647960 1361
1647970 1356
1647980 1351
1647990 1351
1648000 1346
1648010 1340
1648020 1340
1648030 1335
1648040 1331
1648050 1331
1648060 1327
1648070 1324
1648080 1324
1648090 1321
1648100 1317
1648110 1317
1648120 1313
1648130 1309
1648140 1309
1648150 1306
1648160 1303
1648170 1303
1648180 1301
1648190 1300
1648200 1300
1648210 1306
1648220 1304
1648230 1302
1648240 1302
1648250 1300
1648260 1296
1648270 1296
1648280 1294
1648290 1292
1648300 1292
1648310 1291
1648320 1289
1648330 1289
1648340 1287
1648350 1284
1648360 1284
1648370 1280
1648380 1274
1648390 1274
1648400 1272
1648410 1270
1648420 1270
1648430 1266
1648440 1264
1648450 1264
1648460 1263
1648470 1261
1648480 1261
1648490 1259
1648500 1256
1648510 1254
1648520 1254
1648530 1253
1648540 1253
1648550 1253
1648560 1252
1648570 1251
1648580 1251
1648590 1251
1648600 1251
1648610 1251
1648620 1250
1648630 1249
1648640 1249
1648650 1248
1648660 1247
1648670 1247
1648680 1246
1648690 1245
1648700 1245
1648710 1244
1648720 1244
1648730 1244
1648740 1245
1648750 1247
1648760 1248
1648770 1248
1648780 1250
1648790 1253
1648800 1253
1648810 1256
1648820 1260
1648830 1260
1648840 1264
1648850 1268
1648860 1268
1648870 1272
1648880 1277
1648890 1277
1648900 1282
1648910 1287
1648920 1287
1648930 1292
1648940 1296
1648950 1296
1648960 1299
1648970 1303
1648980 1300
1648990 1304
1649000 1307
1649010 1307
1649020 1311
1649030 1316
1649040 1320
1649050 1320
1649060 1324
1649070 1328
1649080 1328
1649090 1332
1649100 1335
1649110 1335
1649120 1339
1649130 1342
1649140 1342
1649150 1345
1649160 1349
1649170 1349
1649180 1353
1649190 1357
1649200 1357
1649210 1359
1649220 1363
1649230 1363
1649240 1367
1649250 1369
1649260 1369
1649270 1373
1649280 1375
1649290 1375
1649300 1378
1649310 1381
1649320 1383
1649330 1383
1649340 1384
1649350 1384
1649360 1384
1649370 1383
1649380 1381
1649390 1381
1649400 1379
1649410 1377
1649420 1377
1649430 1374
1649440 1371
1649450 1371
1649460 1368
1649470 1365
1649480 1365
1649490 1362
1649500 1358
1649510 1358
1649520 1355
1649530 1351
1649540 1351
1649550 1347
1649560 1344
1649570 1344
1649580 1340
1649590 1336
1649600 1333
1649610 1333
1649620 1330
1649630 1326
1649640 1326
1649650 1322
1649660 1319
1649670 1319
1649680 1316
1649690 1312
1649700 1312
1649710 1308
1649720 1304
1649730 1304
1649740 1301
1649750 1297
1649760 1294
1649770 1290
1649780 1286
1649790 1286
1649800 1282
1649810 1279
1649820 1279
1649830 1275
1649840 1271
1649850 1267
1649860 1267
1649870 1264
1649880 1260
1649890 1260
1649900 1256
1649910 1253
1649920 1253
1649930 1250
1649940 1247
1649950 1247
1649960 1243
1649970 1240
1649980 1240
1649990 1236
1650000 1232
1650010 1232
1650020 1230
1650030 1226
1650040 1226
1650050 1223
1650060 1220
1650070 1220
1650080 1216
1650090 1212
1650100 1212
1650110 1209
1650120 1205
1650130 1202
1650140 1202
1650150 1198
1650160 1193
1650170 1193
1650180 1189
1650190 1186
1650200 1186
1650210 1182
1650220 1178
1650230 1178
1650240 1175
1650250 1172
1650260 1172
1650270 1170
1650280 1167
1650290 1167
1650300 1166
1650310 1164
1650320 1164
1650330 1161
1650340 1160
1650350 1160
1650360 1159
1650370 1159
1650380 1159
1650390 1159
1650400 1158
1650410 1157
1650420 1157
1650430 1157
1650440 1157
1650450 1157
1650460 1157
1650470 1159
1650480 1159
1650490 1161
1650500 1162
1650510 1162
1650520 1164
1650530 1158
1650540 1158
1650550 1157
1650560 1157
1650570 1157
1650580 1157
1650590 1156
1650600 1156
1650610 1156
1650620 1157
1650630 1157
1650640 1158
1650650 1160
1650660 1162
1650670 1162
1650680 1164
1650690 1166
1650700 1166
1650710 1168
1650720 1169
1650730 1169
1650740 1170
1650750 1169
1650760 1169
1650770 1169
1650780 1169
1650790 1169
1650800 1168
1650810 1166
1650820 1166
1650830 1164
1650840 1162
1650850 1162
1650860 1160
1650870 1158
1650880 1158
1650890 1156
1650900 1153
1650910 1153
1650920 1150
1650930 1147
1650940 1142
1650950 1142
1650960 1137
1650970 1133
1650980 1133
1650990 1129
1651000 1125
1651010 1125
1651020 1122
1651030 1120
1651040 1120
1651050 1119
1651060 1118
1651070 1118
1651080 1118
1651090 1118
1651100 1118
1651110 1118
1651120 1118
1651130 1118
1651140 1117
1651150 1116
1651160 1116
1651170 1115
1651180 1112
1651190 1112
1651200 1110
1651210 1107
1651220 1103
1651230 1103
1651240 1099
1651250 1094
1651260 1094
1651270 1089
1651280 1083
1651290 1081
1651300 1076
1651310 1072
1651320 1072
1651330 1068
1651340 1069
1651350 1069
1651360 1073
1651370 1074
1651380 1074
1651390 1076
1651400 1077
1651410 1077
1651420 1079
1651430 1079
1651440 1079
1651450 1079
1651460 1077
1651470 1077
1651480 1075
1651490 1071
1651500 1067
1651510 1067
1651520 1063
1651530 1060
1651540 1060
1651550 1058
1651560 1057
1651570 1057
1651580 1058
1651590 1060
1651600 1060
1651610 1063
1651620 1067
1651630 1067
1651640 1072
1651650 1077
1651660 1077
1651670 1082
1651680 1087
1651690 1087
1651700 1091
1651710 1095
1651720 1095
1651730 1098
1651740 1099
1651750 1099
1651760 1099
1651770 1099
1651780 1099
1651790 1099
1651800 1100
1651810 1100
1651820 1100
1651830 1100
1651840 1100
1651850 1100
1651860 1100
1651870 1099
1651880 1099
1651890 1100
1651900 1100
1651910 1100
1651920 1100
1651930 1100
1651940 1100
1651950 1100
1651960 1100
1651970 1100
1651980 1100
1651990 1099
1652000 1099
1652010 1098
1652020 1097
1652030 1096
1652040 1096
1652050 1090
1652060 1089
1652070 1089
1652080 1087
1652090 1085
1652100 1085
1652110 1083
1652120 1081
1652130 1081
1652140 1078
1652150 1076
1652160 1076
1652170 1074
1652180 1072
1652190 1072
1652200 1068
1652210 1062
1652220 1062
1652230 1058
1652240 1058
1652250 1058
1652260 1059
1652270 1062
1652280 1062
1652290 1064
1652300 1064
1652310 1063
1652320 1063
1652330 1062
1652340 1062
1652350 1062
1652360 1061
1652370 1061
1652380 1061
1652390 1060
1652400 1060
1652410 1060
1652420 1058
1652430 1055
1652440 1055
1652450 1051
1652460 1046
1652470 1046
1652480 1041
1652490 1036
1652500 1036
1652510 1030
1652520 1025
1652530 1025
1652540 1020
1652550 1015
1652560 1015
1652570 1012
1652580 1010
1652590 1006
1652600 1006
1652610 1003
1652620 1000
1652630 1000
1652640 997
1652650 995
1652660 995
1652670 992
1652680 990
1652690 990
1652700 988
1652710 986
1652720 986
1652730 985
1652740 983
1652750 983
1652760 981
1652770 978
1652780 978
1652790 975
1652800 972
1652810 967
1652820 964
1652830 961
1652840 958
1652850 958
1652860 954
1652870 949
1652880 949
1652890 944
1652900 939
1652910 939
1652920 934
1652930 928
1652940 928
1652950 923
1652960 918
1652970 918
1652980 913
1652990 908
1653000 908
1653010 904
1653020 900
1653030 900
1653040 896
1653050 893
1653060 893
1653070 890
1653080 887
1653090 887
1653100 883
1653110 878
1653120 873
1653130 873
1653140 866
1653150 863
1653160 863
1653170 863
1653180 863
1653190 863
1653200 863
1653210 862
1653220 862
1653230 862
1653240 861
1653250 861
1653260 861
1653270 862
1653280 862
1653290 861
1653300 861
1653310 861
1653320 860
1653330 860
1653340 860
1653350 860
1653360 861
1653370 861
1653380 861
1653390 863
1653400 868
1653410 868
1653420 872
1653430 876
1653440 876
1653450 881
1653460 884
1653470 884
1653480 886
1653490 889
1653500 889
1653510 891
1653520 893
1653530 893
1653540 894
1653550 896
1653560 896
1653570 898
1653580 900
1653590 900
1653600 902
1653610 904
1653620 904
1653630 906
1653640 908
1653650 908
1653660 909
1653670 910
1653680 912
1653690 912
1653700 915
1653710 917
1653720 917
1653730 920
1653740 923
1653750 923
1653760 926
1653770 927
1653780 927
1653790 926
1653800 927
1653810 927
1653820 927
1653830 928
1653840 928
1653850 929
1653860 931
1653870 931
1653880 932
1653890 934
1653900 934
1653910 937
1653920 939
1653930 942
1653940 942
1653950 944
1653960 947
1653970 947
1653980 949
1653990 952
1654000 952
1654010 956
1654020 959
1654030 959
1654040 961
1654050 963
1654060 963
1654070 965
1654080 967
1654090 967
1654100 971
1654110 975
1654120 975
1654130 978
1654140 982
1654150 982
1654160 986
1654170 989
1654180 989
1654190 993
1654200 997
1654210 1001
1654220 1001
1654230 1006
1654240 1010
1654250 1010
1654260 1015
1654270 1021
1654280 1021
1654290 1025
1654300 1032
1654310 1032
1654320 1036
1654330 1042
1654340 1042
1654350 1047
1654360 1051
1654370 1051
1654380 1056
1654390 1061
1654400 1061
1654410 1066
1654420 1070
1654430 1070
1654440 1075
1654450 1079
1654460 1079
1654470 1082
1654480 1085
1654490 1087
1654500 1087
1654510 1089
1654520 1090
1654530 1090
1654540 1091
1654550 1091
1654560 1091
1654570 1090
1654580 1088
1654590 1088
1654600 1086
1654610 1084
1654620 1084
1654630 1083
1654640 1082
1654650 1082
1654660 1081
1654670 1082
1654680 1082
1654690 1082
1654700 1083
1654710 1083
1654720 1085
1654730 1087
1654740 1087
1654750 1089
1654760 1092
1654770 1094
1654780 1094
1654790 1097
1654800 1099
1654810 1099
1654820 1102
1654830 1104
1654840 1104
1654850 1106
1654860 1108
1654870 1108
1654880 1110
1654890 1113
1654900 1113
1654910 1117
1654920 1121
1654930 1121
1654940 1125
1654950 1128
1654960 1128
1654970 1132
1654980 1135
1654990 1135
1655000 1138
1655010 1141
1655020 1144
1655030 1144
1655040 1147
1655050 1150
1655060 1150
1655070 1152
1655080 1153
1655090 1153
1655100 1154
1655110 1154
1655120 1154
1655130 1154
1655140 1153
1655150 1153
1655160 1151
1655170 1148
1655180 1148
1655190 1146
1655200 1144
1655210 1144
1655220 1142
1655230 1140
1655240 1140
1655250 1137
1655260 1135
1655270 1135
1655280 1133
1655290 1130
1655300 1128
1655310 1128
1655320 1126
1655330 1123
1655340 1123
1655350 1120
1655360 1117
1655370 1117
1655380 1115
1655390 1113
1655400 1113
1655410 1111
1655420 1110
1655430 1110
1655440 1108
1655450 1105
1655460 1105
1655470 1103
1655480 1101
1655490 1101
1655500 1099
1655510 1098
1655520 1098
1655530 1097
1655540 1096
1655550 1096
1655560 1095
1655570 1094
1655580 1092
1655590 1092
1655600 1090
1655610 1088
1655620 1088
1655630 1086
1655640 1084
1655650 1084
1655660 1081
1655670 1079
1655680 1079
1655690 1075
1655700 1072
1655710 1072
1655720 1069
1655730 1067
1655740 1067
1655750 1065
1655760 1063
1655770 1063
1655780 1061
1655790 1059
1655800 1059
1655810 1053
1655820 1051
1655830 1051
1655840 1048
1655850 1045
1655860 1042
1655870 1042
1655880 1040
1655890 1037
1655900 1037
1655910 1035
1655920 1033
1655930 1033
1655940 1031
1655950 1029
1655960 1029
1655970 1027
1655980 1025
1655990 1025
1656000 1024
1656010 1025
1656020 1025
1656030 1029
1656040 1031
1656050 1031
1656060 1033
1656070 1036
1656080 1036
1656090 1038
1656100 1040
1656110 1042
1656120 1042
1656130 1045
1656140 1049
1656150 1049
1656160 1052
1656170 1056
1656180 1056
1656190 1060
1656200 1065
1656210 1065
1656220 1068
1656230 1071
1656240 1071
1656250 1077
1656260 1080
1656270 1080
1656280 1080
1656290 1076
1656300 1076
1656310 1072
1656320 1069
1656330 1069
1656340 1064
1656350 1060
1656360 1060
1656370 1055
1656380 1050
1656390 1045
1656400 1045
1656410 1041
1656420 1036
1656430 1036
1656440 1031
1656450 1027
1656460 1027
1656470 1023
1656480 1019
1656490 1019
1656500 1014
1656510 1010
1656520 1010
1656530 1008
1656540 1007
1656550 1007
1656560 1007
1656570 1006
1656580 1006
1656590 1005
1656600 1004
1656610 1004
1656620 1003
1656630 1005
1656640 1005
1656650 1010
1656660 1015
1656670 1020
1656680 1020
1656690 1024
1656700 1028
1656710 1028
1656720 1034
1656730 1039
1656740 1039
1656750 1044
1656760 1048
1656770 1048
1656780 1053
1656790 1058
1656800 1058
1656810 1061
1656820 1064
1656830 1064
1656840 1068
1656850 1071
1656860 1071
1656870 1074
1656880 1077
1656890 1077
1656900 1080
1656910 1082
1656920 1082
1656930 1083
1656940 1084
1656950 1085
1656960 1085
1656970 1086
1656980 1087
1656990 1087
1657000 1087
1657010 1087
1657020 1087
1657030 1087
1657040 1086
1657050 1086
1657060 1086
1657070 1086
1657080 1086
1657090 1086
1657100 1085
1657110 1085
1657120 1085
1657130 1084
1657140 1084
1657150 1083
1657160 1083
1657170 1083
1657180 1082
1657190 1081
1657200 1080
1657210 1080
1657220 1079
1657230 1078
1657240 1078
1657250 1077
1657260 1076
1657270 1076
1657280 1076
1657290 1075
1657300 1079
1657310 1078
1657320 1077
1657330 1077
1657340 1076
1657350 1076
1657360 1076
1657370 1076
1657380 1076
1657390 1076
1657400 1077
1657410 1076
1657420 1076
1657430 1076
1657440 1075
1657450 1075
1657460 1074
1657470 1071
1657480 1070
1657490 1070
1657500 1066
1657510 1062
1657520 1062
1657530 1057
1657540 1051
1657550 1051
1657560 1046
1657570 1040
1657580 1040
1657590 1034
1657600 1027
1657610 1027
1657620 1021
1657630 1015
1657640 1015
1657650 1008
1657660 1003
1657670 1003
1657680 999
1657690 995
1657700 995
1657710 992
1657720 988
1657730 988
1657740 985
1657750 982
1657760 980
1657770 980
1657780 978
1657790 976
1657800 976
1657810 973
1657820 969
1657830 969
1657840 966
1657850 968
1657860 968
1657870 969
1657880 971
1657890 971
1657900 974
1657910 977
1657920 977
1657930 981
1657940 984
1657950 984
1657960 987
1657970 990
1657980 990
1657990 993
1658000 996
1658010 996
1658020 999
1658030 1008
1658040 1011
1658050 1011
1658060 1013
1658070 1017
1658080 1017
1658090 1019
1658100 1021
1658110 1021
1658120 1023
1658130 1025
1658140 1025
1658150 1028
1658160 1030
1658170 1030
1658180 1032
1658190 1035
1658200 1035
1658210 1037
1658220 1038
1658230 1038
1658240 1040
1658250 1041
1658260 1041
1658270 1042
1658280 1042
1658290 1043
1658300 1043
1658310 1044
1658320 1044
1658330 1044
1658340 1045
1658350 1045
1658360 1045
1658370 1043
1658380 1041
1658390 1041
1658400 1040
1658410 1038
1658420 1038
1658430 1035
1658440 1034
1658450 1034
1658460 1032
1658470 1030
1658480 1030
1658490 1027
1658500 1023
1658510 1023
1658520 1019
1658530 1016
1658540 1016
1658550 1013
1658560 1010
1658570 1008
1658580 1008
1658590 1006
1658600 1003
1658610 1003
1658620 1001
1658630 999
1658640 999
1658650 996
1658660 993
1658670 993
1658680 989
1658690 984
1658700 984
1658710 980
1658720 974
1658730 974
1658740 969
1658750 964
1658760 964
1658770 957
1658780 952
1658790 952
1658800 946
1658810 940
1658820 940
1658830 935
1658840 931
1658850 927
1658860 927
1658870 926
1658880 928
1658890 928
1658900 929
1658910 930
1658920 930
1658930 931
1658940 932
1658950 932
1658960 935
1658970 937
1658980 937
1658990 937
1659000 940
1659010 940
1659020 941
1659030 942
1659040 942
1659050 946
1659060 950
1659070 950
1659080 955
1659090 959
1659100 959
1659110 964
1659120 968
1659130 971
1659140 971
1659150 974
1659160 977
1659170 977
1659180 980
1659190 983
1659200 983
1659210 986
1659220 988
1659230 988
1659240 990
1659250 991
1659260 991
1659270 992
1659280 991
1659290 991
1659300 988
1659310 985
1659320 985
1659330 983
1659340 978
1659350 978
1659360 973
1659370 969
1659380 966
1659390 966
1659400 964
1659410 960
1659420 960
1659430 958
1659440 956
1659450 956
1659460 955
1659470 954
1659480 954
1659490 953
1659500 955
1659510 955
1659520 954
1659530 953
1659540 953
1659550 953
1659560 953
1659570 953
1659580 952
1659590 951
1659600 951
1659610 951
1659620 951
1659630 951
1659640 952
1659650 952
1659660 953
1659670 953
1659680 954
1659690 956
1659700 956
1659710 958
1659720 960
1659730 960
1659740 963
1659750 965
1659760 965
1659770 968
1659780 969
1659790 969
1659800 971
1659810 973
1659820 973
1659830 974
1659840 976
1659850 976
1659860 977
1659870 978
1659880 978
1659890 978
1659900 978
1659910 978
1659920 979
1659930 980
1659940 979
1659950 979
1659960 976
1659970 973
1659980 973
1659990 969
