1640000 1571
1640010 1574
1640020 1578
1640030 1582
1640040 1582
1640050 1586
1640060 1590
1640070 1590
1640080 1593
1640090 1597
1640100 1597
1640110 1602
1640120 1606
1640130 1606
1640140 1611
1640150 1616
1640160 1616
1640170 1621
1640180 1626
1640190 1626
1640200 1630
1640210 1635
1640220 1635
1640230 1640
1640240 1645
1640250 1645
1640260 1649
1640270 1654
1640280 1654
1640290 1658
1640300 1662
1640310 1666
1640320 1666
1640330 1671
1640340 1675
1640350 1675
1640360 1679
1640370 1683
1640380 1683
1640390 1688
1640400 1693
1640410 1693
1640420 1696
1640430 1699
1640440 1699
1640450 1702
1640460 1705
1640470 1705
1640480 1708
1640490 1712
1640500 1712
1640510 1715
1640520 1717
1640530 1717
1640540 1718
1640550 1718
1640560 1718
1640570 1717
1640580 1716
1640590 1714
1640600 1714
1640610 1712
1640620 1709
1640630 1709
1640640 1707
1640650 1704
1640660 1704
1640670 1700
1640680 1695
1640690 1695
1640700 1691
1640710 1687
1640720 1687
1640730 1683
1640740 1678
1640750 1678
1640760 1672
1640770 1668
1640780 1668
1640790 1663
1640800 1659
1640810 1659
1640820 1654
1640830 1649
1640840 1643
1640850 1643
1640860 1638
1640870 1633
1640880 1633
1640890 1628
1640900 1622
1640910 1622
1640920 1617
1640930 1610
1640940 1610
1640950 1605
1640960 1599
1640970 1599
1640980 1593
1640990 1587
1641000 1587
1641010 1580
1641020 1575
1641030 1575
1641040 1570
1641050 1564
1641060 1564
1641070 1560
1641080 1553
1641090 1553
1641100 1544
1641110 1535
1641120 1527
1641130 1527
1641140 1519
1641150 1512
1641160 1512
1641170 1506
1641180 1501
1641190 1501
1641200 1496
1641210 1492
1641220 1492
1641230 1489
1641240 1486
1641250 1491
1641260 1489
1641270 1488
1641280 1488
1641290 1487
1641300 1486
1641310 1486
1641320 1484
1641330 1483
1641340 1483
1641350 1481
1641360 1478
1641370 1478
1641380 1475
1641390 1471
1641400 1467
1641410 1467
1641420 1464
1641430 1462
1641440 1462
1641450 1459
1641460 1456
1641470 1456
1641480 1452
1641490 1449
1641500 1449
1641510 1446
1641520 1443
1641530 1443
1641540 1441
1641550 1441
1641560 1441
1641570 1440
1641580 1441
1641590 1441
1641600 1443
1641610 1445
1641620 1445
1641630 1446
1641640 1446
1641650 1445
1641660 1445
1641670 1444
1641680 1442
1641690 1442
1641700 1438
1641710 1433
1641720 1433
1641730 1428
1641740 1423
1641750 1423
1641760 1419
1641770 1414
1641780 1414
1641790 1408
1641800 1403
1641810 1403
1641820 1398
1641830 1393
1641840 1393
1641850 1387
1641860 1382
1641870 1382
1641880 1377
1641890 1372
1641900 1372
1641910 1367
1641920 1362
1641930 1357
1641940 1357
1641950 1352
1641960 1348
1641970 1348
1641980 1344
1641990 1340
1642000 1340
1642010 1336
1642020 1331
1642030 1331
1642040 1326
1642050 1321
1642060 1322
1642070 1317
1642080 1312
1642090 1312
1642100 1306
1642110 1300
1642120 1300
1642130 1299
1642140 1301
1642150 1301
1642160 1304
1642170 1309
1642180 1309
1642190 1311
1642200 1310
1642210 1305
1642220 1305
1642230 1298
1642240 1292
1642250 1292
1642260 1289
1642270 1292
1642280 1292
1642290 1296
1642300 1299
1642310 1299
1642320 1304
1642330 1310
1642340 1310
1642350 1316
1642360 1322
1642370 1322
1642380 1327
1642390 1331
1642400 1331
1642410 1336
1642420 1340
1642430 1340
1642440 1345
1642450 1350
1642460 1350
1642470 1355
1642480 1360
1642490 1365
1642500 1365
1642510 1370
1642520 1376
1642530 1376
1642540 1381
1642550 1386
1642560 1386
1642570 1392
1642580 1397
1642590 1397
1642600 1403
1642610 1408
1642620 1408
1642630 1414
1642640 1419
1642650 1419
1642660 1425
1642670 1430
1642680 1430
1642690 1435
1642700 1440
1642710 1440
1642720 1445
1642730 1450
1642740 1454
1642750 1454
1642760 1459
1642770 1462
1642780 1462
1642790 1466
1642800 1469
1642810 1469
1642820 1472
1642830 1474
1642840 1474
1642850 1476
1642860 1477
1642870 1478
1642880 1474
1642890 1471
1642900 1471
1642910 1467
1642920 1462
1642930 1462
1642940 1456
1642950 1450
1642960 1450
1642970 1445
1642980 1440
1642990 1440
1643000 1435
1643010 1432
1643020 1429
1643030 1429
1643040 1424
1643050 1419
1643060 1419
1643070 1414
1643080 1409
1643090 1409
1643100 1404
1643110 1400
1643120 1400
1643130 1395
1643140 1389
1643150 1389
1643160 1384
1643170 1379
1643180 1379
1643190 1374
1643200 1369
1643210 1369
1643220 1363
1643230 1359
1643240 1359
1643250 1355
1643260 1351
1643270 1351
1643280 1346
1643290 1343
1643300 1339
1643310 1339
1643320 1336
1643330 1333
1643340 1333
1643350 1331
1643360 1328
1643370 1328
1643380 1324
1643390 1321
1643400 1321
1643410 1317
1643420 1314
1643430 1314
1643440 1312
1643450 1311
1643460 1311
1643470 1311
1643480 1313
1643490 1313
1643500 1317
1643510 1323
1643520 1323
1643530 1330
1643540 1336
1643550 1340
1643560 1340
1643570 1345
1643580 1349
1643590 1349
1643600 1353
1643610 1358
1643620 1358
1643630 1363
1643640 1367
1643650 1367
1643660 1372
1643670 1377
1643680 1376
1643690 1380
1643700 1384
1643710 1384
1643720 1388
1643730 1392
1643740 1392
1643750 1395
1643760 1399
1643770 1399
1643780 1403
1643790 1407
1643800 1407
1643810 1410
1643820 1414
1643830 1419
1643840 1419
1643850 1423
1643860 1427
1643870 1427
1643880 1431
1643890 1434
1643900 1434
1643910 1438
1643920 1442
1643930 1442
1643940 1445
1643950 1448
1643960 1448
1643970 1451
1643980 1454
1643990 1454
1644000 1457
1644010 1460
1644020 1460
1644030 1462
1644040 1464
1644050 1464
1644060 1466
1644070 1467
1644080 1467
1644090 1468
1644100 1468
1644110 1469
1644120 1469
1644130 1469
1644140 1468
1644150 1468
1644160 1468
1644170 1467
1644180 1467
1644190 1465
1644200 1463
1644210 1463
1644220 1461
1644230 1458
1644240 1458
1644250 1456
1644260 1454
1644270 1454
1644280 1451
1644290 1448
1644300 1448
1644310 1445
1644320 1442
1644330 1442
1644340 1439
1644350 1436
1644360 1432
1644370 1432
1644380 1427
1644390 1427
1644400 1427
1644410 1426
1644420 1425
1644430 1425
1644440 1424
1644450 1422
1644460 1422
1644470 1426
1644480 1426
1644490 1426
1644500 1424
1644510 1422
1644520 1422
1644530 1420
1644540 1418
1644550 1418
1644560 1417
1644570 1415
1644580 1415
1644590 1414
1644600 1413
1644610 1413
1644620 1411
1644630 1409
1644640 1407
1644650 1407
1644660 1405
1644670 1403
1644680 1403
1644690 1401
1644700 1399
1644710 1399
1644720 1397
1644730 1395
1644740 1395
1644750 1394
1644760 1392
1644770 1392
1644780 1391
1644790 1390
1644800 1390
1644810 1389
1644820 1388
1644830 1388
1644840 1386
1644850 1383
1644860 1383
1644870 1380
1644880 1377
1644890 1377
1644900 1372
1644910 1367
1644920 1362
1644930 1362
1644940 1358
1644950 1353
1644960 1353
1644970 1348
1644980 1344
1644990 1344
1645000 1340
1645010 1336
1645020 1336
1645030 1332
1645040 1328
1645050 1328
1645060 1323
1645070 1318
1645080 1318
1645090 1313
1645100 1308
1645110 1308
1645120 1304
1645130 1300
1645140 1300
1645150 1296
1645160 1293
1645170 1293
1645180 1290
1645190 1287
1645200 1284
1645210 1284
1645220 1282
1645230 1281
1645240 1281
1645250 1279
1645260 1275
1645270 1277
1645280 1274
1645290 1271
1645300 1271
1645310 1267
1645320 1268
1645330 1268
1645340 1273
1645350 1281
1645360 1281
1645370 1287
1645380 1293
1645390 1293
1645400 1298
1645410 1304
1645420 1304
1645430 1309
1645440 1315
1645450 1320
1645460 1320
1645470 1325
1645480 1330
1645490 1330
1645500 1334
1645510 1339
1645520 1339
1645530 1343
1645540 1347
1645550 1347
1645560 1350
1645570 1353
1645580 1353
1645590 1356
1645600 1357
1645610 1357
1645620 1357
1645630 1355
1645640 1355
1645650 1351
1645660 1347
1645670 1347
1645680 1343
1645690 1338
1645700 1338
1645710 1333
1645720 1327
1645730 1321
1645740 1321
1645750 1315
1645760 1309
1645770 1309
1645780 1303
1645790 1297
1645800 1297
1645810 1290
1645820 1286
1645830 1286
1645840 1280
1645850 1274
1645860 1274
1645870 1268
1645880 1263
1645890 1263
1645900 1257
1645910 1253
1645920 1253
1645930 1247
1645940 1242
1645950 1242
1645960 1236
1645970 1232
1645980 1232
1645990 1226
1646000 1222
1646010 1217
1646020 1217
1646030 1212
1646040 1206
1646050 1206
1646060 1199
1646070 1194
1646080 1194
1646090 1192
1646100 1191
1646110 1191
1646120 1193
1646130 1198
1646140 1198
1646150 1202
1646160 1206
1646170 1206
1646180 1210
1646190 1214
1646200 1214
1646210 1218
1646220 1222
1646230 1222
1646240 1226
1646250 1230
1646260 1235
1646270 1235
1646280 1239
1646290 1244
1646300 1244
1646310 1249
1646320 1253
1646330 1253
1646340 1258
1646350 1262
1646360 1262
1646370 1266
1646380 1271
1646390 1271
1646400 1276
1646410 1280
1646420 1280
1646430 1285
1646440 1290
1646450 1290
1646460 1295
1646470 1300
1646480 1300
1646490 1306
1646500 1311
1646510 1311
1646520 1315
1646530 1320
1646540 1325
1646550 1325
1646560 1329
1646570 1335
1646580 1335
1646590 1339
1646600 1344
1646610 1344
1646620 1349
1646630 1353
1646640 1353
1646650 1357
1646660 1361
1646670 1361
1646680 1364
1646690 1368
1646700 1368
1646710 1371
1646720 1374
1646730 1374
1646740 1376
1646750 1378
1646760 1378
1646770 1380
1646780 1382
1646790 1382
1646800 1383
1646810 1384
1646820 1385
1646830 1385
1646840 1386
1646850 1389
1646860 1389
1646870 1389
1646880 1388
1646890 1388
1646900 1386
1646910 1385
1646920 1385
1646930 1383
1646940 1381
1646950 1381
1646960 1378
1646970 1375
1646980 1375
1646990 1373
1647000 1370
1647010 1370
1647020 1367
1647030 1364
1647040 1364
1647050 1361
1647060 1357
1647070 1353
1647080 1353
1647090 1349
1647100 1345
1647110 1345
1647120 1342
1647130 1339
1647140 1339
1647150 1336
1647160 1333
1647170 1333
1647180 1330
1647190 1327
1647200 1327
1647210 1324
1647220 1321
1647230 1321
1647240 1318
1647250 1316
1647260 1316
1647270 1315
1647280 1314
1647290 1314
1647300 1313
1647310 1311
1647320 1311
1647330 1309
1647340 1309
1647350 1308
1647360 1308
1647370 1306
1647380 1304
1647390 1304
1647400 1304
1647410 1306
1647420 1306
1647430 1308
1647440 1310
1647450 1310
1647460 1312
1647470 1313
1647480 1313
1647490 1315
1647500 1318
1647510 1318
1647520 1320
1647530 1323
1647540 1323
1647550 1325
1647560 1328
1647570 1328
1647580 1331
1647590 1333
1647600 1333
1647610 1336
1647620 1339
1647630 1344
1647640 1344
1647650 1347
1647660 1349
1647670 1349
1647680 1351
1647690 1354
1647700 1354
1647710 1356
1647720 1359
1647730 1359
1647740 1361
1647750 1363
1647760 1363
1647770 1365
1647780 1366
1647790 1366
1647800 1368
1647810 1369
1647820 1369
1647830 1370
1647840 1369
1647850 1369
1647860 1365
1647870 1360
1647880 1356
1647890 1356
1647900 1351
1647910 1347
1647920 1347
1647930 1342
1647940 1338
1647950 1338
1647960 1332
1647970 1326
1647980 1326
1647990 1321
1648000 1315
1648010 1315
1648020 1310
1648030 1305
1648040 1305
1648050 1299
1648060 1293
1648070 1293
1648080 1287
1648090 1281
1648100 1281
1648110 1276
1648120 1270
1648130 1270
1648140 1264
1648150 1258
1648160 1252
1648170 1252
1648180 1246
1648190 1241
1648200 1241
1648210 1236
1648220 1232
1648230 1232
1648240 1227
1648250 1222
1648260 1222
1648270 1218
1648280 1213
1648290 1213
1648300 1209
1648310 1204
1648320 1204
1648330 1200
1648340 1196
1648350 1196
1648360 1193
1648370 1189
1648380 1189
1648390 1185
1648400 1182
1648410 1182
1648420 1178
1648430 1178
1648440 1179
1648450 1179
1648460 1184
1648470 1188
1648480 1188
1648490 1192
1648500 1196
1648510 1196
1648520 1201
1648530 1204
1648540 1204
1648550 1207
1648560 1211
1648570 1211
1648580 1214
1648590 1217
1648600 1217
1648610 1221
1648620 1224
1648630 1224
1648640 1228
1648650 1231
1648660 1231
1648670 1234
1648680 1238
1648690 1238
1648700 1240
1648710 1242
1648720 1245
1648730 1245
1648740 1248
1648750 1250
1648760 1250
1648770 1252
1648780 1253
1648790 1253
1648800 1254
1648810 1254
1648820 1254
1648830 1254
1648840 1255
1648850 1255
1648860 1257
1648870 1259
1648880 1259
1648890 1262
1648900 1265
1648910 1265
1648920 1268
1648930 1272
1648940 1272
1648950 1276
1648960 1280
1648970 1285
1648980 1285
1648990 1289
1649000 1293
1649010 1293
1649020 1298
1649030 1302
1649040 1302
1649050 1306
1649060 1310
1649070 1310
1649080 1315
1649090 1320
1649100 1320
1649110 1325
1649120 1327
1649130 1327
1649140 1331
1649150 1335
1649160 1335
1649170 1338
1649180 1345
1649190 1345
1649200 1348
1649210 1352
1649220 1352
1649230 1355
1649240 1358
1649250 1361
1649260 1361
1649270 1364
1649280 1366
1649290 1366
1649300 1368
1649310 1370
1649320 1370
1649330 1371
1649340 1371
1649350 1371
1649360 1371
1649370 1372
1649380 1372
1649390 1371
1649400 1371
1649410 1371
1649420 1370
1649430 1369
1649440 1369
1649450 1368
1649460 1367
1649470 1367
1649480 1366
1649490 1365
1649500 1365
1649510 1365
1649520 1364
1649530 1364
1649540 1364
1649550 1363
1649560 1363
1649570 1363
1649580 1361
1649590 1360
1649600 1360
1649610 1359
1649620 1357
1649630 1357
1649640 1356
1649650 1355
1649660 1355
1649670 1354
1649680 1352
1649690 1352
1649700 1350
1649710 1349
1649720 1349
1649730 1348
1649740 1346
1649750 1346
1649760 1345
1649770 1344
1649780 1343
1649790 1343
1649800 1342
1649810 1341
1649820 1341
1649830 1339
1649840 1338
1649850 1338
1649860 1336
1649870 1335
1649880 1335
1649890 1333
1649900 1332
1649910 1332
1649920 1330
1649930 1329
1649940 1329
1649950 1327
1649960 1325
1649970 1325
1649980 1324
1649990 1322
1650000 1322
1650010 1321
1650020 1320
1650030 1320
1650040 1319
1650050 1318
1650060 1317
1650070 1317
1650080 1315
1650090 1314
1650100 1314
1650110 1312
1650120 1310
1650130 1310
1650140 1309
1650150 1307
1650160 1307
1650170 1305
1650180 1303
1650190 1303
1650200 1302
1650210 1300
1650220 1300
1650230 1299
1650240 1297
1650250 1297
1650260 1295
1650270 1293
1650280 1293
1650290 1292
1650300 1292
1650310 1292
1650320 1291
1650330 1289
1650340 1288
1650350 1288
1650360 1287
1650370 1286
1650380 1286
1650390 1286
1650400 1286
1650410 1286
1650420 1285
1650430 1285
1650440 1285
1650450 1286
1650460 1286
1650470 1286
1650480 1287
1650490 1287
1650500 1287
1650510 1288
1650520 1289
1650530 1289
1650540 1290
1650550 1290
1650560 1290
1650570 1292
1650580 1293
1650590 1294
1650600 1294
1650610 1295
1650620 1296
1650630 1296
1650640 1296
1650650 1297
1650660 1297
1650670 1298
1650680 1298
1650690 1298
1650700 1299
1650710 1299
1650720 1297
1650730 1298
1650740 1297
1650750 1297
1650760 1297
1650770 1297
1650780 1297
1650790 1296
1650800 1296
1650810 1296
1650820 1296
1650830 1295
1650840 1295
1650850 1294
1650860 1292
1650870 1291
1650880 1291
1650890 1289
1650900 1287
1650910 1287
1650920 1285
1650930 1283
1650940 1283
1650950 1280
1650960 1277
1650970 1277
1650980 1274
1650990 1270
1651000 1270
1651010 1265
1651020 1261
1651030 1261
1651040 1258
1651050 1256
1651060 1256
1651070 1254
1651080 1252
1651090 1252
1651100 1250
1651110 1248
1651120 1248
1651130 1247
1651140 1247
1651150 1246
1651160 1246
1651170 1246
1651180 1246
1651190 1246
1651200 1246
1651210 1247
1651220 1247
1651230 1247
1651240 1247
1651250 1247
1651260 1247
1651270 1247
1651280 1247
1651290 1247
1651300 1247
1651310 1247
1651320 1246
1651330 1246
1651340 1246
1651350 1245
1651360 1244
1651370 1244
1651380 1242
1651390 1240
1651400 1240
1651410 1238
1651420 1236
1651430 1234
1651440 1234
1651450 1232
1651460 1230
1651470 1230
1651480 1228
1651490 1222
1651500 1222
1651510 1219
1651520 1215
1651530 1215
1651540 1212
1651550 1209
1651560 1209
1651570 1208
1651580 1208
1651590 1208
1651600 1208
1651610 1209
1651620 1209
1651630 1212
1651640 1215
1651650 1215
1651660 1217
1651670 1219
1651680 1220
1651690 1220
1651700 1221
1651710 1223
1651720 1223
1651730 1225
1651740 1226
1651750 1226
1651760 1227
1651770 1229
1651780 1229
1651790 1230
1651800 1232
1651810 1232
1651820 1232
1651830 1233
1651840 1233
1651850 1233
1651860 1233
1651870 1233
1651880 1233
1651890 1233
1651900 1233
1651910 1233
1651920 1233
1651930 1233
1651940 1233
1651950 1233
1651960 1232
1651970 1232
1651980 1232
1651990 1231
1652000 1231
1652010 1230
1652020 1228
1652030 1228
1652040 1227
1652050 1225
1652060 1225
1652070 1224
1652080 1222
1652090 1222
1652100 1221
1652110 1219
1652120 1219
1652130 1217
1652140 1216
1652150 1216
1652160 1214
1652170 1212
1652180 1212
1652190 1211
1652200 1210
1652210 1210
1652220 1208
1652230 1207
1652240 1205
1652250 1202
1652260 1200
1652270 1197
1652280 1197
1652290 1194
1652300 1192
1652310 1192
1652320 1190
1652330 1188
1652340 1188
1652350 1185
1652360 1182
1652370 1182
1652380 1179
1652390 1174
1652400 1174
1652410 1171
1652420 1167
1652430 1167
1652440 1162
1652450 1158
1652460 1158
1652470 1153
1652480 1149
1652490 1144
1652500 1144
1652510 1140
1652520 1135
1652530 1135
1652540 1131
1652550 1127
1652560 1127
1652570 1123
1652580 1119
1652590 1119
1652600 1116
1652610 1112
1652620 1112
1652630 1109
1652640 1105
1652650 1105
1652660 1101
1652670 1098
1652680 1098
1652690 1095
1652700 1091
1652710 1091
1652720 1087
1652730 1083
1652740 1083
1652750 1079
1652760 1075
1652770 1071
1652780 1071
1652790 1067
1652800 1064
1652810 1064
1652820 1060
1652830 1057
1652840 1057
1652850 1053
1652860 1048
1652870 1048
1652880 1044
1652890 1038
1652900 1038
1652910 1032
1652920 1025
1652930 1025
1652940 1020
1652950 1012
1652960 1012
1652970 1005
1652980 999
1652990 999
1653000 994
1653010 991
1653020 991
1653030 986
1653040 981
1653050 976
1653060 976
1653070 971
1653080 964
1653090 964
1653100 959
1653110 951
1653120 951
1653130 945
1653140 939
1653150 939
1653160 934
1653170 931
1653180 931
1653190 928
1653200 926
1653210 926
1653220 923
1653230 921
1653240 921
1653250 918
1653260 916
1653270 916
1653280 913
1653290 910
1653300 910
1653310 906
1653320 906
1653330 902
1653340 902
1653350 899
1653360 894
1653370 894
1653380 889
1653390 884
1653400 884
1653410 880
1653420 878
1653430 878
1653440 874
1653450 870
1653460 870
1653470 866
1653480 861
1653490 861
1653500 861
1653510 862
1653520 862
1653530 862
1653540 860
1653550 860
1653560 855
1653570 849
1653580 845
1653590 845
1653600 843
1653610 842
1653620 842
1653630 840
1653640 837
1653650 837
1653660 837
1653670 838
1653680 838
1653690 838
1653700 838
1653710 838
1653720 837
1653730 837
1653740 837
1653750 837
1653760 838
1653770 838
1653780 842
1653790 847
1653800 847
1653810 854
1653820 860
1653830 860
1653840 865
1653850 869
1653860 873
1653870 873
1653880 878
1653890 882
1653900 882
1653910 886
1653920 892
1653930 892
1653940 897
1653950 902
1653960 902
1653970 909
1653980 916
1653990 916
1654000 922
1654010 928
1654020 928
1654030 933
1654040 939
1654050 939
1654060 945
1654070 950
1654080 950
1654090 956
1654100 962
1654110 962
1654120 968
1654130 973
1654140 978
1654150 978
1654160 983
1654170 987
1654180 987
1654190 991
1654200 996
1654210 996
1654220 997
1654230 1001
1654240 1001
1654250 1002
1654260 1003
1654270 1003
1654280 1003
1654290 999
1654300 999
1654310 994
1654320 991
1654330 991
1654340 988
1654350 985
1654360 985
1654370 985
1654380 986
1654390 989
1654400 989
1654410 990
1654420 992
1654430 992
1654440 996
1654450 999
1654460 999
1654470 1002
1654480 1005
1654490 1005
1654500 1008
1654510 1013
1654520 1013
1654530 1016
1654540 1019
1654550 1019
1654560 1022
1654570 1025
1654580 1025
1654590 1027
1654600 1027
1654610 1027
1654620 1030
1654630 1032
1654640 1032
1654650 1035
1654660 1037
1654670 1039
1654680 1039
1654690 1045
1654700 1050
1654710 1050
1654720 1054
1654730 1058
1654740 1058
1654750 1062
1654760 1066
1654770 1066
1654780 1071
1654790 1076
1654800 1076
1654810 1080
1654820 1085
1654830 1085
1654840 1088
1654850 1092
1654860 1092
1654870 1097
1654880 1101
1654890 1101
1654900 1105
1654910 1109
1654920 1109
1654930 1113
1654940 1117
1654950 1121
1654960 1121
1654970 1124
1654980 1126
1654990 1126
1655000 1129
1655010 1131
1655020 1131
1655030 1133
1655040 1134
1655050 1134
1655060 1134
1655070 1133
1655080 1133
1655090 1132
1655100 1129
1655110 1129
1655120 1127
1655130 1124
1655140 1124
1655150 1122
1655160 1120
1655170 1120
1655180 1117
1655190 1115
1655200 1112
1655210 1112
1655220 1110
1655230 1107
1655240 1107
1655250 1103
1655260 1101
1655270 1101
1655280 1097
1655290 1094
1655300 1094
1655310 1092
1655320 1090
1655330 1090
1655340 1089
1655350 1088
1655360 1088
1655370 1086
1655380 1085
1655390 1085
1655400 1084
1655410 1083
1655420 1083
1655430 1081
1655440 1080
1655450 1080
1655460 1077
1655470 1074
1655480 1071
1655490 1071
1655500 1068
1655510 1064
1655520 1064
1655530 1059
1655540 1055
1655550 1055
1655560 1051
1655570 1047
1655580 1047
1655590 1043
1655600 1040
1655610 1040
1655620 1037
1655630 1033
1655640 1033
1655650 1030
1655660 1027
1655670 1027
1655680 1021
1655690 1016
1655700 1016
1655710 1013
1655720 1009
1655730 1009
1655740 1005
1655750 1001
1655760 997
1655770 997
1655780 994
1655790 991
1655800 991
1655810 988
1655820 985
1655830 985
1655840 982
1655850 978
1655860 978
1655870 979
1655880 979
1655890 979
1655900 979
1655910 982
1655920 982
1655930 984
1655940 987
1655950 987
1655960 990
1655970 994
1655980 994
1655990 997
1656000 1000
1656010 1004
1656020 1007
1656030 1009
1656040 1012
1656050 1012
1656060 1014
1656070 1016
1656080 1016
1656090 1018
1656100 1021
1656110 1021
1656120 1023
1656130 1024
1656140 1024
1656150 1026
1656160 1028
1656170 1028
1656180 1029
1656190 1031
1656200 1031
1656210 1033
1656220 1033
1656230 1033
1656240 1032
1656250 1030
1656260 1030
1656270 1029
1656280 1028
1656290 1028
1656300 1028
1656310 1027
1656320 1028
1656330 1028
1656340 1028
1656350 1028
1656360 1028
1656370 1029
1656380 1028
1656390 1028
1656400 1029
1656410 1028
1656420 1028
1656430 1027
1656440 1025
1656450 1025
1656460 1022
1656470 1020
1656480 1020
1656490 1017
1656500 1015
1656510 1015
1656520 1012
1656530 1010
1656540 1010
1656550 1007
1656560 1003
1656570 1000
1656580 1000
1656590 997
1656600 994
1656610 994
1656620 992
1656630 989
1656640 989
1656650 986
1656660 984
1656670 984
1656680 982
1656690 981
1656700 981
1656710 979
1656720 976
1656730 976
1656740 975
1656750 968
1656760 968
1656770 965
1656780 961
1656790 961
1656800 958
1656810 954
1656820 954
1656830 950
1656840 947
1656850 943
1656860 943
1656870 939
1656880 935
1656890 935
1656900 932
1656910 930
1656920 930
1656930 928
1656940 927
1656950 927
1656960 926
1656970 925
1656980 925
1656990 925
1657000 925
1657010 925
1657020 927
1657030 928
1657040 928
1657050 929
1657060 931
1657070 931
1657080 932
1657090 934
1657100 934
1657110 935
1657120 936
1657130 937
1657140 937
1657150 936
1657160 935
1657170 935
1657180 934
1657190 933
1657200 933
1657210 932
1657220 931
1657230 931
1657240 931
1657250 932
1657260 932
1657270 933
1657280 934
1657290 934
1657300 935
1657310 935
1657320 935
1657330 935
1657340 936
1657350 936
1657360 936
1657370 936
1657380 936
1657390 936
1657400 937
1657410 938
1657420 938
1657430 938
1657440 939
1657450 939
1657460 939
1657470 939
1657480 939
1657490 944
1657500 943
1657510 943
1657520 941
1657530 938
1657540 938
1657550 934
1657560 932
1657570 932
1657580 931
1657590 930
1657600 930
1657610 930
1657620 930
1657630 930
1657640 931
1657650 932
1657660 933
1657670 933
1657680 933
1657690 935
1657700 935
1657710 937
1657720 939
1657730 939
1657740 940
1657750 941
1657760 941
1657770 941
1657780 942
1657790 942
1657800 943
1657810 942
1657820 942
1657830 941
1657840 939
1657850 939
1657860 937
1657870 934
1657880 934
1657890 930
1657900 926
1657910 926
1657920 922
1657930 917
1657940 910
1657950 910
1657960 902
1657970 898
1657980 898
1657990 901
1658000 902
1658010 902
1658020 904
1658030 907
1658040 907
1658050 910
1658060 913
1658070 913
1658080 916
1658090 919
1658100 919
1658110 922
1658120 924
1658130 924
1658140 926
1658150 928
1658160 928
1658170 930
1658180 933
1658190 935
1658200 935
1658210 937
1658220 941
1658230 941
1658240 944
1658250 947
1658260 947
1658270 949
1658280 951
1658290 951
1658300 952
1658310 953
1658320 953
1658330 953
1658340 954
1658350 954
1658360 954
1658370 953
1658380 953
1658390 953
1658400 953
1658410 953
1658420 952
1658430 950
1658440 950
1658450 948
1658460 947
1658470 949
1658480 949
1658490 950
1658500 951
1658510 951
1658520 951
1658530 952
1658540 952
1658550 954
1658560 955
1658570 955
1658580 956
1658590 957
1658600 957
1658610 958
1658620 959
1658630 959
1658640 958
1658650 958
1658660 958
1658670 958
1658680 958
1658690 958
1658700 958
1658710 956
1658720 956
1658730 953
1658740 950
1658750 946
1658760 946
1658770 941
1658780 937
1658790 937
1658800 933
1658810 929
1658820 929
1658830 926
1658840 920
1658850 920
1658860 916
1658870 912
1658880 912
1658890 907
1658900 901
1658910 901
1658920 895
1658930 890
1658940 890
1658950 885
1658960 881
1658970 881
1658980 876
1658990 872
1659000 868
1659010 868
1659020 865
1659030 862
1659040 862
1659050 865
1659060 871
1659070 871
1659080 875
1659090 879
1659100 879
1659110 884
1659120 888
1659130 888
1659140 893
1659150 897
1659160 897
1659170 902
1659180 907
1659190 907
1659200 911
1659210 915
1659220 915
1659230 918
1659240 922
1659250 922
1659260 925
1659270 928
1659280 930
1659290 930
1659300 932
1659310 932
1659320 932
1659330 931
1659340 930
1659350 930
1659360 928
1659370 926
1659380 926
1659390 924
1659400 923
1659410 923
1659420 921
1659430 919
1659440 919
1659450 916
1659460 914
1659470 914
1659480 912
1659490 910
1659500 910
1659510 908
1659520 905
1659530 905
1659540 903
1659550 901
1659560 899
1659570 899
1659580 897
1659590 894
1659600 894
1659610 892
1659620 888
1659630 888
1659640 884
1659650 877
1659660 877
1659670 871
1659680 870
1659690 870
1659700 867
1659710 863
1659720 863
1659730 858
1659740 854
1659750 854
1659760 851
1659770 854
1659780 854
1659790 856
1659800 859
1659810 859
1659820 860
1659830 860
1659840 860
1659850 860
1659860 860
1659870 861
1659880 861
1659890 859
1659900 856
1659910 856
1659920 855
1659930 855
1659940 855
1659950 856
1659960 856
1659970 856
1659980 856
1659990 855
