1640000 1613
1640010 1616
1640020 1618
1640030 1618
1640040 1620
1640050 1623
1640060 1623
1640070 1626
1640080 1629
1640090 1629
1640100 1632
1640110 1635
1640120 1635
1640130 1638
1640140 1642
1640150 1642
1640160 1644
1640170 1648
1640180 1648
1640190 1651
1640200 1653
1640210 1653
1640220 1656
1640230 1659
1640240 1662
1640250 1662
1640260 1665
1640270 1668
1640280 1668
1640290 1671
1640300 1675
1640310 1675
1640320 1679
1640330 1682
1640340 1682
1640350 1685
1640360 1688
1640370 1688
1640380 1690
1640390 1693
1640400 1693
1640410 1695
1640420 1696
1640430 1696
1640440 1698
1640450 1700
1640460 1700
1640470 1700
1640480 1701
1640490 1702
1640500 1702
1640510 1702
1640520 1702
1640530 1702
1640540 1702
1640550 1699
1640560 1699
1640570 1698
1640580 1697
1640590 1697
1640600 1696
1640610 1695
1640620 1695
1640630 1694
1640640 1693
1640650 1693
1640660 1692
1640670 1691
1640680 1691
1640690 1690
1640700 1688
1640710 1688
1640720 1685
1640730 1682
1640740 1682
1640750 1680
1640760 1677
1640770 1674
1640780 1674
1640790 1670
1640800 1667
1640810 1667
1640820 1663
1640830 1658
1640840 1658
1640850 1653
1640860 1650
1640870 1650
1640880 1647
1640890 1643
1640900 1643
1640910 1638
1640920 1634
1640930 1634
1640940 1630
1640950 1626
1640960 1626
1640970 1622
1640980 1617
1640990 1617
1641000 1613
1641010 1610
1641020 1610
1641030 1606
1641040 1603
1641050 1599
1641060 1599
1641070 1596
1641080 1592
1641090 1592
1641100 1588
1641110 1584
1641120 1584
1641130 1580
1641140 1577
1641150 1577
1641160 1574
1641170 1572
1641180 1572
1641190 1571
1641200 1570
1641210 1570
1641220 1569
1641230 1568
1641240 1568
1641250 1567
1641260 1567
1641270 1567
1641280 1566
1641290 1563
1641300 1559
1641310 1559
1641320 1556
1641330 1552
1641340 1552
1641350 1548
1641360 1544
1641370 1547
1641380 1543
1641390 1539
1641400 1539
1641410 1534
1641420 1530
1641430 1530
1641440 1526
1641450 1523
1641460 1523
1641470 1520
1641480 1518
1641490 1518
1641500 1517
1641510 1515
1641520 1515
1641530 1513
1641540 1512
1641550 1512
1641560 1510
1641570 1508
1641580 1505
1641590 1505
1641600 1502
1641610 1497
1641620 1497
1641630 1491
1641640 1484
1641650 1484
1641660 1478
1641670 1473
1641680 1473
1641690 1468
1641700 1464
1641710 1464
1641720 1458
1641730 1453
1641740 1453
1641750 1448
1641760 1442
1641770 1442
1641780 1435
1641790 1429
1641800 1429
1641810 1422
1641820 1416
1641830 1416
1641840 1409
1641850 1403
1641860 1397
1641870 1397
1641880 1391
1641890 1385
1641900 1385
1641910 1379
1641920 1373
1641930 1373
1641940 1367
1641950 1362
1641960 1362
1641970 1357
1641980 1352
1641990 1352
1642000 1347
1642010 1342
1642020 1342
1642030 1336
1642040 1331
1642050 1331
1642060 1327
1642070 1328
1642080 1328
1642090 1330
1642100 1333
1642110 1335
1642120 1335
1642130 1336
1642140 1338
1642150 1338
1642160 1342
1642170 1345
1642180 1346
1642190 1347
1642200 1345
1642210 1345
1642220 1343
1642230 1341
1642240 1341
1642250 1338
1642260 1334
1642270 1334
1642280 1328
1642290 1321
1642300 1321
1642310 1313
1642320 1311
1642330 1311
1642340 1316
1642350 1322
1642360 1322
1642370 1328
1642380 1334
1642390 1341
1642400 1341
1642410 1347
1642420 1353
1642430 1353
1642440 1357
1642450 1361
1642460 1361
1642470 1365
1642480 1369
1642490 1369
1642500 1373
1642510 1377
1642520 1377
1642530 1382
1642540 1387
1642550 1387
1642560 1392
1642570 1397
1642580 1397
1642590 1402
1642600 1407
1642610 1407
1642620 1412
1642630 1417
1642640 1417
1642650 1422
1642660 1426
1642670 1431
1642680 1431
1642690 1435
1642700 1440
1642710 1440
1642720 1444
1642730 1449
1642740 1449
1642750 1453
1642760 1458
1642770 1458
1642780 1461
1642790 1465
1642800 1465
1642810 1468
1642820 1471
1642830 1471
1642840 1473
1642850 1472
1642860 1472
1642870 1469
1642880 1466
1642890 1466
1642900 1463
1642910 1459
1642920 1459
1642930 1456
1642940 1452
1642950 1448
1642960 1448
1642970 1444
1642980 1439
1642990 1438
1643000 1435
1643010 1430
1643020 1430
1643030 1425
1643040 1421
1643050 1421
1643060 1417
1643070 1412
1643080 1412
1643090 1407
1643100 1401
1643110 1401
1643120 1396
1643130 1391
1643140 1391
1643150 1386
1643160 1382
1643170 1382
1643180 1378
1643190 1375
1643200 1371
1643210 1371
1643220 1368
1643230 1364
1643240 1364
1643250 1360
1643260 1356
1643270 1356
1643280 1352
1643290 1348
1643300 1348
1643310 1345
1643320 1343
1643330 1343
1643340 1340
1643350 1337
1643360 1337
1643370 1334
1643380 1331
1643390 1331
1643400 1329
1643410 1328
1643420 1328
1643430 1326
1643440 1327
1643450 1327
1643460 1328
1643470 1330
1643480 1334
1643490 1334
1643500 1339
1643510 1343
1643520 1343
1643530 1348
1643540 1352
1643550 1352
1643560 1356
1643570 1360
1643580 1360
1643590 1364
1643600 1369
1643610 1369
1643620 1373
1643630 1377
1643640 1377
1643650 1381
1643660 1386
1643670 1386
1643680 1390
1643690 1394
1643700 1394
1643710 1399
1643720 1403
1643730 1403
1643740 1408
1643750 1412
1643760 1417
1643770 1417
1643780 1421
1643790 1429
1643800 1429
1643810 1433
1643820 1437
1643830 1437
1643840 1442
1643850 1446
1643860 1446
1643870 1450
1643880 1454
1643890 1454
1643900 1458
1643910 1462
1643920 1462
1643930 1466
1643940 1469
1643950 1469
1643960 1472
1643970 1476
1643980 1476
1643990 1479
1644000 1482
1644010 1485
1644020 1485
1644030 1488
1644040 1490
1644050 1490
1644060 1492
1644070 1494
1644080 1494
1644090 1496
1644100 1497
1644110 1497
1644120 1498
1644130 1499
1644140 1499
1644150 1499
1644160 1498
1644170 1498
1644180 1497
1644190 1496
1644200 1496
1644210 1495
1644220 1494
1644230 1494
1644240 1492
1644250 1491
1644260 1491
1644270 1489
1644280 1487
1644290 1486
1644300 1486
1644310 1485
1644320 1483
1644330 1483
1644340 1482
1644350 1481
1644360 1481
1644370 1480
1644380 1479
1644390 1479
1644400 1477
1644410 1475
1644420 1475
1644430 1474
1644440 1472
1644450 1472
1644460 1470
1644470 1469
1644480 1469
1644490 1468
1644500 1467
1644510 1467
1644520 1466
1644530 1466
1644540 1466
1644550 1465
1644560 1465
1644570 1464
1644580 1466
1644590 1465
1644600 1464
1644610 1464
1644620 1462
1644630 1461
1644640 1461
1644650 1460
1644660 1458
1644670 1458
1644680 1456
1644690 1453
1644700 1453
1644710 1451
1644720 1448
1644730 1448
1644740 1446
1644750 1443
1644760 1443
1644770 1440
1644780 1435
1644790 1435
1644800 1430
1644810 1425
1644820 1425
1644830 1420
1644840 1414
1644850 1409
1644860 1409
1644870 1403
1644880 1398
1644890 1398
1644900 1393
1644910 1389
1644920 1389
1644930 1385
1644940 1381
1644950 1381
1644960 1377
1644970 1371
1644980 1371
1644990 1367
1645000 1361
1645010 1361
1645020 1356
1645030 1352
1645040 1352
1645050 1349
1645060 1343
1645070 1343
1645080 1339
1645090 1334
1645100 1329
1645110 1329
1645120 1325
1645130 1320
1645140 1320
1645150 1315
1645160 1311
1645170 1311
1645180 1308
1645190 1305
1645200 1305
1645210 1303
1645220 1300
1645230 1300
1645240 1297
1645250 1294
1645260 1294
1645270 1290
1645280 1289
1645290 1289
1645300 1290
1645310 1295
1645320 1295
1645330 1301
1645340 1306
1645350 1306
1645360 1311
1645370 1315
1645380 1322
1645390 1322
1645400 1327
1645410 1332
1645420 1332
1645430 1337
1645440 1341
1645450 1341
1645460 1346
1645470 1351
1645480 1351
1645490 1355
1645500 1360
1645510 1360
1645520 1363
1645530 1366
1645540 1366
1645550 1371
1645560 1374
1645570 1374
1645580 1377
1645590 1377
1645600 1377
1645610 1373
1645620 1369
1645630 1369
1645640 1364
1645650 1360
1645660 1355
1645670 1355
1645680 1350
1645690 1345
1645700 1345
1645710 1339
1645720 1334
1645730 1334
1645740 1329
1645750 1324
1645760 1324
1645770 1319
1645780 1313
1645790 1313
1645800 1306
1645810 1302
1645820 1302
1645830 1297
1645840 1292
1645850 1292
1645860 1286
1645870 1281
1645880 1281
1645890 1276
1645900 1271
1645910 1266
1645920 1266
1645930 1262
1645940 1258
1645950 1258
1645960 1253
1645970 1249
1645980 1249
1645990 1245
1646000 1240
1646010 1240
1646020 1237
1646030 1232
1646040 1232
1646050 1228
1646060 1225
1646070 1225
1646080 1221
1646090 1218
1646100 1218
1646110 1214
1646120 1212
1646130 1212
1646140 1212
1646150 1215
1646160 1215
1646170 1220
1646180 1228
1646190 1236
1646200 1236
1646210 1244
1646220 1252
1646230 1252
1646240 1258
1646250 1264
1646260 1264
1646270 1268
1646280 1273
1646290 1273
1646300 1278
1646310 1282
1646320 1282
1646330 1287
1646340 1290
1646350 1290
1646360 1295
1646370 1299
1646380 1299
1646390 1303
1646400 1306
1646410 1306
1646420 1310
1646430 1313
1646440 1313
1646450 1315
1646460 1317
1646470 1320
1646480 1320
1646490 1322
1646500 1325
1646510 1325
1646520 1329
1646530 1333
1646540 1333
1646550 1337
1646560 1341
1646570 1341
1646580 1345
1646590 1348
1646600 1348
1646610 1350
1646620 1353
1646630 1353
1646640 1357
1646650 1360
1646660 1360
1646670 1364
1646680 1368
1646690 1368
1646700 1373
1646710 1376
1646720 1379
1646730 1379
1646740 1382
1646750 1385
1646760 1385
1646770 1388
1646780 1391
1646790 1391
1646800 1396
1646810 1399
1646820 1399
1646830 1402
1646840 1405
1646850 1405
1646860 1408
1646870 1410
1646880 1410
1646890 1412
1646900 1412
1646910 1412
1646920 1412
1646930 1411
1646940 1411
1646950 1410
1646960 1410
1646970 1410
1646980 1409
1646990 1407
1647000 1404
1647010 1404
1647020 1401
1647030 1398
1647040 1398
1647050 1395
1647060 1391
1647070 1391
1647080 1388
1647090 1384
1647100 1384
1647110 1381
1647120 1379
1647130 1379
1647140 1376
1647150 1373
1647160 1373
1647170 1371
1647180 1368
1647190 1368
1647200 1366
1647210 1364
1647220 1364
1647230 1362
1647240 1359
1647250 1359
1647260 1357
1647270 1355
1647280 1354
1647290 1354
1647300 1352
1647310 1351
1647320 1351
1647330 1350
1647340 1349
1647350 1349
1647360 1348
1647370 1346
1647380 1346
1647390 1344
1647400 1343
1647410 1343
1647420 1344
1647430 1345
1647440 1345
1647450 1345
1647460 1347
1647470 1347
1647480 1348
1647490 1350
1647500 1350
1647510 1351
1647520 1353
1647530 1353
1647540 1354
1647550 1356
1647560 1359
1647570 1359
1647580 1361
1647590 1364
1647600 1364
1647610 1366
1647620 1369
1647630 1369
1647640 1371
1647650 1374
1647660 1374
1647670 1377
1647680 1380
1647690 1380
1647700 1383
1647710 1385
1647720 1385
1647730 1388
1647740 1392
1647750 1392
1647760 1394
1647770 1394
1647780 1394
1647790 1393
1647800 1389
1647810 1384
1647820 1384
1647830 1379
1647840 1376
1647850 1376
1647860 1373
1647870 1367
1647880 1367
1647890 1362
1647900 1356
1647910 1356
1647920 1351
1647930 1345
1647940 1345
1647950 1339
1647960 1333
1647970 1333
1647980 1328
1647990 1321
1648000 1321
1648010 1314
1648020 1310
1648030 1310
1648040 1304
1648050 1298
1648060 1298
1648070 1294
1648080 1289
1648090 1285
1648100 1285
1648110 1280
1648120 1275
1648130 1275
1648140 1271
1648150 1266
1648160 1266
1648170 1261
1648180 1256
1648190 1256
1648200 1252
1648210 1247
1648220 1247
1648230 1243
1648240 1239
1648250 1239
1648260 1235
1648270 1231
1648280 1231
1648290 1226
1648300 1223
1648310 1223
1648320 1219
1648330 1216
1648340 1216
1648350 1212
1648360 1208
1648370 1204
1648380 1204
1648390 1199
1648400 1196
1648410 1196
1648420 1197
1648430 1201
1648440 1201
1648450 1206
1648460 1211
1648470 1211
1648480 1215
1648490 1222
1648500 1222
1648510 1228
1648520 1233
1648530 1233
1648540 1239
1648550 1243
1648560 1243
1648570 1248
1648580 1252
1648590 1252
1648600 1256
1648610 1260
1648620 1264
1648630 1264
1648640 1268
1648650 1272
1648660 1272
1648670 1276
1648680 1280
1648690 1280
1648700 1283
1648710 1286
1648720 1286
1648730 1290
1648740 1292
1648750 1292
1648760 1295
1648770 1298
1648780 1298
1648790 1301
1648800 1303
1648810 1303
1648820 1306
1648830 1308
1648840 1308
1648850 1309
1648860 1311
1648870 1311
1648880 1312
1648890 1314
1648900 1316
1648910 1316
1648920 1318
1648930 1320
1648940 1320
1648950 1321
1648960 1324
1648970 1324
1648980 1327
1648990 1330
1649000 1330
1649010 1334
1649020 1337
1649030 1337
1649040 1341
1649050 1345
1649060 1345
1649070 1348
1649080 1352
1649090 1352
1649100 1357
1649110 1360
1649120 1360
1649130 1363
1649140 1368
1649150 1368
1649160 1372
1649170 1376
1649180 1379
1649190 1379
1649200 1382
1649210 1386
1649220 1386
1649230 1388
1649240 1391
1649250 1391
1649260 1394
1649270 1397
1649280 1397
1649290 1401
1649300 1404
1649310 1404
1649320 1406
1649330 1408
1649340 1408
1649350 1410
1649360 1410
1649370 1410
1649380 1410
1649390 1409
1649400 1409
1649410 1408
1649420 1407
1649430 1407
1649440 1406
1649450 1404
1649460 1402
1649470 1402
1649480 1400
1649490 1398
1649500 1398
1649510 1396
1649520 1393
1649530 1393
1649540 1391
1649550 1388
1649560 1388
1649570 1386
1649580 1383
1649590 1383
1649600 1381
1649610 1378
1649620 1378
1649630 1376
1649640 1374
1649650 1374
1649660 1371
1649670 1369
1649680 1369
1649690 1366
1649700 1363
1649710 1361
1649720 1361
1649730 1357
1649740 1354
1649750 1354
1649760 1350
1649770 1347
1649780 1347
1649790 1343
1649800 1337
1649810 1337
1649820 1332
1649830 1327
1649840 1327
1649850 1323
1649860 1318
1649870 1318
1649880 1315
1649890 1311
1649900 1311
1649910 1308
1649920 1304
1649930 1304
1649940 1302
1649950 1298
1649960 1298
1649970 1295
1649980 1292
1649990 1289
1650000 1289
1650010 1287
1650020 1285
1650030 1285
1650040 1283
1650050 1282
1650060 1279
1650070 1278
1650080 1278
1650090 1278
1650100 1278
1650110 1277
1650120 1277
1650130 1276
1650140 1275
1650150 1275
1650160 1274
1650170 1274
1650180 1274
1650190 1273
1650200 1272
1650210 1272
1650220 1271
1650230 1271
1650240 1271
1650250 1271
1650260 1271
1650270 1271
1650280 1271
1650290 1271
1650300 1271
1650310 1271
1650320 1271
1650330 1270
1650340 1270
1650350 1269
1650360 1268
1650370 1268
1650380 1267
1650390 1266
1650400 1266
1650410 1264
1650420 1263
1650430 1263
1650440 1262
1650450 1261
1650460 1261
1650470 1262
1650480 1264
1650490 1264
1650500 1265
1650510 1266
1650520 1267
1650530 1267
1650540 1269
1650550 1270
1650560 1270
1650570 1271
1650580 1271
1650590 1271
1650600 1272
1650610 1272
1650620 1272
1650630 1272
1650640 1272
1650650 1272
1650660 1273
1650670 1273
1650680 1273
1650690 1273
1650700 1273
1650710 1273
1650720 1272
1650730 1271
1650740 1271
1650750 1271
1650760 1270
1650770 1270
1650780 1269
1650790 1268
1650800 1266
1650810 1266
1650820 1265
1650830 1260
1650840 1260
1650850 1258
1650860 1256
1650870 1256
1650880 1253
1650890 1250
1650900 1250
1650910 1247
1650920 1244
1650930 1244
1650940 1240
1650950 1236
1650960 1236
1650970 1233
1650980 1229
1650990 1229
1651000 1226
1651010 1223
1651020 1223
1651030 1221
1651040 1219
1651050 1219
1651060 1217
1651070 1215
1651080 1212
1651090 1212
1651100 1207
1651110 1202
1651120 1202
1651130 1197
1651140 1192
1651150 1192
1651160 1188
1651170 1185
1651180 1185
1651190 1183
1651200 1183
1651210 1183
1651220 1182
1651230 1182
1651240 1182
1651250 1183
1651260 1184
1651270 1184
1651280 1185
1651290 1186
1651300 1186
1651310 1188
1651320 1190
1651330 1190
1651340 1192
1651350 1193
1651360 1194
1651370 1194
1651380 1194
1651390 1194
1651400 1194
1651410 1193
1651420 1191
1651430 1191
1651440 1190
1651450 1188
1651460 1188
1651470 1185
1651480 1182
1651490 1182
1651500 1179
1651510 1177
1651520 1177
1651530 1175
1651540 1171
1651550 1171
1651560 1166
1651570 1162
1651580 1162
1651590 1159
1651600 1153
1651610 1153
1651620 1153
1651630 1152
1651640 1153
1651650 1153
1651660 1156
1651670 1159
1651680 1159
1651690 1162
1651700 1166
1651710 1166
1651720 1170
1651730 1174
1651740 1174
1651750 1178
1651760 1182
1651770 1182
1651780 1185
1651790 1188
1651800 1188
1651810 1192
1651820 1195
1651830 1195
1651840 1198
1651850 1201
1651860 1201
1651870 1203
1651880 1205
1651890 1206
1651900 1206
1651910 1206
1651920 1206
1651930 1206
1651940 1205
1651950 1204
1651960 1204
1651970 1203
1651980 1203
1651990 1203
1652000 1202
1652010 1200
1652020 1200
1652030 1199
1652040 1197
1652050 1197
1652060 1195
1652070 1194
1652080 1194
1652090 1191
1652100 1189
1652110 1189
1652120 1188
1652130 1185
1652140 1185
1652150 1183
1652160 1180
1652170 1177
1652180 1177
1652190 1174
1652200 1171
1652210 1171
1652220 1169
1652230 1167
1652240 1167
1652250 1166
1652260 1165
1652270 1165
1652280 1166
1652290 1165
1652300 1165
1652310 1164
1652320 1163
1652330 1163
1652340 1160
1652350 1157
1652360 1154
1652370 1151
1652380 1148
1652390 1148
1652400 1145
1652410 1142
1652420 1139
1652430 1139
1652440 1136
1652450 1133
1652460 1133
1652470 1130
1652480 1126
1652490 1126
1652500 1123
1652510 1118
1652520 1118
1652530 1115
1652540 1112
1652550 1112
1652560 1108
1652570 1105
1652580 1105
1652590 1101
1652600 1098
1652610 1098
1652620 1094
1652630 1090
1652640 1090
1652650 1086
1652660 1083
1652670 1083
1652680 1080
1652690 1076
1652700 1072
1652710 1072
1652720 1068
1652730 1064
1652740 1064
1652750 1059
1652760 1053
1652770 1053
1652780 1048
1652790 1041
1652800 1041
1652810 1035
1652820 1029
1652830 1029
1652840 1024
1652850 1018
1652860 1018
1652870 1012
1652880 1007
1652890 1007
1652900 1003
1652910 999
1652920 999
1652930 995
1652940 993
1652950 993
1652960 990
1652970 986
1652980 983
1652990 983
1653000 980
1653010 977
1653020 977
1653030 974
1653040 971
1653050 971
1653060 968
1653070 963
1653080 963
1653090 958
1653100 954
1653110 951
1653120 946
1653130 942
1653140 942
1653150 938
1653160 934
1653170 934
1653180 929
1653190 923
1653200 923
1653210 916
1653220 911
1653230 911
1653240 905
1653250 900
1653260 896
1653270 896
1653280 892
1653290 887
1653300 887
1653310 883
1653320 879
1653330 879
1653340 877
1653350 875
1653360 875
1653370 875
1653380 872
1653390 872
1653400 867
1653410 862
1653420 862
1653430 859
1653440 855
1653450 855
1653460 850
1653470 848
1653480 848
1653490 846
1653500 845
1653510 845
1653520 845
1653530 845
1653540 845
1653550 845
1653560 845
1653570 846
1653580 846
1653590 847
1653600 847
1653610 847
1653620 847
1653630 847
1653640 847
1653650 847
1653660 847
1653670 847
1653680 849
1653690 852
1653700 852
1653710 854
1653720 859
1653730 859
1653740 866
1653750 870
1653760 870
1653770 873
1653780 877
1653790 881
1653800 881
1653810 884
1653820 888
1653830 888
1653840 892
1653850 895
1653860 895
1653870 900
1653880 905
1653890 905
1653900 909
1653910 914
1653920 914
1653930 919
1653940 925
1653950 925
1653960 931
1653970 937
1653980 937
1653990 943
1654000 950
1654010 950
1654020 956
1654030 962
1654040 962
1654050 968
1654060 974
1654070 980
1654080 980
1654090 986
1654100 991
1654110 991
1654120 997
1654130 1002
1654140 1002
1654150 1006
1654160 1010
1654170 1010
1654180 1014
1654190 1018
1654200 1018
1654210 1021
1654220 1024
1654230 1024
1654240 1026
1654250 1029
1654260 1029
1654270 1031
1654280 1034
1654290 1034
1654300 1036
1654310 1036
1654320 1036
1654330 1036
1654340 1034
1654350 1030
1654360 1030
1654370 1027
1654380 1024
1654390 1024
1654400 1022
1654410 1021
1654420 1021
1654430 1021
1654440 1022
1654450 1022
1654460 1023
1654470 1024
1654480 1024
1654490 1025
1654500 1026
1654510 1026
1654520 1028
1654530 1030
1654540 1030
1654550 1032
1654560 1034
1654570 1034
1654580 1036
1654590 1039
1654600 1041
1654610 1041
1654620 1044
1654630 1047
1654640 1047
1654650 1049
1654660 1052
1654670 1052
1654680 1054
1654690 1056
1654700 1056
1654710 1058
1654720 1060
1654730 1060
1654740 1062
1654750 1065
1654760 1065
1654770 1069
1654780 1072
1654790 1072
1654800 1076
1654810 1080
1654820 1080
1654830 1084
1654840 1089
1654850 1089
1654860 1092
1654870 1096
1654880 1099
1654890 1099
1654900 1103
1654910 1106
1654920 1106
1654930 1110
1654940 1113
1654950 1113
1654960 1117
1654970 1121
1654980 1121
1654990 1125
1655000 1129
1655010 1129
1655020 1132
1655030 1135
1655040 1135
1655050 1139
1655060 1141
1655070 1141
1655080 1144
1655090 1147
1655100 1147
1655110 1149
1655120 1149
1655130 1149
1655140 1150
1655150 1149
1655160 1148
1655170 1148
1655180 1146
1655190 1144
1655200 1144
1655210 1142
1655220 1139
1655230 1139
1655240 1136
1655250 1132
1655260 1132
1655270 1128
1655280 1125
1655290 1125
1655300 1121
1655310 1118
1655320 1118
1655330 1115
1655340 1113
1655350 1113
1655360 1111
1655370 1109
1655380 1109
1655390 1106
1655400 1102
1655410 1099
1655420 1099
1655430 1097
1655440 1094
1655450 1094
1655460 1091
1655470 1087
1655480 1087
1655490 1085
1655500 1082
1655510 1082
1655520 1080
1655530 1079
1655540 1079
1655550 1078
1655560 1075
1655570 1075
1655580 1073
1655590 1070
1655600 1070
1655610 1067
1655620 1063
1655630 1063
1655640 1058
1655650 1052
1655660 1052
1655670 1047
1655680 1041
1655690 1035
1655700 1035
1655710 1030
1655720 1024
1655730 1024
1655740 1020
1655750 1015
1655760 1015
1655770 1011
1655780 1008
1655790 1008
1655800 1005
1655810 1003
1655820 1003
1655830 1001
1655840 999
1655850 999
1655860 997
1655870 993
1655880 993
1655890 991
1655900 992
1655910 992
1655920 994
1655930 997
1655940 997
1655950 1001
1655960 1007
1655970 1012
1655980 1012
1655990 1017
1656000 1022
1656010 1022
1656020 1027
1656030 1031
1656040 1031
1656050 1035
1656060 1039
1656070 1039
1656080 1043
1656090 1046
1656100 1046
1656110 1047
1656120 1050
1656130 1050
1656140 1054
1656150 1056
1656160 1056
1656170 1055
1656180 1053
1656190 1053
1656200 1051
1656210 1049
1656220 1049
1656230 1048
1656240 1046
1656250 1045
1656260 1045
1656270 1043
1656280 1042
1656290 1042
1656300 1041
1656310 1040
1656320 1040
1656330 1039
1656340 1037
1656350 1037
1656360 1035
1656370 1033
1656380 1033
1656390 1030
1656400 1027
1656410 1027
1656420 1024
1656430 1020
1656440 1020
1656450 1016
1656460 1012
1656470 1012
1656480 1008
1656490 1004
1656500 1000
1656510 1000
1656520 995
1656530 991
1656540 991
1656550 987
1656560 982
1656570 982
1656580 978
1656590 974
1656600 974
1656610 970
1656620 967
1656630 967
1656640 964
1656650 961
1656660 961
1656670 958
1656680 957
1656690 957
1656700 955
1656710 954
1656720 954
1656730 952
1656740 950
1656750 950
1656760 949
1656770 949
1656780 949
1656790 949
1656800 950
1656810 952
1656820 952
1656830 954
1656840 957
1656850 961
1656860 962
1656870 964
1656880 964
1656890 965
1656900 967
1656910 967
1656920 968
1656930 970
1656940 970
1656950 971
1656960 972
1656970 972
1656980 972
1656990 973
1657000 973
1657010 973
1657020 974
1657030 974
1657040 974
1657050 974
1657060 973
1657070 973
1657080 974
1657090 973
1657100 973
1657110 973
1657120 972
1657130 972
1657140 972
1657150 971
1657160 971
1657170 970
1657180 969
1657190 969
1657200 968
1657210 966
1657220 966
1657230 966
1657240 968
1657250 968
1657260 971
1657270 974
1657280 974
1657290 977
1657300 979
1657310 982
1657320 982
1657330 984
1657340 987
1657350 987
1657360 988
1657370 990
1657380 990
1657390 992
1657400 993
1657410 993
1657420 994
1657430 994
1657440 994
1657450 994
1657460 994
1657470 994
1657480 994
1657490 994
1657500 994
1657510 994
1657520 993
1657530 993
1657540 992
1657550 990
1657560 990
1657570 989
1657580 987
1657590 991
1657600 991
1657610 990
1657620 990
1657630 990
1657640 990
1657650 989
1657660 989
1657670 989
1657680 989
1657690 989
1657700 989
1657710 988
1657720 988
1657730 987
1657740 986
1657750 986
1657760 985
1657770 982
1657780 982
1657790 978
1657800 972
1657810 972
1657820 967
1657830 961
1657840 961
1657850 957
1657860 952
1657870 947
1657880 947
1657890 942
1657900 938
1657910 938
1657920 935
1657930 932
1657940 932
1657950 928
1657960 923
1657970 923
1657980 920
1657990 918
1658000 918
1658010 921
1658020 925
1658030 925
1658040 929
1658050 934
1658060 934
1658070 939
1658080 944
1658090 944
1658100 948
1658110 952
1658120 952
1658130 956
1658140 959
1658150 962
1658160 962
1658170 966
1658180 968
1658190 968
1658200 970
1658210 973
1658220 973
1658230 975
1658240 975
1658250 975
1658260 976
1658270 978
1658280 978
1658290 979
1658300 980
1658310 980
1658320 983
1658330 984
1658340 984
1658350 985
1658360 985
1658370 985
1658380 985
1658390 985
1658400 985
1658410 985
1658420 984
1658430 984
1658440 984
1658450 983
1658460 983
1658470 983
1658480 983
1658490 983
1658500 983
1658510 983
1658520 984
1658530 984
1658540 985
1658550 986
1658560 986
1658570 988
1658580 988
1658590 988
1658600 990
1658610 990
1658620 990
1658630 989
1658640 988
1658650 988
1658660 986
1658670 984
1658680 982
1658690 982
1658700 979
1658710 976
1658720 976
1658730 974
1658740 969
1658750 969
1658760 964
1658770 959
1658780 959
1658790 954
1658800 949
1658810 949
1658820 944
1658830 938
1658840 938
1658850 932
1658860 926
1658870 926
1658880 921
1658890 916
1658900 916
1658910 911
1658920 906
1658930 906
1658940 901
1658950 896
1658960 890
1658970 890
1658980 883
1658990 882
1659000 882
1659010 883
1659020 884
1659030 884
1659040 888
1659050 892
1659060 894
1659070 899
1659080 905
1659090 905
1659100 910
1659110 916
1659120 916
1659130 922
1659140 928
1659150 928
1659160 934
1659170 939
1659180 939
1659190 944
1659200 948
1659210 948
1659220 951
1659230 952
1659240 953
1659250 953
1659260 953
1659270 953
1659280 953
1659290 952
1659300 951
1659310 951
1659320 950
1659330 949
1659340 949
1659350 947
1659360 946
1659370 946
1659380 944
1659390 942
1659400 942
1659410 940
1659420 938
1659430 938
1659440 936
1659450 935
1659460 935
1659470 933
1659480 931
1659490 930
1659500 930
1659510 928
1659520 926
1659530 926
1659540 924
1659550 921
1659560 921
1659570 918
1659580 915
1659590 915
1659600 912
1659610 910
1659620 910
1659630 905
1659640 900
1659650 900
1659660 896
1659670 893
1659680 893
1659690 888
1659700 883
1659710 883
1659720 880
1659730 883
1659740 883
1659750 883
1659760 885
1659770 887
1659780 889
1659790 892
1659800 895
1659810 895
1659820 899
1659830 902
1659840 902
1659850 905
1659860 908
1659870 908
1659880 910
1659890 912
1659900 912
1659910 913
1659920 914
1659930 914
1659940 914
1659950 913
1659960 913
1659970 913
1659980 912
1659990 912
