1640000 1630
1640010 1627
1640020 1623
1640030 1623
1640040 1620
1640050 1616
1640060 1616
1640070 1612
1640080 1607
1640090 1607
1640100 1603
1640110 1598
1640120 1598
1640130 1593
1640140 1589
1640150 1589
1640160 1584
1640170 1579
1640180 1579
1640190 1575
1640200 1572
1640210 1572
1640220 1567
1640230 1563
1640240 1563
1640250 1559
1640260 1555
1640270 1551
1640280 1551
1640290 1546
1640300 1541
1640310 1541
1640320 1537
1640330 1532
1640340 1532
1640350 1529
1640360 1524
1640370 1524
1640380 1515
1640390 1511
1640400 1511
1640410 1507
1640420 1502
1640430 1502
1640440 1498
1640450 1493
1640460 1493
1640470 1488
1640480 1484
1640490 1484
1640500 1480
1640510 1476
1640520 1476
1640530 1473
1640540 1468
1640550 1464
1640560 1464
1640570 1461
1640580 1458
1640590 1458
1640600 1456
1640610 1453
1640620 1453
1640630 1451
1640640 1449
1640650 1449
1640660 1447
1640670 1445
1640680 1445
1640690 1442
1640700 1440
1640710 1440
1640720 1437
1640730 1435
1640740 1435
1640750 1433
1640760 1431
1640770 1431
1640780 1430
1640790 1429
1640800 1428
1640810 1428
1640820 1427
1640830 1427
1640840 1427
1640850 1426
1640860 1425
1640870 1425
1640880 1424
1640890 1423
1640900 1423
1640910 1422
1640920 1421
1640930 1421
1640940 1420
1640950 1419
1640960 1419
1640970 1419
1640980 1419
1640990 1419
1641000 1418
1641010 1417
1641020 1417
1641030 1416
1641040 1416
1641050 1416
1641060 1415
1641070 1414
1641080 1413
1641090 1413
1641100 1412
1641110 1412
1641120 1412
1641130 1411
1641140 1410
1641150 1410
1641160 1409
1641170 1408
1641180 1408
1641190 1408
1641200 1407
1641210 1407
1641220 1406
1641230 1405
1641240 1405
1641250 1404
1641260 1403
1641270 1403
1641280 1402
1641290 1402
1641300 1402
1641310 1400
1641320 1400
1641330 1400
1641340 1400
1641350 1400
1641360 1399
1641370 1399
1641380 1398
1641390 1398
1641400 1398
1641410 1397
1641420 1396
1641430 1396
1641440 1396
1641450 1395
1641460 1395
1641470 1396
1641480 1396
1641490 1396
1641500 1396
1641510 1395
1641520 1395
1641530 1395
1641540 1395
1641550 1395
1641560 1396
1641570 1397
1641580 1397
1641590 1397
1641600 1398
1641610 1398
1641620 1398
1641630 1399
1641640 1399
1641650 1399
1641660 1399
1641670 1398
1641680 1398
1641690 1398
1641700 1398
1641710 1398
1641720 1399
1641730 1400
1641740 1400
1641750 1401
1641760 1401
1641770 1401
1641780 1401
1641790 1400
1641800 1400
1641810 1399
1641820 1399
1641830 1399
1641840 1399
1641850 1400
1641860 1400
1641870 1401
1641880 1403
1641890 1404
1641900 1404
1641910 1406
1641920 1407
1641930 1407
1641940 1407
1641950 1407
1641960 1407
1641970 1406
1641980 1405
1641990 1405
1642000 1407
1642010 1410
1642020 1410
1642030 1411
1642040 1412
1642050 1412
1642060 1413
1642070 1414
1642080 1414
1642090 1415
1642100 1415
1642110 1415
1642120 1416
1642130 1417
1642140 1417
1642150 1416
1642160 1415
1642170 1414
1642180 1414
1642190 1415
1642200 1415
1642210 1415
1642220 1413
1642230 1411
1642240 1411
1642250 1408
1642260 1408
1642270 1408
1642280 1410
1642290 1410
1642300 1410
1642310 1408
1642320 1406
1642330 1406
1642340 1402
1642350 1400
1642360 1400
1642370 1400
1642380 1399
1642390 1399
1642400 1400
1642410 1405
1642420 1405
1642430 1410
1642440 1414
1642450 1417
1642460 1417
1642470 1421
1642480 1426
1642490 1426
1642500 1430
1642510 1433
1642520 1433
1642530 1435
1642540 1437
1642550 1437
1642560 1438
1642570 1439
1642580 1439
1642590 1441
1642600 1443
1642610 1443
1642620 1446
1642630 1449
1642640 1449
1642650 1453
1642660 1456
1642670 1456
1642680 1460
1642690 1464
1642700 1464
1642710 1468
1642720 1471
1642730 1476
1642740 1476
1642750 1480
1642760 1484
1642770 1484
1642780 1488
1642790 1493
1642800 1493
1642810 1497
1642820 1501
1642830 1501
1642840 1505
1642850 1508
1642860 1508
1642870 1511
1642880 1514
1642890 1514
1642900 1517
1642910 1520
1642920 1520
1642930 1523
1642940 1526
1642950 1526
1642960 1529
1642970 1531
1642980 1532
1642990 1532
1643000 1532
1643010 1530
1643020 1530
1643030 1527
1643040 1523
1643050 1523
1643060 1520
1643070 1517
1643080 1517
1643090 1514
1643100 1511
1643110 1511
1643120 1507
1643130 1503
1643140 1503
1643150 1499
1643160 1495
1643170 1495
1643180 1491
1643190 1488
1643200 1488
1643210 1484
1643220 1480
1643230 1480
1643240 1476
1643250 1473
1643260 1469
1643270 1469
1643280 1465
1643290 1462
1643300 1462
1643310 1458
1643320 1454
1643330 1454
1643340 1450
1643350 1446
1643360 1446
1643370 1443
1643380 1439
1643390 1439
1643400 1434
1643410 1430
1643420 1430
1643430 1430
1643440 1429
1643450 1429
1643460 1428
1643470 1428
1643480 1428
1643490 1428
1643500 1427
1643510 1427
1643520 1426
1643530 1426
1643540 1426
1643550 1426
1643560 1428
1643570 1429
1643580 1429
1643590 1430
1643600 1431
1643610 1431
1643620 1434
1643630 1434
1643640 1434
1643650 1434
1643660 1433
1643670 1433
1643680 1432
1643690 1430
1643700 1430
1643710 1428
1643720 1427
1643730 1427
1643740 1424
1643750 1421
1643760 1421
1643770 1416
1643780 1412
1643790 1412
1643800 1411
1643810 1411
1643820 1412
1643830 1412
1643840 1411
1643850 1413
1643860 1413
1643870 1415
1643880 1417
1643890 1417
1643900 1421
1643910 1426
1643920 1426
1643930 1431
1643940 1435
1643950 1435
1643960 1441
1643970 1446
1643980 1446
1643990 1451
1644000 1457
1644010 1457
1644020 1462
1644030 1467
1644040 1467
1644050 1471
1644060 1475
1644070 1478
1644080 1478
1644090 1481
1644100 1483
1644110 1483
1644120 1485
1644130 1487
1644140 1487
1644150 1490
1644160 1493
1644170 1493
1644180 1496
1644190 1499
1644200 1499
1644210 1504
1644220 1508
1644230 1508
1644240 1512
1644250 1514
1644260 1514
1644270 1517
1644280 1521
1644290 1521
1644300 1524
1644310 1525
1644320 1525
1644330 1523
1644340 1521
1644350 1519
1644360 1519
1644370 1516
1644380 1512
1644390 1512
1644400 1509
1644410 1505
1644420 1504
1644430 1500
1644440 1497
1644450 1497
1644460 1493
1644470 1489
1644480 1489
1644490 1485
1644500 1481
1644510 1481
1644520 1477
1644530 1473
1644540 1473
1644550 1469
1644560 1464
1644570 1464
1644580 1460
1644590 1455
1644600 1455
1644610 1451
1644620 1447
1644630 1443
1644640 1443
1644650 1439
1644660 1435
1644670 1435
1644680 1430
1644690 1426
1644700 1426
1644710 1422
1644720 1418
1644730 1418
1644740 1415
1644750 1414
1644760 1414
1644770 1413
1644780 1413
1644790 1413
1644800 1413
1644810 1414
1644820 1414
1644830 1415
1644840 1417
1644850 1417
1644860 1418
1644870 1419
1644880 1419
1644890 1419
1644900 1419
1644910 1420
1644920 1420
1644930 1420
1644940 1420
1644950 1420
1644960 1420
1644970 1420
1644980 1420
1644990 1418
1645000 1417
1645010 1417
1645020 1418
1645030 1420
1645040 1420
1645050 1425
1645060 1429
1645070 1429
1645080 1432
1645090 1436
1645100 1436
1645110 1439
1645120 1442
1645130 1442
1645140 1445
1645150 1449
1645160 1451
1645170 1451
1645180 1454
1645190 1457
1645200 1457
1645210 1460
1645220 1464
1645230 1464
1645240 1467
1645250 1469
1645260 1469
1645270 1472
1645280 1475
1645290 1475
1645300 1477
1645310 1480
1645320 1480
1645330 1482
1645340 1485
1645350 1485
1645360 1487
1645370 1489
1645380 1489
1645390 1491
1645400 1493
1645410 1493
1645420 1495
1645430 1497
1645440 1499
1645450 1499
1645460 1501
1645470 1502
1645480 1502
1645490 1504
1645500 1505
1645510 1505
1645520 1506
1645530 1506
1645540 1506
1645550 1505
1645560 1504
1645570 1504
1645580 1502
1645590 1499
1645600 1499
1645610 1496
1645620 1493
1645630 1493
1645640 1489
1645650 1485
1645660 1485
1645670 1481
1645680 1478
1645690 1478
1645700 1474
1645710 1470
1645720 1468
1645730 1468
1645740 1465
1645750 1462
1645760 1462
1645770 1458
1645780 1456
1645790 1456
1645800 1453
1645810 1450
1645820 1450
1645830 1447
1645840 1446
1645850 1446
1645860 1443
1645870 1440
1645880 1440
1645890 1437
1645900 1434
1645910 1434
1645920 1431
1645930 1427
1645940 1427
1645950 1424
1645960 1420
1645970 1420
1645980 1417
1645990 1413
1646000 1409
1646010 1413
1646020 1410
1646030 1407
1646040 1407
1646050 1403
1646060 1400
1646070 1400
1646080 1397
1646090 1393
1646100 1393
1646110 1389
1646120 1386
1646130 1386
1646140 1381
1646150 1377
1646160 1377
1646170 1372
1646180 1368
1646190 1368
1646200 1363
1646210 1359
1646220 1359
1646230 1354
1646240 1351
1646250 1347
1646260 1347
1646270 1344
1646280 1340
1646290 1340
1646300 1336
1646310 1331
1646320 1331
1646330 1327
1646340 1323
1646350 1323
1646360 1319
1646370 1316
1646380 1316
1646390 1313
1646400 1308
1646410 1308
1646420 1303
1646430 1298
1646440 1298
1646450 1297
1646460 1298
1646470 1298
1646480 1299
1646490 1300
1646500 1300
1646510 1305
1646520 1311
1646530 1317
1646540 1317
1646550 1324
1646560 1330
1646570 1330
1646580 1336
1646590 1342
1646600 1342
1646610 1347
1646620 1354
1646630 1354
1646640 1359
1646650 1365
1646660 1365
1646670 1371
1646680 1377
1646690 1377
1646700 1382
1646710 1389
1646720 1389
1646730 1395
1646740 1401
1646750 1401
1646760 1407
1646770 1414
1646780 1414
1646790 1421
1646800 1427
1646810 1433
1646820 1433
1646830 1438
1646840 1443
1646850 1443
1646860 1448
1646870 1453
1646880 1453
1646890 1458
1646900 1463
1646910 1463
1646920 1468
1646930 1473
1646940 1473
1646950 1477
1646960 1481
1646970 1481
1646980 1485
1646990 1489
1647000 1489
1647010 1493
1647020 1498
1647030 1498
1647040 1502
1647050 1507
1647060 1507
1647070 1511
1647080 1515
1647090 1519
1647100 1519
1647110 1522
1647120 1525
1647130 1525
1647140 1528
1647150 1531
1647160 1531
1647170 1534
1647180 1537
1647190 1537
1647200 1540
1647210 1542
1647220 1542
1647230 1545
1647240 1547
1647250 1547
1647260 1548
1647270 1550
1647280 1550
1647290 1552
1647300 1553
1647310 1553
1647320 1554
1647330 1555
1647340 1555
1647350 1556
1647360 1556
1647370 1557
1647380 1557
1647390 1557
1647400 1557
1647410 1557
1647420 1557
1647430 1557
1647440 1557
1647450 1557
1647460 1556
1647470 1556
1647480 1555
1647490 1553
1647500 1553
1647510 1553
1647520 1552
1647530 1552
1647540 1552
1647550 1552
1647560 1552
1647570 1551
1647580 1555
1647590 1555
1647600 1553
1647610 1553
1647620 1552
1647630 1552
1647640 1551
1647650 1549
1647660 1549
1647670 1547
1647680 1546
1647690 1546
1647700 1544
1647710 1541
1647720 1541
1647730 1538
1647740 1535
1647750 1535
1647760 1533
1647770 1530
1647780 1530
1647790 1527
1647800 1524
1647810 1524
1647820 1520
1647830 1517
1647840 1517
1647850 1513
1647860 1509
1647870 1509
1647880 1505
1647890 1501
1647900 1497
1647910 1497
1647920 1492
1647930 1488
1647940 1488
1647950 1483
1647960 1479
1647970 1479
1647980 1476
1647990 1472
1648000 1472
1648010 1468
1648020 1465
1648030 1465
1648040 1463
1648050 1460
1648060 1460
1648070 1457
1648080 1454
1648090 1454
1648100 1452
1648110 1451
1648120 1451
1648130 1448
1648140 1445
1648150 1445
1648160 1443
1648170 1440
1648180 1437
1648190 1437
1648200 1435
1648210 1433
1648220 1433
1648230 1431
1648240 1429
1648250 1429
1648260 1427
1648270 1425
1648280 1425
1648290 1422
1648300 1419
1648310 1419
1648320 1416
1648330 1414
1648340 1414
1648350 1412
1648360 1414
1648370 1414
1648380 1412
1648390 1410
1648400 1410
1648410 1406
1648420 1404
1648430 1404
1648440 1402
1648450 1400
1648460 1398
1648470 1398
1648480 1395
1648490 1394
1648500 1394
1648510 1392
1648520 1390
1648530 1390
1648540 1390
1648550 1389
1648560 1389
1648570 1387
1648580 1385
1648590 1385
1648600 1382
1648610 1380
1648620 1380
1648630 1377
1648640 1373
1648650 1373
1648660 1369
1648670 1365
1648680 1365
1648690 1360
1648700 1356
1648710 1352
1648720 1352
1648730 1348
1648740 1344
1648750 1344
1648760 1341
1648770 1338
1648780 1338
1648790 1335
1648800 1332
1648810 1332
1648820 1329
1648830 1326
1648840 1326
1648850 1325
1648860 1323
1648870 1323
1648880 1321
1648890 1319
1648900 1319
1648910 1317
1648920 1315
1648930 1315
1648940 1312
1648950 1309
1648960 1309
1648970 1306
1648980 1306
1648990 1309
1649000 1309
1649010 1314
1649020 1317
1649030 1317
1649040 1321
1649050 1325
1649060 1325
1649070 1329
1649080 1333
1649090 1333
1649100 1338
1649110 1342
1649120 1342
1649130 1347
1649140 1351
1649150 1351
1649160 1355
1649170 1359
1649180 1359
1649190 1363
1649200 1367
1649210 1367
1649220 1370
1649230 1374
1649240 1374
1649250 1378
1649260 1382
1649270 1385
1649280 1385
1649290 1389
1649300 1392
1649310 1392
1649320 1395
1649330 1397
1649340 1397
1649350 1399
1649360 1398
1649370 1398
1649380 1396
1649390 1393
1649400 1393
1649410 1389
1649420 1384
1649430 1384
1649440 1378
1649450 1372
1649460 1372
1649470 1365
1649480 1359
1649490 1359
1649500 1353
1649510 1348
1649520 1348
1649530 1343
1649540 1338
1649550 1333
1649560 1333
1649570 1328
1649580 1324
1649590 1324
1649600 1318
1649610 1314
1649620 1314
1649630 1309
1649640 1304
1649650 1304
1649660 1299
1649670 1295
1649680 1295
1649690 1290
1649700 1285
1649710 1285
1649720 1280
1649730 1276
1649740 1276
1649750 1272
1649760 1268
1649770 1268
1649780 1264
1649790 1260
1649800 1255
1649810 1255
1649820 1250
1649830 1245
1649840 1245
1649850 1240
1649860 1234
1649870 1234
1649880 1229
1649890 1224
1649900 1223
1649910 1217
1649920 1212
1649930 1212
1649940 1205
1649950 1200
1649960 1200
1649970 1197
1649980 1195
1649990 1195
1650000 1192
1650010 1188
1650020 1188
1650030 1187
1650040 1186
1650050 1186
1650060 1189
1650070 1192
1650080 1195
1650090 1195
1650100 1198
1650110 1200
1650120 1200
1650130 1203
1650140 1206
1650150 1206
1650160 1208
1650170 1211
1650180 1211
1650190 1213
1650200 1215
1650210 1215
1650220 1216
1650230 1218
1650240 1218
1650250 1219
1650260 1219
1650270 1219
1650280 1220
1650290 1220
1650300 1220
1650310 1220
1650320 1220
1650330 1220
1650340 1219
1650350 1218
1650360 1215
1650370 1215
1650380 1211
1650390 1206
1650400 1206
1650410 1200
1650420 1194
1650430 1194
1650440 1190
1650450 1187
1650460 1187
1650470 1184
1650480 1181
1650490 1181
1650500 1178
1650510 1175
1650520 1175
1650530 1172
1650540 1169
1650550 1169
1650560 1165
1650570 1162
1650580 1162
1650590 1158
1650600 1154
1650610 1154
1650620 1152
1650630 1147
1650640 1142
1650650 1142
1650660 1137
1650670 1134
1650680 1134
1650690 1130
1650700 1125
1650710 1125
1650720 1121
1650730 1116
1650740 1116
1650750 1111
1650760 1109
1650770 1109
1650780 1110
1650790 1111
1650800 1111
1650810 1111
1650820 1112
1650830 1112
1650840 1112
1650850 1111
1650860 1111
1650870 1111
1650880 1110
1650890 1110
1650900 1110
1650910 1110
1650920 1109
1650930 1109
1650940 1107
1650950 1104
1650960 1104
1650970 1099
1650980 1095
1650990 1095
1651000 1092
1651010 1092
1651020 1092
1651030 1091
1651040 1092
1651050 1092
1651060 1092
1651070 1092
1651080 1092
1651090 1093
1651100 1093
1651110 1093
1651120 1094
1651130 1095
1651140 1095
1651150 1095
1651160 1096
1651170 1096
1651180 1096
1651190 1096
1651200 1096
1651210 1096
1651220 1095
1651230 1095
1651240 1095
1651250 1094
1651260 1093
1651270 1093
1651280 1092
1651290 1092
1651300 1092
1651310 1090
1651320 1086
1651330 1086
1651340 1084
1651350 1083
1651360 1083
1651370 1082
1651380 1080
1651390 1080
1651400 1079
1651410 1077
1651420 1077
1651430 1072
1651440 1072
1651450 1066
1651460 1066
1651470 1064
1651480 1063
1651490 1063
1651500 1062
1651510 1061
1651520 1061
1651530 1060
1651540 1058
1651550 1058
1651560 1057
1651570 1055
1651580 1055
1651590 1052
1651600 1049
1651610 1049
1651620 1045
1651630 1041
1651640 1041
1651650 1036
1651660 1031
1651670 1031
1651680 1028
1651690 1027
1651700 1027
1651710 1027
1651720 1027
1651730 1026
1651740 1026
1651750 1026
1651760 1026
1651770 1026
1651780 1024
1651790 1022
1651800 1022
1651810 1020
1651820 1019
1651830 1019
1651840 1018
1651850 1016
1651860 1016
1651870 1013
1651880 1007
1651890 1007
1651900 1003
1651910 1000
1651920 1000
1651930 998
1651940 993
1651950 993
1651960 989
1651970 986
1651980 984
1651990 984
1652000 982
1652010 979
1652020 979
1652030 976
1652040 974
1652050 974
1652060 973
1652070 970
1652080 970
1652090 968
1652100 966
1652110 966
1652120 965
1652130 963
1652140 963
1652150 959
1652160 958
1652170 958
1652180 956
1652190 954
1652200 959
1652210 956
1652220 954
1652230 954
1652240 953
1652250 952
1652260 950
1652270 950
1652280 948
1652290 946
1652300 946
1652310 944
1652320 941
1652330 941
1652340 941
1652350 939
1652360 939
1652370 938
1652380 934
1652390 934
1652400 930
1652410 928
1652420 928
1652430 925
1652440 923
1652450 923
1652460 921
1652470 918
1652480 918
1652490 917
1652500 915
1652510 915
1652520 913
1652530 911
1652540 909
1652550 909
1652560 907
1652570 909
1652580 909
1652590 911
1652600 912
1652610 912
1652620 915
1652630 917
1652640 917
1652650 919
1652660 921
1652670 921
1652680 921
1652690 920
1652700 920
1652710 918
1652720 917
1652730 917
1652740 915
1652750 913
1652760 913
1652770 909
1652780 905
1652790 905
1652800 898
1652810 890
1652820 887
1652830 887
1652840 885
1652850 885
1652860 885
1652870 885
1652880 884
1652890 884
1652900 883
1652910 884
1652920 884
1652930 883
1652940 884
1652950 884
1652960 885
1652970 884
1652980 884
1652990 884
1653000 884
1653010 884
1653020 883
1653030 883
1653040 883
1653050 883
1653060 885
1653070 885
1653080 888
1653090 891
1653100 896
1653110 896
1653120 900
1653130 905
1653140 905
1653150 909
1653160 913
1653170 913
1653180 915
1653190 918
1653200 918
1653210 920
1653220 923
1653230 923
1653240 926
1653250 928
1653260 928
1653270 931
1653280 934
1653290 934
1653300 937
1653310 941
1653320 941
1653330 945
1653340 949
1653350 953
1653360 953
1653370 957
1653380 961
1653390 961
1653400 964
1653410 968
1653420 968
1653430 971
1653440 975
1653450 975
1653460 978
1653470 980
1653480 980
1653490 983
1653500 986
1653510 986
1653520 989
1653530 992
1653540 992
1653550 995
1653560 999
1653570 999
1653580 1002
1653590 1006
1653600 1006
1653610 1009
1653620 1013
1653630 1016
1653640 1016
1653650 1020
1653660 1024
1653670 1024
1653680 1028
1653690 1031
1653700 1031
1653710 1040
1653720 1043
1653730 1043
1653740 1046
1653750 1049
1653760 1049
1653770 1052
1653780 1055
1653790 1055
1653800 1058
1653810 1062
1653820 1062
1653830 1065
1653840 1069
1653850 1069
1653860 1072
1653870 1077
1653880 1077
1653890 1081
1653900 1085
1653910 1088
1653920 1088
1653930 1092
1653940 1095
1653950 1095
1653960 1097
1653970 1100
1653980 1100
1653990 1104
1654000 1107
1654010 1107
1654020 1111
1654030 1113
1654040 1113
1654050 1117
1654060 1119
1654070 1119
1654080 1122
1654090 1125
1654100 1125
1654110 1127
1654120 1129
1654130 1129
1654140 1132
1654150 1133
1654160 1133
1654170 1134
1654180 1135
1654190 1136
1654200 1136
1654210 1136
1654220 1136
1654230 1136
1654240 1136
1654250 1136
1654260 1136
1654270 1135
1654280 1135
1654290 1135
1654300 1135
1654310 1135
1654320 1135
1654330 1135
1654340 1136
1654350 1136
1654360 1138
1654370 1140
1654380 1140
1654390 1142
1654400 1143
1654410 1143
1654420 1145
1654430 1146
1654440 1148
1654450 1148
1654460 1152
1654470 1153
1654480 1153
1654490 1153
1654500 1154
1654510 1154
1654520 1155
1654530 1156
1654540 1156
1654550 1156
1654560 1157
1654570 1157
1654580 1157
1654590 1157
1654600 1157
1654610 1157
1654620 1157
1654630 1157
1654640 1155
1654650 1154
1654660 1154
1654670 1152
1654680 1150
1654690 1150
1654700 1148
1654710 1146
1654720 1144
1654730 1144
1654740 1142
1654750 1140
1654760 1140
1654770 1137
1654780 1135
1654790 1135
1654800 1134
1654810 1131
1654820 1131
1654830 1129
1654840 1129
1654850 1129
1654860 1128
1654870 1127
1654880 1127
1654890 1126
1654900 1126
1654910 1126
1654920 1126
1654930 1126
1654940 1126
1654950 1125
1654960 1124
1654970 1124
1654980 1124
1654990 1124
1655000 1123
1655010 1123
1655020 1123
1655030 1123
1655040 1123
1655050 1123
1655060 1122
1655070 1122
1655080 1122
1655090 1121
1655100 1121
1655110 1120
1655120 1119
1655130 1119
1655140 1117
1655150 1116
1655160 1116
1655170 1115
1655180 1113
1655190 1113
1655200 1108
1655210 1106
1655220 1106
1655230 1102
1655240 1098
1655250 1098
1655260 1095
1655270 1095
1655280 1095
1655290 1095
1655300 1095
1655310 1096
1655320 1096
1655330 1097
1655340 1097
1655350 1097
1655360 1098
1655370 1099
1655380 1099
1655390 1099
1655400 1100
1655410 1100
1655420 1101
1655430 1101
1655440 1101
1655450 1102
1655460 1102
1655470 1102
1655480 1103
1655490 1104
1655500 1104
1655510 1104
1655520 1105
1655530 1106
1655540 1106
1655550 1106
1655560 1107
1655570 1107
1655580 1108
1655590 1108
1655600 1108
1655610 1108
1655620 1108
1655630 1108
1655640 1108
1655650 1108
1655660 1108
1655670 1107
1655680 1105
1655690 1105
1655700 1104
1655710 1104
1655720 1104
1655730 1105
1655740 1106
1655750 1106
1655760 1107
1655770 1108
1655780 1108
1655790 1109
1655800 1111
1655810 1111
1655820 1111
1655830 1112
1655840 1114
1655850 1114
1655860 1116
1655870 1120
1655880 1120
1655890 1123
1655900 1127
1655910 1127
1655920 1131
1655930 1134
1655940 1134
1655950 1136
1655960 1142
1655970 1142
1655980 1143
1655990 1145
1656000 1145
1656010 1146
1656020 1146
1656030 1146
1656040 1146
1656050 1147
1656060 1147
1656070 1148
1656080 1148
1656090 1148
1656100 1148
1656110 1149
1656120 1150
1656130 1150
1656140 1151
1656150 1153
1656160 1153
1656170 1156
1656180 1158
1656190 1158
1656200 1161
1656210 1163
1656220 1163
1656230 1165
1656240 1167
1656250 1167
1656260 1169
1656270 1170
1656280 1170
1656290 1171
1656300 1169
1656310 1169
1656320 1165
1656330 1160
1656340 1160
1656350 1155
1656360 1150
1656370 1145
1656380 1145
1656390 1142
1656400 1138
1656410 1138
1656420 1134
1656430 1129
1656440 1129
1656450 1125
1656460 1119
1656470 1119
1656480 1114
1656490 1110
1656500 1110
1656510 1105
1656520 1101
1656530 1101
1656540 1098
1656550 1096
1656560 1096
1656570 1094
1656580 1091
1656590 1091
1656600 1089
1656610 1087
1656620 1087
1656630 1084
1656640 1082
1656650 1080
1656660 1080
1656670 1080
1656680 1084
1656690 1084
1656700 1089
1656710 1092
1656720 1092
1656730 1095
1656740 1098
1656750 1098
1656760 1102
1656770 1106
1656780 1106
1656790 1110
1656800 1116
1656810 1116
1656820 1121
1656830 1127
1656840 1127
1656850 1133
1656860 1137
1656870 1137
1656880 1143
1656890 1148
1656900 1154
1656910 1154
1656920 1158
1656930 1163
1656940 1163
1656950 1167
1656960 1171
1656970 1171
1656980 1175
1656990 1178
1657000 1178
1657010 1180
1657020 1183
1657030 1183
1657040 1186
1657050 1188
1657060 1188
1657070 1190
1657080 1191
1657090 1191
1657100 1192
1657110 1191
1657120 1191
1657130 1190
1657140 1188
1657150 1188
1657160 1187
1657170 1185
1657180 1183
1657190 1183
1657200 1180
1657210 1177
1657220 1177
1657230 1174
1657240 1171
1657250 1171
1657260 1167
1657270 1162
1657280 1162
1657290 1157
1657300 1152
1657310 1152
1657320 1146
1657330 1140
1657340 1140
1657350 1134
1657360 1127
1657370 1127
1657380 1122
1657390 1117
1657400 1117
1657410 1112
1657420 1108
1657430 1108
1657440 1107
1657450 1102
1657460 1097
1657470 1097
1657480 1092
1657490 1087
1657500 1087
1657510 1082
1657520 1077
1657530 1077
1657540 1072
1657550 1069
1657560 1069
1657570 1067
1657580 1065
1657590 1065
1657600 1065
1657610 1066
1657620 1066
1657630 1065
1657640 1064
1657650 1064
1657660 1064
1657670 1068
1657680 1068
1657690 1070
1657700 1071
1657710 1071
1657720 1074
1657730 1077
1657740 1078
1657750 1078
1657760 1080
1657770 1081
1657780 1081
1657790 1083
1657800 1084
1657810 1084
1657820 1084
1657830 1084
1657840 1084
1657850 1084
1657860 1084
1657870 1084
1657880 1085
1657890 1086
1657900 1086
1657910 1088
1657920 1090
1657930 1090
1657940 1093
1657950 1096
1657960 1096
1657970 1099
1657980 1103
1657990 1107
1658000 1107
1658010 1111
1658020 1115
1658030 1115
1658040 1119
1658050 1121
1658060 1121
1658070 1124
1658080 1126
1658090 1126
1658100 1128
1658110 1130
1658120 1130
1658130 1132
1658140 1134
1658150 1134
1658160 1136
1658170 1141
1658180 1141
1658190 1143
1658200 1144
1658210 1144
1658220 1146
1658230 1146
1658240 1146
1658250 1146
1658260 1145
1658270 1143
1658280 1143
1658290 1140
1658300 1135
1658310 1135
1658320 1130
1658330 1125
1658340 1125
1658350 1120
1658360 1114
1658370 1114
1658380 1108
1658390 1103
1658400 1103
1658410 1097
1658420 1091
1658430 1091
1658440 1085
1658450 1080
1658460 1080
1658470 1074
1658480 1069
1658490 1069
1658500 1065
1658510 1059
1658520 1059
1658530 1052
1658540 1046
1658550 1041
1658560 1041
1658570 1036
1658580 1031
1658590 1031
1658600 1026
1658610 1022
1658620 1022
1658630 1017
1658640 1012
1658650 1012
1658660 1008
1658670 1004
1658680 1004
1658690 1000
1658700 995
1658710 995
1658720 992
1658730 996
1658740 996
1658750 998
1658760 1000
1658770 1000
1658780 1002
1658790 1003
1658800 1003
1658810 1004
1658820 1005
1658830 1008
1658840 1008
1658850 1009
1658860 1011
1658870 1011
1658880 1012
1658890 1013
1658900 1013
1658910 1020
1658920 1022
1658930 1022
1658940 1024
1658950 1027
1658960 1027
1658970 1031
1658980 1036
1658990 1036
1659000 1039
1659010 1043
1659020 1043
1659030 1047
1659040 1051
1659050 1051
1659060 1055
1659070 1059
1659080 1059
1659090 1062
1659100 1065
1659110 1069
1659120 1069
1659130 1073
1659140 1077
1659150 1077
1659160 1082
1659170 1086
1659180 1086
1659190 1088
1659200 1087
1659210 1087
1659220 1084
1659230 1080
1659240 1080
1659250 1076
1659260 1072
1659270 1072
1659280 1070
1659290 1065
1659300 1065
1659310 1062
1659320 1058
1659330 1058
1659340 1055
1659350 1052
1659360 1049
1659370 1049
1659380 1047
1659390 1045
1659400 1045
1659410 1044
1659420 1043
1659430 1043
1659440 1042
1659450 1041
1659460 1041
1659470 1041
1659480 1041
1659490 1041
1659500 1040
1659510 1040
1659520 1040
1659530 1040
1659540 1039
1659550 1039
1659560 1039
1659570 1038
1659580 1038
1659590 1036
1659600 1032
1659610 1032
1659620 1028
1659630 1024
1659640 1016
1659650 1016
1659660 1012
1659670 1007
1659680 1007
1659690 1002
1659700 998
1659710 998
1659720 995
1659730 991
1659740 991
1659750 987
1659760 983
1659770 983
1659780 978
1659790 974
1659800 974
1659810 971
1659820 967
1659830 967
1659840 966
1659850 964
1659860 964
1659870 962
1659880 960
1659890 960
1659900 958
1659910 956
1659920 954
1659930 954
1659940 952
1659950 949
1659960 949
1659970 946
1659980 945
1659990 945
