1640000 1562
1640010 1558
1640020 1558
1640030 1554
1640040 1549
1640050 1549
1640060 1545
1640070 1539
1640080 1539
1640090 1535
1640100 1530
1640110 1530
1640120 1525
1640130 1520
1640140 1520
1640150 1515
1640160 1511
1640170 1511
1640180 1504
1640190 1501
1640200 1501
1640210 1497
1640220 1494
1640230 1490
1640240 1490
1640250 1486
1640260 1482
1640270 1482
1640280 1478
1640290 1473
1640300 1473
1640310 1470
1640320 1468
1640330 1468
1640340 1467
1640350 1466
1640360 1466
1640370 1465
1640380 1463
1640390 1463
1640400 1462
1640410 1462
1640420 1462
1640430 1462
1640440 1460
1640450 1460
1640460 1460
1640470 1459
1640480 1459
1640490 1458
1640500 1457
1640510 1456
1640520 1456
1640530 1456
1640540 1457
1640550 1457
1640560 1457
1640570 1457
1640580 1457
1640590 1457
1640600 1455
1640610 1455
1640620 1454
1640630 1454
1640640 1454
1640650 1454
1640660 1455
1640670 1455
1640680 1456
1640690 1457
1640700 1457
1640710 1458
1640720 1459
1640730 1459
1640740 1459
1640750 1460
1640760 1460
1640770 1460
1640780 1460
1640790 1461
1640800 1461
1640810 1461
1640820 1461
1640830 1461
1640840 1461
1640850 1461
1640860 1461
1640870 1462
1640880 1463
1640890 1463
1640900 1463
1640910 1463
1640920 1463
1640930 1463
1640940 1463
1640950 1463
1640960 1462
1640970 1462
1640980 1462
1640990 1461
1641000 1466
1641010 1466
1641020 1467
1641030 1467
1641040 1466
1641050 1466
1641060 1466
1641070 1466
1641080 1466
1641090 1465
1641100 1465
1641110 1465
1641120 1465
1641130 1464
1641140 1464
1641150 1464
1641160 1463
1641170 1463
1641180 1462
1641190 1462
1641200 1462
1641210 1462
1641220 1461
1641230 1461
1641240 1461
1641250 1460
1641260 1460
1641270 1460
1641280 1460
1641290 1460
1641300 1459
1641310 1460
1641320 1461
1641330 1461
1641340 1461
1641350 1462
1641360 1462
1641370 1463
1641380 1464
1641390 1464
1641400 1464
1641410 1465
1641420 1465
1641430 1466
1641440 1466
1641450 1466
1641460 1467
1641470 1467
1641480 1467
1641490 1467
1641500 1468
1641510 1468
1641520 1469
1641530 1469
1641540 1469
1641550 1469
1641560 1469
1641570 1469
1641580 1470
1641590 1471
1641600 1472
1641610 1472
1641620 1474
1641630 1474
1641640 1474
1641650 1475
1641660 1475
1641670 1475
1641680 1475
1641690 1475
1641700 1475
1641710 1476
1641720 1477
1641730 1477
1641740 1478
1641750 1478
1641760 1478
1641770 1479
1641780 1480
1641790 1480
1641800 1480
1641810 1487
1641820 1487
1641830 1487
1641840 1487
1641850 1487
1641860 1487
1641870 1486
1641880 1486
1641890 1486
1641900 1485
1641910 1484
1641920 1484
1641930 1482
1641940 1480
1641950 1480
1641960 1478
1641970 1476
1641980 1476
1641990 1474
1642000 1473
1642010 1473
1642020 1472
1642030 1471
1642040 1471
1642050 1469
1642060 1467
1642070 1467
1642080 1464
1642090 1462
1642100 1462
1642110 1459
1642120 1456
1642130 1457
1642140 1457
1642150 1458
1642160 1457
1642170 1457
1642180 1456
1642190 1459
1642200 1459
1642210 1461
1642220 1461
1642230 1461
1642240 1459
1642250 1456
1642260 1456
1642270 1452
1642280 1447
1642290 1447
1642300 1442
1642310 1437
1642320 1437
1642330 1436
1642340 1437
1642350 1437
1642360 1436
1642370 1435
1642380 1435
1642390 1435
1642400 1435
1642410 1433
1642420 1433
1642430 1428
1642440 1423
1642450 1423
1642460 1423
1642470 1425
1642480 1425
1642490 1432
1642500 1439
1642510 1439
1642520 1444
1642530 1450
1642540 1450
1642550 1454
1642560 1458
1642570 1458
1642580 1462
1642590 1466
1642600 1466
1642610 1470
1642620 1474
1642630 1474
1642640 1477
1642650 1481
1642660 1481
1642670 1483
1642680 1486
1642690 1489
1642700 1489
1642710 1493
1642720 1497
1642730 1497
1642740 1502
1642750 1506
1642760 1506
1642770 1511
1642780 1516
1642790 1516
1642800 1520
1642810 1525
1642820 1525
1642830 1529
1642840 1533
1642850 1533
1642860 1537
1642870 1540
1642880 1540
1642890 1543
1642900 1545
1642910 1545
1642920 1546
1642930 1546
1642940 1546
1642950 1546
1642960 1545
1642970 1543
1642980 1543
1642990 1542
1643000 1540
1643010 1540
1643020 1538
1643030 1536
1643040 1536
1643050 1533
1643060 1531
1643070 1531
1643080 1529
1643090 1527
1643100 1527
1643110 1524
1643120 1521
1643130 1521
1643140 1518
1643150 1515
1643160 1515
1643170 1513
1643180 1510
1643190 1510
1643200 1507
1643210 1505
1643220 1505
1643230 1501
1643240 1498
1643250 1496
1643260 1496
1643270 1494
1643280 1491
1643290 1491
1643300 1489
1643310 1486
1643320 1486
1643330 1483
1643340 1481
1643350 1481
1643360 1481
1643370 1480
1643380 1480
1643390 1479
1643400 1478
1643410 1478
1643420 1477
1643430 1481
1643440 1481
1643450 1480
1643460 1480
1643470 1480
1643480 1480
1643490 1480
1643500 1480
1643510 1480
1643520 1480
1643530 1479
1643540 1479
1643550 1478
1643560 1478
1643570 1478
1643580 1479
1643590 1479
1643600 1479
1643610 1479
1643620 1479
1643630 1479
1643640 1478
1643650 1478
1643660 1478
1643670 1478
1643680 1478
1643690 1478
1643700 1477
1643710 1477
1643720 1477
1643730 1476
1643740 1475
1643750 1475
1643760 1474
1643770 1472
1643780 1470
1643790 1470
1643800 1467
1643810 1465
1643820 1465
1643830 1463
1643840 1461
1643850 1461
1643860 1459
1643870 1456
1643880 1456
1643890 1454
1643900 1452
1643910 1452
1643920 1448
1643930 1444
1643940 1444
1643950 1441
1643960 1439
1643970 1439
1643980 1440
1643990 1441
1644000 1441
1644010 1442
1644020 1441
1644030 1441
1644040 1443
1644050 1444
1644060 1446
1644070 1446
1644080 1446
1644090 1447
1644100 1447
1644110 1448
1644120 1448
1644130 1448
1644140 1448
1644150 1448
1644160 1448
1644170 1448
1644180 1448
1644190 1448
1644200 1448
1644210 1449
1644220 1449
1644230 1450
1644240 1450
1644250 1450
1644260 1451
1644270 1452
1644280 1452
1644290 1455
1644300 1459
1644310 1459
1644320 1464
1644330 1469
1644340 1475
1644350 1475
1644360 1479
1644370 1483
1644380 1483
1644390 1486
1644400 1486
1644410 1486
1644420 1485
1644430 1482
1644440 1482
1644450 1479
1644460 1476
1644470 1476
1644480 1473
1644490 1469
1644500 1469
1644510 1466
1644520 1463
1644530 1463
1644540 1460
1644550 1457
1644560 1457
1644570 1453
1644580 1450
1644590 1450
1644600 1450
1644610 1448
1644620 1448
1644630 1448
1644640 1448
1644650 1450
1644660 1450
1644670 1451
1644680 1452
1644690 1452
1644700 1454
1644710 1457
1644720 1457
1644730 1460
1644740 1462
1644750 1462
1644760 1463
1644770 1465
1644780 1465
1644790 1466
1644800 1468
1644810 1468
1644820 1469
1644830 1470
1644840 1470
1644850 1471
1644860 1471
1644870 1471
1644880 1471
1644890 1471
1644900 1471
1644910 1471
1644920 1471
1644930 1471
1644940 1471
1644950 1470
1644960 1469
1644970 1469
1644980 1468
1644990 1468
1645000 1468
1645010 1469
1645020 1472
1645030 1472
1645040 1472
1645050 1473
1645060 1473
1645070 1474
1645080 1474
1645090 1474
1645100 1473
1645110 1474
1645120 1474
1645130 1473
1645140 1474
1645150 1479
1645160 1479
1645170 1483
1645180 1487
1645190 1487
1645200 1490
1645210 1493
1645220 1493
1645230 1496
1645240 1500
1645250 1500
1645260 1504
1645270 1508
1645280 1508
1645290 1512
1645300 1516
1645310 1516
1645320 1520
1645330 1524
1645340 1524
1645350 1528
1645360 1532
1645370 1532
1645380 1535
1645390 1538
1645400 1538
1645410 1542
1645420 1545
1645430 1547
1645440 1547
1645450 1550
1645460 1551
1645470 1551
1645480 1554
1645490 1555
1645500 1555
1645510 1558
1645520 1560
1645530 1560
1645540 1562
1645550 1563
1645560 1563
1645570 1564
1645580 1565
1645590 1565
1645600 1564
1645610 1564
1645620 1564
1645630 1564
1645640 1563
1645650 1563
1645660 1562
1645670 1560
1645680 1557
1645690 1557
1645700 1554
1645710 1551
1645720 1551
1645730 1547
1645740 1544
1645750 1544
1645760 1540
1645770 1536
1645780 1536
1645790 1533
1645800 1530
1645810 1534
1645820 1530
1645830 1527
1645840 1527
1645850 1524
1645860 1521
1645870 1521
1645880 1517
1645890 1514
1645900 1514
1645910 1510
1645920 1507
1645930 1507
1645940 1504
1645950 1500
1645960 1496
1645970 1496
1645980 1493
1645990 1489
1646000 1489
1646010 1485
1646020 1481
1646030 1481
1646040 1475
1646050 1472
1646060 1472
1646070 1467
1646080 1462
1646090 1462
1646100 1456
1646110 1451
1646120 1451
1646130 1446
1646140 1441
1646150 1441
1646160 1436
1646170 1430
1646180 1430
1646190 1424
1646200 1419
1646210 1419
1646220 1414
1646230 1408
1646240 1402
1646250 1402
1646260 1398
1646270 1391
1646280 1391
1646290 1386
1646300 1380
1646310 1380
1646320 1375
1646330 1369
1646340 1369
1646350 1364
1646360 1359
1646370 1359
1646380 1353
1646390 1348
1646400 1348
1646410 1342
1646420 1336
1646430 1336
1646440 1330
1646450 1326
1646460 1326
1646470 1326
1646480 1327
1646490 1327
1646500 1329
1646510 1333
1646520 1339
1646530 1339
1646540 1344
1646550 1350
1646560 1350
1646570 1356
1646580 1362
1646590 1362
1646600 1370
1646610 1376
1646620 1376
1646630 1382
1646640 1388
1646650 1388
1646660 1394
1646670 1400
1646680 1400
1646690 1406
1646700 1412
1646710 1412
1646720 1419
1646730 1425
1646740 1425
1646750 1431
1646760 1436
1646770 1436
1646780 1442
1646790 1448
1646800 1454
1646810 1454
1646820 1460
1646830 1466
1646840 1466
1646850 1472
1646860 1478
1646870 1478
1646880 1483
1646890 1489
1646900 1489
1646910 1494
1646920 1500
1646930 1500
1646940 1501
1646950 1506
1646960 1506
1646970 1511
1646980 1516
1646990 1516
1647000 1521
1647010 1525
1647020 1525
1647030 1529
1647040 1533
1647050 1537
1647060 1537
1647070 1542
1647080 1546
1647090 1546
1647100 1550
1647110 1553
1647120 1553
1647130 1557
1647140 1562
1647150 1562
1647160 1566
1647170 1570
1647180 1570
1647190 1574
1647200 1577
1647210 1577
1647220 1581
1647230 1584
1647240 1584
1647250 1588
1647260 1591
1647270 1591
1647280 1594
1647290 1597
1647300 1597
1647310 1599
1647320 1601
1647330 1603
1647340 1603
1647350 1606
1647360 1608
1647370 1608
1647380 1610
1647390 1615
1647400 1615
1647410 1617
1647420 1618
1647430 1618
1647440 1619
1647450 1619
1647460 1619
1647470 1620
1647480 1621
1647490 1621
1647500 1622
1647510 1623
1647520 1623
1647530 1623
1647540 1623
1647550 1623
1647560 1622
1647570 1622
1647580 1622
1647590 1621
1647600 1619
1647610 1617
1647620 1617
1647630 1615
1647640 1613
1647650 1613
1647660 1611
1647670 1608
1647680 1608
1647690 1605
1647700 1602
1647710 1602
1647720 1599
1647730 1595
1647740 1595
1647750 1591
1647760 1588
1647770 1588
1647780 1584
1647790 1581
1647800 1581
1647810 1578
1647820 1576
1647830 1576
1647840 1574
1647850 1571
1647860 1571
1647870 1568
1647880 1564
1647890 1561
1647900 1561
1647910 1558
1647920 1555
1647930 1555
1647940 1552
1647950 1549
1647960 1549
1647970 1545
1647980 1542
1647990 1542
1648000 1539
1648010 1536
1648020 1536
1648030 1534
1648040 1531
1648050 1531
1648060 1528
1648070 1525
1648080 1525
1648090 1523
1648100 1520
1648110 1520
1648120 1519
1648130 1516
1648140 1513
1648150 1513
1648160 1510
1648170 1512
1648180 1512
1648190 1509
1648200 1506
1648210 1506
1648220 1504
1648230 1501
1648240 1501
1648250 1498
1648260 1495
1648270 1495
1648280 1493
1648290 1490
1648300 1490
1648310 1488
1648320 1485
1648330 1485
1648340 1480
1648350 1477
1648360 1477
1648370 1472
1648380 1468
1648390 1468
1648400 1463
1648410 1459
1648420 1455
1648430 1455
1648440 1452
1648450 1448
1648460 1448
1648470 1445
1648480 1441
1648490 1441
1648500 1437
1648510 1433
1648520 1433
1648530 1429
1648540 1424
1648550 1424
1648560 1420
1648570 1415
1648580 1415
1648590 1411
1648600 1406
1648610 1406
1648620 1402
1648630 1397
1648640 1397
1648650 1394
1648660 1390
1648670 1390
1648680 1386
1648690 1382
1648700 1379
1648710 1379
1648720 1375
1648730 1372
1648740 1372
1648750 1369
1648760 1366
1648770 1366
1648780 1363
1648790 1361
1648800 1361
1648810 1358
1648820 1355
1648830 1355
1648840 1352
1648850 1349
1648860 1349
1648870 1346
1648880 1342
1648890 1342
1648900 1341
1648910 1346
1648920 1346
1648930 1350
1648940 1358
1648950 1358
1648960 1361
1648970 1364
1648980 1367
1648990 1367
1649000 1369
1649010 1372
1649020 1372
1649030 1375
1649040 1377
1649050 1377
1649060 1379
1649070 1382
1649080 1382
1649090 1383
1649100 1385
1649110 1385
1649120 1388
1649130 1391
1649140 1391
1649150 1393
1649160 1396
1649170 1396
1649180 1399
1649190 1402
1649200 1402
1649210 1405
1649220 1408
1649230 1408
1649240 1411
1649250 1415
1649260 1418
1649270 1418
1649280 1422
1649290 1425
1649300 1425
1649310 1429
1649320 1431
1649330 1431
1649340 1433
1649350 1432
1649360 1432
1649370 1429
1649380 1425
1649390 1425
1649400 1420
1649410 1415
1649420 1415
1649430 1410
1649440 1405
1649450 1405
1649460 1400
1649470 1395
1649480 1395
1649490 1389
1649500 1383
1649510 1377
1649520 1377
1649530 1371
1649540 1365
1649550 1365
1649560 1359
1649570 1353
1649580 1353
1649590 1348
1649600 1343
1649610 1343
1649620 1337
1649630 1331
1649640 1331
1649650 1325
1649660 1319
1649670 1319
1649680 1312
1649690 1306
1649700 1306
1649710 1300
1649720 1293
1649730 1293
1649740 1286
1649750 1281
1649760 1281
1649770 1276
1649780 1269
1649790 1263
1649800 1263
1649810 1257
1649820 1251
1649830 1251
1649840 1244
1649850 1238
1649860 1238
1649870 1233
1649880 1233
1649890 1233
1649900 1234
1649910 1236
1649920 1236
1649930 1238
1649940 1239
1649950 1239
1649960 1240
1649970 1243
1649980 1243
1649990 1245
1650000 1248
1650010 1248
1650020 1250
1650030 1253
1650040 1253
1650050 1256
1650060 1259
1650070 1262
1650080 1262
1650090 1266
1650100 1269
1650110 1269
1650120 1272
1650130 1276
1650140 1276
1650150 1280
1650160 1283
1650170 1283
1650180 1287
1650190 1290
1650200 1290
1650210 1294
1650220 1296
1650230 1296
1650240 1298
1650250 1300
1650260 1300
1650270 1302
1650280 1303
1650290 1303
1650300 1302
1650310 1300
1650320 1300
1650330 1297
1650340 1291
1650350 1286
1650360 1286
1650370 1279
1650380 1273
1650390 1273
1650400 1268
1650410 1263
1650420 1263
1650430 1257
1650440 1253
1650450 1253
1650460 1249
1650470 1243
1650480 1243
1650490 1241
1650500 1236
1650510 1236
1650520 1230
1650530 1225
1650540 1225
1650550 1219
1650560 1213
1650570 1213
1650580 1208
1650590 1203
1650600 1200
1650610 1200
1650620 1197
1650630 1195
1650640 1195
1650650 1192
1650660 1189
1650670 1189
1650680 1185
1650690 1182
1650700 1182
1650710 1180
1650720 1179
1650730 1179
1650740 1178
1650750 1177
1650760 1177
1650770 1175
1650780 1174
1650790 1174
1650800 1174
1650810 1175
1650820 1175
1650830 1177
1650840 1178
1650850 1178
1650860 1179
1650870 1181
1650880 1182
1650890 1182
1650900 1182
1650910 1182
1650920 1182
1650930 1181
1650940 1179
1650950 1179
1650960 1176
1650970 1173
1650980 1173
1650990 1170
1651000 1167
1651010 1167
1651020 1164
1651030 1159
1651040 1159
1651050 1155
1651060 1156
1651070 1156
1651080 1158
1651090 1160
1651100 1160
1651110 1162
1651120 1163
1651130 1163
1651140 1165
1651150 1167
1651160 1170
1651170 1170
1651180 1173
1651190 1176
1651200 1176
1651210 1179
1651220 1180
1651230 1180
1651240 1180
1651250 1185
1651260 1185
1651270 1184
1651280 1183
1651290 1183
1651300 1182
1651310 1181
1651320 1181
1651330 1179
1651340 1175
1651350 1175
1651360 1171
1651370 1166
1651380 1166
1651390 1160
1651400 1153
1651410 1153
1651420 1148
1651430 1147
1651440 1147
1651450 1147
1651460 1145
1651470 1144
1651480 1144
1651490 1142
1651500 1141
1651510 1141
1651520 1139
1651530 1136
1651540 1136
1651550 1132
1651560 1128
1651570 1128
1651580 1123
1651590 1118
1651600 1118
1651610 1112
1651620 1107
1651630 1107
1651640 1100
1651650 1098
1651660 1098
1651670 1097
1651680 1098
1651690 1098
1651700 1098
1651710 1097
1651720 1097
1651730 1097
1651740 1096
1651750 1095
1651760 1095
1651770 1094
1651780 1091
1651790 1091
1651800 1089
1651810 1087
1651820 1087
1651830 1085
1651840 1083
1651850 1083
1651860 1081
1651870 1077
1651880 1077
1651890 1074
1651900 1073
1651910 1073
1651920 1071
1651930 1069
1651940 1069
1651950 1066
1651960 1064
1651970 1063
1651980 1063
1651990 1061
1652000 1060
1652010 1060
1652020 1064
1652030 1062
1652040 1062
1652050 1060
1652060 1057
1652070 1057
1652080 1055
1652090 1051
1652100 1051
1652110 1049
1652120 1048
1652130 1048
1652140 1046
1652150 1045
1652160 1045
1652170 1043
1652180 1041
1652190 1041
1652200 1039
1652210 1036
1652220 1036
1652230 1034
1652240 1032
1652250 1029
1652260 1029
1652270 1026
1652280 1021
1652290 1021
1652300 1016
1652310 1012
1652320 1012
1652330 1008
1652340 1004
1652350 1004
1652360 999
1652370 993
1652380 993
1652390 988
1652400 984
1652410 984
1652420 979
1652430 975
1652440 975
1652450 970
1652460 966
1652470 966
1652480 962
1652490 958
1652500 958
1652510 954
1652520 950
1652530 947
1652540 947
1652550 944
1652560 941
1652570 941
1652580 938
1652590 935
1652600 935
1652610 931
1652620 924
1652630 924
1652640 916
1652650 907
1652660 907
1652670 900
1652680 896
1652690 896
1652700 895
1652710 895
1652720 895
1652730 895
1652740 894
1652750 894
1652760 894
1652770 895
1652780 895
1652790 894
1652800 894
1652810 895
1652820 895
1652830 897
1652840 901
1652850 901
1652860 904
1652870 909
1652880 909
1652890 911
1652900 914
1652910 914
1652920 918
1652930 923
1652940 923
1652950 927
1652960 931
1652970 931
1652980 932
1652990 927
1653000 927
1653010 919
1653020 914
1653030 914
1653040 909
1653050 904
1653060 903
1653070 903
1653080 904
1653090 909
1653100 909
1653110 914
1653120 919
1653130 919
1653140 923
1653150 927
1653160 927
1653170 932
1653180 937
1653190 937
1653200 942
1653210 946
1653220 946
1653230 952
1653240 958
1653250 958
1653260 963
1653270 968
1653280 968
1653290 972
1653300 977
1653310 977
1653320 981
1653330 986
1653340 989
1653350 989
1653360 993
1653370 998
1653380 998
1653390 1002
1653400 1006
1653410 1006
1653420 1010
1653430 1013
1653440 1013
1653450 1017
1653460 1021
1653470 1021
1653480 1024
1653490 1028
1653500 1028
1653510 1031
1653520 1034
1653530 1032
1653540 1036
1653550 1040
1653560 1040
1653570 1044
1653580 1046
1653590 1046
1653600 1049
1653610 1052
1653620 1056
1653630 1056
1653640 1060
1653650 1064
1653660 1064
1653670 1068
1653680 1072
1653690 1072
1653700 1075
1653710 1079
1653720 1079
1653730 1082
1653740 1086
1653750 1086
1653760 1089
1653770 1092
1653780 1092
1653790 1095
1653800 1098
1653810 1098
1653820 1102
1653830 1105
1653840 1105
1653850 1109
1653860 1112
1653870 1112
1653880 1115
1653890 1118
1653900 1121
1653910 1121
1653920 1124
1653930 1128
1653940 1128
1653950 1132
1653960 1135
1653970 1135
1653980 1139
1653990 1142
1654000 1142
1654010 1146
1654020 1149
1654030 1149
1654040 1153
1654050 1156
1654060 1156
1654070 1159
1654080 1162
1654090 1162
1654100 1165
1654110 1168
1654120 1168
1654130 1170
1654140 1173
1654150 1173
1654160 1174
1654170 1177
1654180 1178
1654190 1178
1654200 1180
1654210 1182
1654220 1182
1654230 1183
1654240 1184
1654250 1184
1654260 1184
1654270 1185
1654280 1185
1654290 1186
1654300 1186
1654310 1186
1654320 1187
1654330 1188
1654340 1188
1654350 1188
1654360 1188
1654370 1188
1654380 1188
1654390 1189
1654400 1189
1654410 1188
1654420 1188
1654430 1187
1654440 1187
1654450 1186
1654460 1186
1654470 1186
1654480 1185
1654490 1184
1654500 1184
1654510 1183
1654520 1182
1654530 1182
1654540 1181
1654550 1180
1654560 1180
1654570 1179
1654580 1177
1654590 1177
1654600 1175
1654610 1174
1654620 1174
1654630 1172
1654640 1170
1654650 1170
1654660 1168
1654670 1167
1654680 1167
1654690 1165
1654700 1163
1654710 1162
1654720 1162
1654730 1160
1654740 1159
1654750 1159
1654760 1158
1654770 1157
1654780 1157
1654790 1157
1654800 1156
1654810 1156
1654820 1156
1654830 1156
1654840 1156
1654850 1156
1654860 1157
1654870 1157
1654880 1159
1654890 1159
1654900 1159
1654910 1160
1654920 1162
1654930 1162
1654940 1163
1654950 1164
1654960 1164
1654970 1165
1654980 1165
1654990 1166
1655000 1166
1655010 1164
1655020 1162
1655030 1164
1655040 1161
1655050 1159
1655060 1159
1655070 1157
1655080 1154
1655090 1154
1655100 1151
1655110 1149
1655120 1149
1655130 1147
1655140 1145
1655150 1145
1655160 1143
1655170 1141
1655180 1141
1655190 1140
1655200 1138
1655210 1138
1655220 1136
1655230 1136
1655240 1136
1655250 1137
1655260 1137
1655270 1137
1655280 1137
1655290 1137
1655300 1137
1655310 1137
1655320 1137
1655330 1138
1655340 1138
1655350 1138
1655360 1138
1655370 1138
1655380 1139
1655390 1140
1655400 1140
1655410 1140
1655420 1141
1655430 1141
1655440 1141
1655450 1142
1655460 1142
1655470 1143
1655480 1144
1655490 1144
1655500 1145
1655510 1147
1655520 1148
1655530 1148
1655540 1150
1655550 1151
1655560 1151
1655570 1152
1655580 1153
1655590 1153
1655600 1156
1655610 1156
1655620 1156
1655630 1158
1655640 1159
1655650 1159
1655660 1161
1655670 1162
1655680 1162
1655690 1162
1655700 1163
1655710 1163
1655720 1164
1655730 1164
1655740 1164
1655750 1165
1655760 1165
1655770 1165
1655780 1171
1655790 1171
1655800 1171
1655810 1171
1655820 1172
1655830 1172
1655840 1172
1655850 1173
1655860 1173
1655870 1173
1655880 1175
1655890 1175
1655900 1175
1655910 1177
1655920 1178
1655930 1178
1655940 1180
1655950 1182
1655960 1182
1655970 1184
1655980 1187
1655990 1187
1656000 1190
1656010 1192
1656020 1192
1656030 1195
1656040 1197
1656050 1197
1656060 1200
1656070 1202
1656080 1204
1656090 1204
1656100 1205
1656110 1206
1656120 1206
1656130 1207
1656140 1208
1656150 1208
1656160 1210
1656170 1212
1656180 1212
1656190 1214
1656200 1216
1656210 1216
1656220 1217
1656230 1218
1656240 1218
1656250 1220
1656260 1221
1656270 1221
1656280 1222
1656290 1223
1656300 1223
1656310 1223
1656320 1222
1656330 1222
1656340 1221
1656350 1219
1656360 1217
1656370 1217
1656380 1214
1656390 1211
1656400 1211
1656410 1207
1656420 1202
1656430 1202
1656440 1198
1656450 1194
1656460 1194
1656470 1190
1656480 1185
1656490 1185
1656500 1180
1656510 1175
1656520 1179
1656530 1173
1656540 1169
1656550 1169
1656560 1164
1656570 1160
1656580 1160
1656590 1156
1656600 1152
1656610 1152
1656620 1149
1656630 1147
1656640 1145
1656650 1145
1656660 1144
1656670 1142
1656680 1142
1656690 1139
1656700 1138
1656710 1138
1656720 1140
1656730 1141
1656740 1141
1656750 1143
1656760 1145
1656770 1145
1656780 1146
1656790 1148
1656800 1148
1656810 1151
1656820 1153
1656830 1153
1656840 1156
1656850 1159
1656860 1159
1656870 1161
1656880 1164
1656890 1167
1656900 1167
1656910 1171
1656920 1174
1656930 1174
1656940 1177
1656950 1181
1656960 1181
1656970 1185
1656980 1187
1656990 1187
1657000 1192
1657010 1196
1657020 1196
1657030 1199
1657040 1202
1657050 1202
1657060 1206
1657070 1209
1657080 1209
1657090 1212
1657100 1215
1657110 1215
1657120 1217
1657130 1219
1657140 1219
1657150 1220
1657160 1220
1657170 1220
1657180 1220
1657190 1219
1657200 1217
1657210 1217
1657220 1214
1657230 1213
1657240 1213
1657250 1209
1657260 1207
1657270 1207
1657280 1203
1657290 1200
1657300 1200
1657310 1196
1657320 1194
1657330 1194
1657340 1191
1657350 1189
1657360 1189
1657370 1185
1657380 1182
1657390 1182
1657400 1178
1657410 1174
1657420 1174
1657430 1170
1657440 1165
1657450 1160
1657460 1160
1657470 1155
1657480 1150
1657490 1150
1657500 1146
1657510 1143
1657520 1143
1657530 1141
1657540 1138
1657550 1138
1657560 1136
1657570 1135
1657580 1135
1657590 1134
1657600 1133
1657610 1133
1657620 1131
1657630 1130
1657640 1130
1657650 1131
1657660 1132
1657670 1132
1657680 1134
1657690 1136
1657700 1136
1657710 1138
1657720 1141
1657730 1142
1657740 1142
1657750 1145
1657760 1147
1657770 1147
1657780 1149
1657790 1150
1657800 1150
1657810 1152
1657820 1154
1657830 1154
1657840 1156
1657850 1157
1657860 1157
1657870 1158
1657880 1159
1657890 1159
1657900 1159
1657910 1160
1657920 1160
1657930 1160
1657940 1160
1657950 1160
1657960 1161
1657970 1161
1657980 1161
1657990 1166
1658000 1167
1658010 1168
1658020 1168
1658030 1170
1658040 1172
1658050 1172
1658060 1174
1658070 1176
1658080 1176
1658090 1177
1658100 1179
1658110 1179
1658120 1180
1658130 1181
1658140 1181
1658150 1182
1658160 1183
1658170 1183
1658180 1184
1658190 1184
1658200 1184
1658210 1183
1658220 1180
1658230 1180
1658240 1177
1658250 1174
1658260 1170
1658270 1170
1658280 1165
1658290 1160
1658300 1160
1658310 1155
1658320 1150
1658330 1150
1658340 1144
1658350 1137
1658360 1137
1658370 1131
1658380 1124
1658390 1124
1658400 1116
1658410 1110
1658420 1110
1658430 1103
1658440 1097
1658450 1097
1658460 1091
1658470 1086
1658480 1086
1658490 1081
1658500 1077
1658510 1077
1658520 1073
1658530 1069
1658540 1066
1658550 1066
1658560 1062
1658570 1058
1658580 1058
1658590 1058
1658600 1059
1658610 1059
1658620 1060
1658630 1061
1658640 1061
1658650 1063
1658660 1065
1658670 1065
1658680 1066
1658690 1068
1658700 1068
1658710 1070
1658720 1072
1658730 1077
1658740 1079
1658750 1081
1658760 1081
1658770 1084
1658780 1086
1658790 1086
1658800 1088
1658810 1091
1658820 1093
1658830 1093
1658840 1095
1658850 1098
1658860 1098
1658870 1100
1658880 1103
1658890 1103
1658900 1105
1658910 1107
1658920 1107
1658930 1108
1658940 1110
1658950 1110
1658960 1111
1658970 1113
1658980 1113
1658990 1114
1659000 1115
1659010 1115
1659020 1116
1659030 1116
1659040 1116
1659050 1116
1659060 1116
1659070 1116
1659080 1116
1659090 1115
1659100 1115
1659110 1115
1659120 1113
1659130 1112
1659140 1112
1659150 1110
1659160 1107
1659170 1107
1659180 1104
1659190 1100
1659200 1100
1659210 1096
1659220 1091
1659230 1091
1659240 1090
1659250 1086
1659260 1086
1659270 1083
1659280 1080
1659290 1080
1659300 1078
1659310 1075
1659320 1075
1659330 1072
1659340 1070
1659350 1070
1659360 1067
1659370 1065
1659380 1063
1659390 1063
1659400 1062
1659410 1060
1659420 1060
1659430 1059
1659440 1057
1659450 1057
1659460 1055
1659470 1054
1659480 1054
1659490 1052
1659500 1048
1659510 1048
1659520 1044
1659530 1039
1659540 1039
1659550 1034
1659560 1028
1659570 1028
1659580 1021
1659590 1014
1659600 1014
1659610 1008
1659620 1001
1659630 995
1659640 995
1659650 989
1659660 982
1659670 982
1659680 976
1659690 969
1659700 969
1659710 963
1659720 957
1659730 957
1659740 952
1659750 946
1659760 946
1659770 940
1659780 935
1659790 935
1659800 930
1659810 925
1659820 925
1659830 920
1659840 914
1659850 914
1659860 909
1659870 903
1659880 903
1659890 898
1659900 891
1659910 884
1659920 884
1659930 878
1659940 872
1659950 872
1659960 867
1659970 862
1659980 862
1659990 859
