1640000 2089
1640010 2096
1640020 2103
1640030 2103
1640040 2110
1640050 2116
1640060 2116
1640070 2123
1640080 2128
1640090 2128
1640100 2134
1640110 2139
1640120 2139
1640130 2145
1640140 2152
1640150 2156
1640160 2156
1640170 2158
1640180 2160
1640190 2160
1640200 2162
1640210 2164
1640220 2164
1640230 2165
1640240 2167
1640250 2167
1640260 2167
1640270 2168
1640280 2168
1640290 2169
1640300 2169
1640310 2169
1640320 2170
1640330 2169
1640340 2169
1640350 2170
1640360 2170
1640370 2170
1640380 2170
1640390 2170
1640400 2170
1640410 2170
1640420 2170
1640430 2169
1640440 2169
1640450 2169
1640460 2168
1640470 2168
1640480 2167
1640490 2166
1640500 2166
1640510 2165
1640520 2164
1640530 2164
1640540 2162
1640550 2160
1640560 2160
1640570 2157
1640580 2155
1640590 2155
1640600 2153
1640610 2151
1640620 2151
1640630 2150
1640640 2148
1640650 2148
1640660 2147
1640670 2146
1640680 2146
1640690 2145
1640700 2144
1640710 2143
1640720 2143
1640730 2143
1640740 2142
1640750 2142
1640760 2140
1640770 2138
1640780 2138
1640790 2140
1640800 2137
1640810 2137
1640820 2137
1640830 2139
1640840 2139
1640850 2141
1640860 2139
1640870 2139
1640880 2140
1640890 2143
1640900 2143
1640910 2146
1640920 2148
1640930 2148
1640940 2150
1640950 2152
1640960 2152
1640970 2154
1640980 2156
1640990 2158
1641000 2158
1641010 2160
1641020 2162
1641030 2162
1641040 2165
1641050 2167
1641060 2167
1641070 2169
1641080 2171
1641090 2171
1641100 2172
1641110 2174
1641120 2174
1641130 2176
1641140 2178
1641150 2178
1641160 2179
1641170 2181
1641180 2181
1641190 2182
1641200 2184
1641210 2184
1641220 2185
1641230 2186
1641240 2186
1641250 2187
1641260 2189
1641270 2189
1641280 2189
1641290 2190
1641300 2191
1641310 2191
1641320 2190
1641330 2189
1641340 2189
1641350 2186
1641360 2181
1641370 2181
1641380 2175
1641390 2168
1641400 2168
1641410 2161
1641420 2153
1641430 2153
1641440 2147
1641450 2141
1641460 2141
1641470 2135
1641480 2129
1641490 2129
1641500 2123
1641510 2116
1641520 2116
1641530 2110
1641540 2105
1641550 2099
1641560 2099
1641570 2093
1641580 2087
1641590 2087
1641600 2083
1641610 2077
1641620 2077
1641630 2072
1641640 2067
1641650 2067
1641660 2063
1641670 2057
1641680 2057
1641690 2053
1641700 2049
1641710 2049
1641720 2044
1641730 2040
1641740 2040
1641750 2035
1641760 2033
1641770 2033
1641780 2028
1641790 2023
1641800 2023
1641810 2017
1641820 2011
1641830 2005
1641840 2005
1641850 1999
1641860 1994
1641870 1994
1641880 1989
1641890 1984
1641900 1984
1641910 1979
1641920 1972
1641930 1972
1641940 1964
1641950 1956
1641960 1956
1641970 1949
1641980 1943
1641990 1943
1642000 1935
1642010 1926
1642020 1926
1642030 1918
1642040 1910
1642050 1910
1642060 1903
1642070 1897
1642080 1897
1642090 1892
1642100 1877
1642110 1868
1642120 1868
1642130 1862
1642140 1855
1642150 1855
1642160 1848
1642170 1843
1642180 1843
1642190 1838
1642200 1832
1642210 1832
1642220 1825
1642230 1820
1642240 1820
1642250 1816
1642260 1813
1642270 1813
1642280 1810
1642290 1808
1642300 1808
1642310 1807
1642320 1805
1642330 1805
1642340 1804
1642350 1802
1642360 1802
1642370 1802
1642380 1802
1642390 1803
1642400 1803
1642410 1805
1642420 1808
1642430 1808
1642440 1810
1642450 1810
1642460 1810
1642470 1813
1642480 1813
1642490 1813
1642500 1810
1642510 1809
1642520 1809
1642530 1807
1642540 1804
1642550 1804
1642560 1803
1642570 1802
1642580 1802
1642590 1801
1642600 1799
1642610 1799
1642620 1797
1642630 1797
1642640 1797
1642650 1797
1642660 1797
1642670 1793
1642680 1793
1642690 1794
1642700 1796
1642710 1796
1642720 1799
1642730 1803
1642740 1803
1642750 1806
1642760 1807
1642770 1807
1642780 1810
1642790 1812
1642800 1812
1642810 1814
1642820 1816
1642830 1816
1642840 1817
1642850 1818
1642860 1818
1642870 1819
1642880 1821
1642890 1821
1642900 1822
1642910 1822
1642920 1822
1642930 1823
1642940 1824
1642950 1824
1642960 1824
1642970 1828
1642980 1834
1642990 1834
1643000 1840
1643010 1846
1643020 1846
1643030 1853
1643040 1861
1643050 1861
1643060 1870
1643070 1879
1643080 1879
1643090 1888
1643100 1897
1643110 1897
1643120 1908
1643130 1917
1643140 1917
1643150 1924
1643160 1932
1643170 1932
1643180 1938
1643190 1943
1643200 1948
1643210 1948
1643220 1953
1643230 1960
1643240 1960
1643250 1966
1643260 1973
1643270 1973
1643280 1979
1643290 1986
1643300 1986
1643310 1992
1643320 1999
1643330 1999
1643340 2004
1643350 2009
1643360 2009
1643370 2014
1643380 2021
1643390 2021
1643400 2027
1643410 2033
1643420 2033
1643430 2038
1643440 2042
1643450 2042
1643460 2046
1643470 2051
1643480 2056
1643490 2056
1643500 2061
1643510 2065
1643520 2065
1643530 2069
1643540 2073
1643550 2073
1643560 2075
1643570 2080
1643580 2080
1643590 2083
1643600 2086
1643610 2086
1643620 2088
1643630 2090
1643640 2090
1643650 2091
1643660 2093
1643670 2093
1643680 2093
1643690 2094
1643700 2094
1643710 2094
1643720 2095
1643730 2095
1643740 2095
1643750 2093
1643760 2092
1643770 2092
1643780 2091
1643790 2090
1643800 2090
1643810 2088
1643820 2086
1643830 2086
1643840 2084
1643850 2082
1643860 2082
1643870 2080
1643880 2076
1643890 2076
1643900 2073
1643910 2070
1643920 2070
1643930 2068
1643940 2065
1643950 2065
1643960 2062
1643970 2059
1643980 2059
1643990 2056
1644000 2052
1644010 2052
1644020 2052
1644030 2047
1644040 2042
1644050 2042
1644060 2039
1644070 2035
1644080 2035
1644090 2031
1644100 2026
1644110 2026
1644120 2023
1644130 2019
1644140 2019
1644150 2015
1644160 2009
1644170 2009
1644180 2003
1644190 1998
1644200 1998
1644210 1992
1644220 1987
1644230 1987
1644240 1981
1644250 1975
1644260 1975
1644270 1969
1644280 1963
1644290 1963
1644300 1958
1644310 1952
1644320 1946
1644330 1946
1644340 1939
1644350 1933
1644360 1933
1644370 1928
1644380 1924
1644390 1924
1644400 1921
1644410 1918
1644420 1918
1644430 1915
1644440 1911
1644450 1911
1644460 1907
1644470 1901
1644480 1901
1644490 1896
1644500 1892
1644510 1892
1644520 1888
1644530 1883
1644540 1883
1644550 1879
1644560 1875
1644570 1875
1644580 1872
1644590 1869
1644600 1866
1644610 1866
1644620 1868
1644630 1871
1644640 1871
1644650 1876
1644660 1880
1644670 1880
1644680 1884
1644690 1890
1644700 1890
1644710 1894
1644720 1899
1644730 1899
1644740 1904
1644750 1909
1644760 1909
1644770 1914
1644780 1919
1644790 1919
1644800 1922
1644810 1925
1644820 1931
1644830 1935
1644840 1940
1644850 1940
1644860 1946
1644870 1952
1644880 1958
1644890 1958
1644900 1965
1644910 1971
1644920 1971
1644930 1977
1644940 1984
1644950 1984
1644960 1990
1644970 1996
1644980 1996
1644990 2003
1645000 2008
1645010 2008
1645020 2014
1645030 2019
1645040 2019
1645050 2024
1645060 2029
1645070 2029
1645080 2034
1645090 2038
1645100 2038
1645110 2043
1645120 2047
1645130 2047
1645140 2051
1645150 2055
1645160 2058
1645170 2058
1645180 2062
1645190 2065
1645200 2065
1645210 2069
1645220 2072
1645230 2072
1645240 2075
1645250 2079
1645260 2079
1645270 2082
1645280 2085
1645290 2085
1645300 2088
1645310 2091
1645320 2091
1645330 2094
1645340 2097
1645350 2097
1645360 2100
1645370 2103
1645380 2103
1645390 2105
1645400 2107
1645410 2107
1645420 2108
1645430 2109
1645440 2109
1645450 2109
1645460 2109
1645470 2107
1645480 2107
1645490 2105
1645500 2103
1645510 2103
1645520 2101
1645530 2097
1645540 2097
1645550 2093
1645560 2090
1645570 2090
1645580 2088
1645590 2085
1645600 2085
1645610 2081
1645620 2079
1645630 2079
1645640 2076
1645650 2072
1645660 2072
1645670 2069
1645680 2065
1645690 2065
1645700 2063
1645710 2061
1645720 2058
1645730 2058
1645740 2056
1645750 2053
1645760 2053
1645770 2050
1645780 2046
1645790 2046
1645800 2043
1645810 2040
1645820 2040
1645830 2036
1645840 2032
1645850 2032
1645860 2028
1645870 2025
1645880 2025
1645890 2022
1645900 2019
1645910 2019
1645920 2015
1645930 2012
1645940 2012
1645950 2010
1645960 2006
1645970 2006
1645980 2002
1645990 2000
1646000 1997
1646010 1997
1646020 1995
1646030 1993
1646040 1993
1646050 1990
1646060 1989
1646070 1989
1646080 1987
1646090 1985
1646100 1985
1646110 1984
1646120 1982
1646130 1982
1646140 1982
1646150 1981
1646160 1981
1646170 1981
1646180 1980
1646190 1980
1646200 1980
1646210 1979
1646220 1979
1646230 1979
1646240 1979
1646250 1979
1646260 1979
1646270 1978
1646280 1977
1646290 1977
1646300 1976
1646310 1975
1646320 1975
1646330 1974
1646340 1972
1646350 1972
1646360 1971
1646370 1969
1646380 1969
1646390 1969
1646400 1968
1646410 1968
1646420 1966
1646430 1965
1646440 1965
1646450 1963
1646460 1962
1646470 1962
1646480 1960
1646490 1958
1646500 1958
1646510 1956
1646520 1955
1646530 1955
1646540 1953
1646550 1952
1646560 1951
1646570 1951
1646580 1950
1646590 1949
1646600 1949
1646610 1948
1646620 1947
1646630 1947
1646640 1946
1646650 1945
1646660 1945
1646670 1943
1646680 1942
1646690 1942
1646700 1941
1646710 1939
1646720 1939
1646730 1936
1646740 1934
1646750 1934
1646760 1932
1646770 1930
1646780 1930
1646790 1927
1646800 1925
1646810 1925
1646820 1923
1646830 1921
1646840 1919
1646850 1919
1646860 1918
1646870 1916
1646880 1916
1646890 1915
1646900 1914
1646910 1914
1646920 1913
1646930 1913
1646940 1913
1646950 1914
1646960 1914
1646970 1914
1646980 1913
1646990 1912
1647000 1912
1647010 1911
1647020 1910
1647030 1910
1647040 1909
1647050 1909
1647060 1909
1647070 1909
1647080 1909
1647090 1909
1647100 1910
1647110 1910
1647120 1911
1647130 1911
1647140 1911
1647150 1912
1647160 1912
1647170 1913
1647180 1917
1647190 1917
1647200 1918
1647210 1918
1647220 1918
1647230 1919
1647240 1919
1647250 1919
1647260 1918
1647270 1918
1647280 1918
1647290 1918
1647300 1917
1647310 1917
1647320 1915
1647330 1913
1647340 1913
1647350 1911
1647360 1908
1647370 1908
1647380 1905
1647390 1901
1647400 1897
1647410 1897
1647420 1893
1647430 1889
1647440 1889
1647450 1884
1647460 1880
1647470 1880
1647480 1877
1647490 1873
1647500 1873
1647510 1869
1647520 1865
1647530 1865
1647540 1860
1647550 1856
1647560 1856
1647570 1851
1647580 1845
1647590 1845
1647600 1840
1647610 1834
1647620 1834
1647630 1828
1647640 1822
1647650 1822
1647660 1816
1647670 1810
1647680 1805
1647690 1805
1647700 1800
1647710 1795
1647720 1795
1647730 1790
1647740 1784
1647750 1784
1647760 1780
1647770 1774
1647780 1774
1647790 1769
1647800 1763
1647810 1763
1647820 1757
1647830 1752
1647840 1752
1647850 1745
1647860 1739
1647870 1739
1647880 1733
1647890 1726
1647900 1726
1647910 1720
1647920 1713
1647930 1705
1647940 1705
1647950 1700
1647960 1694
1647970 1697
1647980 1690
1647990 1682
1648000 1682
1648010 1675
1648020 1670
1648030 1670
1648040 1664
1648050 1659
1648060 1659
1648070 1655
1648080 1650
1648090 1650
1648100 1646
1648110 1640
1648120 1640
1648130 1634
1648140 1629
1648150 1629
1648160 1624
1648170 1617
1648180 1617
1648190 1611
1648200 1604
1648210 1599
1648220 1599
1648230 1596
1648240 1593
1648250 1593
1648260 1590
1648270 1588
1648280 1588
1648290 1586
1648300 1584
1648310 1584
1648320 1582
1648330 1580
1648340 1580
1648350 1577
1648360 1574
1648370 1574
1648380 1573
1648390 1572
1648400 1572
1648410 1572
1648420 1570
1648430 1570
1648440 1566
1648450 1562
1648460 1562
1648470 1556
1648480 1550
1648490 1544
1648500 1544
1648510 1539
1648520 1535
1648530 1535
1648540 1531
1648550 1527
1648560 1527
1648570 1524
1648580 1521
1648590 1521
1648600 1518
1648610 1516
1648620 1516
1648630 1513
1648640 1511
1648650 1511
1648660 1508
1648670 1505
1648680 1505
1648690 1502
1648700 1499
1648710 1499
1648720 1495
1648730 1492
1648740 1492
1648750 1487
1648760 1482
1648770 1477
1648780 1477
1648790 1471
1648800 1465
1648810 1465
1648820 1461
1648830 1462
1648840 1462
1648850 1464
1648860 1464
1648870 1464
1648880 1464
1648890 1461
1648900 1461
1648910 1460
1648920 1458
1648930 1458
1648940 1455
1648950 1454
1648960 1454
1648970 1452
1648980 1451
1648990 1451
1649000 1449
1649010 1447
1649020 1447
1649030 1446
1649040 1445
1649050 1443
1649060 1443
1649070 1442
1649080 1442
1649090 1442
1649100 1442
1649110 1440
1649120 1440
1649130 1438
1649140 1437
1649150 1437
1649160 1436
1649170 1435
1649180 1435
1649190 1434
1649200 1434
1649210 1434
1649220 1433
1649230 1432
1649240 1432
1649250 1431
1649260 1430
1649270 1430
1649280 1429
1649290 1429
1649300 1429
1649310 1428
1649320 1428
1649330 1427
1649340 1427
1649350 1427
1649360 1426
1649370 1426
1649380 1426
1649390 1426
1649400 1426
1649410 1426
1649420 1425
1649430 1425
1649440 1424
1649450 1425
1649460 1425
1649470 1425
1649480 1426
1649490 1426
1649500 1427
1649510 1427
1649520 1423
1649530 1424
1649540 1424
1649550 1424
1649560 1426
1649570 1426
1649580 1426
1649590 1427
1649600 1429
1649610 1430
1649620 1430
1649630 1431
1649640 1432
1649650 1432
1649660 1433
1649670 1434
1649680 1434
1649690 1436
1649700 1437
1649710 1437
1649720 1438
1649730 1439
1649740 1439
1649750 1440
1649760 1440
1649770 1440
1649780 1440
1649790 1438
1649800 1438
1649810 1435
1649820 1430
1649830 1430
1649840 1425
1649850 1420
1649860 1420
1649870 1414
1649880 1407
1649890 1401
1649900 1401
1649910 1395
1649920 1391
1649930 1391
1649940 1384
1649950 1380
1649960 1380
1649970 1375
1649980 1371
1649990 1371
1650000 1366
1650010 1361
1650020 1361
1650030 1356
1650040 1353
1650050 1353
1650060 1349
1650070 1345
1650080 1345
1650090 1342
1650100 1338
1650110 1338
1650120 1335
1650130 1331
1650140 1331
1650150 1329
1650160 1326
1650170 1324
1650180 1324
1650190 1321
1650200 1317
1650210 1317
1650220 1313
1650230 1309
1650240 1309
1650250 1304
1650260 1300
1650270 1300
1650280 1296
1650290 1292
1650300 1292
1650310 1289
1650320 1288
1650330 1288
1650340 1288
1650350 1288
1650360 1288
1650370 1289
1650380 1290
1650390 1290
1650400 1291
1650410 1292
1650420 1292
1650430 1294
1650440 1295
1650450 1298
1650460 1298
1650470 1299
1650480 1301
1650490 1301
1650500 1303
1650510 1304
1650520 1304
1650530 1305
1650540 1306
1650550 1306
1650560 1305
1650570 1304
1650580 1304
1650590 1303
1650600 1301
1650610 1301
1650620 1299
1650630 1298
1650640 1298
1650650 1296
1650660 1293
1650670 1293
1650680 1289
1650690 1284
1650700 1284
1650710 1279
1650720 1276
1650730 1272
1650740 1272
1650750 1268
1650760 1264
1650770 1264
1650780 1259
1650790 1256
1650800 1256
1650810 1251
1650820 1247
1650830 1247
1650840 1245
1650850 1241
1650860 1241
1650870 1237
1650880 1233
1650890 1233
1650900 1230
1650910 1226
1650920 1226
1650930 1221
1650940 1216
1650950 1216
1650960 1210
1650970 1203
1650980 1203
1650990 1198
1651000 1193
1651010 1189
1651020 1189
1651030 1183
1651040 1179
1651050 1179
1651060 1173
1651070 1168
1651080 1168
1651090 1163
1651100 1158
1651110 1158
1651120 1152
1651130 1147
1651140 1147
1651150 1142
1651160 1138
1651170 1138
1651180 1134
1651190 1131
1651200 1131
1651210 1129
1651220 1125
1651230 1125
1651240 1119
1651250 1115
1651260 1115
1651270 1110
1651280 1105
1651290 1101
1651300 1101
1651310 1097
1651320 1092
1651330 1092
1651340 1088
1651350 1083
1651360 1083
1651370 1078
1651380 1075
1651390 1075
1651400 1071
1651410 1068
1651420 1068
1651430 1064
1651440 1057
1651450 1057
1651460 1053
1651470 1049
1651480 1049
1651490 1046
1651500 1044
1651510 1044
1651520 1046
1651530 1046
1651540 1046
1651550 1047
1651560 1046
1651570 1048
1651580 1048
1651590 1050
1651600 1054
1651610 1054
1651620 1057
1651630 1059
1651640 1059
1651650 1062
1651660 1065
1651670 1065
1651680 1068
1651690 1071
1651700 1071
1651710 1074
1651720 1077
1651730 1077
1651740 1080
1651750 1083
1651760 1083
1651770 1086
1651780 1088
1651790 1088
1651800 1091
1651810 1094
1651820 1099
1651830 1103
1651840 1105
1651850 1107
1651860 1107
1651870 1109
1651880 1112
1651890 1112
1651900 1115
1651910 1117
1651920 1117
1651930 1120
1651940 1122
1651950 1122
1651960 1125
1651970 1128
1651980 1128
1651990 1131
1652000 1132
1652010 1132
1652020 1132
1652030 1132
1652040 1132
1652050 1131
1652060 1131
1652070 1131
1652080 1135
1652090 1139
1652100 1139
1652110 1143
1652120 1148
1652130 1152
1652140 1152
1652150 1156
1652160 1161
1652170 1161
1652180 1166
1652190 1172
1652200 1172
1652210 1177
1652220 1180
1652230 1180
1652240 1178
1652250 1175
1652260 1175
1652270 1172
1652280 1169
1652290 1169
1652300 1166
1652310 1164
1652320 1164
1652330 1161
1652340 1158
1652350 1158
1652360 1155
1652370 1153
1652380 1153
1652390 1152
1652400 1151
1652410 1151
1652420 1151
1652430 1150
1652440 1151
1652450 1151
1652460 1151
1652470 1152
1652480 1152
1652490 1153
1652500 1154
1652510 1154
1652520 1158
1652530 1162
1652540 1162
1652550 1166
1652560 1169
1652570 1169
1652580 1174
1652590 1178
1652600 1178
1652610 1182
1652620 1186
1652630 1186
1652640 1191
1652650 1196
1652660 1196
1652670 1200
1652680 1205
1652690 1209
1652700 1209
1652710 1213
1652720 1218
1652730 1218
1652740 1223
1652750 1227
1652760 1227
1652770 1232
1652780 1237
1652790 1237
1652800 1241
1652810 1245
1652820 1245
1652830 1249
1652840 1254
1652850 1254
1652860 1258
1652870 1263
1652880 1263
1652890 1267
1652900 1271
1652910 1271
1652920 1276
1652930 1280
1652940 1280
1652950 1285
1652960 1290
1652970 1295
1652980 1295
1652990 1298
1653000 1302
1653010 1302
1653020 1306
1653030 1310
1653040 1310
1653050 1314
1653060 1318
1653070 1318
1653080 1322
1653090 1326
1653100 1326
1653110 1330
1653120 1334
1653130 1334
1653140 1338
1653150 1343
1653160 1343
1653170 1347
1653180 1351
1653190 1351
1653200 1355
1653210 1359
1653220 1359
1653230 1363
1653240 1367
1653250 1370
1653260 1370
1653270 1373
1653280 1377
1653290 1377
1653300 1381
1653310 1384
1653320 1384
1653330 1388
1653340 1394
1653350 1394
1653360 1398
1653370 1402
1653380 1402
1653390 1406
1653400 1410
1653410 1410
1653420 1413
1653430 1417
1653440 1417
1653450 1420
1653460 1424
1653470 1424
1653480 1428
1653490 1432
1653500 1432
1653510 1436
1653520 1439
1653530 1443
1653540 1443
1653550 1447
1653560 1450
1653570 1450
1653580 1453
1653590 1457
1653600 1457
1653610 1459
1653620 1462
1653630 1462
1653640 1464
1653650 1466
1653660 1466
1653670 1467
1653680 1467
1653690 1467
1653700 1467
1653710 1466
1653720 1466
1653730 1465
1653740 1464
1653750 1464
1653760 1462
1653770 1460
1653780 1458
1653790 1458
1653800 1457
1653810 1455
1653820 1455
1653830 1454
1653840 1452
1653850 1452
1653860 1451
1653870 1449
1653880 1449
1653890 1447
1653900 1446
1653910 1446
1653920 1446
1653930 1444
1653940 1444
1653950 1443
1653960 1442
1653970 1442
1653980 1440
1653990 1439
1654000 1439
1654010 1439
1654020 1439
1654030 1439
1654040 1439
1654050 1439
1654060 1439
1654070 1439
1654080 1439
1654090 1441
1654100 1441
1654110 1441
1654120 1441
1654130 1441
1654140 1441
1654150 1442
1654160 1442
1654170 1442
1654180 1443
1654190 1443
1654200 1444
1654210 1444
1654220 1444
1654230 1445
1654240 1446
1654250 1446
1654260 1446
1654270 1446
1654280 1446
1654290 1446
1654300 1445
1654310 1445
1654320 1444
1654330 1442
1654340 1441
1654350 1441
1654360 1439
1654370 1437
1654380 1437
1654390 1434
1654400 1431
1654410 1431
1654420 1428
1654430 1424
1654440 1424
1654450 1421
1654460 1417
1654470 1417
1654480 1413
1654490 1410
1654500 1410
1654510 1406
1654520 1401
1654530 1401
1654540 1397
1654550 1394
1654560 1394
1654570 1391
1654580 1388
1654590 1388
1654600 1385
1654610 1383
1654620 1381
1654630 1381
1654640 1380
1654650 1378
1654660 1378
1654670 1377
1654680 1376
1654690 1376
1654700 1376
1654710 1374
1654720 1374
1654730 1372
1654740 1371
1654750 1371
1654760 1371
1654770 1371
1654780 1371
1654790 1370
1654800 1371
1654810 1371
1654820 1374
1654830 1376
1654840 1378
1654850 1380
1654860 1383
1654870 1383
1654880 1385
1654890 1387
1654900 1389
1654910 1389
1654920 1392
1654930 1394
1654940 1394
1654950 1397
1654960 1400
1654970 1400
1654980 1402
1654990 1404
1655000 1404
1655010 1406
1655020 1408
1655030 1408
1655040 1410
1655050 1412
1655060 1412
1655070 1413
1655080 1413
1655090 1413
1655100 1413
1655110 1412
1655120 1412
1655130 1410
1655140 1409
1655150 1409
1655160 1407
1655170 1405
1655180 1404
1655190 1404
1655200 1402
1655210 1401
1655220 1401
1655230 1399
1655240 1397
1655250 1397
1655260 1395
1655270 1392
1655280 1392
1655290 1390
1655300 1387
1655310 1387
1655320 1384
1655330 1381
1655340 1381
1655350 1378
1655360 1374
1655370 1374
1655380 1370
1655390 1367
1655400 1367
1655410 1364
1655420 1361
1655430 1361
1655440 1358
1655450 1354
1655460 1351
1655470 1351
1655480 1348
1655490 1345
1655500 1345
1655510 1342
1655520 1339
1655530 1339
1655540 1337
1655550 1336
1655560 1336
1655570 1335
1655580 1334
1655590 1331
1655600 1330
1655610 1328
1655620 1328
1655630 1327
1655640 1325
1655650 1325
1655660 1323
1655670 1321
1655680 1321
1655690 1318
1655700 1316
1655710 1316
1655720 1313
1655730 1311
1655740 1309
1655750 1309
1655760 1309
1655770 1309
1655780 1309
1655790 1308
1655800 1309
1655810 1309
1655820 1309
1655830 1309
1655840 1309
1655850 1309
1655860 1309
1655870 1309
1655880 1307
1655890 1306
1655900 1306
1655910 1304
1655920 1300
1655930 1300
1655940 1296
1655950 1292
1655960 1292
1655970 1288
1655980 1284
1655990 1284
1656000 1279
1656010 1274
1656020 1269
1656030 1269
1656040 1263
1656050 1259
1656060 1259
1656070 1254
1656080 1249
1656090 1249
1656100 1244
1656110 1241
1656120 1241
1656130 1236
1656140 1232
1656150 1232
1656160 1226
1656170 1221
1656180 1221
1656190 1216
1656200 1212
1656210 1212
1656220 1208
1656230 1204
1656240 1204
1656250 1200
1656260 1197
1656270 1197
1656280 1195
1656290 1193
1656300 1190
1656310 1190
1656320 1188
1656330 1182
1656340 1182
1656350 1181
1656360 1179
1656370 1179
1656380 1177
1656390 1177
1656400 1177
1656410 1178
1656420 1180
1656430 1180
1656440 1182
1656450 1183
1656460 1183
1656470 1184
1656480 1184
1656490 1184
1656500 1184
1656510 1183
1656520 1183
1656530 1183
1656540 1183
1656550 1183
1656560 1183
1656570 1183
1656580 1183
1656590 1183
1656600 1183
1656610 1182
1656620 1182
1656630 1181
1656640 1181
1656650 1181
1656660 1181
1656670 1181
1656680 1181
1656690 1179
1656700 1178
1656710 1178
1656720 1177
1656730 1176
1656740 1176
1656750 1175
1656760 1174
1656770 1174
1656780 1172
1656790 1171
1656800 1171
1656810 1168
1656820 1166
1656830 1166
1656840 1164
1656850 1162
1656860 1158
1656870 1158
1656880 1153
1656890 1147
1656900 1147
1656910 1142
1656920 1136
1656930 1136
1656940 1130
1656950 1124
1656960 1124
1656970 1119
1656980 1114
1656990 1114
1657000 1108
1657010 1103
1657020 1103
1657030 1097
1657040 1092
1657050 1092
1657060 1086
1657070 1081
1657080 1081
1657090 1075
1657100 1069
1657110 1069
1657120 1063
1657130 1057
1657140 1051
1657150 1051
1657160 1046
1657170 1042
1657180 1042
1657190 1038
1657200 1034
1657210 1034
1657220 1032
1657230 1031
1657240 1031
1657250 1030
1657260 1029
1657270 1029
1657280 1028
1657290 1027
1657300 1027
1657310 1026
1657320 1025
1657330 1025
1657340 1025
1657350 1025
1657360 1025
1657370 1024
1657380 1024
1657390 1024
1657400 1024
1657410 1025
1657420 1027
1657430 1027
1657440 1028
1657450 1030
1657460 1030
1657470 1033
1657480 1036
1657490 1036
1657500 1038
1657510 1039
1657520 1039
1657530 1040
1657540 1041
1657550 1041
1657560 1038
1657570 1034
1657580 1034
1657590 1029
1657600 1024
1657610 1024
1657620 1019
1657630 1016
1657640 1016
1657650 1014
1657660 1011
1657670 1011
1657680 1008
1657690 1005
1657700 1001
1657710 1001
1657720 1000
1657730 997
1657740 997
1657750 992
1657760 988
1657770 988
1657780 984
1657790 982
1657800 982
1657810 978
1657820 976
1657830 976
1657840 975
1657850 975
1657860 975
1657870 974
1657880 973
1657890 973
1657900 972
1657910 971
1657920 971
1657930 971
1657940 970
1657950 970
1657960 970
1657970 970
1657980 969
1657990 969
1658000 969
1658010 968
1658020 968
1658030 968
1658040 969
1658050 969
1658060 969
1658070 972
1658080 972
1658090 974
1658100 977
1658110 977
1658120 976
1658130 978
1658140 978
1658150 982
1658160 986
1658170 986
1658180 989
1658190 993
1658200 993
1658210 996
1658220 999
1658230 999
1658240 1002
1658250 1005
1658260 1006
1658270 1006
1658280 1007
1658290 1007
1658300 1007
1658310 1007
1658320 1007
1658330 1007
1658340 1007
1658350 1007
1658360 1007
1658370 1007
1658380 1007
1658390 1007
1658400 1007
1658410 1007
1658420 1007
1658430 1007
1658440 1005
1658450 1005
1658460 1003
1658470 1001
1658480 1001
1658490 1000
1658500 1001
1658510 1001
1658520 1004
1658530 1007
1658540 1014
1658550 1014
1658560 1017
1658570 1020
1658580 1020
1658590 1022
1658600 1023
1658610 1023
1658620 1019
1658630 1013
1658640 1013
1658650 1007
1658660 1002
1658670 1002
1658680 998
1658690 994
1658700 994
1658710 988
1658720 985
1658730 985
1658740 983
1658750 983
1658760 983
1658770 985
1658780 986
1658790 986
1658800 987
1658810 987
1658820 988
1658830 988
1658840 991
1658850 995
1658860 995
1658870 998
1658880 999
1658890 999
1658900 1002
1658910 1004
1658920 1004
1658930 1006
1658940 1008
1658950 1008
1658960 1010
1658970 1013
1658980 1013
1658990 1015
1659000 1018
1659010 1018
1659020 1021
1659030 1025
1659040 1025
1659050 1029
1659060 1032
1659070 1032
1659080 1035
1659090 1039
1659100 1043
1659110 1043
1659120 1047
1659130 1051
1659140 1051
1659150 1054
1659160 1057
1659170 1057
1659180 1058
1659190 1058
1659200 1058
1659210 1058
1659220 1058
1659230 1058
1659240 1057
1659250 1057
1659260 1057
1659270 1062
1659280 1061
1659290 1061
1659300 1061
1659310 1061
1659320 1061
1659330 1061
1659340 1061
1659350 1061
1659360 1061
1659370 1060
1659380 1059
1659390 1059
1659400 1058
1659410 1054
1659420 1054
1659430 1050
1659440 1048
1659450 1048
1659460 1049
1659470 1052
1659480 1052
1659490 1056
1659500 1062
1659510 1062
1659520 1067
1659530 1072
1659540 1072
1659550 1076
1659560 1076
1659570 1076
1659580 1076
1659590 1077
1659600 1077
1659610 1076
1659620 1073
1659630 1073
1659640 1071
1659650 1071
1659660 1072
1659670 1072
1659680 1073
1659690 1074
1659700 1074
1659710 1074
1659720 1075
1659730 1075
1659740 1078
1659750 1083
1659760 1083
1659770 1089
1659780 1094
1659790 1094
1659800 1100
1659810 1105
1659820 1105
1659830 1110
1659840 1113
1659850 1113
1659860 1119
1659870 1124
1659880 1124
1659890 1128
1659900 1134
1659910 1134
1659920 1139
1659930 1145
1659940 1151
1659950 1151
1659960 1157
1659970 1163
1659980 1163
1659990 1168
