1640000 1970
1640010 1970
1640020 1969
1640030 1969
1640040 1969
1640050 1970
1640060 1970
1640070 1969
1640080 1969
1640090 1968
1640100 1967
1640110 1967
1640120 1968
1640130 1968
1640140 1968
1640150 1967
1640160 1967
1640170 1967
1640180 1966
1640190 1966
1640200 1966
1640210 1966
1640220 1965
1640230 1965
1640240 1965
1640250 1965
1640260 1965
1640270 1964
1640280 1964
1640290 1964
1640300 1963
1640310 1963
1640320 1963
1640330 1964
1640340 1965
1640350 1967
1640360 1967
1640370 1969
1640380 1971
1640390 1971
1640400 1972
1640410 1973
1640420 1973
1640430 1973
1640440 1973
1640450 1973
1640460 1973
1640470 1974
1640480 1974
1640490 1975
1640500 1975
1640510 1975
1640520 1975
1640530 1975
1640540 1975
1640550 1976
1640560 1976
1640570 1976
1640580 1978
1640590 1981
1640600 1981
1640610 1984
1640620 1988
1640630 1991
1640640 1991
1640650 1992
1640660 1993
1640670 1993
1640680 1993
1640690 1994
1640700 1994
1640710 1993
1640720 1993
1640730 1993
1640740 1987
1640750 1987
1640760 1987
1640770 1988
1640780 1991
1640790 1991
1640800 1997
1640810 2002
1640820 2002
1640830 2005
1640840 2008
1640850 2008
1640860 2012
1640870 2032
1640880 2032
1640890 2047
1640900 2053
1640910 2058
1640920 2058
1640930 2059
1640940 2061
1640950 2061
1640960 2065
1640970 2063
1640980 2063
1640990 2060
1641000 2057
1641010 2057
1641020 2054
1641030 2050
1641040 2050
1641050 2047
1641060 2042
1641070 2042
1641080 2038
1641090 2033
1641100 2033
1641110 2027
1641120 2021
1641130 2021
1641140 2016
1641150 2012
1641160 2012
1641170 2008
1641180 2004
1641190 2000
1641200 2000
1641210 1996
1641220 1994
1641230 1994
1641240 1993
1641250 1993
1641260 1993
1641270 1995
1641280 1996
1641290 1996
1641300 1997
1641310 2000
1641320 2000
1641330 2003
1641340 2008
1641350 2008
1641360 2013
1641370 2017
1641380 2017
1641390 2023
1641400 2030
1641410 2030
1641420 2038
1641430 2044
1641440 2044
1641450 2049
1641460 2056
1641470 2063
1641480 2063
1641490 2070
1641500 2074
1641510 2074
1641520 2077
1641530 2080
1641540 2080
1641550 2083
1641560 2086
1641570 2086
1641580 2086
1641590 2087
1641600 2087
1641610 2088
1641620 2091
1641630 2091
1641640 2093
1641650 2096
1641660 2096
1641670 2098
1641680 2100
1641690 2100
1641700 2101
1641710 2103
1641720 2103
1641730 2106
1641740 2109
1641750 2113
1641760 2113
1641770 2118
1641780 2122
1641790 2122
1641800 2126
1641810 2131
1641820 2131
1641830 2137
1641840 2142
1641850 2142
1641860 2148
1641870 2154
1641880 2154
1641890 2160
1641900 2166
1641910 2166
1641920 2172
1641930 2178
1641940 2178
1641950 2184
1641960 2191
1641970 2191
1641980 2197
1641990 2201
1642000 2201
1642010 2204
1642020 2205
1642030 2206
1642040 2206
1642050 2209
1642060 2211
1642070 2211
1642080 2214
1642090 2218
1642100 2218
1642110 2220
1642120 2224
1642130 2224
1642140 2227
1642150 2228
1642160 2228
1642170 2226
1642180 2224
1642190 2224
1642200 2222
1642210 2222
1642220 2222
1642230 2222
1642240 2223
1642250 2223
1642260 2221
1642270 2219
1642280 2219
1642290 2217
1642300 2214
1642310 2211
1642320 2211
1642330 2209
1642340 2206
1642350 2206
1642360 2197
1642370 2194
1642380 2194
1642390 2191
1642400 2188
1642410 2188
1642420 2184
1642430 2180
1642440 2180
1642450 2177
1642460 2173
1642470 2173
1642480 2169
1642490 2166
1642500 2166
1642510 2163
1642520 2159
1642530 2159
1642540 2156
1642550 2153
1642560 2153
1642570 2150
1642580 2147
1642590 2145
1642600 2145
1642610 2142
1642620 2139
1642630 2139
1642640 2137
1642650 2133
1642660 2133
1642670 2130
1642680 2128
1642690 2128
1642700 2126
1642710 2124
1642720 2124
1642730 2123
1642740 2121
1642750 2121
1642760 2119
1642770 2117
1642780 2117
1642790 2114
1642800 2109
1642810 2109
1642820 2101
1642830 2093
1642840 2093
1642850 2084
1642860 2076
1642870 2067
1642880 2067
1642890 2061
1642900 2056
1642910 2056
1642920 2053
1642930 2044
1642940 2044
1642950 2042
1642960 2033
1642970 2033
1642980 2023
1642990 2017
1643000 2017
1643010 2011
1643020 2006
1643030 2006
1643040 1998
1643050 1994
1643060 1994
1643070 1989
1643080 1983
1643090 1983
1643100 1977
1643110 1973
1643120 1973
1643130 1969
1643140 1966
1643150 1964
1643160 1964
1643170 1966
1643180 1962
1643190 1962
1643200 1958
1643210 1954
1643220 1954
1643230 1950
1643240 1947
1643250 1947
1643260 1941
1643270 1935
1643280 1935
1643290 1931
1643300 1929
1643310 1929
1643320 1927
1643330 1927
1643340 1927
1643350 1925
1643360 1924
1643370 1924
1643380 1924
1643390 1925
1643400 1925
1643410 1926
1643420 1926
1643430 1926
1643440 1925
1643450 1924
1643460 1923
1643470 1923
1643480 1921
1643490 1920
1643500 1920
1643510 1918
1643520 1916
1643530 1916
1643540 1915
1643550 1912
1643560 1912
1643570 1911
1643580 1910
1643590 1910
1643600 1908
1643610 1904
1643620 1904
1643630 1903
1643640 1900
1643650 1900
1643660 1901
1643670 1902
1643680 1902
1643690 1902
1643700 1901
1643710 1901
1643720 1897
1643730 1893
1643740 1888
1643750 1888
1643760 1883
1643770 1879
1643780 1879
1643790 1878
1643800 1878
1643810 1878
1643820 1876
1643830 1873
1643840 1873
1643850 1872
1643860 1873
1643870 1873
1643880 1878
1643890 1882
1643900 1882
1643910 1885
1643920 1883
1643930 1883
1643940 1880
1643950 1875
1643960 1875
1643970 1868
1643980 1860
1643990 1860
1644000 1855
1644010 1851
1644020 1846
1644030 1846
1644040 1844
1644050 1841
1644060 1841
1644070 1837
1644080 1833
1644090 1833
1644100 1828
1644110 1826
1644120 1826
1644130 1828
1644140 1829
1644150 1829
1644160 1831
1644170 1829
1644180 1829
1644190 1828
1644200 1829
1644210 1829
1644220 1829
1644230 1827
1644240 1827
1644250 1826
1644260 1826
1644270 1826
1644280 1825
1644290 1823
1644300 1822
1644310 1822
1644320 1822
1644330 1821
1644340 1821
1644350 1819
1644360 1818
1644370 1818
1644380 1817
1644390 1817
1644400 1817
1644410 1816
1644420 1816
1644430 1816
1644440 1815
1644450 1815
1644460 1815
1644470 1816
1644480 1817
1644490 1817
1644500 1816
1644510 1816
1644520 1816
1644530 1817
1644540 1819
1644550 1819
1644560 1822
1644570 1822
1644580 1824
1644590 1824
1644600 1828
1644610 1833
1644620 1833
1644630 1838
1644640 1844
1644650 1844
1644660 1850
1644670 1856
1644680 1856
1644690 1863
1644700 1869
1644710 1869
1644720 1875
1644730 1881
1644740 1881
1644750 1888
1644760 1896
1644770 1894
1644780 1903
1644790 1911
1644800 1911
1644810 1920
1644820 1928
1644830 1928
1644840 1939
1644850 1947
1644860 1954
1644870 1954
1644880 1961
1644890 1967
1644900 1967
1644910 1974
1644920 1981
1644930 1981
1644940 1987
1644950 1994
1644960 1994
1644970 1999
1644980 2003
1644990 2003
1645000 2003
1645010 1998
1645020 1998
1645030 1995
1645040 1991
1645050 1991
1645060 1988
1645070 1985
1645080 1985
1645090 1984
1645100 1981
1645110 1981
1645120 1979
1645130 1977
1645140 1974
1645150 1974
1645160 1975
1645170 1975
1645180 1975
1645190 1975
1645200 1975
1645210 1975
1645220 1975
1645230 1977
1645240 1977
1645250 1978
1645260 1979
1645270 1979
1645280 1981
1645290 1983
1645300 1983
1645310 1985
1645320 1988
1645330 1988
1645340 1991
1645350 1994
1645360 1994
1645370 1998
1645380 2001
1645390 2001
1645400 2003
1645410 2006
1645420 2008
1645430 2008
1645440 2011
1645450 2014
1645460 2014
1645470 2016
1645480 2019
1645490 2019
1645500 2021
1645510 2023
1645520 2023
1645530 2025
1645540 2026
1645550 2026
1645560 2024
1645570 2026
1645580 2026
1645590 2026
1645600 2023
1645610 2023
1645620 2018
1645630 2013
1645640 2013
1645650 2010
1645660 2006
1645670 2006
1645680 2002
1645690 2000
1645700 2001
1645710 2001
1645720 1996
1645730 1989
1645740 1989
1645750 1983
1645760 1977
1645770 1977
1645780 1970
1645790 1963
1645800 1963
1645810 1956
1645820 1949
1645830 1949
1645840 1941
1645850 1934
1645860 1934
1645870 1926
1645880 1919
1645890 1919
1645900 1911
1645910 1904
1645920 1904
1645930 1897
1645940 1891
1645950 1891
1645960 1884
1645970 1877
1645980 1871
1645990 1871
1646000 1865
1646010 1859
1646020 1859
1646030 1854
1646040 1848
1646050 1848
1646060 1843
1646070 1838
1646080 1838
1646090 1833
1646100 1827
1646110 1827
1646120 1822
1646130 1816
1646140 1816
1646150 1810
1646160 1805
1646170 1805
1646180 1799
1646190 1794
1646200 1794
1646210 1789
1646220 1784
1646230 1784
1646240 1779
1646250 1774
1646260 1769
1646270 1769
1646280 1764
1646290 1760
1646300 1760
1646310 1755
1646320 1750
1646330 1750
1646340 1745
1646350 1742
1646360 1742
1646370 1737
1646380 1733
1646390 1733
1646400 1728
1646410 1723
1646420 1723
1646430 1718
1646440 1713
1646450 1713
1646460 1709
1646470 1704
1646480 1704
1646490 1700
1646500 1695
1646510 1695
1646520 1689
1646530 1684
1646540 1679
1646550 1679
1646560 1675
1646570 1670
1646580 1670
1646590 1666
1646600 1662
1646610 1662
1646620 1657
1646630 1653
1646640 1653
1646650 1648
1646660 1643
1646670 1643
1646680 1638
1646690 1633
1646700 1633
1646710 1628
1646720 1622
1646730 1622
1646740 1617
1646750 1610
1646760 1610
1646770 1604
1646780 1598
1646790 1598
1646800 1593
1646810 1589
1646820 1587
1646830 1587
1646840 1588
1646850 1589
1646860 1589
1646870 1587
1646880 1587
1646890 1587
1646900 1586
1646910 1585
1646920 1585
1646930 1584
1646940 1583
1646950 1583
1646960 1581
1646970 1580
1646980 1580
1646990 1579
1647000 1577
1647010 1577
1647020 1574
1647030 1572
1647040 1572
1647050 1569
1647060 1566
1647070 1566
1647080 1562
1647090 1557
1647100 1554
1647110 1554
1647120 1549
1647130 1547
1647140 1547
1647150 1541
1647160 1535
1647170 1535
1647180 1530
1647190 1525
1647200 1525
1647210 1521
1647220 1517
1647230 1517
1647240 1513
1647250 1509
1647260 1509
1647270 1505
1647280 1501
1647290 1501
1647300 1498
1647310 1495
1647320 1495
1647330 1491
1647340 1487
1647350 1487
1647360 1483
1647370 1480
1647380 1480
1647390 1477
1647400 1473
1647410 1469
1647420 1469
1647430 1465
1647440 1462
1647450 1462
1647460 1458
1647470 1454
1647480 1454
1647490 1448
1647500 1443
1647510 1443
1647520 1438
1647530 1432
1647540 1432
1647550 1428
1647560 1425
1647570 1425
1647580 1423
1647590 1421
1647600 1421
1647610 1419
1647620 1416
1647630 1416
1647640 1413
1647650 1409
1647660 1409
1647670 1403
1647680 1398
1647690 1393
1647700 1393
1647710 1389
1647720 1385
1647730 1385
1647740 1382
1647750 1376
1647760 1376
1647770 1369
1647780 1363
1647790 1363
1647800 1358
1647810 1352
1647820 1352
1647830 1347
1647840 1344
1647850 1344
1647860 1335
1647870 1323
1647880 1323
1647890 1319
1647900 1325
1647910 1325
1647920 1323
1647930 1325
1647940 1325
1647950 1325
1647960 1323
1647970 1321
1647980 1321
1647990 1319
1648000 1316
1648010 1316
1648020 1313
1648030 1309
1648040 1309
1648050 1305
1648060 1300
1648070 1300
1648080 1297
1648090 1293
1648100 1293
1648110 1289
1648120 1286
1648130 1286
1648140 1283
1648150 1279
1648160 1279
1648170 1276
1648180 1273
1648190 1273
1648200 1271
1648210 1269
1648220 1269
1648230 1267
1648240 1265
1648250 1264
1648260 1264
1648270 1262
1648280 1260
1648290 1260
1648300 1258
1648310 1256
1648320 1256
1648330 1254
1648340 1252
1648350 1252
1648360 1251
1648370 1249
1648380 1249
1648390 1247
1648400 1245
1648410 1245
1648420 1244
1648430 1242
1648440 1242
1648450 1241
1648460 1240
1648470 1240
1648480 1238
1648490 1237
1648500 1237
1648510 1236
1648520 1235
1648530 1233
1648540 1233
1648550 1232
1648560 1231
1648570 1231
1648580 1232
1648590 1232
1648600 1232
1648610 1232
1648620 1231
1648630 1231
1648640 1230
1648650 1230
1648660 1230
1648670 1232
1648680 1235
1648690 1235
1648700 1238
1648710 1240
1648720 1240
1648730 1243
1648740 1245
1648750 1245
1648760 1247
1648770 1250
1648780 1250
1648790 1250
1648800 1252
1648810 1253
1648820 1253
1648830 1254
1648840 1256
1648850 1256
1648860 1259
1648870 1261
1648880 1261
1648890 1262
1648900 1264
1648910 1264
1648920 1268
1648930 1272
1648940 1272
1648950 1275
1648960 1279
1648970 1279
1648980 1281
1648990 1283
1649000 1283
1649010 1285
1649020 1288
1649030 1288
1649040 1292
1649050 1295
1649060 1295
1649070 1298
1649080 1301
1649090 1304
1649100 1304
1649110 1307
1649120 1309
1649130 1309
1649140 1313
1649150 1316
1649160 1316
1649170 1320
1649180 1324
1649190 1324
1649200 1327
1649210 1331
1649220 1331
1649230 1335
1649240 1339
1649250 1339
1649260 1342
1649270 1346
1649280 1346
1649290 1350
1649300 1353
1649310 1353
1649320 1355
1649330 1358
1649340 1358
1649350 1361
1649360 1363
1649370 1364
1649380 1364
1649390 1364
1649400 1362
1649410 1362
1649420 1361
1649430 1360
1649440 1360
1649450 1360
1649460 1361
1649470 1361
1649480 1361
1649490 1361
1649500 1361
1649510 1362
1649520 1362
1649530 1362
1649540 1362
1649550 1361
1649560 1361
1649570 1360
1649580 1358
1649590 1358
1649600 1357
1649610 1356
1649620 1356
1649630 1355
1649640 1355
1649650 1356
1649660 1356
1649670 1357
1649680 1357
1649690 1357
1649700 1357
1649710 1356
1649720 1356
1649730 1356
1649740 1358
1649750 1358
1649760 1361
1649770 1363
1649780 1363
1649790 1364
1649800 1365
1649810 1365
1649820 1366
1649830 1366
1649840 1366
1649850 1368
1649860 1372
1649870 1372
1649880 1376
1649890 1380
1649900 1380
1649910 1385
1649920 1390
1649930 1394
1649940 1394
1649950 1399
1649960 1404
1649970 1404
1649980 1409
1649990 1414
1650000 1414
1650010 1419
1650020 1425
1650030 1425
1650040 1430
1650050 1434
1650060 1434
1650070 1439
1650080 1444
1650090 1444
1650100 1448
1650110 1452
1650120 1452
1650130 1456
1650140 1459
1650150 1459
1650160 1461
1650170 1463
1650180 1463
1650190 1463
1650200 1461
1650210 1459
1650220 1459
1650230 1456
1650240 1453
1650250 1458
1650260 1455
1650270 1453
1650280 1453
1650290 1450
1650300 1448
1650310 1448
1650320 1446
1650330 1443
1650340 1443
1650350 1441
1650360 1440
1650370 1440
1650380 1439
1650390 1437
1650400 1437
1650410 1437
1650420 1436
1650430 1436
1650440 1436
1650450 1435
1650460 1435
1650470 1434
1650480 1434
1650490 1432
1650500 1432
1650510 1430
1650520 1427
1650530 1427
1650540 1424
1650550 1421
1650560 1421
1650570 1418
1650580 1414
1650590 1414
1650600 1411
1650610 1408
1650620 1408
1650630 1405
1650640 1403
1650650 1403
1650660 1401
1650670 1398
1650680 1398
1650690 1394
1650700 1391
1650710 1391
1650720 1387
1650730 1384
1650740 1384
1650750 1384
1650760 1383
1650770 1383
1650780 1383
1650790 1382
1650800 1381
1650810 1381
1650820 1380
1650830 1380
1650840 1380
1650850 1382
1650860 1386
1650870 1386
1650880 1391
1650890 1396
1650900 1396
1650910 1402
1650920 1407
1650930 1407
1650940 1412
1650950 1418
1650960 1418
1650970 1423
1650980 1427
1650990 1427
1651000 1432
1651010 1439
1651020 1439
1651030 1443
1651040 1448
1651050 1453
1651060 1453
1651070 1457
1651080 1461
1651090 1461
1651100 1464
1651110 1468
1651120 1468
1651130 1472
1651140 1476
1651150 1476
1651160 1479
1651170 1482
1651180 1482
1651190 1486
1651200 1490
1651210 1490
1651220 1492
1651230 1492
1651240 1492
1651250 1492
1651260 1491
1651270 1491
1651280 1489
1651290 1488
1651300 1488
1651310 1486
1651320 1484
1651330 1484
1651340 1483
1651350 1481
1651360 1479
1651370 1479
1651380 1477
1651390 1476
1651400 1476
1651410 1476
1651420 1474
1651430 1474
1651440 1472
1651450 1471
1651460 1471
1651470 1471
1651480 1470
1651490 1470
1651500 1469
1651510 1468
1651520 1468
1651530 1467
1651540 1467
1651550 1467
1651560 1467
1651570 1467
1651580 1467
1651590 1467
1651600 1466
1651610 1466
1651620 1466
1651630 1465
1651640 1464
1651650 1464
1651660 1464
1651670 1463
1651680 1463
1651690 1463
1651700 1463
1651710 1463
1651720 1463
1651730 1463
1651740 1463
1651750 1462
1651760 1460
1651770 1460
1651780 1458
1651790 1454
1651800 1454
1651810 1450
1651820 1445
1651830 1445
1651840 1441
1651850 1436
1651860 1436
1651870 1432
1651880 1427
1651890 1427
1651900 1423
1651910 1418
1651920 1412
1651930 1412
1651940 1408
1651950 1403
1651960 1403
1651970 1398
1651980 1393
1651990 1393
1652000 1387
1652010 1381
1652020 1381
1652030 1375
1652040 1368
1652050 1368
1652060 1364
1652070 1358
1652080 1358
1652090 1352
1652100 1347
1652110 1347
1652120 1347
1652130 1347
1652140 1347
1652150 1348
1652160 1348
1652170 1348
1652180 1347
1652190 1347
1652200 1345
1652210 1345
1652220 1342
1652230 1337
1652240 1337
1652250 1338
1652260 1342
1652270 1342
1652280 1345
1652290 1348
1652300 1348
1652310 1349
1652320 1352
1652330 1352
1652340 1355
1652350 1358
1652360 1358
1652370 1360
1652380 1362
1652390 1362
1652400 1363
1652410 1363
1652420 1363
1652430 1363
1652440 1363
1652450 1363
1652460 1363
1652470 1363
1652480 1362
1652490 1362
1652500 1362
1652510 1362
1652520 1362
1652530 1362
1652540 1367
1652550 1367
1652560 1367
1652570 1368
1652580 1368
1652590 1371
1652600 1376
1652610 1376
1652620 1381
1652630 1386
1652640 1386
1652650 1392
1652660 1397
1652670 1397
1652680 1402
1652690 1408
1652700 1408
1652710 1413
1652720 1418
1652730 1418
1652740 1422
1652750 1428
1652760 1434
1652770 1434
1652780 1440
1652790 1445
1652800 1445
1652810 1451
1652820 1456
1652830 1456
1652840 1461
1652850 1466
1652860 1466
1652870 1472
1652880 1477
1652890 1477
1652900 1483
1652910 1489
1652920 1489
1652930 1494
1652940 1499
1652950 1499
1652960 1503
1652970 1507
1652980 1507
1652990 1509
1653000 1510
1653010 1510
1653020 1511
1653030 1511
1653040 1511
1653050 1511
1653060 1511
1653070 1511
1653080 1511
1653090 1512
1653100 1512
1653110 1512
1653120 1512
1653130 1511
1653140 1511
1653150 1509
1653160 1508
1653170 1508
1653180 1505
1653190 1503
1653200 1503
1653210 1500
1653220 1497
1653230 1497
1653240 1496
1653250 1495
1653260 1495
1653270 1494
1653280 1493
1653290 1497
1653300 1497
1653310 1496
1653320 1494
1653330 1494
1653340 1493
1653350 1492
1653360 1492
1653370 1491
1653380 1490
1653390 1490
1653400 1489
1653410 1487
1653420 1487
1653430 1486
1653440 1484
1653450 1484
1653460 1484
1653470 1485
1653480 1485
1653490 1486
1653500 1487
1653510 1487
1653520 1488
1653530 1489
1653540 1489
1653550 1493
1653560 1497
1653570 1497
1653580 1503
1653590 1509
1653600 1514
1653610 1514
1653620 1520
1653630 1525
1653640 1525
1653650 1531
1653660 1536
1653670 1536
1653680 1540
1653690 1545
1653700 1545
1653710 1551
1653720 1556
1653730 1556
1653740 1562
1653750 1566
1653760 1566
1653770 1570
1653780 1573
1653790 1573
1653800 1577
1653810 1581
1653820 1581
1653830 1584
1653840 1586
1653850 1586
1653860 1589
1653870 1592
1653880 1594
1653890 1594
1653900 1597
1653910 1599
1653920 1599
1653930 1601
1653940 1603
1653950 1603
1653960 1604
1653970 1606
1653980 1606
1653990 1607
1654000 1608
1654010 1608
1654020 1608
1654030 1609
1654040 1609
1654050 1610
1654060 1610
1654070 1610
1654080 1610
1654090 1610
1654100 1610
1654110 1610
1654120 1609
1654130 1609
1654140 1608
1654150 1607
1654160 1606
1654170 1606
1654180 1605
1654190 1604
1654200 1604
1654210 1603
1654220 1602
1654230 1602
1654240 1601
1654250 1599
1654260 1599
1654270 1597
1654280 1595
1654290 1595
1654300 1594
1654310 1592
1654320 1592
1654330 1589
1654340 1587
1654350 1587
1654360 1585
1654370 1583
1654380 1583
1654390 1581
1654400 1579
1654410 1579
1654420 1577
1654430 1575
1654440 1575
1654450 1572
1654460 1569
1654470 1567
1654480 1567
1654490 1565
1654500 1562
1654510 1562
1654520 1559
1654530 1556
1654540 1556
1654550 1553
1654560 1550
1654570 1550
1654580 1546
1654590 1542
1654600 1542
1654610 1539
1654620 1536
1654630 1536
1654640 1531
1654650 1527
1654660 1527
1654670 1522
1654680 1517
1654690 1517
1654700 1512
1654710 1507
1654720 1507
1654730 1502
1654740 1498
1654750 1494
1654760 1494
1654770 1490
1654780 1486
1654790 1486
1654800 1486
1654810 1482
1654820 1482
1654830 1478
1654840 1475
1654850 1475
1654860 1471
1654870 1468
1654880 1468
1654890 1465
1654900 1462
1654910 1462
1654920 1458
1654930 1455
1654940 1455
1654950 1451
1654960 1447
1654970 1447
1654980 1443
1654990 1440
1655000 1440
1655010 1436
1655020 1432
1655030 1429
1655040 1429
1655050 1425
1655060 1421
1655070 1421
1655080 1417
1655090 1414
1655100 1414
1655110 1411
1655120 1408
1655130 1408
1655140 1405
1655150 1403
1655160 1403
1655170 1401
1655180 1399
1655190 1399
1655200 1395
1655210 1391
1655220 1391
1655230 1386
1655240 1381
1655250 1381
1655260 1376
1655270 1372
1655280 1372
1655290 1366
1655300 1360
1655310 1353
1655320 1353
1655330 1347
1655340 1342
1655350 1342
1655360 1336
1655370 1330
1655380 1330
1655390 1323
1655400 1315
1655410 1315
1655420 1308
1655430 1301
1655440 1301
1655450 1295
1655460 1288
1655470 1288
1655480 1283
1655490 1277
1655500 1277
1655510 1271
1655520 1266
1655530 1266
1655540 1260
1655550 1254
1655560 1254
1655570 1247
1655580 1242
1655590 1237
1655600 1237
1655610 1231
1655620 1226
1655630 1226
1655640 1220
1655650 1215
1655660 1215
1655670 1209
1655680 1206
1655690 1206
1655700 1200
1655710 1195
1655720 1195
1655730 1191
1655740 1186
1655750 1186
1655760 1181
1655770 1178
1655780 1178
1655790 1176
1655800 1175
1655810 1175
1655820 1175
1655830 1176
1655840 1176
1655850 1178
1655860 1180
1655870 1181
1655880 1181
1655890 1183
1655900 1185
1655910 1185
1655920 1187
1655930 1189
1655940 1189
1655950 1190
1655960 1192
1655970 1192
1655980 1195
1655990 1198
1656000 1198
1656010 1202
1656020 1205
1656030 1205
1656040 1208
1656050 1212
1656060 1212
1656070 1216
1656080 1220
1656090 1220
1656100 1224
1656110 1228
1656120 1228
1656130 1232
1656140 1236
1656150 1239
1656160 1239
1656170 1243
1656180 1247
1656190 1247
1656200 1251
1656210 1255
1656220 1255
1656230 1259
1656240 1262
1656250 1262
1656260 1266
1656270 1270
1656280 1270
1656290 1280
1656300 1283
1656310 1283
1656320 1284
1656330 1282
1656340 1282
1656350 1277
1656360 1274
1656370 1274
1656380 1271
1656390 1269
1656400 1269
1656410 1267
1656420 1265
1656430 1264
1656440 1264
1656450 1265
1656460 1269
1656470 1269
1656480 1274
1656490 1280
1656500 1280
1656510 1286
1656520 1290
1656530 1290
1656540 1293
1656550 1296
1656560 1296
1656570 1300
1656580 1305
1656590 1305
1656600 1310
1656610 1315
1656620 1315
1656630 1320
1656640 1325
1656650 1325
1656660 1329
1656670 1333
1656680 1333
1656690 1337
1656700 1341
1656710 1344
1656720 1344
1656730 1347
1656740 1348
1656750 1348
1656760 1348
1656770 1349
1656780 1349
1656790 1351
1656800 1352
1656810 1352
1656820 1354
1656830 1356
1656840 1356
1656850 1358
1656860 1359
1656870 1359
1656880 1360
1656890 1361
1656900 1361
1656910 1362
1656920 1362
1656930 1362
1656940 1361
1656950 1360
1656960 1360
1656970 1358
1656980 1354
1656990 1350
1657000 1350
1657010 1345
1657020 1340
1657030 1343
1657040 1339
1657050 1336
1657060 1336
1657070 1334
1657080 1332
1657090 1332
1657100 1331
1657110 1328
1657120 1328
1657130 1323
1657140 1319
1657150 1319
1657160 1315
1657170 1310
1657180 1310
1657190 1306
1657200 1303
1657210 1303
1657220 1301
1657230 1300
1657240 1300
1657250 1301
1657260 1305
1657270 1309
1657280 1309
1657290 1312
1657300 1315
1657310 1315
1657320 1316
1657330 1316
1657340 1316
1657350 1313
1657360 1309
1657370 1309
1657380 1303
1657390 1297
1657400 1297
1657410 1295
1657420 1297
1657430 1297
1657440 1299
1657450 1300
1657460 1300
1657470 1300
1657480 1299
1657490 1299
1657500 1298
1657510 1296
1657520 1296
1657530 1295
1657540 1294
1657550 1294
1657560 1295
1657570 1299
1657580 1303
1657590 1303
1657600 1308
1657610 1312
1657620 1312
1657630 1316
1657640 1321
1657650 1321
1657660 1325
1657670 1330
1657680 1330
1657690 1334
1657700 1338
1657710 1338
1657720 1342
1657730 1346
1657740 1346
1657750 1349
1657760 1353
1657770 1354
1657780 1358
1657790 1362
1657800 1362
1657810 1365
1657820 1369
1657830 1369
1657840 1373
1657850 1376
1657860 1381
1657870 1381
1657880 1385
1657890 1388
1657900 1388
1657910 1392
1657920 1395
1657930 1395
1657940 1398
1657950 1401
1657960 1401
1657970 1404
1657980 1407
1657990 1407
1658000 1410
1658010 1414
1658020 1414
1658030 1417
1658040 1421
1658050 1421
1658060 1424
1658070 1428
1658080 1428
1658090 1431
1658100 1435
1658110 1435
1658120 1438
1658130 1442
1658140 1445
1658150 1445
1658160 1449
1658170 1450
1658180 1450
1658190 1453
1658200 1457
1658210 1457
1658220 1459
1658230 1462
1658240 1462
1658250 1464
1658260 1466
1658270 1466
1658280 1468
1658290 1470
1658300 1470
1658310 1471
1658320 1472
1658330 1472
1658340 1472
1658350 1472
1658360 1472
1658370 1471
1658380 1469
1658390 1469
1658400 1468
1658410 1465
1658420 1462
1658430 1462
1658440 1460
1658450 1456
1658460 1456
1658470 1453
1658480 1449
1658490 1449
1658500 1446
1658510 1441
1658520 1441
1658530 1436
1658540 1432
1658550 1432
1658560 1427
1658570 1423
1658580 1423
1658590 1420
1658600 1416
1658610 1416
1658620 1412
1658630 1408
1658640 1408
1658650 1404
1658660 1401
1658670 1401
1658680 1398
1658690 1395
1658700 1394
1658710 1394
1658720 1394
1658730 1393
1658740 1393
1658750 1392
1658760 1392
1658770 1392
1658780 1392
1658790 1393
1658800 1393
1658810 1395
1658820 1395
1658830 1395
1658840 1396
1658850 1395
1658860 1395
1658870 1395
1658880 1397
1658890 1397
1658900 1400
1658910 1402
1658920 1402
1658930 1405
1658940 1407
1658950 1407
1658960 1410
1658970 1413
1658980 1416
1658990 1416
1659000 1418
1659010 1420
1659020 1420
1659030 1421
1659040 1422
1659050 1422
1659060 1423
1659070 1424
1659080 1424
1659090 1424
1659100 1424
1659110 1424
1659120 1424
1659130 1424
1659140 1424
1659150 1424
1659160 1424
1659170 1424
1659180 1425
1659190 1425
1659200 1425
1659210 1426
1659220 1427
1659230 1429
1659240 1430
1659250 1430
1659260 1431
1659270 1431
1659280 1433
1659290 1434
1659300 1434
1659310 1435
1659320 1436
1659330 1436
1659340 1437
1659350 1437
1659360 1437
1659370 1437
1659380 1436
1659390 1436
1659400 1433
1659410 1430
1659420 1430
1659430 1428
1659440 1426
1659450 1426
1659460 1424
1659470 1423
1659480 1423
1659490 1421
1659500 1419
1659510 1419
1659520 1418
1659530 1416
1659540 1414
1659550 1414
1659560 1411
1659570 1408
1659580 1408
1659590 1407
1659600 1405
1659610 1405
1659620 1402
1659630 1400
1659640 1400
1659650 1399
1659660 1399
1659670 1399
1659680 1399
1659690 1398
1659700 1398
1659710 1398
1659720 1397
1659730 1397
1659740 1395
1659750 1394
1659760 1394
1659770 1392
1659780 1390
1659790 1390
1659800 1387
1659810 1383
1659820 1380
1659830 1380
1659840 1378
1659850 1376
1659860 1376
1659870 1373
1659880 1369
1659890 1369
1659900 1368
1659910 1367
1659920 1367
1659930 1366
1659940 1366
1659950 1366
1659960 1361
1659970 1360
1659980 1360
1659990 1358
