1640000 1753
1640010 1750
1640020 1748
1640030 1748
1640040 1748
1640050 1746
1640060 1746
1640070 1744
1640080 1744
1640090 1744
1640100 1744
1640110 1742
1640120 1735
1640130 1735
1640140 1728
1640150 1721
1640160 1721
1640170 1715
1640180 1709
1640190 1709
1640200 1705
1640210 1702
1640220 1702
1640230 1700
1640240 1698
1640250 1698
1640260 1696
1640270 1695
1640280 1695
1640290 1695
1640300 1694
1640310 1694
1640320 1694
1640330 1694
1640340 1694
1640350 1694
1640360 1694
1640370 1694
1640380 1695
1640390 1695
1640400 1695
1640410 1695
1640420 1694
1640430 1692
1640440 1692
1640450 1687
1640460 1674
1640470 1674
1640480 1666
1640490 1659
1640500 1659
1640510 1653
1640520 1649
1640530 1649
1640540 1647
1640550 1646
1640560 1646
1640570 1645
1640580 1644
1640590 1644
1640600 1643
1640610 1642
1640620 1642
1640630 1640
1640640 1635
1640650 1635
1640660 1629
1640670 1625
1640680 1625
1640690 1622
1640700 1618
1640710 1614
1640720 1614
1640730 1610
1640740 1607
1640750 1607
1640760 1605
1640770 1602
1640780 1602
1640790 1599
1640800 1592
1640810 1592
1640820 1592
1640830 1594
1640840 1594
1640850 1599
1640860 1605
1640870 1605
1640880 1610
1640890 1613
1640900 1613
1640910 1613
1640920 1612
1640930 1612
1640940 1611
1640950 1608
1640960 1608
1640970 1606
1640980 1602
1640990 1598
1641000 1598
1641010 1594
1641020 1590
1641030 1590
1641040 1587
1641050 1587
1641060 1587
1641070 1589
1641080 1589
1641090 1589
1641100 1593
1641110 1596
1641120 1596
1641130 1597
1641140 1597
1641150 1597
1641160 1596
1641170 1598
1641180 1598
1641190 1599
1641200 1601
1641210 1601
1641220 1600
1641230 1600
1641240 1600
1641250 1601
1641260 1602
1641270 1603
1641280 1603
1641290 1605
1641300 1607
1641310 1607
1641320 1613
1641330 1616
1641340 1616
1641350 1617
1641360 1621
1641370 1621
1641380 1625
1641390 1630
1641400 1630
1641410 1635
1641420 1640
1641430 1640
1641440 1645
1641450 1650
1641460 1650
1641470 1656
1641480 1660
1641490 1660
1641500 1665
1641510 1672
1641520 1672
1641530 1679
1641540 1685
1641550 1691
1641560 1691
1641570 1698
1641580 1705
1641590 1705
1641600 1713
1641610 1720
1641620 1720
1641630 1726
1641640 1732
1641650 1732
1641660 1735
1641670 1735
1641680 1735
1641690 1735
1641700 1738
1641710 1738
1641720 1745
1641730 1754
1641740 1754
1641750 1761
1641760 1768
1641770 1768
1641780 1775
1641790 1782
1641800 1782
1641810 1786
1641820 1791
1641830 1791
1641840 1798
1641850 1805
1641860 1813
1641870 1813
1641880 1820
1641890 1821
1641900 1821
1641910 1828
1641920 1835
1641930 1835
1641940 1839
1641950 1844
1641960 1844
1641970 1847
1641980 1848
1641990 1848
1642000 1848
1642010 1847
1642020 1847
1642030 1846
1642040 1845
1642050 1845
1642060 1843
1642070 1840
1642080 1840
1642090 1837
1642100 1832
1642110 1832
1642120 1828
1642130 1826
1642140 1829
1642150 1829
1642160 1826
1642170 1823
1642180 1823
1642190 1824
1642200 1830
1642210 1830
1642220 1837
1642230 1845
1642240 1845
1642250 1851
1642260 1857
1642270 1857
1642280 1863
1642290 1870
1642300 1870
1642310 1875
1642320 1879
1642330 1879
1642340 1883
1642350 1888
1642360 1888
1642370 1893
1642380 1898
1642390 1898
1642400 1902
1642410 1905
1642420 1904
1642430 1904
1642440 1905
1642450 1906
1642460 1906
1642470 1908
1642480 1910
1642490 1910
1642500 1912
1642510 1913
1642520 1913
1642530 1918
1642540 1924
1642550 1924
1642560 1929
1642570 1933
1642580 1933
1642590 1938
1642600 1943
1642610 1943
1642620 1947
1642630 1951
1642640 1951
1642650 1956
1642660 1958
1642670 1958
1642680 1961
1642690 1963
1642700 1957
1642710 1957
1642720 1958
1642730 1959
1642740 1959
1642750 1961
1642760 1963
1642770 1963
1642780 1965
1642790 1969
1642800 1969
1642810 1973
1642820 1976
1642830 1976
1642840 1978
1642850 1980
1642860 1980
1642870 1982
1642880 1984
1642890 1984
1642900 1985
1642910 1987
1642920 1987
1642930 1992
1642940 1998
1642950 1998
1642960 2001
1642970 2004
1642980 2007
1642990 2007
1643000 2012
1643010 2016
1643020 2016
1643030 2018
1643040 2022
1643050 2022
1643060 2026
1643070 2029
1643080 2029
1643090 2033
1643100 2036
1643110 2036
1643120 2037
1643130 2037
1643140 2037
1643150 2036
1643160 2034
1643170 2034
1643180 2030
1643190 2026
1643200 2026
1643210 2022
1643220 2017
1643230 2017
1643240 2014
1643250 2012
1643260 2012
1643270 2013
1643280 2009
1643290 2004
1643300 2004
1643310 2000
1643320 1997
1643330 1997
1643340 1994
1643350 1991
1643360 1991
1643370 1987
1643380 1984
1643390 1984
1643400 1981
1643410 1978
1643420 1978
1643430 1975
1643440 1973
1643450 1973
1643460 1971
1643470 1969
1643480 1969
1643490 1967
1643500 1965
1643510 1970
1643520 1969
1643530 1967
1643540 1967
1643550 1966
1643560 1965
1643570 1964
1643580 1964
1643590 1963
1643600 1962
1643610 1962
1643620 1962
1643630 1961
1643640 1961
1643650 1961
1643660 1961
1643670 1961
1643680 1962
1643690 1962
1643700 1962
1643710 1963
1643720 1962
1643730 1962
1643740 1962
1643750 1960
1643760 1960
1643770 1959
1643780 1956
1643790 1956
1643800 1953
1643810 1948
1643820 1948
1643830 1942
1643840 1934
1643850 1924
1643860 1924
1643870 1917
1643880 1910
1643890 1910
1643900 1905
1643910 1900
1643920 1900
1643930 1892
1643940 1885
1643950 1885
1643960 1881
1643970 1875
1643980 1875
1643990 1871
1644000 1868
1644010 1868
1644020 1864
1644030 1861
1644040 1861
1644050 1859
1644060 1856
1644070 1856
1644080 1853
1644090 1851
1644100 1851
1644110 1849
1644120 1845
1644130 1844
1644140 1844
1644150 1842
1644160 1841
1644170 1841
1644180 1838
1644190 1833
1644200 1833
1644210 1831
1644220 1831
1644230 1831
1644240 1830
1644250 1829
1644260 1829
1644270 1826
1644280 1826
1644290 1826
1644300 1826
1644310 1834
1644320 1834
1644330 1833
1644340 1833
1644350 1833
1644360 1833
1644370 1833
1644380 1833
1644390 1832
1644400 1832
1644410 1832
1644420 1832
1644430 1831
1644440 1830
1644450 1830
1644460 1829
1644470 1829
1644480 1829
1644490 1827
1644500 1825
1644510 1825
1644520 1823
1644530 1820
1644540 1820
1644550 1818
1644560 1816
1644570 1816
1644580 1814
1644590 1811
1644600 1811
1644610 1809
1644620 1806
1644630 1806
1644640 1803
1644650 1800
1644660 1800
1644670 1797
1644680 1794
1644690 1794
1644700 1790
1644710 1788
1644720 1785
1644730 1785
1644740 1782
1644750 1778
1644760 1778
1644770 1775
1644780 1771
1644790 1771
1644800 1768
1644810 1762
1644820 1762
1644830 1757
1644840 1752
1644850 1752
1644860 1746
1644870 1743
1644880 1743
1644890 1740
1644900 1736
1644910 1736
1644920 1732
1644930 1728
1644940 1728
1644950 1725
1644960 1722
1644970 1722
1644980 1719
1644990 1716
1645000 1714
1645010 1714
1645020 1713
1645030 1711
1645040 1711
1645050 1709
1645060 1708
1645070 1708
1645080 1705
1645090 1700
1645100 1708
1645110 1703
1645120 1696
1645130 1696
1645140 1685
1645150 1678
1645160 1678
1645170 1672
1645180 1666
1645190 1666
1645200 1660
1645210 1656
1645220 1656
1645230 1653
1645240 1650
1645250 1650
1645260 1647
1645270 1643
1645280 1641
1645290 1641
1645300 1641
1645310 1641
1645320 1641
1645330 1640
1645340 1639
1645350 1639
1645360 1638
1645370 1635
1645380 1635
1645390 1633
1645400 1631
1645410 1631
1645420 1629
1645430 1625
1645440 1625
1645450 1621
1645460 1617
1645470 1617
1645480 1616
1645490 1613
1645500 1613
1645510 1601
1645520 1582
1645530 1582
1645540 1574
1645550 1566
1645560 1559
1645570 1559
1645580 1553
1645590 1548
1645600 1548
1645610 1543
1645620 1538
1645630 1538
1645640 1533
1645650 1529
1645660 1529
1645670 1526
1645680 1524
1645690 1524
1645700 1522
1645710 1520
1645720 1520
1645730 1518
1645740 1515
1645750 1515
1645760 1512
1645770 1509
1645780 1509
1645790 1507
1645800 1502
1645810 1502
1645820 1499
1645830 1495
1645840 1491
1645850 1491
1645860 1487
1645870 1485
1645880 1485
1645890 1484
1645900 1482
1645910 1482
1645920 1479
1645930 1477
1645940 1477
1645950 1474
1645960 1472
1645970 1472
1645980 1469
1645990 1467
1646000 1467
1646010 1465
1646020 1463
1646030 1463
1646040 1460
1646050 1459
1646060 1459
1646070 1456
1646080 1455
1646090 1455
1646100 1454
1646110 1452
1646120 1452
1646130 1450
1646140 1448
1646150 1447
1646160 1447
1646170 1444
1646180 1440
1646190 1440
1646200 1438
1646210 1435
1646220 1435
1646230 1432
1646240 1429
1646250 1429
1646260 1427
1646270 1424
1646280 1424
1646290 1421
1646300 1419
1646310 1419
1646320 1417
1646330 1415
1646340 1415
1646350 1414
1646360 1413
1646370 1413
1646380 1413
1646390 1412
1646400 1412
1646410 1413
1646420 1413
1646430 1413
1646440 1413
1646450 1412
1646460 1412
1646470 1412
1646480 1412
1646490 1412
1646500 1412
1646510 1412
1646520 1411
1646530 1411
1646540 1410
1646550 1409
1646560 1409
1646570 1409
1646580 1412
1646590 1412
1646600 1417
1646610 1422
1646620 1422
1646630 1423
1646640 1425
1646650 1425
1646660 1428
1646670 1430
1646680 1431
1646690 1431
1646700 1431
1646710 1431
1646720 1431
1646730 1431
1646740 1432
1646750 1432
1646760 1432
1646770 1431
1646780 1431
1646790 1432
1646800 1436
1646810 1436
1646820 1440
1646830 1443
1646840 1443
1646850 1446
1646860 1449
1646870 1449
1646880 1451
1646890 1452
1646900 1452
1646910 1456
1646920 1462
1646930 1462
1646940 1468
1646950 1472
1646960 1472
1646970 1478
1646980 1483
1646990 1488
1647000 1488
1647010 1492
1647020 1496
1647030 1496
1647040 1501
1647050 1506
1647060 1506
1647070 1510
1647080 1514
1647090 1514
1647100 1518
1647110 1520
1647120 1520
1647130 1523
1647140 1527
1647150 1527
1647160 1530
1647170 1532
1647180 1532
1647190 1535
1647200 1537
1647210 1537
1647220 1541
1647230 1544
1647240 1544
1647250 1547
1647260 1552
1647270 1557
1647280 1557
1647290 1562
1647300 1567
1647310 1567
1647320 1571
1647330 1575
1647340 1575
1647350 1578
1647360 1585
1647370 1585
1647380 1592
1647390 1600
1647400 1600
1647410 1606
1647420 1611
1647430 1611
1647440 1617
1647450 1620
1647460 1620
1647470 1629
1647480 1629
1647490 1629
1647500 1631
1647510 1632
1647520 1632
1647530 1636
1647540 1640
1647550 1640
1647560 1642
1647570 1641
1647580 1639
1647590 1639
1647600 1640
1647610 1642
1647620 1642
1647630 1645
1647640 1646
1647650 1646
1647660 1647
1647670 1649
1647680 1649
1647690 1649
1647700 1650
1647710 1650
1647720 1651
1647730 1651
1647740 1651
1647750 1652
1647760 1654
1647770 1654
1647780 1655
1647790 1656
1647800 1656
1647810 1659
1647820 1661
1647830 1661
1647840 1663
1647850 1667
1647860 1670
1647870 1670
1647880 1674
1647890 1680
1647900 1680
1647910 1684
1647920 1689
1647930 1689
1647940 1694
1647950 1698
1647960 1698
1647970 1702
1647980 1706
1647990 1706
1648000 1710
1648010 1714
1648020 1714
1648030 1718
1648040 1721
1648050 1721
1648060 1723
1648070 1726
1648080 1726
1648090 1729
1648100 1732
1648110 1732
1648120 1733
1648130 1734
1648140 1733
1648150 1733
1648160 1732
1648170 1730
1648180 1730
1648190 1728
1648200 1727
1648210 1727
1648220 1725
1648230 1723
1648240 1723
1648250 1716
1648260 1714
1648270 1714
1648280 1712
1648290 1710
1648300 1710
1648310 1709
1648320 1709
1648330 1709
1648340 1708
1648350 1708
1648360 1708
1648370 1709
1648380 1709
1648390 1709
1648400 1709
1648410 1709
1648420 1708
1648430 1708
1648440 1707
1648450 1706
1648460 1706
1648470 1705
1648480 1703
1648490 1703
1648500 1701
1648510 1698
1648520 1698
1648530 1694
1648540 1690
1648550 1690
1648560 1690
1648570 1694
1648580 1694
1648590 1698
1648600 1700
1648610 1700
1648620 1703
1648630 1705
1648640 1705
1648650 1707
1648660 1709
1648670 1709
1648680 1711
1648690 1714
1648700 1716
1648710 1716
1648720 1718
1648730 1720
1648740 1720
1648750 1724
1648760 1729
1648770 1729
1648780 1735
1648790 1740
1648800 1740
1648810 1744
1648820 1749
1648830 1749
1648840 1754
1648850 1758
1648860 1758
1648870 1762
1648880 1767
1648890 1767
1648900 1772
1648910 1776
1648920 1776
1648930 1781
1648940 1786
1648950 1786
1648960 1790
1648970 1796
1648980 1796
1648990 1801
1649000 1805
1649010 1810
1649020 1810
1649030 1817
1649040 1821
1649050 1821
1649060 1826
1649070 1830
1649080 1830
1649090 1834
1649100 1839
1649110 1839
1649120 1843
1649130 1848
1649140 1848
1649150 1851
1649160 1853
1649170 1853
1649180 1854
1649190 1854
1649200 1854
1649210 1853
1649220 1852
1649230 1852
1649240 1849
1649250 1848
1649260 1848
1649270 1845
1649280 1843
1649290 1840
1649300 1840
1649310 1837
1649320 1834
1649330 1834
1649340 1832
1649350 1830
1649360 1830
1649370 1827
1649380 1825
1649390 1825
1649400 1823
1649410 1821
1649420 1821
1649430 1819
1649440 1817
1649450 1817
1649460 1816
1649470 1815
1649480 1815
1649490 1814
1649500 1813
1649510 1813
1649520 1813
1649530 1813
1649540 1813
1649550 1813
1649560 1814
1649570 1816
1649580 1816
1649590 1818
1649600 1821
1649610 1821
1649620 1823
1649630 1825
1649640 1825
1649650 1828
1649660 1831
1649670 1831
1649680 1834
1649690 1837
1649700 1837
1649710 1839
1649720 1842
1649730 1842
1649740 1844
1649750 1847
1649760 1847
1649770 1849
1649780 1851
1649790 1851
1649800 1855
1649810 1856
1649820 1856
1649830 1857
1649840 1856
1649850 1855
1649860 1855
1649870 1853
1649880 1851
1649890 1851
1649900 1849
1649910 1847
1649920 1847
1649930 1845
1649940 1843
1649950 1843
1649960 1841
1649970 1838
1649980 1838
1649990 1836
1650000 1833
1650010 1833
1650020 1829
1650030 1825
1650040 1825
1650050 1822
1650060 1818
1650070 1818
1650080 1816
1650090 1813
1650100 1813
1650110 1811
1650120 1808
1650130 1805
1650140 1805
1650150 1802
1650160 1798
1650170 1798
1650180 1795
1650190 1791
1650200 1791
1650210 1786
1650220 1782
1650230 1782
1650240 1778
1650250 1773
1650260 1773
1650270 1768
1650280 1764
1650290 1764
1650300 1760
1650310 1756
1650320 1756
1650330 1752
1650340 1748
1650350 1748
1650360 1744
1650370 1739
1650380 1739
1650390 1735
1650400 1730
1650410 1730
1650420 1723
1650430 1718
1650440 1713
1650450 1713
1650460 1708
1650470 1703
1650480 1703
1650490 1699
1650500 1696
1650510 1696
1650520 1695
1650530 1687
1650540 1687
1650550 1679
1650560 1672
1650570 1667
1650580 1662
1650590 1658
1650600 1658
1650610 1653
1650620 1649
1650630 1649
1650640 1645
1650650 1643
1650660 1643
1650670 1641
1650680 1638
1650690 1638
1650700 1635
1650710 1633
1650720 1631
1650730 1631
1650740 1628
1650750 1624
1650760 1624
1650770 1620
1650780 1615
1650790 1615
1650800 1611
1650810 1609
1650820 1609
1650830 1607
1650840 1605
1650850 1605
1650860 1604
1650870 1605
1650880 1605
1650890 1605
1650900 1606
1650910 1606
1650920 1607
1650930 1608
1650940 1608
1650950 1606
1650960 1605
1650970 1605
1650980 1603
1650990 1601
1651000 1598
1651010 1598
1651020 1593
1651030 1589
1651040 1589
1651050 1588
1651060 1584
1651070 1584
1651080 1580
1651090 1576
1651100 1576
1651110 1571
1651120 1565
1651130 1565
1651140 1559
1651150 1554
1651160 1554
1651170 1548
1651180 1544
1651190 1544
1651200 1540
1651210 1535
1651220 1535
1651230 1531
1651240 1527
1651250 1527
1651260 1524
1651270 1520
1651280 1515
1651290 1515
1651300 1510
1651310 1505
1651320 1505
1651330 1495
1651340 1489
1651350 1489
1651360 1484
1651370 1478
1651380 1478
1651390 1472
1651400 1469
1651410 1469
1651420 1463
1651430 1457
1651440 1457
1651450 1452
1651460 1446
1651470 1446
1651480 1440
1651490 1433
1651500 1433
1651510 1426
1651520 1420
1651530 1420
1651540 1413
1651550 1407
1651560 1402
1651570 1402
1651580 1396
1651590 1391
1651600 1391
1651610 1385
1651620 1379
1651630 1379
1651640 1373
1651650 1367
1651660 1367
1651670 1362
1651680 1356
1651690 1356
1651700 1350
1651710 1351
1651720 1351
1651730 1355
1651740 1358
1651750 1358
1651760 1361
1651770 1367
1651780 1367
1651790 1372
1651800 1376
1651810 1376
1651820 1381
1651830 1385
1651840 1385
1651850 1390
1651860 1396
1651870 1401
1651880 1401
1651890 1405
1651900 1409
1651910 1409
1651920 1413
1651930 1418
1651940 1418
1651950 1423
1651960 1427
1651970 1427
1651980 1430
1651990 1433
1652000 1433
1652010 1433
1652020 1431
1652030 1431
1652040 1427
1652050 1423
1652060 1423
1652070 1419
1652080 1415
1652090 1415
1652100 1410
1652110 1406
1652120 1406
1652130 1402
1652140 1397
1652150 1392
1652160 1392
1652170 1388
1652180 1384
1652190 1384
1652200 1378
1652210 1372
1652220 1372
1652230 1366
1652240 1359
1652250 1359
1652260 1352
1652270 1345
1652280 1345
1652290 1339
1652300 1331
1652310 1331
1652320 1326
1652330 1320
1652340 1320
1652350 1313
1652360 1307
1652370 1307
1652380 1302
1652390 1297
1652400 1297
1652410 1293
1652420 1289
1652430 1285
1652440 1285
1652450 1281
1652460 1280
1652470 1280
1652480 1284
1652490 1287
1652500 1287
1652510 1288
1652520 1287
1652530 1287
1652540 1286
1652550 1284
1652560 1284
1652570 1279
1652580 1273
1652590 1273
1652600 1267
1652610 1261
1652620 1261
1652630 1254
1652640 1248
1652650 1248
1652660 1245
1652670 1249
1652680 1249
1652690 1255
1652700 1262
1652710 1268
1652720 1268
1652730 1274
1652740 1280
1652750 1280
1652760 1285
1652770 1290
1652780 1290
1652790 1294
1652800 1298
1652810 1298
1652820 1300
1652830 1299
1652840 1299
1652850 1290
1652860 1286
1652870 1286
1652880 1283
1652890 1280
1652900 1280
1652910 1276
1652920 1272
1652930 1272
1652940 1269
1652950 1267
1652960 1267
1652970 1263
1652980 1260
1652990 1260
1653000 1257
1653010 1256
1653020 1254
1653030 1254
1653040 1252
1653050 1250
1653060 1250
1653070 1247
1653080 1244
1653090 1244
1653100 1242
1653110 1241
1653120 1241
1653130 1239
1653140 1238
1653150 1238
1653160 1236
1653170 1235
1653180 1235
1653190 1236
1653200 1239
1653210 1239
1653220 1241
1653230 1246
1653240 1246
1653250 1251
1653260 1256
1653270 1256
1653280 1261
1653290 1265
1653300 1269
1653310 1269
1653320 1272
1653330 1275
1653340 1275
1653350 1279
1653360 1282
1653370 1282
1653380 1285
1653390 1288
1653400 1288
1653410 1290
1653420 1292
1653430 1292
1653440 1293
1653450 1296
1653460 1296
1653470 1300
1653480 1306
1653490 1306
1653500 1310
1653510 1315
1653520 1315
1653530 1319
1653540 1323
1653550 1323
1653560 1327
1653570 1332
1653580 1336
1653590 1336
1653600 1339
1653610 1345
1653620 1345
1653630 1349
1653640 1353
1653650 1353
1653660 1356
1653670 1361
1653680 1361
1653690 1365
1653700 1370
1653710 1370
1653720 1374
1653730 1378
1653740 1378
1653750 1382
1653760 1386
1653770 1386
1653780 1390
1653790 1394
1653800 1394
1653810 1397
1653820 1401
1653830 1401
1653840 1404
1653850 1407
1653860 1410
1653870 1410
1653880 1413
1653890 1415
1653900 1415
1653910 1418
1653920 1420
1653930 1420
1653940 1423
1653950 1426
1653960 1426
1653970 1429
1653980 1432
1653990 1432
1654000 1436
1654010 1441
1654020 1441
1654030 1445
1654040 1449
1654050 1449
1654060 1454
1654070 1458
1654080 1458
1654090 1463
1654100 1467
1654110 1467
1654120 1471
1654130 1474
1654140 1478
1654150 1478
1654160 1482
1654170 1486
1654180 1486
1654190 1489
1654200 1492
1654210 1492
1654220 1495
1654230 1499
1654240 1499
1654250 1501
1654260 1504
1654270 1504
1654280 1508
1654290 1511
1654300 1511
1654310 1513
1654320 1514
1654330 1514
1654340 1517
1654350 1518
1654360 1520
1654370 1522
1654380 1523
1654390 1523
1654400 1523
1654410 1523
1654420 1523
1654430 1522
1654440 1521
1654450 1520
1654460 1520
1654470 1520
1654480 1519
1654490 1519
1654500 1519
1654510 1519
1654520 1519
1654530 1519
1654540 1518
1654550 1518
1654560 1517
1654570 1516
1654580 1516
1654590 1514
1654600 1513
1654610 1513
1654620 1512
1654630 1511
1654640 1511
1654650 1510
1654660 1510
1654670 1510
1654680 1509
1654690 1508
1654700 1508
1654710 1507
1654720 1505
1654730 1502
1654740 1502
1654750 1498
1654760 1492
1654770 1492
1654780 1487
1654790 1480
1654800 1480
1654810 1473
1654820 1466
1654830 1466
1654840 1459
1654850 1452
1654860 1452
1654870 1445
1654880 1440
1654890 1440
1654900 1434
1654910 1426
1654920 1426
1654930 1424
1654940 1424
1654950 1424
1654960 1422
1654970 1419
1654980 1419
1654990 1417
1655000 1415
1655010 1412
1655020 1412
1655030 1409
1655040 1406
1655050 1406
1655060 1403
1655070 1404
1655080 1404
1655090 1408
1655100 1413
1655110 1409
1655120 1415
1655130 1421
1655140 1421
1655150 1427
1655160 1433
1655170 1433
1655180 1439
1655190 1443
1655200 1443
1655210 1448
1655220 1454
1655230 1454
1655240 1458
1655250 1462
1655260 1462
1655270 1465
1655280 1468
1655290 1470
1655300 1470
1655310 1471
1655320 1472
1655330 1472
1655340 1473
1655350 1474
1655360 1474
1655370 1475
1655380 1476
1655390 1476
1655400 1476
1655410 1476
1655420 1476
1655430 1477
1655440 1477
1655450 1477
1655460 1477
1655470 1476
1655480 1476
1655490 1476
1655500 1476
1655510 1476
1655520 1476
1655530 1476
1655540 1476
1655550 1475
1655560 1474
1655570 1474
1655580 1473
1655590 1472
1655600 1471
1655610 1471
1655620 1471
1655630 1470
1655640 1470
1655650 1468
1655660 1467
1655670 1467
1655680 1466
1655690 1465
1655700 1465
1655710 1463
1655720 1463
1655730 1463
1655740 1460
1655750 1458
1655760 1458
1655770 1455
1655780 1453
1655790 1453
1655800 1450
1655810 1448
1655820 1448
1655830 1446
1655840 1444
1655850 1444
1655860 1439
1655870 1437
1655880 1437
1655890 1437
1655900 1436
1655910 1437
1655920 1437
1655930 1437
1655940 1438
1655950 1438
1655960 1438
1655970 1437
1655980 1437
1655990 1436
1656000 1435
1656010 1435
1656020 1433
1656030 1430
1656040 1430
1656050 1427
1656060 1423
1656070 1423
1656080 1418
1656090 1413
1656100 1413
1656110 1409
1656120 1404
1656130 1404
1656140 1398
1656150 1394
1656160 1389
1656170 1389
1656180 1382
1656190 1376
1656200 1376
1656210 1368
1656220 1362
1656230 1362
1656240 1357
1656250 1351
1656260 1351
1656270 1345
1656280 1339
1656290 1339
1656300 1333
1656310 1328
1656320 1328
1656330 1322
1656340 1317
1656350 1317
1656360 1313
1656370 1310
1656380 1310
1656390 1308
1656400 1305
1656410 1305
1656420 1302
1656430 1299
1656440 1295
1656450 1295
1656460 1292
1656470 1288
1656480 1288
1656490 1285
1656500 1282
1656510 1282
1656520 1280
1656530 1277
1656540 1277
1656550 1273
1656560 1269
1656570 1269
1656580 1265
1656590 1264
1656600 1260
1656610 1259
1656620 1258
1656630 1258
1656640 1256
1656650 1254
1656660 1254
1656670 1253
1656680 1252
1656690 1252
1656700 1251
1656710 1250
1656720 1249
1656730 1249
1656740 1249
1656750 1249
1656760 1249
1656770 1248
1656780 1248
1656790 1248
1656800 1247
1656810 1246
1656820 1246
1656830 1246
1656840 1245
1656850 1245
1656860 1245
1656870 1243
1656880 1243
1656890 1240
1656900 1237
1656910 1237
1656920 1234
1656930 1230
1656940 1230
1656950 1226
1656960 1223
1656970 1223
1656980 1221
1656990 1219
1657000 1219
1657010 1218
1657020 1216
1657030 1214
1657040 1214
1657050 1214
1657060 1216
1657070 1216
1657080 1214
1657090 1216
1657100 1216
1657110 1219
1657120 1221
1657130 1221
1657140 1223
1657150 1226
1657160 1226
1657170 1229
1657180 1232
1657190 1232
1657200 1235
1657210 1239
1657220 1239
1657230 1243
1657240 1247
1657250 1247
1657260 1250
1657270 1253
1657280 1253
1657290 1256
1657300 1259
1657310 1263
1657320 1263
1657330 1266
1657340 1267
1657350 1267
1657360 1271
1657370 1274
1657380 1274
1657390 1276
1657400 1278
1657410 1278
1657420 1280
1657430 1280
1657440 1280
1657450 1280
1657460 1278
1657470 1278
1657480 1274
1657490 1269
1657500 1269
1657510 1263
1657520 1257
1657530 1257
1657540 1252
1657550 1248
1657560 1248
1657570 1244
1657580 1242
1657590 1240
1657600 1240
1657610 1238
1657620 1235
1657630 1235
1657640 1231
1657650 1226
1657660 1226
1657670 1222
1657680 1218
1657690 1218
1657700 1215
1657710 1212
1657720 1212
1657730 1210
1657740 1208
1657750 1208
1657760 1205
1657770 1203
1657780 1203
1657790 1201
1657800 1199
1657810 1199
1657820 1198
1657830 1196
1657840 1196
1657850 1195
1657860 1193
1657870 1192
1657880 1192
1657890 1192
1657900 1191
1657910 1191
1657920 1190
1657930 1189
1657940 1189
1657950 1188
1657960 1186
1657970 1186
1657980 1185
1657990 1187
1658000 1187
1658010 1189
1658020 1190
1658030 1190
1658040 1191
1658050 1192
1658060 1192
1658070 1194
1658080 1194
1658090 1194
1658100 1197
1658110 1199
1658120 1199
1658130 1201
1658140 1203
1658150 1206
1658160 1206
1658170 1209
1658180 1212
1658190 1212
1658200 1215
1658210 1218
1658220 1218
1658230 1220
1658240 1223
1658250 1223
1658260 1227
1658270 1230
1658280 1230
1658290 1233
1658300 1237
1658310 1237
1658320 1241
1658330 1245
1658340 1245
1658350 1249
1658360 1253
1658370 1253
1658380 1257
1658390 1262
1658400 1262
1658410 1268
1658420 1273
1658430 1273
1658440 1277
1658450 1282
1658460 1287
1658470 1287
1658480 1291
1658490 1295
1658500 1295
1658510 1300
1658520 1303
1658530 1303
1658540 1308
1658550 1312
1658560 1312
1658570 1316
1658580 1321
1658590 1321
1658600 1326
1658610 1330
1658620 1330
1658630 1333
1658640 1336
1658650 1336
1658660 1339
1658670 1342
1658680 1342
1658690 1344
1658700 1347
1658710 1347
1658720 1349
1658730 1351
1658740 1354
1658750 1354
1658760 1355
1658770 1356
1658780 1356
1658790 1357
1658800 1359
1658810 1356
1658820 1358
1658830 1358
1658840 1358
1658850 1360
1658860 1361
1658870 1361
1658880 1361
1658890 1362
1658900 1362
1658910 1363
1658920 1365
1658930 1365
1658940 1366
1658950 1367
1658960 1367
1658970 1369
1658980 1370
1658990 1370
1659000 1373
1659010 1376
1659020 1379
1659030 1379
1659040 1381
1659050 1383
1659060 1383
1659070 1384
1659080 1385
1659090 1385
1659100 1388
1659110 1390
1659120 1390
1659130 1391
1659140 1392
1659150 1392
1659160 1393
1659170 1394
1659180 1394
1659190 1395
1659200 1396
1659210 1396
1659220 1397
1659230 1398
1659240 1398
1659250 1398
1659260 1398
1659270 1398
1659280 1399
1659290 1399
1659300 1399
1659310 1399
1659320 1400
1659330 1400
1659340 1400
1659350 1401
1659360 1401
1659370 1401
1659380 1402
1659390 1402
1659400 1402
1659410 1402
1659420 1402
1659430 1402
1659440 1401
1659450 1401
1659460 1401
1659470 1401
1659480 1401
1659490 1401
1659500 1400
1659510 1398
1659520 1398
1659530 1397
1659540 1392
1659550 1392
1659560 1390
1659570 1388
1659580 1386
1659590 1386
1659600 1383
1659610 1381
1659620 1381
1659630 1380
1659640 1379
1659650 1379
1659660 1377
1659670 1376
1659680 1376
1659690 1375
1659700 1374
1659710 1374
1659720 1372
1659730 1370
1659740 1370
1659750 1367
1659760 1364
1659770 1364
1659780 1362
1659790 1359
1659800 1359
1659810 1356
1659820 1353
1659830 1353
1659840 1350
1659850 1346
1659860 1346
1659870 1341
1659880 1335
1659890 1329
1659900 1329
1659910 1323
1659920 1317
1659930 1317
1659940 1311
1659950 1305
1659960 1305
1659970 1300
1659980 1296
1659990 1296
