1640000 1748
1640010 1748
1640020 1748
1640030 1747
1640040 1747
1640050 1746
1640060 1744
1640070 1744
1640080 1741
1640090 1738
1640100 1738
1640110 1737
1640120 1736
1640130 1736
1640140 1732
1640150 1729
1640160 1729
1640170 1729
1640180 1729
1640190 1729
1640200 1728
1640210 1722
1640220 1722
1640230 1717
1640240 1714
1640250 1711
1640260 1711
1640270 1709
1640280 1707
1640290 1707
1640300 1706
1640310 1705
1640320 1705
1640330 1703
1640340 1702
1640350 1702
1640360 1701
1640370 1700
1640380 1701
1640390 1698
1640400 1695
1640410 1695
1640420 1693
1640430 1690
1640440 1690
1640450 1687
1640460 1683
1640470 1683
1640480 1679
1640490 1677
1640500 1677
1640510 1677
1640520 1676
1640530 1676
1640540 1674
1640550 1672
1640560 1670
1640570 1670
1640580 1668
1640590 1666
1640600 1666
1640610 1666
1640620 1667
1640630 1667
1640640 1668
1640650 1667
1640660 1667
1640670 1665
1640680 1663
1640690 1663
1640700 1658
1640710 1652
1640720 1652
1640730 1645
1640740 1638
1640750 1638
1640760 1631
1640770 1624
1640780 1624
1640790 1620
1640800 1622
1640810 1622
1640820 1628
1640830 1631
1640840 1630
1640850 1630
1640860 1630
1640870 1634
1640880 1634
1640890 1640
1640900 1645
1640910 1645
1640920 1648
1640930 1648
1640940 1648
1640950 1647
1640960 1648
1640970 1648
1640980 1649
1640990 1647
1641000 1647
1641010 1644
1641020 1637
1641030 1637
1641040 1630
1641050 1623
1641060 1623
1641070 1618
1641080 1618
1641090 1618
1641100 1620
1641110 1621
1641120 1622
1641130 1622
1641140 1623
1641150 1625
1641160 1625
1641170 1627
1641180 1628
1641190 1625
1641200 1626
1641210 1627
1641220 1627
1641230 1628
1641240 1629
1641250 1629
1641260 1631
1641270 1635
1641280 1635
1641290 1638
1641300 1641
1641310 1641
1641320 1645
1641330 1650
1641340 1650
1641350 1653
1641360 1656
1641370 1656
1641380 1663
1641390 1669
1641400 1676
1641410 1676
1641420 1682
1641430 1688
1641440 1688
1641450 1691
1641460 1697
1641470 1697
1641480 1704
1641490 1711
1641500 1711
1641510 1717
1641520 1725
1641530 1725
1641540 1732
1641550 1738
1641560 1738
1641570 1744
1641580 1751
1641590 1751
1641600 1758
1641610 1765
1641620 1765
1641630 1771
1641640 1777
1641650 1777
1641660 1784
1641670 1791
1641680 1796
1641690 1796
1641700 1799
1641710 1801
1641720 1801
1641730 1805
1641740 1810
1641750 1810
1641760 1815
1641770 1819
1641780 1819
1641790 1824
1641800 1829
1641810 1829
1641820 1833
1641830 1839
1641840 1839
1641850 1846
1641860 1853
1641870 1853
1641880 1860
1641890 1867
1641900 1867
1641910 1876
1641920 1883
1641930 1883
1641940 1889
1641950 1893
1641960 1893
1641970 1897
1641980 1904
1641990 1908
1642000 1908
1642010 1903
1642020 1903
1642030 1903
1642040 1902
1642050 1899
1642060 1899
1642070 1896
1642080 1892
1642090 1892
1642100 1888
1642110 1885
1642120 1885
1642130 1883
1642140 1885
1642150 1885
1642160 1889
1642170 1892
1642180 1892
1642190 1892
1642200 1891
1642210 1891
1642220 1891
1642230 1892
1642240 1892
1642250 1894
1642260 1896
1642270 1893
1642280 1893
1642290 1893
1642300 1897
1642310 1897
1642320 1902
1642330 1908
1642340 1908
1642350 1915
1642360 1921
1642370 1921
1642380 1927
1642390 1934
1642400 1934
1642410 1940
1642420 1946
1642430 1946
1642440 1951
1642450 1957
1642460 1957
1642470 1963
1642480 1967
1642490 1967
1642500 1970
1642510 1972
1642520 1972
1642530 1974
1642540 1977
1642550 1979
1642560 1979
1642570 1982
1642580 1986
1642590 1986
1642600 1989
1642610 1993
1642620 1993
1642630 1997
1642640 2001
1642650 2001
1642660 2005
1642670 2008
1642680 2008
1642690 2011
1642700 2013
1642710 2013
1642720 2014
1642730 2014
1642740 2014
1642750 2014
1642760 2014
1642770 2014
1642780 2015
1642790 2014
1642800 2014
1642810 2014
1642820 2011
1642830 2013
1642840 2013
1642850 2015
1642860 2016
1642870 2016
1642880 2018
1642890 2020
1642900 2020
1642910 2023
1642920 2027
1642930 2027
1642940 2030
1642950 2033
1642960 2033
1642970 2036
1642980 2040
1642990 2040
1643000 2044
1643010 2047
1643020 2047
1643030 2048
1643040 2049
1643050 2049
1643060 2047
1643070 2043
1643080 2043
1643090 2038
1643100 2032
1643110 2027
1643120 2027
1643130 2023
1643140 2018
1643150 2018
1643160 2013
1643170 2009
1643180 2009
1643190 2006
1643200 2002
1643210 2002
1643220 1997
1643230 1993
1643240 1993
1643250 1988
1643260 1984
1643270 1984
1643280 1980
1643290 1976
1643300 1976
1643310 1972
1643320 1969
1643330 1969
1643340 1965
1643350 1961
1643360 1961
1643370 1957
1643380 1954
1643390 1954
1643400 1950
1643410 1947
1643420 1943
1643430 1943
1643440 1939
1643450 1935
1643460 1935
1643470 1932
1643480 1928
1643490 1928
1643500 1924
1643510 1920
1643520 1920
1643530 1916
1643540 1913
1643550 1913
1643560 1910
1643570 1907
1643580 1907
1643590 1904
1643600 1902
1643610 1902
1643620 1906
1643630 1904
1643640 1904
1643650 1902
1643660 1900
1643670 1900
1643680 1899
1643690 1898
1643700 1897
1643710 1897
1643720 1895
1643730 1892
1643740 1892
1643750 1888
1643760 1884
1643770 1884
1643780 1881
1643790 1879
1643800 1879
1643810 1878
1643820 1876
1643830 1876
1643840 1874
1643850 1871
1643860 1871
1643870 1866
1643880 1863
1643890 1863
1643900 1856
1643910 1848
1643920 1848
1643930 1841
1643940 1836
1643950 1836
1643960 1830
1643970 1825
1643980 1819
1643990 1819
1644000 1813
1644010 1808
1644020 1808
1644030 1806
1644040 1804
1644050 1804
1644060 1803
1644070 1804
1644080 1804
1644090 1806
1644100 1807
1644110 1807
1644120 1808
1644130 1809
1644140 1809
1644150 1810
1644160 1810
1644170 1810
1644180 1809
1644190 1808
1644200 1808
1644210 1807
1644220 1805
1644230 1805
1644240 1801
1644250 1798
1644260 1796
1644270 1796
1644280 1795
1644290 1793
1644300 1793
1644310 1791
1644320 1790
1644330 1790
1644340 1789
1644350 1789
1644360 1789
1644370 1788
1644380 1787
1644390 1787
1644400 1786
1644410 1784
1644420 1787
1644430 1785
1644440 1782
1644450 1782
1644460 1780
1644470 1777
1644480 1777
1644490 1773
1644500 1769
1644510 1769
1644520 1765
1644530 1761
1644540 1759
1644550 1759
1644560 1756
1644570 1753
1644580 1753
1644590 1750
1644600 1747
1644610 1747
1644620 1744
1644630 1742
1644640 1742
1644650 1739
1644660 1735
1644670 1735
1644680 1734
1644690 1732
1644700 1732
1644710 1731
1644720 1728
1644730 1728
1644740 1728
1644750 1726
1644760 1726
1644770 1723
1644780 1721
1644790 1721
1644800 1718
1644810 1715
1644820 1713
1644830 1713
1644840 1711
1644850 1708
1644860 1708
1644870 1705
1644880 1703
1644890 1703
1644900 1701
1644910 1698
1644920 1698
1644930 1695
1644940 1693
1644950 1693
1644960 1691
1644970 1689
1644980 1689
1644990 1686
1645000 1681
1645010 1681
1645020 1676
1645030 1669
1645040 1669
1645050 1662
1645060 1657
1645070 1657
1645080 1654
1645090 1651
1645100 1651
1645110 1646
1645120 1636
1645130 1625
1645140 1625
1645150 1619
1645160 1614
1645170 1614
1645180 1610
1645190 1606
1645200 1606
1645210 1602
1645220 1604
1645230 1604
1645240 1601
1645250 1598
1645260 1598
1645270 1596
1645280 1593
1645290 1593
1645300 1591
1645310 1590
1645320 1590
1645330 1589
1645340 1587
1645350 1587
1645360 1582
1645370 1578
1645380 1578
1645390 1574
1645400 1569
1645410 1565
1645420 1565
1645430 1561
1645440 1556
1645450 1556
1645460 1551
1645470 1547
1645480 1547
1645490 1542
1645500 1537
1645510 1537
1645520 1532
1645530 1528
1645540 1528
1645550 1527
1645560 1527
1645570 1527
1645580 1528
1645590 1532
1645600 1532
1645610 1533
1645620 1533
1645630 1533
1645640 1535
1645650 1533
1645660 1533
1645670 1531
1645680 1530
1645690 1529
1645700 1529
1645710 1527
1645720 1525
1645730 1525
1645740 1523
1645750 1520
1645760 1520
1645770 1518
1645780 1516
1645790 1516
1645800 1513
1645810 1509
1645820 1509
1645830 1505
1645840 1503
1645850 1503
1645860 1499
1645870 1493
1645880 1493
1645890 1488
1645900 1485
1645910 1485
1645920 1483
1645930 1481
1645940 1481
1645950 1480
1645960 1479
1645970 1478
1645980 1478
1645990 1477
1646000 1475
1646010 1473
1646020 1470
1646030 1467
1646040 1467
1646050 1465
1646060 1461
1646070 1461
1646080 1458
1646090 1455
1646100 1455
1646110 1452
1646120 1450
1646130 1450
1646140 1446
1646150 1443
1646160 1443
1646170 1440
1646180 1437
1646190 1437
1646200 1435
1646210 1434
1646220 1434
1646230 1432
1646240 1431
1646250 1429
1646260 1429
1646270 1427
1646280 1426
1646290 1426
1646300 1424
1646310 1423
1646320 1423
1646330 1421
1646340 1420
1646350 1420
1646360 1418
1646370 1416
1646380 1416
1646390 1415
1646400 1413
1646410 1413
1646420 1411
1646430 1410
1646440 1410
1646450 1409
1646460 1407
1646470 1407
1646480 1406
1646490 1405
1646500 1405
1646510 1404
1646520 1402
1646530 1402
1646540 1400
1646550 1400
1646560 1400
1646570 1400
1646580 1400
1646590 1400
1646600 1400
1646610 1399
1646620 1399
1646630 1399
1646640 1400
1646650 1400
1646660 1400
1646670 1403
1646680 1407
1646690 1407
1646700 1411
1646710 1415
1646720 1415
1646730 1418
1646740 1421
1646750 1421
1646760 1422
1646770 1423
1646780 1423
1646790 1424
1646800 1426
1646810 1426
1646820 1426
1646830 1425
1646840 1422
1646850 1422
1646860 1420
1646870 1421
1646880 1421
1646890 1422
1646900 1423
1646910 1423
1646920 1426
1646930 1429
1646940 1429
1646950 1433
1646960 1437
1646970 1437
1646980 1441
1646990 1445
1647000 1445
1647010 1448
1647020 1452
1647030 1452
1647040 1457
1647050 1462
1647060 1462
1647070 1465
1647080 1467
1647090 1467
1647100 1471
1647110 1473
1647120 1474
1647130 1474
1647140 1476
1647150 1477
1647160 1477
1647170 1479
1647180 1484
1647190 1484
1647200 1486
1647210 1490
1647220 1490
1647230 1493
1647240 1496
1647250 1496
1647260 1498
1647270 1500
1647280 1500
1647290 1503
1647300 1505
1647310 1505
1647320 1508
1647330 1511
1647340 1511
1647350 1515
1647360 1518
1647370 1518
1647380 1522
1647390 1526
1647400 1530
1647410 1530
1647420 1535
1647430 1539
1647440 1539
1647450 1544
1647460 1549
1647470 1549
1647480 1554
1647490 1559
1647500 1559
1647510 1563
1647520 1566
1647530 1566
1647540 1569
1647550 1570
1647560 1570
1647570 1569
1647580 1577
1647590 1577
1647600 1581
1647610 1584
1647620 1584
1647630 1587
1647640 1588
1647650 1588
1647660 1590
1647670 1593
1647680 1596
1647690 1596
1647700 1601
1647710 1606
1647720 1606
1647730 1611
1647740 1617
1647750 1617
1647760 1621
1647770 1626
1647780 1626
1647790 1631
1647800 1635
1647810 1635
1647820 1642
1647830 1647
1647840 1647
1647850 1652
1647860 1657
1647870 1657
1647880 1663
1647890 1666
1647900 1666
1647910 1671
1647920 1675
1647930 1675
1647940 1680
1647950 1684
1647960 1684
1647970 1688
1647980 1692
1647990 1696
1648000 1696
1648010 1699
1648020 1703
1648030 1703
1648040 1706
1648050 1710
1648060 1710
1648070 1713
1648080 1716
1648090 1716
1648100 1718
1648110 1720
1648120 1720
1648130 1723
1648140 1727
1648150 1727
1648160 1730
1648170 1732
1648180 1732
1648190 1735
1648200 1737
1648210 1737
1648220 1739
1648230 1741
1648240 1741
1648250 1742
1648260 1744
1648270 1745
1648280 1745
1648290 1746
1648300 1746
1648310 1746
1648320 1747
1648330 1749
1648340 1749
1648350 1750
1648360 1751
1648370 1751
1648380 1752
1648390 1752
1648400 1752
1648410 1752
1648420 1752
1648430 1752
1648440 1750
1648450 1749
1648460 1749
1648470 1747
1648480 1744
1648490 1744
1648500 1742
1648510 1740
1648520 1740
1648530 1739
1648540 1738
1648550 1737
1648560 1737
1648570 1738
1648580 1740
1648590 1740
1648600 1743
1648610 1746
1648620 1746
1648630 1750
1648640 1753
1648650 1753
1648660 1756
1648670 1760
1648680 1760
1648690 1763
1648700 1766
1648710 1766
1648720 1768
1648730 1769
1648740 1769
1648750 1771
1648760 1772
1648770 1772
1648780 1772
1648790 1773
1648800 1773
1648810 1774
1648820 1776
1648830 1777
1648840 1777
1648850 1779
1648860 1781
1648870 1781
1648880 1783
1648890 1786
1648900 1786
1648910 1788
1648920 1790
1648930 1790
1648940 1792
1648950 1794
1648960 1794
1648970 1796
1648980 1799
1648990 1799
1649000 1803
1649010 1805
1649020 1805
1649030 1808
1649040 1810
1649050 1810
1649060 1812
1649070 1813
1649080 1813
1649090 1814
1649100 1815
1649110 1815
1649120 1815
1649130 1816
1649140 1819
1649150 1819
1649160 1819
1649170 1818
1649180 1818
1649190 1817
1649200 1815
1649210 1815
1649220 1811
1649230 1807
1649240 1807
1649250 1803
1649260 1799
1649270 1799
1649280 1796
1649290 1794
1649300 1794
1649310 1791
1649320 1789
1649330 1789
1649340 1786
1649350 1784
1649360 1784
1649370 1782
1649380 1781
1649390 1779
1649400 1779
1649410 1777
1649420 1775
1649430 1775
1649440 1774
1649450 1773
1649460 1773
1649470 1772
1649480 1771
1649490 1771
1649500 1770
1649510 1768
1649520 1768
1649530 1769
1649540 1772
1649550 1772
1649560 1774
1649570 1777
1649580 1777
1649590 1779
1649600 1782
1649610 1782
1649620 1784
1649630 1787
1649640 1787
1649650 1789
1649660 1791
1649670 1791
1649680 1793
1649690 1794
1649700 1796
1649710 1796
1649720 1797
1649730 1799
1649740 1799
1649750 1800
1649760 1802
1649770 1802
1649780 1802
1649790 1803
1649800 1803
1649810 1803
1649820 1803
1649830 1803
1649840 1804
1649850 1804
1649860 1804
1649870 1805
1649880 1805
1649890 1805
1649900 1805
1649910 1811
1649920 1811
1649930 1811
1649940 1811
1649950 1811
1649960 1812
1649970 1812
1649980 1813
1649990 1813
1650000 1813
1650010 1814
1650020 1814
1650030 1814
1650040 1815
1650050 1815
1650060 1816
1650070 1817
1650080 1817
1650090 1818
1650100 1819
1650110 1819
1650120 1819
1650130 1819
1650140 1819
1650150 1819
1650160 1819
1650170 1819
1650180 1819
1650190 1819
1650200 1819
1650210 1818
1650220 1819
1650230 1819
1650240 1819
1650250 1819
1650260 1818
1650270 1818
1650280 1815
1650290 1813
1650300 1813
1650310 1810
1650320 1806
1650330 1806
1650340 1802
1650350 1797
1650360 1797
1650370 1793
1650380 1789
1650390 1789
1650400 1783
1650410 1778
1650420 1778
1650430 1773
1650440 1768
1650450 1768
1650460 1762
1650470 1757
1650480 1757
1650490 1753
1650500 1749
1650510 1749
1650520 1745
1650530 1741
1650540 1737
1650550 1737
1650560 1734
1650570 1730
1650580 1730
1650590 1727
1650600 1722
1650610 1722
1650620 1719
1650630 1715
1650640 1715
1650650 1711
1650660 1707
1650670 1707
1650680 1698
1650690 1695
1650700 1695
1650710 1692
1650720 1688
1650730 1688
1650740 1685
1650750 1682
1650760 1682
1650770 1679
1650780 1677
1650790 1677
1650800 1678
1650810 1678
1650820 1676
1650830 1676
1650840 1673
1650850 1669
1650860 1669
1650870 1665
1650880 1660
1650890 1660
1650900 1655
1650910 1650
1650920 1650
1650930 1645
1650940 1640
1650950 1640
1650960 1636
1650970 1632
1650980 1632
1650990 1627
1651000 1623
1651010 1623
1651020 1618
1651030 1612
1651040 1612
1651050 1606
1651060 1598
1651070 1598
1651080 1593
1651090 1586
1651100 1586
1651110 1578
1651120 1571
1651130 1565
1651140 1565
1651150 1559
1651160 1554
1651170 1554
1651180 1548
1651190 1542
1651200 1542
1651210 1537
1651220 1531
1651230 1531
1651240 1525
1651250 1520
1651260 1520
1651270 1514
1651280 1510
1651290 1510
1651300 1505
1651310 1500
1651320 1500
1651330 1495
1651340 1490
1651350 1490
1651360 1485
1651370 1479
1651380 1479
1651390 1474
1651400 1468
1651410 1464
1651420 1464
1651430 1458
1651440 1453
1651450 1453
1651460 1447
1651470 1440
1651480 1440
1651490 1434
1651500 1428
1651510 1428
1651520 1421
1651530 1415
1651540 1415
1651550 1408
1651560 1403
1651570 1403
1651580 1400
1651590 1400
1651600 1400
1651610 1402
1651620 1404
1651630 1404
1651640 1405
1651650 1407
1651660 1407
1651670 1409
1651680 1408
1651690 1410
1651700 1410
1651710 1412
1651720 1414
1651730 1414
1651740 1417
1651750 1420
1651760 1420
1651770 1424
1651780 1427
1651790 1427
1651800 1430
1651810 1433
1651820 1433
1651830 1437
1651840 1441
1651850 1441
1651860 1446
1651870 1451
1651880 1451
1651890 1454
1651900 1456
1651910 1456
1651920 1460
1651930 1462
1651940 1462
1651950 1464
1651960 1465
1651970 1465
1651980 1465
1651990 1464
1652000 1461
1652010 1461
1652020 1457
1652030 1452
1652040 1452
1652050 1448
1652060 1446
1652070 1446
1652080 1441
1652090 1437
1652100 1437
1652110 1434
1652120 1431
1652130 1431
1652140 1428
1652150 1424
1652160 1424
1652170 1418
1652180 1413
1652190 1413
1652200 1404
1652210 1399
1652220 1399
1652230 1394
1652240 1388
1652250 1382
1652260 1382
1652270 1376
1652280 1369
1652290 1369
1652300 1363
1652310 1358
1652320 1358
1652330 1353
1652340 1347
1652350 1347
1652360 1340
1652370 1333
1652380 1333
1652390 1327
1652400 1321
1652410 1321
1652420 1319
1652430 1321
1652440 1321
1652450 1325
1652460 1329
1652470 1329
1652480 1334
1652490 1337
1652500 1337
1652510 1338
1652520 1334
1652530 1334
1652540 1328
1652550 1322
1652560 1316
1652570 1316
1652580 1311
1652590 1306
1652600 1306
1652610 1302
1652620 1297
1652630 1297
1652640 1291
1652650 1285
1652660 1285
1652670 1282
1652680 1286
1652690 1286
1652700 1294
1652710 1301
1652720 1301
1652730 1307
1652740 1313
1652750 1313
1652760 1319
1652770 1324
1652780 1324
1652790 1329
1652800 1335
1652810 1335
1652820 1339
1652830 1344
1652840 1349
1652850 1349
1652860 1352
1652870 1352
1652880 1352
1652890 1352
1652900 1351
1652910 1351
1652920 1348
1652930 1344
1652940 1344
1652950 1340
1652960 1330
1652970 1330
1652980 1326
1652990 1322
1653000 1322
1653010 1319
1653020 1315
1653030 1315
1653040 1310
1653050 1306
1653060 1306
1653070 1302
1653080 1298
1653090 1298
1653100 1295
1653110 1294
1653120 1292
1653130 1292
1653140 1291
1653150 1289
1653160 1289
1653170 1288
1653180 1286
1653190 1286
1653200 1284
1653210 1282
1653220 1282
1653230 1282
1653240 1283
1653250 1283
1653260 1282
1653270 1282
1653280 1282
1653290 1281
1653300 1281
1653310 1281
1653320 1280
1653330 1279
1653340 1279
1653350 1278
1653360 1277
1653370 1277
1653380 1276
1653390 1275
1653400 1273
1653410 1273
1653420 1273
1653430 1274
1653440 1274
1653450 1276
1653460 1278
1653470 1278
1653480 1281
1653490 1284
1653500 1284
1653510 1288
1653520 1291
1653530 1291
1653540 1296
1653550 1300
1653560 1300
1653570 1304
1653580 1309
1653590 1309
1653600 1315
1653610 1319
1653620 1319
1653630 1324
1653640 1329
1653650 1329
1653660 1333
1653670 1337
1653680 1337
1653690 1340
1653700 1343
1653710 1346
1653720 1349
1653730 1351
1653740 1354
1653750 1354
1653760 1356
1653770 1359
1653780 1359
1653790 1361
1653800 1365
1653810 1365
1653820 1369
1653830 1374
1653840 1374
1653850 1379
1653860 1384
1653870 1384
1653880 1388
1653890 1392
1653900 1392
1653910 1397
1653920 1401
1653930 1401
1653940 1405
1653950 1409
1653960 1409
1653970 1413
1653980 1417
1653990 1421
1654000 1421
1654010 1425
1654020 1429
1654030 1429
1654040 1432
1654050 1435
1654060 1435
1654070 1438
1654080 1441
1654090 1441
1654100 1444
1654110 1446
1654120 1446
1654130 1449
1654140 1452
1654150 1452
1654160 1455
1654170 1457
1654180 1457
1654190 1460
1654200 1465
1654210 1465
1654220 1469
1654230 1472
1654240 1472
1654250 1476
1654260 1479
1654270 1482
1654280 1482
1654290 1486
1654300 1491
1654310 1491
1654320 1495
1654330 1500
1654340 1500
1654350 1504
1654360 1508
1654370 1508
1654380 1512
1654390 1516
1654400 1516
1654410 1520
1654420 1524
1654430 1524
1654440 1528
1654450 1532
1654460 1532
1654470 1536
1654480 1539
1654490 1539
1654500 1542
1654510 1545
1654520 1545
1654530 1549
1654540 1552
1654550 1555
1654560 1555
1654570 1557
1654580 1559
1654590 1559
1654600 1560
1654610 1560
1654620 1560
1654630 1560
1654640 1558
1654650 1558
1654660 1555
1654670 1552
1654680 1552
1654690 1549
1654700 1545
1654710 1545
1654720 1540
1654730 1535
1654740 1535
1654750 1529
1654760 1523
1654770 1523
1654780 1518
1654790 1512
1654800 1512
1654810 1507
1654820 1502
1654830 1500
1654840 1500
1654850 1499
1654860 1498
1654870 1498
1654880 1496
1654890 1493
1654900 1493
1654910 1489
1654920 1484
1654930 1484
1654940 1480
1654950 1475
1654960 1475
1654970 1470
1654980 1466
1654990 1466
1655000 1463
1655010 1461
1655020 1461
1655030 1460
1655040 1458
1655050 1458
1655060 1456
1655070 1456
1655080 1456
1655090 1457
1655100 1459
1655110 1459
1655120 1460
1655130 1463
1655140 1467
1655150 1467
1655160 1472
1655170 1476
1655180 1476
1655190 1480
1655200 1484
1655210 1484
1655220 1484
1655230 1487
1655240 1487
1655250 1490
1655260 1492
1655270 1492
1655280 1493
1655290 1495
1655300 1495
1655310 1496
1655320 1497
1655330 1497
1655340 1499
1655350 1500
1655360 1500
1655370 1501
1655380 1501
1655390 1501
1655400 1501
1655410 1502
1655420 1502
1655430 1502
1655440 1502
1655450 1503
1655460 1503
1655470 1504
1655480 1504
1655490 1504
1655500 1504
1655510 1505
1655520 1505
1655530 1505
1655540 1505
1655550 1505
1655560 1505
1655570 1506
1655580 1506
1655590 1506
1655600 1506
1655610 1506
1655620 1506
1655630 1505
1655640 1505
1655650 1504
1655660 1503
1655670 1503
1655680 1501
1655690 1499
1655700 1498
1655710 1498
1655720 1496
1655730 1495
1655740 1495
1655750 1493
1655760 1491
1655770 1491
1655780 1489
1655790 1487
1655800 1487
1655810 1484
1655820 1482
1655830 1482
1655840 1480
1655850 1478
1655860 1478
1655870 1477
1655880 1475
1655890 1475
1655900 1474
1655910 1472
1655920 1472
1655930 1470
1655940 1469
1655950 1469
1655960 1464
1655970 1463
1655980 1462
1655990 1462
1656000 1460
1656010 1458
1656020 1458
1656030 1456
1656040 1454
1656050 1454
1656060 1451
1656070 1448
1656080 1448
1656090 1444
1656100 1441
1656110 1441
1656120 1437
1656130 1432
1656140 1432
1656150 1428
1656160 1424
1656170 1424
1656180 1419
1656190 1413
1656200 1413
1656210 1407
1656220 1402
1656230 1402
1656240 1395
1656250 1389
1656260 1382
1656270 1382
1656280 1376
1656290 1369
1656300 1369
1656310 1364
1656320 1360
1656330 1360
1656340 1355
1656350 1350
1656360 1350
1656370 1345
1656380 1340
1656390 1340
1656400 1336
1656410 1332
1656420 1332
1656430 1327
1656440 1325
1656450 1325
1656460 1323
1656470 1320
1656480 1320
1656490 1319
1656500 1318
1656510 1318
1656520 1317
1656530 1315
1656540 1315
1656550 1313
1656560 1311
1656570 1310
1656580 1310
1656590 1309
1656600 1308
1656610 1308
1656620 1307
1656630 1306
1656640 1306
1656650 1304
1656660 1303
1656670 1303
1656680 1301
1656690 1299
1656700 1294
1656710 1293
1656720 1291
1656730 1291
1656740 1290
1656750 1288
1656760 1288
1656770 1286
1656780 1284
1656790 1284
1656800 1281
1656810 1278
1656820 1278
1656830 1275
1656840 1271
1656850 1268
1656860 1268
1656870 1266
1656880 1262
1656890 1262
1656900 1259
1656910 1255
1656920 1255
1656930 1252
1656940 1250
1656950 1250
1656960 1248
1656970 1247
1656980 1247
1656990 1244
1657000 1243
1657010 1243
1657020 1242
1657030 1240
1657040 1240
1657050 1240
1657060 1241
1657070 1241
1657080 1241
1657090 1241
1657100 1241
1657110 1242
1657120 1244
1657130 1246
1657140 1246
1657150 1247
1657160 1250
1657170 1250
1657180 1252
1657190 1254
1657200 1254
1657210 1256
1657220 1258
1657230 1258
1657240 1260
1657250 1262
1657260 1262
1657270 1264
1657280 1266
1657290 1266
1657300 1268
1657310 1270
1657320 1270
1657330 1273
1657340 1275
1657350 1275
1657360 1277
1657370 1280
1657380 1280
1657390 1283
1657400 1285
1657410 1287
1657420 1287
1657430 1289
1657440 1289
1657450 1289
1657460 1288
1657470 1287
1657480 1287
1657490 1284
1657500 1282
1657510 1282
1657520 1280
1657530 1279
1657540 1279
1657550 1276
1657560 1274
1657570 1274
1657580 1270
1657590 1267
1657600 1267
1657610 1264
1657620 1261
1657630 1261
1657640 1257
1657650 1253
1657660 1253
1657670 1250
1657680 1249
1657690 1247
1657700 1247
1657710 1245
1657720 1243
1657730 1243
1657740 1242
1657750 1240
1657760 1240
1657770 1239
1657780 1237
1657790 1237
1657800 1235
1657810 1234
1657820 1234
1657830 1233
1657840 1232
1657850 1232
1657860 1231
1657870 1229
1657880 1229
1657890 1229
1657900 1228
1657910 1228
1657920 1229
1657930 1229
1657940 1229
1657950 1227
1657960 1226
1657970 1226
1657980 1224
1657990 1221
1658000 1220
1658010 1220
1658020 1218
1658030 1216
1658040 1216
1658050 1215
1658060 1217
1658070 1217
1658080 1219
1658090 1220
1658100 1220
1658110 1220
1658120 1219
1658130 1219
1658140 1220
1658150 1223
1658160 1223
1658170 1225
1658180 1223
1658190 1223
1658200 1226
1658210 1228
1658220 1228
1658230 1231
1658240 1234
1658250 1234
1658260 1237
1658270 1240
1658280 1242
1658290 1242
1658300 1244
1658310 1247
1658320 1247
1658330 1250
1658340 1252
1658350 1252
1658360 1255
1658370 1258
1658380 1258
1658390 1262
1658400 1265
1658410 1265
1658420 1269
1658430 1272
1658440 1272
1658450 1276
1658460 1279
1658470 1279
1658480 1283
1658490 1287
1658500 1287
1658510 1290
1658520 1294
1658530 1294
1658540 1298
1658550 1302
1658560 1306
1658570 1306
1658580 1309
1658590 1313
1658600 1313
1658610 1317
1658620 1321
1658630 1321
1658640 1325
1658650 1329
1658660 1329
1658670 1333
1658680 1338
1658690 1338
1658700 1342
1658710 1347
1658720 1347
1658730 1351
1658740 1355
1658750 1355
1658760 1359
1658770 1363
1658780 1363
1658790 1368
1658800 1372
1658810 1372
1658820 1376
1658830 1379
1658840 1381
1658850 1381
1658860 1383
1658870 1383
1658880 1383
1658890 1384
1658900 1385
1658910 1383
1658920 1384
1658930 1385
1658940 1385
1658950 1385
1658960 1386
1658970 1386
1658980 1387
1658990 1388
1659000 1388
1659010 1390
1659020 1390
1659030 1390
1659040 1391
1659050 1392
1659060 1392
1659070 1394
1659080 1395
1659090 1395
1659100 1396
1659110 1397
1659120 1398
1659130 1398
1659140 1398
1659150 1397
1659160 1397
1659170 1397
1659180 1396
1659190 1396
1659200 1395
1659210 1394
1659220 1394
1659230 1394
1659240 1394
1659250 1394
1659260 1394
1659270 1395
1659280 1395
1659290 1395
1659300 1395
1659310 1395
1659320 1394
1659330 1393
1659340 1393
1659350 1392
1659360 1392
1659370 1392
1659380 1392
1659390 1390
1659400 1390
1659410 1389
1659420 1388
1659430 1387
1659440 1387
1659450 1387
1659460 1385
1659470 1385
1659480 1383
1659490 1381
1659500 1381
1659510 1379
1659520 1376
1659530 1376
1659540 1374
1659550 1372
1659560 1372
1659570 1371
1659580 1369
1659590 1369
1659600 1369
1659610 1368
1659620 1368
1659630 1365
1659640 1370
1659650 1370
1659660 1370
1659670 1370
1659680 1370
1659690 1369
1659700 1369
1659710 1368
1659720 1368
1659730 1367
1659740 1366
1659750 1366
1659760 1364
1659770 1361
1659780 1361
1659790 1359
1659800 1357
1659810 1357
1659820 1355
1659830 1353
1659840 1353
1659850 1348
1659860 1343
1659870 1343
1659880 1340
1659890 1337
1659900 1337
1659910 1333
1659920 1329
1659930 1329
1659940 1324
1659950 1320
1659960 1320
1659970 1316
1659980 1312
1659990 1308
