1640000 1898
1640010 1898
1640020 1895
1640030 1893
1640040 1893
1640050 1890
1640060 1884
1640070 1884
1640080 1878
1640090 1874
1640100 1874
1640110 1871
1640120 1869
1640130 1869
1640140 1868
1640150 1868
1640160 1868
1640170 1868
1640180 1871
1640190 1871
1640200 1877
1640210 1878
1640220 1878
1640230 1882
1640240 1888
1640250 1888
1640260 1884
1640270 1882
1640280 1875
1640290 1875
1640300 1868
1640310 1863
1640320 1863
1640330 1857
1640340 1850
1640350 1850
1640360 1843
1640370 1837
1640380 1837
1640390 1832
1640400 1823
1640410 1823
1640420 1817
1640430 1814
1640440 1814
1640450 1809
1640460 1804
1640470 1804
1640480 1799
1640490 1793
1640500 1793
1640510 1786
1640520 1772
1640530 1772
1640540 1762
1640550 1752
1640560 1742
1640570 1742
1640580 1733
1640590 1725
1640600 1725
1640610 1714
1640620 1703
1640630 1703
1640640 1688
1640650 1670
1640660 1670
1640670 1649
1640680 1641
1640690 1641
1640700 1635
1640710 1628
1640720 1628
1640730 1622
1640740 1616
1640750 1616
1640760 1610
1640770 1604
1640780 1604
1640790 1600
1640800 1596
1640810 1596
1640820 1593
1640830 1590
1640840 1586
1640850 1586
1640860 1580
1640870 1573
1640880 1573
1640890 1567
1640900 1562
1640910 1562
1640920 1556
1640930 1549
1640940 1549
1640950 1542
1640960 1533
1640970 1533
1640980 1525
1640990 1518
1641000 1518
1641010 1513
1641020 1507
1641030 1507
1641040 1500
1641050 1492
1641060 1492
1641070 1486
1641080 1483
1641090 1482
1641100 1480
1641110 1480
1641120 1480
1641130 1480
1641140 1479
1641150 1478
1641160 1478
1641170 1477
1641180 1476
1641190 1476
1641200 1474
1641210 1473
1641220 1473
1641230 1473
1641240 1474
1641250 1474
1641260 1474
1641270 1475
1641280 1475
1641290 1476
1641300 1476
1641310 1476
1641320 1476
1641330 1477
1641340 1477
1641350 1478
1641360 1478
1641370 1478
1641380 1479
1641390 1478
1641400 1478
1641410 1478
1641420 1479
1641430 1480
1641440 1480
1641450 1482
1641460 1483
1641470 1483
1641480 1483
1641490 1483
1641500 1483
1641510 1484
1641520 1485
1641530 1485
1641540 1485
1641550 1486
1641560 1486
1641570 1487
1641580 1488
1641590 1488
1641600 1489
1641610 1490
1641620 1490
1641630 1493
1641640 1496
1641650 1496
1641660 1500
1641670 1503
1641680 1503
1641690 1507
1641700 1511
1641710 1516
1641720 1516
1641730 1521
1641740 1525
1641750 1525
1641760 1528
1641770 1533
1641780 1533
1641790 1538
1641800 1544
1641810 1544
1641820 1550
1641830 1555
1641840 1555
1641850 1560
1641860 1566
1641870 1566
1641880 1573
1641890 1579
1641900 1579
1641910 1580
1641920 1586
1641930 1586
1641940 1585
1641950 1580
1641960 1580
1641970 1576
1641980 1580
1641990 1591
1642000 1591
1642010 1602
1642020 1610
1642030 1610
1642040 1615
1642050 1620
1642060 1620
1642070 1625
1642080 1629
1642090 1629
1642100 1633
1642110 1636
1642120 1636
1642130 1639
1642140 1642
1642150 1642
1642160 1643
1642170 1644
1642180 1644
1642190 1643
1642200 1642
1642210 1642
1642220 1642
1642230 1643
1642240 1643
1642250 1642
1642260 1641
1642270 1640
1642280 1640
1642290 1645
1642300 1653
1642310 1653
1642320 1661
1642330 1668
1642340 1668
1642350 1673
1642360 1679
1642370 1679
1642380 1685
1642390 1691
1642400 1691
1642410 1696
1642420 1701
1642430 1701
1642440 1706
1642450 1711
1642460 1711
1642470 1715
1642480 1719
1642490 1719
1642500 1724
1642510 1729
1642520 1729
1642530 1733
1642540 1737
1642550 1737
1642560 1740
1642570 1743
1642580 1745
1642590 1745
1642600 1749
1642610 1754
1642620 1754
1642630 1759
1642640 1764
1642650 1764
1642660 1767
1642670 1770
1642680 1770
1642690 1774
1642700 1778
1642710 1778
1642720 1777
1642730 1779
1642740 1779
1642750 1775
1642760 1769
1642770 1769
1642780 1766
1642790 1768
1642800 1768
1642810 1769
1642820 1772
1642830 1772
1642840 1771
1642850 1764
1642860 1765
1642870 1765
1642880 1770
1642890 1775
1642900 1775
1642910 1777
1642920 1782
1642930 1782
1642940 1786
1642950 1786
1642960 1786
1642970 1781
1642980 1779
1642990 1779
1643000 1779
1643010 1777
1643020 1777
1643030 1774
1643040 1772
1643050 1772
1643060 1774
1643070 1776
1643080 1776
1643090 1779
1643100 1782
1643110 1782
1643120 1782
1643130 1779
1643140 1777
1643150 1777
1643160 1777
1643170 1776
1643180 1776
1643190 1773
1643200 1777
1643210 1777
1643220 1781
1643230 1784
1643240 1784
1643250 1788
1643260 1793
1643270 1793
1643280 1797
1643290 1800
1643300 1800
1643310 1801
1643320 1801
1643330 1801
1643340 1802
1643350 1805
1643360 1805
1643370 1810
1643380 1816
1643390 1816
1643400 1824
1643410 1831
1643420 1838
1643430 1838
1643440 1844
1643450 1850
1643460 1850
1643470 1856
1643480 1861
1643490 1861
1643500 1866
1643510 1871
1643520 1868
1643530 1873
1643540 1878
1643550 1878
1643560 1882
1643570 1887
1643580 1887
1643590 1891
1643600 1894
1643610 1894
1643620 1897
1643630 1899
1643640 1899
1643650 1901
1643660 1902
1643670 1902
1643680 1905
1643690 1905
1643700 1905
1643710 1906
1643720 1906
1643730 1906
1643740 1906
1643750 1906
1643760 1906
1643770 1906
1643780 1906
1643790 1906
1643800 1906
1643810 1905
1643820 1903
1643830 1903
1643840 1901
1643850 1901
1643860 1901
1643870 1901
1643880 1900
1643890 1900
1643900 1899
1643910 1898
1643920 1898
1643930 1897
1643940 1897
1643950 1897
1643960 1895
1643970 1894
1643980 1894
1643990 1893
1644000 1891
1644010 1890
1644020 1890
1644030 1889
1644040 1888
1644050 1888
1644060 1886
1644070 1884
1644080 1884
1644090 1883
1644100 1882
1644110 1882
1644120 1880
1644130 1878
1644140 1878
1644150 1877
1644160 1876
1644170 1876
1644180 1876
1644190 1875
1644200 1875
1644210 1874
1644220 1873
1644230 1873
1644240 1871
1644250 1870
1644260 1870
1644270 1870
1644280 1869
1644290 1868
1644300 1868
1644310 1867
1644320 1863
1644330 1863
1644340 1861
1644350 1860
1644360 1860
1644370 1859
1644380 1859
1644390 1859
1644400 1858
1644410 1857
1644420 1857
1644430 1856
1644440 1855
1644450 1855
1644460 1854
1644470 1853
1644480 1853
1644490 1852
1644500 1851
1644510 1851
1644520 1850
1644530 1848
1644540 1848
1644550 1847
1644560 1846
1644570 1844
1644580 1844
1644590 1843
1644600 1842
1644610 1842
1644620 1840
1644630 1837
1644640 1837
1644650 1835
1644660 1833
1644670 1833
1644680 1831
1644690 1830
1644700 1830
1644710 1828
1644720 1826
1644730 1826
1644740 1825
1644750 1824
1644760 1824
1644770 1821
1644780 1819
1644790 1819
1644800 1818
1644810 1817
1644820 1817
1644830 1816
1644840 1812
1644850 1812
1644860 1810
1644870 1808
1644880 1806
1644890 1806
1644900 1804
1644910 1803
1644920 1803
1644930 1800
1644940 1799
1644950 1799
1644960 1797
1644970 1796
1644980 1796
1644990 1794
1645000 1792
1645010 1792
1645020 1791
1645030 1790
1645040 1790
1645050 1789
1645060 1788
1645070 1788
1645080 1788
1645090 1787
1645100 1787
1645110 1787
1645120 1783
1645130 1783
1645140 1783
1645150 1782
1645160 1782
1645170 1782
1645180 1782
1645190 1781
1645200 1781
1645210 1781
1645220 1782
1645230 1782
1645240 1782
1645250 1782
1645260 1782
1645270 1781
1645280 1781
1645290 1781
1645300 1781
1645310 1781
1645320 1781
1645330 1781
1645340 1781
1645350 1781
1645360 1781
1645370 1781
1645380 1781
1645390 1780
1645400 1779
1645410 1779
1645420 1778
1645430 1777
1645440 1776
1645450 1776
1645460 1775
1645470 1773
1645480 1773
1645490 1771
1645500 1768
1645510 1768
1645520 1764
1645530 1761
1645540 1761
1645550 1757
1645560 1753
1645570 1753
1645580 1749
1645590 1744
1645600 1744
1645610 1740
1645620 1735
1645630 1735
1645640 1731
1645650 1725
1645660 1725
1645670 1713
1645680 1702
1645690 1702
1645700 1691
1645710 1675
1645720 1664
1645730 1664
1645740 1657
1645750 1650
1645760 1650
1645770 1645
1645780 1642
1645790 1642
1645800 1640
1645810 1640
1645820 1640
1645830 1639
1645840 1640
1645850 1640
1645860 1641
1645870 1639
1645880 1639
1645890 1633
1645900 1626
1645910 1628
1645920 1621
1645930 1615
1645940 1615
1645950 1610
1645960 1602
1645970 1602
1645980 1591
1645990 1581
1646000 1581
1646010 1572
1646020 1564
1646030 1556
1646040 1556
1646050 1550
1646060 1545
1646070 1545
1646080 1540
1646090 1535
1646100 1535
1646110 1531
1646120 1528
1646130 1528
1646140 1525
1646150 1522
1646160 1522
1646170 1520
1646180 1518
1646190 1518
1646200 1517
1646210 1516
1646220 1516
1646230 1515
1646240 1515
1646250 1515
1646260 1515
1646270 1517
1646280 1517
1646290 1518
1646300 1519
1646310 1521
1646320 1521
1646330 1521
1646340 1522
1646350 1522
1646360 1524
1646370 1526
1646380 1526
1646390 1528
1646400 1531
1646410 1531
1646420 1534
1646430 1538
1646440 1538
1646450 1542
1646460 1545
1646470 1545
1646480 1549
1646490 1553
1646500 1553
1646510 1558
1646520 1562
1646530 1562
1646540 1567
1646550 1572
1646560 1572
1646570 1577
1646580 1583
1646590 1588
1646600 1588
1646610 1594
1646620 1599
1646630 1599
1646640 1605
1646650 1611
1646660 1611
1646670 1616
1646680 1621
1646690 1621
1646700 1627
1646710 1630
1646720 1630
1646730 1633
1646740 1636
1646750 1636
1646760 1640
1646770 1643
1646780 1643
1646790 1646
1646800 1649
1646810 1649
1646820 1651
1646830 1654
1646840 1654
1646850 1657
1646860 1660
1646870 1663
1646880 1663
1646890 1665
1646900 1668
1646910 1668
1646920 1670
1646930 1673
1646940 1673
1646950 1675
1646960 1677
1646970 1677
1646980 1679
1646990 1682
1647000 1682
1647010 1684
1647020 1687
1647030 1687
1647040 1690
1647050 1693
1647060 1693
1647070 1696
1647080 1700
1647090 1700
1647100 1703
1647110 1706
1647120 1706
1647130 1710
1647140 1713
1647150 1713
1647160 1717
1647170 1721
1647180 1724
1647190 1724
1647200 1728
1647210 1732
1647220 1732
1647230 1735
1647240 1739
1647250 1739
1647260 1742
1647270 1746
1647280 1746
1647290 1750
1647300 1753
1647310 1753
1647320 1757
1647330 1760
1647340 1760
1647350 1764
1647360 1767
1647370 1767
1647380 1770
1647390 1773
1647400 1773
1647410 1776
1647420 1779
1647430 1779
1647440 1782
1647450 1785
1647460 1787
1647470 1787
1647480 1791
1647490 1793
1647500 1793
1647510 1795
1647520 1796
1647530 1796
1647540 1798
1647550 1798
1647560 1798
1647570 1797
1647580 1794
1647590 1794
1647600 1792
1647610 1790
1647620 1790
1647630 1786
1647640 1780
1647650 1780
1647660 1775
1647670 1770
1647680 1770
1647690 1765
1647700 1760
1647710 1760
1647720 1754
1647730 1749
1647740 1744
1647750 1744
1647760 1735
1647770 1730
1647780 1730
1647790 1725
1647800 1720
1647810 1720
1647820 1717
1647830 1714
1647840 1714
1647850 1710
1647860 1705
1647870 1705
1647880 1699
1647890 1693
1647900 1693
1647910 1688
1647920 1683
1647930 1683
1647940 1678
1647950 1673
1647960 1673
1647970 1668
1647980 1664
1647990 1664
1648000 1660
1648010 1656
1648020 1651
1648030 1651
1648040 1647
1648050 1642
1648060 1642
1648070 1639
1648080 1637
1648090 1637
1648100 1635
1648110 1631
1648120 1631
1648130 1625
1648140 1620
1648150 1620
1648160 1613
1648170 1606
1648180 1606
1648190 1600
1648200 1592
1648210 1592
1648220 1587
1648230 1580
1648240 1580
1648250 1573
1648260 1566
1648270 1566
1648280 1559
1648290 1551
1648300 1544
1648310 1544
1648320 1535
1648330 1526
1648340 1526
1648350 1521
1648360 1523
1648370 1523
1648380 1527
1648390 1531
1648400 1531
1648410 1535
1648420 1540
1648430 1540
1648440 1545
1648450 1548
1648460 1548
1648470 1553
1648480 1558
1648490 1558
1648500 1562
1648510 1566
1648520 1566
1648530 1569
1648540 1573
1648550 1573
1648560 1577
1648570 1583
1648580 1583
1648590 1589
1648600 1593
1648610 1597
1648620 1597
1648630 1601
1648640 1603
1648650 1603
1648660 1606
1648670 1609
1648680 1609
1648690 1611
1648700 1613
1648710 1613
1648720 1614
1648730 1616
1648740 1616
1648750 1617
1648760 1618
1648770 1618
1648780 1625
1648790 1631
1648800 1631
1648810 1636
1648820 1641
1648830 1641
1648840 1645
1648850 1650
1648860 1650
1648870 1654
1648880 1656
1648890 1658
1648900 1658
1648910 1660
1648920 1662
1648930 1662
1648940 1665
1648950 1667
1648960 1667
1648970 1670
1648980 1673
1648990 1673
1649000 1676
1649010 1681
1649020 1681
1649030 1685
1649040 1687
1649050 1687
1649060 1690
1649070 1692
1649080 1692
1649090 1694
1649100 1698
1649110 1698
1649120 1702
1649130 1707
1649140 1707
1649150 1711
1649160 1714
1649170 1718
1649180 1718
1649190 1722
1649200 1727
1649210 1727
1649220 1731
1649230 1733
1649240 1733
1649250 1737
1649260 1742
1649270 1742
1649280 1747
1649290 1752
1649300 1752
1649310 1757
1649320 1761
1649330 1761
1649340 1765
1649350 1768
1649360 1768
1649370 1771
1649380 1775
1649390 1775
1649400 1776
1649410 1777
1649420 1777
1649430 1777
1649440 1775
1649450 1775
1649460 1775
1649470 1773
1649480 1769
1649490 1769
1649500 1764
1649510 1760
1649520 1760
1649530 1755
1649540 1751
1649550 1751
1649560 1747
1649570 1742
1649580 1742
1649590 1737
1649600 1733
1649610 1733
1649620 1728
1649630 1723
1649640 1723
1649650 1718
1649660 1713
1649670 1713
1649680 1708
1649690 1702
1649700 1702
1649710 1696
1649720 1690
1649730 1690
1649740 1683
1649750 1680
1649760 1685
1649770 1685
1649780 1690
1649790 1691
1649800 1691
1649810 1684
1649820 1684
1649830 1684
1649840 1686
1649850 1689
1649860 1689
1649870 1690
1649880 1693
1649890 1693
1649900 1695
1649910 1697
1649920 1697
1649930 1699
1649940 1701
1649950 1701
1649960 1703
1649970 1704
1649980 1704
1649990 1705
1650000 1707
1650010 1707
1650020 1709
1650030 1710
1650040 1711
1650050 1711
1650060 1712
1650070 1713
1650080 1713
1650090 1713
1650100 1714
1650110 1714
1650120 1715
1650130 1717
1650140 1717
1650150 1717
1650160 1718
1650170 1718
1650180 1719
1650190 1720
1650200 1720
1650210 1719
1650220 1718
1650230 1718
1650240 1717
1650250 1716
1650260 1716
1650270 1715
1650280 1712
1650290 1712
1650300 1709
1650310 1704
1650320 1699
1650330 1699
1650340 1694
1650350 1688
1650360 1688
1650370 1682
1650380 1676
1650390 1676
1650400 1670
1650410 1664
1650420 1664
1650430 1657
1650440 1650
1650450 1650
1650460 1644
1650470 1636
1650480 1636
1650490 1630
1650500 1623
1650510 1623
1650520 1616
1650530 1608
1650540 1608
1650550 1601
1650560 1594
1650570 1594
1650580 1584
1650590 1577
1650600 1570
1650610 1570
1650620 1564
1650630 1556
1650640 1556
1650650 1552
1650660 1544
1650670 1544
1650680 1538
1650690 1532
1650700 1532
1650710 1523
1650720 1516
1650730 1516
1650740 1512
1650750 1504
1650760 1504
1650770 1497
1650780 1491
1650790 1491
1650800 1484
1650810 1477
1650820 1477
1650830 1470
1650840 1464
1650850 1464
1650860 1456
1650870 1449
1650880 1449
1650890 1443
1650900 1437
1650910 1429
1650920 1429
1650930 1422
1650940 1415
1650950 1415
1650960 1409
1650970 1402
1650980 1402
1650990 1395
1651000 1389
1651010 1389
1651020 1385
1651030 1381
1651040 1381
1651050 1377
1651060 1373
1651070 1373
1651080 1368
1651090 1362
1651100 1362
1651110 1354
1651120 1346
1651130 1346
1651140 1339
1651150 1333
1651160 1333
1651170 1328
1651180 1329
1651190 1331
1651200 1331
1651210 1333
1651220 1335
1651230 1335
1651240 1336
1651250 1335
1651260 1335
1651270 1333
1651280 1331
1651290 1331
1651300 1329
1651310 1326
1651320 1326
1651330 1324
1651340 1322
1651350 1315
1651360 1315
1651370 1318
1651380 1318
1651390 1318
1651400 1317
1651410 1317
1651420 1316
1651430 1316
1651440 1316
1651450 1316
1651460 1317
1651470 1315
1651480 1315
1651490 1314
1651500 1311
1651510 1311
1651520 1307
1651530 1302
1651540 1302
1651550 1298
1651560 1293
1651570 1293
1651580 1290
1651590 1284
1651600 1284
1651610 1280
1651620 1275
1651630 1275
1651640 1270
1651650 1265
1651660 1265
1651670 1260
1651680 1255
1651690 1255
1651700 1250
1651710 1244
1651720 1244
1651730 1238
1651740 1233
1651750 1227
1651760 1227
1651770 1221
1651780 1217
1651790 1217
1651800 1211
1651810 1206
1651820 1206
1651830 1199
1651840 1192
1651850 1192
1651860 1184
1651870 1180
1651880 1180
1651890 1185
1651900 1192
1651910 1192
1651920 1199
1651930 1206
1651940 1206
1651950 1213
1651960 1219
1651970 1219
1651980 1224
1651990 1230
1652000 1230
1652010 1234
1652020 1237
1652030 1237
1652040 1239
1652050 1239
1652060 1238
1652070 1238
1652080 1237
1652090 1237
1652100 1237
1652110 1230
1652120 1232
1652130 1232
1652140 1233
1652150 1233
1652160 1233
1652170 1230
1652180 1226
1652190 1226
1652200 1221
1652210 1216
1652220 1216
1652230 1213
1652240 1210
1652250 1210
1652260 1208
1652270 1206
1652280 1206
1652290 1202
1652300 1199
1652310 1199
1652320 1196
1652330 1192
1652340 1188
1652350 1188
1652360 1184
1652370 1179
1652380 1179
1652390 1176
1652400 1171
1652410 1171
1652420 1167
1652430 1162
1652440 1162
1652450 1159
1652460 1156
1652470 1156
1652480 1157
1652490 1156
1652500 1156
1652510 1151
1652520 1145
1652530 1145
1652540 1142
1652550 1139
1652560 1139
1652570 1138
1652580 1138
1652590 1138
1652600 1138
1652610 1142
1652620 1146
1652630 1146
1652640 1149
1652650 1152
1652660 1152
1652670 1155
1652680 1159
1652690 1159
1652700 1163
1652710 1165
1652720 1165
1652730 1169
1652740 1172
1652750 1172
1652760 1177
1652770 1181
1652780 1181
1652790 1186
1652800 1191
1652810 1191
1652820 1196
1652830 1201
1652840 1201
1652850 1206
1652860 1211
1652870 1212
1652880 1217
1652890 1222
1652900 1222
1652910 1228
1652920 1234
1652930 1239
1652940 1239
1652950 1243
1652960 1248
1652970 1248
1652980 1253
1652990 1257
1653000 1257
1653010 1262
1653020 1267
1653030 1267
1653040 1272
1653050 1277
1653060 1277
1653070 1283
1653080 1290
1653090 1290
1653100 1294
1653110 1300
1653120 1300
1653130 1306
1653140 1311
1653150 1311
1653160 1317
1653170 1322
1653180 1322
1653190 1327
1653200 1333
1653210 1339
1653220 1339
1653230 1345
1653240 1350
1653250 1350
1653260 1356
1653270 1361
1653280 1361
1653290 1367
1653300 1372
1653310 1372
1653320 1377
1653330 1382
1653340 1382
1653350 1387
1653360 1392
1653370 1392
1653380 1397
1653390 1401
1653400 1401
1653410 1406
1653420 1411
1653430 1411
1653440 1416
1653450 1422
1653460 1422
1653470 1425
1653480 1430
1653490 1435
1653500 1435
1653510 1439
1653520 1444
1653530 1444
1653540 1448
1653550 1452
1653560 1452
1653570 1457
1653580 1461
1653590 1461
1653600 1465
1653610 1469
1653620 1472
1653630 1476
1653640 1480
1653650 1480
1653660 1484
1653670 1488
1653680 1488
1653690 1491
1653700 1495
1653710 1495
1653720 1499
1653730 1502
1653740 1502
1653750 1505
1653760 1509
1653770 1511
1653780 1511
1653790 1514
1653800 1517
1653810 1517
1653820 1519
1653830 1521
1653840 1521
1653850 1524
1653860 1526
1653870 1526
1653880 1528
1653890 1528
1653900 1528
1653910 1529
1653920 1528
1653930 1528
1653940 1527
1653950 1525
1653960 1525
1653970 1523
1653980 1521
1653990 1521
1654000 1518
1654010 1515
1654020 1515
1654030 1509
1654040 1503
1654050 1503
1654060 1496
1654070 1489
1654080 1482
1654090 1482
1654100 1475
1654110 1469
1654120 1469
1654130 1464
1654140 1458
1654150 1458
1654160 1452
1654170 1446
1654180 1446
1654190 1440
1654200 1434
1654210 1434
1654220 1427
1654230 1420
1654240 1420
1654250 1411
1654260 1405
1654270 1405
1654280 1399
1654290 1394
1654300 1394
1654310 1389
1654320 1386
1654330 1386
1654340 1384
1654350 1382
1654360 1380
1654370 1380
1654380 1371
1654390 1368
1654400 1368
1654410 1366
1654420 1364
1654430 1364
1654440 1361
1654450 1358
1654460 1358
1654470 1355
1654480 1352
1654490 1352
1654500 1348
1654510 1345
1654520 1345
1654530 1342
1654540 1339
1654550 1339
1654560 1336
1654570 1333
1654580 1333
1654590 1331
1654600 1328
1654610 1328
1654620 1326
1654630 1323
1654640 1320
1654650 1320
1654660 1317
1654670 1313
1654680 1313
1654690 1310
1654700 1307
1654710 1307
1654720 1303
1654730 1299
1654740 1299
1654750 1294
1654760 1289
1654770 1289
1654780 1285
1654790 1280
1654800 1280
1654810 1274
1654820 1269
1654830 1269
1654840 1267
1654850 1268
1654860 1268
1654870 1269
1654880 1271
1654890 1271
1654900 1273
1654910 1276
1654920 1279
1654930 1279
1654940 1281
1654950 1285
1654960 1285
1654970 1289
1654980 1293
1654990 1293
1655000 1296
1655010 1296
1655020 1296
1655030 1292
1655040 1287
1655050 1287
1655060 1282
1655070 1277
1655080 1277
1655090 1272
1655100 1267
1655110 1267
1655120 1259
1655130 1254
1655140 1254
1655150 1249
1655160 1244
1655170 1244
1655180 1238
1655190 1233
1655200 1233
1655210 1227
1655220 1221
1655230 1215
1655240 1215
1655250 1209
1655260 1210
1655270 1210
1655280 1212
1655290 1215
1655300 1215
1655310 1217
1655320 1220
1655330 1220
1655340 1223
1655350 1225
1655360 1225
1655370 1228
1655380 1230
1655390 1230
1655400 1232
1655410 1234
1655420 1234
1655430 1237
1655440 1239
1655450 1239
1655460 1241
1655470 1244
1655480 1244
1655490 1247
1655500 1250
1655510 1252
1655520 1252
1655530 1255
1655540 1257
1655550 1257
1655560 1258
1655570 1260
1655580 1260
1655590 1261
1655600 1262
1655610 1262
1655620 1262
1655630 1262
1655640 1262
1655650 1263
1655660 1262
1655670 1262
1655680 1262
1655690 1263
1655700 1263
1655710 1263
1655720 1263
1655730 1263
1655740 1263
1655750 1263
1655760 1263
1655770 1263
1655780 1263
1655790 1264
1655800 1264
1655810 1265
1655820 1266
1655830 1266
1655840 1268
1655850 1271
1655860 1271
1655870 1271
1655880 1275
1655890 1275
1655900 1279
1655910 1282
1655920 1282
1655930 1287
1655940 1292
1655950 1292
1655960 1296
1655970 1301
1655980 1301
1655990 1305
1656000 1310
1656010 1310
1656020 1314
1656030 1317
1656040 1317
1656050 1319
1656060 1320
1656070 1320
1656080 1320
1656090 1321
1656100 1322
1656110 1322
1656120 1322
1656130 1320
1656140 1320
1656150 1317
1656160 1313
1656170 1313
1656180 1309
1656190 1305
1656200 1305
1656210 1300
1656220 1296
1656230 1296
1656240 1291
1656250 1286
1656260 1286
1656270 1278
1656280 1274
1656290 1274
1656300 1267
1656310 1261
1656320 1261
1656330 1255
1656340 1251
1656350 1251
1656360 1248
1656370 1243
1656380 1239
1656390 1239
1656400 1236
1656410 1232
1656420 1232
1656430 1229
1656440 1226
1656450 1226
1656460 1222
1656470 1218
1656480 1218
1656490 1213
1656500 1209
1656510 1209
1656520 1203
1656530 1198
1656540 1198
1656550 1192
1656560 1188
1656570 1188
1656580 1183
1656590 1179
1656600 1179
1656610 1173
1656620 1168
1656630 1168
1656640 1164
1656650 1159
1656660 1155
1656670 1155
1656680 1150
1656690 1146
1656700 1146
1656710 1142
1656720 1138
1656730 1138
1656740 1134
1656750 1129
1656760 1129
1656770 1122
1656780 1117
1656790 1117
1656800 1114
1656810 1110
1656820 1110
1656830 1106
1656840 1102
1656850 1102
1656860 1097
1656870 1095
1656880 1095
1656890 1095
1656900 1097
1656910 1097
1656920 1100
1656930 1104
1656940 1107
1656950 1107
1656960 1110
1656970 1113
1656980 1113
1656990 1116
1657000 1120
1657010 1120
1657020 1120
1657030 1121
1657040 1121
1657050 1125
1657060 1128
1657070 1128
1657080 1130
1657090 1133
1657100 1133
1657110 1136
1657120 1139
1657130 1139
1657140 1142
1657150 1144
1657160 1144
1657170 1146
1657180 1149
1657190 1149
1657200 1152
1657210 1154
1657220 1156
1657230 1156
1657240 1158
1657250 1160
1657260 1160
1657270 1163
1657280 1164
1657290 1164
1657300 1167
1657310 1170
1657320 1170
1657330 1172
1657340 1175
1657350 1171
1657360 1172
1657370 1173
1657380 1173
1657390 1173
1657400 1173
1657410 1173
1657420 1173
1657430 1173
1657440 1173
1657450 1174
1657460 1175
1657470 1175
1657480 1176
1657490 1176
1657500 1176
1657510 1177
1657520 1175
1657530 1175
1657540 1175
1657550 1175
1657560 1174
1657570 1174
1657580 1172
1657590 1167
1657600 1167
1657610 1162
1657620 1156
1657630 1156
1657640 1150
1657650 1145
1657660 1145
1657670 1139
1657680 1134
1657690 1134
1657700 1129
1657710 1124
1657720 1124
1657730 1119
1657740 1113
1657750 1113
1657760 1107
1657770 1102
1657780 1102
1657790 1096
1657800 1089
1657810 1085
1657820 1085
1657830 1080
1657840 1077
1657850 1077
1657860 1081
1657870 1085
1657880 1085
1657890 1086
1657900 1086
1657910 1086
1657920 1086
1657930 1086
1657940 1086
1657950 1088
1657960 1091
1657970 1091
1657980 1094
1657990 1097
1658000 1097
1658010 1100
1658020 1104
1658030 1104
1658040 1108
1658050 1112
1658060 1112
1658070 1117
1658080 1122
1658090 1127
1658100 1127
1658110 1131
1658120 1136
1658130 1136
1658140 1141
1658150 1146
1658160 1146
1658170 1151
1658180 1156
1658190 1156
1658200 1161
1658210 1165
1658220 1165
1658230 1168
1658240 1171
1658250 1171
1658260 1174
1658270 1177
1658280 1177
1658290 1180
1658300 1182
1658310 1182
1658320 1185
1658330 1188
1658340 1188
1658350 1192
1658360 1194
1658370 1197
1658380 1197
1658390 1198
1658400 1199
1658410 1199
1658420 1200
1658430 1201
1658440 1201
1658450 1202
1658460 1202
1658470 1202
1658480 1202
1658490 1202
1658500 1202
1658510 1200
1658520 1199
1658530 1199
1658540 1198
1658550 1197
1658560 1197
1658570 1196
1658580 1195
1658590 1195
1658600 1194
1658610 1194
1658620 1194
1658630 1193
1658640 1193
1658650 1193
1658660 1192
1658670 1191
1658680 1190
1658690 1190
1658700 1188
1658710 1186
1658720 1186
1658730 1184
1658740 1182
1658750 1182
1658760 1181
1658770 1180
1658780 1180
1658790 1177
1658800 1174
1658810 1174
1658820 1164
1658830 1161
1658840 1161
1658850 1157
1658860 1158
1658870 1158
1658880 1160
1658890 1162
1658900 1162
1658910 1163
1658920 1164
1658930 1164
1658940 1163
1658950 1163
1658960 1164
1658970 1164
1658980 1165
1658990 1166
1659000 1166
1659010 1168
1659020 1168
1659030 1168
1659040 1169
1659050 1169
1659060 1169
1659070 1169
1659080 1168
1659090 1168
1659100 1166
1659110 1165
1659120 1165
1659130 1164
1659140 1163
1659150 1163
1659160 1165
1659170 1168
1659180 1168
1659190 1170
1659200 1171
1659210 1171
1659220 1172
1659230 1172
1659240 1172
1659250 1172
1659260 1173
1659270 1175
1659280 1175
1659290 1178
1659300 1179
1659310 1179
1659320 1181
1659330 1183
1659340 1183
1659350 1184
1659360 1185
1659370 1185
1659380 1187
1659390 1188
1659400 1188
1659410 1187
1659420 1187
1659430 1187
1659440 1187
1659450 1189
1659460 1189
1659470 1191
1659480 1192
1659490 1192
1659500 1194
1659510 1195
1659520 1195
1659530 1195
1659540 1194
1659550 1188
1659560 1188
1659570 1187
1659580 1187
1659590 1187
1659600 1190
1659610 1194
1659620 1194
1659630 1199
1659640 1205
1659650 1205
1659660 1210
1659670 1216
1659680 1216
1659690 1221
1659700 1225
1659710 1225
1659720 1232
1659730 1238
1659740 1238
1659750 1243
1659760 1249
1659770 1249
1659780 1254
1659790 1259
1659800 1259
1659810 1264
1659820 1269
1659830 1273
1659840 1273
1659850 1278
1659860 1282
1659870 1282
1659880 1285
1659890 1288
1659900 1288
1659910 1291
1659920 1294
1659930 1294
1659940 1298
1659950 1301
1659960 1301
1659970 1304
1659980 1303
1659990 1303
