1640000 1764
1640010 1759
1640020 1755
1640030 1755
1640040 1752
1640050 1748
1640060 1748
1640070 1741
1640080 1734
1640090 1734
1640100 1728
1640110 1722
1640120 1722
1640130 1715
1640140 1709
1640150 1703
1640160 1703
1640170 1696
1640180 1693
1640190 1693
1640200 1691
1640210 1688
1640220 1688
1640230 1683
1640240 1678
1640250 1678
1640260 1672
1640270 1666
1640280 1666
1640290 1660
1640300 1655
1640310 1655
1640320 1651
1640330 1647
1640340 1647
1640350 1644
1640360 1640
1640370 1640
1640380 1634
1640390 1626
1640400 1626
1640410 1621
1640420 1621
1640430 1623
1640440 1623
1640450 1625
1640460 1625
1640470 1625
1640480 1627
1640490 1628
1640500 1628
1640510 1630
1640520 1634
1640530 1634
1640540 1637
1640550 1640
1640560 1640
1640570 1645
1640580 1649
1640590 1649
1640600 1653
1640610 1657
1640620 1657
1640630 1661
1640640 1664
1640650 1664
1640660 1667
1640670 1670
1640680 1670
1640690 1670
1640700 1672
1640710 1672
1640720 1675
1640730 1679
1640740 1681
1640750 1681
1640760 1681
1640770 1681
1640780 1681
1640790 1681
1640800 1682
1640810 1682
1640820 1682
1640830 1684
1640840 1684
1640850 1686
1640860 1689
1640870 1689
1640880 1690
1640890 1692
1640900 1692
1640910 1697
1640920 1704
1640930 1704
1640940 1712
1640950 1720
1640960 1720
1640970 1730
1640980 1738
1640990 1738
1641000 1743
1641010 1748
1641020 1753
1641030 1753
1641040 1757
1641050 1759
1641060 1759
1641070 1758
1641080 1754
1641090 1754
1641100 1750
1641110 1745
1641120 1745
1641130 1738
1641140 1732
1641150 1732
1641160 1729
1641170 1723
1641180 1723
1641190 1715
1641200 1706
1641210 1706
1641220 1698
1641230 1689
1641240 1689
1641250 1678
1641260 1671
1641270 1671
1641280 1661
1641290 1651
1641300 1640
1641310 1640
1641320 1629
1641330 1622
1641340 1622
1641350 1607
1641360 1596
1641370 1596
1641380 1589
1641390 1582
1641400 1582
1641410 1571
1641420 1559
1641430 1559
1641440 1549
1641450 1541
1641460 1541
1641470 1533
1641480 1526
1641490 1526
1641500 1520
1641510 1514
1641520 1514
1641530 1512
1641540 1502
1641550 1502
1641560 1485
1641570 1477
1641580 1477
1641590 1470
1641600 1463
1641610 1456
1641620 1456
1641630 1450
1641640 1444
1641650 1444
1641660 1438
1641670 1434
1641680 1434
1641690 1433
1641700 1428
1641710 1428
1641720 1422
1641730 1416
1641740 1416
1641750 1410
1641760 1404
1641770 1404
1641780 1398
1641790 1392
1641800 1392
1641810 1386
1641820 1379
1641830 1379
1641840 1373
1641850 1365
1641860 1365
1641870 1356
1641880 1348
1641890 1340
1641900 1340
1641910 1332
1641920 1323
1641930 1323
1641940 1316
1641950 1311
1641960 1311
1641970 1308
1641980 1305
1641990 1305
1642000 1303
1642010 1303
1642020 1303
1642030 1301
1642040 1304
1642050 1304
1642060 1309
1642070 1313
1642080 1313
1642090 1314
1642100 1315
1642110 1315
1642120 1316
1642130 1318
1642140 1318
1642150 1322
1642160 1327
1642170 1331
1642180 1331
1642190 1335
1642200 1340
1642210 1340
1642220 1344
1642230 1345
1642240 1345
1642250 1345
1642260 1348
1642270 1348
1642280 1355
1642290 1362
1642300 1362
1642310 1370
1642320 1377
1642330 1377
1642340 1384
1642350 1392
1642360 1392
1642370 1398
1642380 1403
1642390 1403
1642400 1405
1642410 1406
1642420 1406
1642430 1406
1642440 1408
1642450 1415
1642460 1415
1642470 1422
1642480 1430
1642490 1430
1642500 1435
1642510 1439
1642520 1439
1642530 1442
1642540 1445
1642550 1445
1642560 1447
1642570 1451
1642580 1451
1642590 1457
1642600 1464
1642610 1464
1642620 1472
1642630 1478
1642640 1478
1642650 1485
1642660 1493
1642670 1493
1642680 1501
1642690 1508
1642700 1508
1642710 1513
1642720 1517
1642730 1517
1642740 1521
1642750 1524
1642760 1527
1642770 1527
1642780 1530
1642790 1533
1642800 1533
1642810 1535
1642820 1538
1642830 1538
1642840 1540
1642850 1542
1642860 1542
1642870 1544
1642880 1546
1642890 1546
1642900 1547
1642910 1548
1642920 1548
1642930 1549
1642940 1551
1642950 1551
1642960 1553
1642970 1555
1642980 1555
1642990 1556
1643000 1558
1643010 1558
1643020 1560
1643030 1563
1643040 1565
1643050 1565
1643060 1567
1643070 1568
1643080 1568
1643090 1569
1643100 1567
1643110 1567
1643120 1563
1643130 1559
1643140 1559
1643150 1562
1643160 1566
1643170 1566
1643180 1569
1643190 1574
1643200 1574
1643210 1578
1643220 1583
1643230 1583
1643240 1586
1643250 1590
1643260 1590
1643270 1594
1643280 1597
1643290 1597
1643300 1599
1643310 1597
1643320 1601
1643330 1601
1643340 1602
1643350 1603
1643360 1603
1643370 1606
1643380 1607
1643390 1607
1643400 1611
1643410 1616
1643420 1616
1643430 1620
1643440 1624
1643450 1624
1643460 1628
1643470 1631
1643480 1631
1643490 1634
1643500 1638
1643510 1638
1643520 1645
1643530 1653
1643540 1653
1643550 1661
1643560 1668
1643570 1668
1643580 1676
1643590 1683
1643600 1683
1643610 1691
1643620 1696
1643630 1704
1643640 1704
1643650 1714
1643660 1723
1643670 1723
1643680 1731
1643690 1738
1643700 1738
1643710 1746
1643720 1753
1643730 1753
1643740 1760
1643750 1766
1643760 1766
1643770 1773
1643780 1779
1643790 1779
1643800 1782
1643810 1785
1643820 1785
1643830 1787
1643840 1788
1643850 1788
1643860 1788
1643870 1787
1643880 1787
1643890 1786
1643900 1784
1643910 1781
1643920 1781
1643930 1779
1643940 1778
1643950 1778
1643960 1776
1643970 1775
1643980 1775
1643990 1774
1644000 1773
1644010 1773
1644020 1772
1644030 1770
1644040 1770
1644050 1769
1644060 1773
1644070 1773
1644080 1775
1644090 1775
1644100 1775
1644110 1771
1644120 1769
1644130 1769
1644140 1767
1644150 1767
1644160 1767
1644170 1766
1644180 1765
1644190 1763
1644200 1763
1644210 1760
1644220 1758
1644230 1758
1644240 1756
1644250 1755
1644260 1755
1644270 1753
1644280 1752
1644290 1752
1644300 1749
1644310 1746
1644320 1746
1644330 1743
1644340 1737
1644350 1737
1644360 1733
1644370 1728
1644380 1728
1644390 1724
1644400 1725
1644410 1725
1644420 1727
1644430 1727
1644440 1727
1644450 1727
1644460 1726
1644470 1726
1644480 1726
1644490 1726
1644500 1725
1644510 1725
1644520 1725
1644530 1724
1644540 1724
1644550 1724
1644560 1723
1644570 1723
1644580 1722
1644590 1720
1644600 1720
1644610 1718
1644620 1717
1644630 1717
1644640 1716
1644650 1714
1644660 1714
1644670 1712
1644680 1709
1644690 1709
1644700 1707
1644710 1707
1644720 1707
1644730 1706
1644740 1703
1644750 1703
1644760 1700
1644770 1698
1644780 1696
1644790 1696
1644800 1694
1644810 1692
1644820 1692
1644830 1691
1644840 1690
1644850 1690
1644860 1689
1644870 1687
1644880 1687
1644890 1685
1644900 1684
1644910 1681
1644920 1679
1644930 1676
1644940 1676
1644950 1674
1644960 1671
1644970 1671
1644980 1669
1644990 1666
1645000 1666
1645010 1664
1645020 1663
1645030 1663
1645040 1663
1645050 1661
1645060 1660
1645070 1660
1645080 1660
1645090 1660
1645100 1660
1645110 1660
1645120 1661
1645130 1661
1645140 1662
1645150 1663
1645160 1663
1645170 1664
1645180 1665
1645190 1665
1645200 1666
1645210 1668
1645220 1668
1645230 1669
1645240 1670
1645250 1670
1645260 1671
1645270 1672
1645280 1672
1645290 1674
1645300 1674
1645310 1674
1645320 1675
1645330 1675
1645340 1675
1645350 1676
1645360 1677
1645370 1678
1645380 1678
1645390 1679
1645400 1680
1645410 1680
1645420 1680
1645430 1681
1645440 1681
1645450 1681
1645460 1682
1645470 1682
1645480 1682
1645490 1682
1645500 1682
1645510 1683
1645520 1684
1645530 1684
1645540 1685
1645550 1686
1645560 1686
1645570 1686
1645580 1687
1645590 1687
1645600 1687
1645610 1687
1645620 1687
1645630 1688
1645640 1688
1645650 1689
1645660 1689
1645670 1689
1645680 1690
1645690 1690
1645700 1693
1645710 1693
1645720 1693
1645730 1693
1645740 1693
1645750 1693
1645760 1694
1645770 1695
1645780 1695
1645790 1696
1645800 1697
1645810 1697
1645820 1698
1645830 1699
1645840 1699
1645850 1699
1645860 1700
1645870 1700
1645880 1701
1645890 1702
1645900 1702
1645910 1703
1645920 1704
1645930 1705
1645940 1705
1645950 1707
1645960 1707
1645970 1707
1645980 1708
1645990 1708
1646000 1708
1646010 1709
1646020 1710
1646030 1710
1646040 1711
1646050 1711
1646060 1711
1646070 1712
1646080 1713
1646090 1713
1646100 1714
1646110 1714
1646120 1714
1646130 1715
1646140 1716
1646150 1716
1646160 1716
1646170 1716
1646180 1716
1646190 1718
1646200 1718
1646210 1719
1646220 1719
1646230 1721
1646240 1723
1646250 1723
1646260 1724
1646270 1726
1646280 1726
1646290 1727
1646300 1729
1646310 1729
1646320 1731
1646330 1733
1646340 1733
1646350 1735
1646360 1738
1646370 1738
1646380 1740
1646390 1743
1646400 1743
1646410 1746
1646420 1749
1646430 1749
1646440 1751
1646450 1753
1646460 1753
1646470 1755
1646480 1758
1646490 1760
1646500 1762
1646510 1764
1646520 1766
1646530 1766
1646540 1768
1646550 1770
1646560 1770
1646570 1771
1646580 1773
1646590 1773
1646600 1774
1646610 1774
1646620 1774
1646630 1773
1646640 1772
1646650 1772
1646660 1771
1646670 1770
1646680 1770
1646690 1769
1646700 1768
1646710 1768
1646720 1767
1646730 1767
1646740 1767
1646750 1767
1646760 1766
1646770 1766
1646780 1765
1646790 1763
1646800 1762
1646810 1762
1646820 1761
1646830 1760
1646840 1760
1646850 1758
1646860 1756
1646870 1756
1646880 1754
1646890 1752
1646900 1752
1646910 1751
1646920 1751
1646930 1751
1646940 1754
1646950 1758
1646960 1758
1646970 1760
1646980 1761
1646990 1761
1647000 1762
1647010 1764
1647020 1764
1647030 1770
1647040 1773
1647050 1773
1647060 1773
1647070 1774
1647080 1773
1647090 1773
1647100 1773
1647110 1773
1647120 1773
1647130 1774
1647140 1776
1647150 1776
1647160 1781
1647170 1787
1647180 1787
1647190 1792
1647200 1794
1647210 1794
1647220 1795
1647230 1794
1647240 1794
1647250 1791
1647260 1786
1647270 1786
1647280 1778
1647290 1773
1647300 1773
1647310 1768
1647320 1764
1647330 1764
1647340 1760
1647350 1758
1647360 1758
1647370 1757
1647380 1755
1647390 1755
1647400 1755
1647410 1754
1647420 1754
1647430 1754
1647440 1753
1647450 1752
1647460 1752
1647470 1752
1647480 1752
1647490 1752
1647500 1752
1647510 1753
1647520 1753
1647530 1753
1647540 1753
1647550 1753
1647560 1753
1647570 1752
1647580 1752
1647590 1749
1647600 1745
1647610 1745
1647620 1738
1647630 1730
1647640 1730
1647650 1723
1647660 1716
1647670 1708
1647680 1708
1647690 1699
1647700 1689
1647710 1689
1647720 1682
1647730 1674
1647740 1674
1647750 1667
1647760 1659
1647770 1659
1647780 1653
1647790 1646
1647800 1646
1647810 1641
1647820 1637
1647830 1637
1647840 1633
1647850 1627
1647860 1627
1647870 1622
1647880 1617
1647890 1617
1647900 1612
1647910 1607
1647920 1607
1647930 1602
1647940 1596
1647950 1591
1647960 1591
1647970 1588
1647980 1585
1647990 1585
1648000 1582
1648010 1577
1648020 1577
1648030 1573
1648040 1565
1648050 1565
1648060 1552
1648070 1544
1648080 1544
1648090 1536
1648100 1529
1648110 1529
1648120 1522
1648130 1515
1648140 1515
1648150 1508
1648160 1500
1648170 1500
1648180 1493
1648190 1486
1648200 1486
1648210 1478
1648220 1471
1648230 1471
1648240 1466
1648250 1458
1648260 1451
1648270 1451
1648280 1444
1648290 1437
1648300 1437
1648310 1430
1648320 1422
1648330 1422
1648340 1415
1648350 1407
1648360 1407
1648370 1400
1648380 1393
1648390 1393
1648400 1387
1648410 1381
1648420 1381
1648430 1375
1648440 1368
1648450 1368
1648460 1363
1648470 1357
1648480 1357
1648490 1351
1648500 1345
1648510 1345
1648520 1337
1648530 1329
1648540 1320
1648550 1320
1648560 1315
1648570 1319
1648580 1319
1648590 1325
1648600 1329
1648610 1329
1648620 1334
1648630 1340
1648640 1340
1648650 1345
1648660 1347
1648670 1347
1648680 1349
1648690 1352
1648700 1352
1648710 1354
1648720 1356
1648730 1356
1648740 1357
1648750 1358
1648760 1358
1648770 1359
1648780 1363
1648790 1363
1648800 1366
1648810 1370
1648820 1374
1648830 1374
1648840 1374
1648850 1379
1648860 1379
1648870 1385
1648880 1390
1648890 1390
1648900 1395
1648910 1400
1648920 1400
1648930 1406
1648940 1411
1648950 1411
1648960 1416
1648970 1421
1648980 1421
1648990 1427
1649000 1433
1649010 1433
1649020 1438
1649030 1443
1649040 1443
1649050 1448
1649060 1453
1649070 1453
1649080 1456
1649090 1460
1649100 1463
1649110 1463
1649120 1465
1649130 1468
1649140 1468
1649150 1471
1649160 1473
1649170 1473
1649180 1476
1649190 1478
1649200 1478
1649210 1480
1649220 1484
1649230 1484
1649240 1490
1649250 1495
1649260 1495
1649270 1501
1649280 1506
1649290 1506
1649300 1512
1649310 1519
1649320 1519
1649330 1525
1649340 1532
1649350 1532
1649360 1539
1649370 1545
1649380 1545
1649390 1552
1649400 1560
1649410 1567
1649420 1567
1649430 1574
1649440 1581
1649450 1581
1649460 1589
1649470 1595
1649480 1595
1649490 1600
1649500 1603
1649510 1603
1649520 1601
1649530 1597
1649540 1597
1649550 1591
1649560 1586
1649570 1586
1649580 1579
1649590 1572
1649600 1572
1649610 1563
1649620 1556
1649630 1556
1649640 1549
1649650 1542
1649660 1542
1649670 1534
1649680 1526
1649690 1519
1649700 1519
1649710 1511
1649720 1503
1649730 1503
1649740 1495
1649750 1487
1649760 1487
1649770 1479
1649780 1471
1649790 1471
1649800 1464
1649810 1456
1649820 1456
1649830 1449
1649840 1442
1649850 1442
1649860 1435
1649870 1429
1649880 1429
1649890 1422
1649900 1415
1649910 1415
1649920 1409
1649930 1403
1649940 1403
1649950 1396
1649960 1389
1649970 1381
1649980 1381
1649990 1378
1650000 1376
1650010 1376
1650020 1376
1650030 1376
1650040 1376
1650050 1377
1650060 1378
1650070 1378
1650080 1379
1650090 1379
1650100 1379
1650110 1381
1650120 1383
1650130 1383
1650140 1386
1650150 1388
1650160 1388
1650170 1388
1650180 1384
1650190 1384
1650200 1379
1650210 1373
1650220 1373
1650230 1368
1650240 1364
1650250 1364
1650260 1366
1650270 1372
1650280 1379
1650290 1379
1650300 1386
1650310 1391
1650320 1391
1650330 1395
1650340 1392
1650350 1392
1650360 1388
1650370 1386
1650380 1379
1650390 1380
1650400 1381
1650410 1381
1650420 1382
1650430 1383
1650440 1383
1650450 1381
1650460 1381
1650470 1381
1650480 1386
1650490 1391
1650500 1391
1650510 1395
1650520 1397
1650530 1397
1650540 1400
1650550 1402
1650560 1405
1650570 1405
1650580 1408
1650590 1411
1650600 1411
1650610 1413
1650620 1413
1650630 1413
1650640 1413
1650650 1414
1650660 1414
1650670 1417
1650680 1421
1650690 1421
1650700 1425
1650710 1430
1650720 1430
1650730 1434
1650740 1434
1650750 1434
1650760 1431
1650770 1427
1650780 1427
1650790 1422
1650800 1417
1650810 1417
1650820 1412
1650830 1406
1650840 1399
1650850 1399
1650860 1392
1650870 1385
1650880 1385
1650890 1377
1650900 1372
1650910 1372
1650920 1364
1650930 1357
1650940 1357
1650950 1350
1650960 1343
1650970 1343
1650980 1336
1650990 1328
1651000 1328
1651010 1322
1651020 1314
1651030 1314
1651040 1307
1651050 1299
1651060 1299
1651070 1291
1651080 1284
1651090 1284
1651100 1276
1651110 1269
1651120 1269
1651130 1263
1651140 1256
1651150 1252
1651160 1252
1651170 1246
1651180 1239
1651190 1239
1651200 1231
1651210 1225
1651220 1225
1651230 1217
1651240 1209
1651250 1209
1651260 1202
1651270 1194
1651280 1194
1651290 1189
1651300 1184
1651310 1184
1651320 1181
1651330 1179
1651340 1179
1651350 1178
1651360 1178
1651370 1178
1651380 1178
1651390 1178
1651400 1178
1651410 1177
1651420 1176
1651430 1177
1651440 1177
1651450 1177
1651460 1176
1651470 1176
1651480 1175
1651490 1173
1651500 1173
1651510 1171
1651520 1168
1651530 1168
1651540 1166
1651550 1163
1651560 1163
1651570 1161
1651580 1158
1651590 1158
1651600 1156
1651610 1153
1651620 1153
1651630 1150
1651640 1148
1651650 1148
1651660 1147
1651670 1145
1651680 1145
1651690 1144
1651700 1142
1651710 1139
1651720 1139
1651730 1133
1651740 1126
1651750 1126
1651760 1119
1651770 1114
1651780 1114
1651790 1111
1651800 1108
1651810 1108
1651820 1103
1651830 1098
1651840 1098
1651850 1093
1651860 1087
1651870 1087
1651880 1081
1651890 1074
1651900 1074
1651910 1062
1651920 1056
1651930 1056
1651940 1049
1651950 1043
1651960 1043
1651970 1038
1651980 1035
1651990 1035
1652000 1033
1652010 1032
1652020 1033
1652030 1033
1652040 1034
1652050 1038
1652060 1038
1652070 1044
1652080 1050
1652090 1050
1652100 1056
1652110 1060
1652120 1060
1652130 1064
1652140 1067
1652150 1067
1652160 1071
1652170 1076
1652180 1076
1652190 1081
1652200 1087
1652210 1087
1652220 1092
1652230 1098
1652240 1098
1652250 1104
1652260 1109
1652270 1109
1652280 1114
1652290 1120
1652300 1126
1652310 1126
1652320 1132
1652330 1138
1652340 1138
1652350 1144
1652360 1151
1652370 1151
1652380 1157
1652390 1163
1652400 1163
1652410 1170
1652420 1177
1652430 1177
1652440 1183
1652450 1189
1652460 1189
1652470 1196
1652480 1203
1652490 1203
1652500 1208
1652510 1215
1652520 1215
1652530 1221
1652540 1227
1652550 1227
1652560 1233
1652570 1239
1652580 1245
1652590 1245
1652600 1251
1652610 1257
1652620 1257
1652630 1263
1652640 1268
1652650 1268
1652660 1274
1652670 1283
1652680 1283
1652690 1289
1652700 1295
1652710 1295
1652720 1300
1652730 1305
1652740 1305
1652750 1311
1652760 1316
1652770 1316
1652780 1320
1652790 1324
1652800 1324
1652810 1328
1652820 1331
1652830 1331
1652840 1334
1652850 1340
1652860 1340
1652870 1345
1652880 1350
1652890 1354
1652900 1354
1652910 1358
1652920 1359
1652930 1359
1652940 1362
1652950 1364
1652960 1364
1652970 1367
1652980 1369
1652990 1369
1653000 1373
1653010 1377
1653020 1377
1653030 1380
1653040 1380
1653050 1380
1653060 1378
1653070 1377
1653080 1377
1653090 1375
1653100 1373
1653110 1373
1653120 1372
1653130 1370
1653140 1370
1653150 1369
1653160 1367
1653170 1365
1653180 1365
1653190 1364
1653200 1363
1653210 1363
1653220 1363
1653230 1362
1653240 1362
1653250 1361
1653260 1360
1653270 1360
1653280 1360
1653290 1360
1653300 1360
1653310 1359
1653320 1358
1653330 1358
1653340 1358
1653350 1357
1653360 1357
1653370 1357
1653380 1357
1653390 1357
1653400 1357
1653410 1357
1653420 1357
1653430 1352
1653440 1352
1653450 1353
1653460 1353
1653470 1354
1653480 1355
1653490 1355
1653500 1355
1653510 1355
1653520 1355
1653530 1355
1653540 1355
1653550 1355
1653560 1354
1653570 1353
1653580 1353
1653590 1351
1653600 1350
1653610 1350
1653620 1348
1653630 1346
1653640 1346
1653650 1345
1653660 1344
1653670 1344
1653680 1342
1653690 1341
1653700 1341
1653710 1341
1653720 1340
1653730 1340
1653740 1339
1653750 1338
1653760 1337
1653770 1337
1653780 1337
1653790 1336
1653800 1336
1653810 1335
1653820 1334
1653830 1334
1653840 1333
1653850 1332
1653860 1332
1653870 1331
1653880 1331
1653890 1331
1653900 1332
1653910 1332
1653920 1332
1653930 1333
1653940 1333
1653950 1333
1653960 1333
1653970 1332
1653980 1332
1653990 1332
1654000 1332
1654010 1332
1654020 1331
1654030 1330
1654040 1328
1654050 1328
1654060 1326
1654070 1323
1654080 1323
1654090 1321
1654100 1318
1654110 1318
1654120 1315
1654130 1313
1654140 1313
1654150 1309
1654160 1306
1654170 1306
1654180 1300
1654190 1296
1654200 1296
1654210 1294
1654220 1289
1654230 1289
1654240 1284
1654250 1280
1654260 1280
1654270 1275
1654280 1271
1654290 1271
1654300 1267
1654310 1262
1654320 1260
1654330 1260
1654340 1254
1654350 1248
1654360 1248
1654370 1243
1654380 1238
1654390 1238
1654400 1232
1654410 1228
1654420 1228
1654430 1227
1654440 1228
1654450 1228
1654460 1229
1654470 1229
1654480 1229
1654490 1229
1654500 1229
1654510 1229
1654520 1229
1654530 1229
1654540 1229
1654550 1229
1654560 1230
1654570 1230
1654580 1226
1654590 1222
1654600 1222
1654610 1217
1654620 1212
1654630 1207
1654640 1207
1654650 1202
1654660 1197
1654670 1197
1654680 1193
1654690 1188
1654700 1188
1654710 1183
1654720 1179
1654730 1179
1654740 1173
1654750 1168
1654760 1168
1654770 1162
1654780 1157
1654790 1157
1654800 1153
1654810 1148
1654820 1148
1654830 1142
1654840 1137
1654850 1137
1654860 1132
1654870 1127
1654880 1127
1654890 1123
1654900 1117
1654910 1111
1654920 1111
1654930 1101
1654940 1095
1654950 1095
1654960 1089
1654970 1083
1654980 1083
1654990 1078
1655000 1072
1655010 1072
1655020 1067
1655030 1061
1655040 1061
1655050 1054
1655060 1049
1655070 1049
1655080 1043
1655090 1037
1655100 1037
1655110 1033
1655120 1035
1655130 1035
1655140 1041
1655150 1047
1655160 1047
1655170 1052
1655180 1055
1655190 1058
1655200 1058
1655210 1061
1655220 1063
1655230 1063
1655240 1064
1655250 1066
1655260 1066
1655270 1068
1655280 1069
1655290 1069
1655300 1069
1655310 1070
1655320 1070
1655330 1072
1655340 1077
1655350 1077
1655360 1082
1655370 1087
1655380 1087
1655390 1092
1655400 1097
1655410 1097
1655420 1103
1655430 1109
1655440 1109
1655450 1114
1655460 1120
1655470 1120
1655480 1127
1655490 1134
1655500 1140
1655510 1140
1655520 1146
1655530 1152
1655540 1152
1655550 1158
1655560 1164
1655570 1164
1655580 1170
1655590 1176
1655600 1176
1655610 1183
1655620 1189
1655630 1189
1655640 1196
1655650 1203
1655660 1203
1655670 1209
1655680 1215
1655690 1215
1655700 1222
1655710 1227
1655720 1227
1655730 1233
1655740 1237
1655750 1237
1655760 1241
1655770 1243
1655780 1246
1655790 1246
1655800 1248
1655810 1251
1655820 1251
1655830 1254
1655840 1257
1655850 1257
1655860 1259
1655870 1260
1655880 1260
1655890 1261
1655900 1261
1655910 1261
1655920 1261
1655930 1260
1655940 1260
1655950 1261
1655960 1261
1655970 1261
1655980 1261
1655990 1260
1656000 1260
1656010 1260
1656020 1261
1656030 1261
1656040 1261
1656050 1261
1656060 1261
1656070 1261
1656080 1261
1656090 1261
1656100 1261
1656110 1260
1656120 1260
1656130 1260
1656140 1259
1656150 1258
1656160 1258
1656170 1258
1656180 1257
1656190 1257
1656200 1255
1656210 1254
1656220 1254
1656230 1253
1656240 1251
1656250 1251
1656260 1250
1656270 1247
1656280 1247
1656290 1245
1656300 1243
1656310 1243
1656320 1241
1656330 1238
1656340 1235
1656350 1235
1656360 1232
1656370 1228
1656380 1228
1656390 1224
1656400 1218
1656410 1218
1656420 1212
1656430 1206
1656440 1206
1656450 1198
1656460 1191
1656470 1191
1656480 1185
1656490 1179
1656500 1179
1656510 1174
1656520 1168
1656530 1168
1656540 1162
1656550 1156
1656560 1156
1656570 1149
1656580 1143
1656590 1143
1656600 1136
1656610 1128
1656620 1128
1656630 1120
1656640 1113
1656650 1107
1656660 1107
1656670 1100
1656680 1094
1656690 1094
1656700 1089
1656710 1083
1656720 1083
1656730 1077
1656740 1070
1656750 1070
1656760 1062
1656770 1054
1656780 1054
1656790 1047
1656800 1040
1656810 1040
1656820 1033
1656830 1026
1656840 1026
1656850 1019
1656860 1012
1656870 1012
1656880 1005
1656890 998
1656900 998
1656910 991
1656920 985
1656930 978
1656940 978
1656950 969
1656960 961
1656970 961
1656980 957
1656990 956
1657000 956
1657010 958
1657020 962
1657030 962
1657040 963
1657050 964
1657060 964
1657070 964
1657080 964
1657090 964
1657100 964
1657110 964
1657120 964
1657130 965
1657140 965
1657150 965
1657160 959
1657170 958
1657180 958
1657190 957
1657200 956
1657210 955
1657220 955
1657230 955
1657240 956
1657250 956
1657260 961
1657270 968
1657280 968
1657290 973
1657300 978
1657310 978
1657320 981
1657330 982
1657340 982
1657350 983
1657360 983
1657370 983
1657380 982
1657390 981
1657400 981
1657410 981
1657420 981
1657430 981
1657440 981
1657450 980
1657460 980
1657470 980
1657480 981
1657490 981
1657500 982
1657510 983
1657520 984
1657530 984
1657540 984
1657550 981
1657560 981
1657570 978
1657580 975
1657590 975
1657600 971
1657610 969
1657620 969
1657630 968
1657640 968
1657650 968
1657660 968
1657670 968
1657680 968
1657690 967
1657700 967
1657710 967
1657720 968
1657730 970
1657740 970
1657750 973
1657760 975
1657770 975
1657780 978
1657790 979
1657800 979
1657810 979
1657820 978
1657830 977
1657840 977
1657850 976
1657860 975
1657870 975
1657880 973
1657890 971
1657900 967
1657910 966
1657920 964
1657930 964
1657940 961
1657950 960
1657960 960
1657970 959
1657980 957
1657990 957
1658000 956
1658010 955
1658020 955
1658030 953
1658040 951
1658050 951
1658060 949
1658070 945
1658080 940
1658090 940
1658100 936
1658110 932
1658120 932
1658130 928
1658140 924
1658150 924
1658160 919
1658170 913
1658180 913
1658190 907
1658200 902
1658210 902
1658220 900
1658230 901
1658240 901
1658250 902
1658260 904
1658270 904
1658280 906
1658290 909
1658300 909
1658310 913
1658320 916
1658330 916
1658340 919
1658350 923
1658360 923
1658370 926
1658380 928
1658390 927
1658400 927
1658410 925
1658420 924
1658430 924
1658440 922
1658450 921
1658460 921
1658470 920
1658480 917
1658490 917
1658500 917
1658510 918
1658520 918
1658530 920
1658540 922
1658550 922
1658560 924
1658570 926
1658580 926
1658590 928
1658600 930
1658610 930
1658620 932
1658630 931
1658640 931
1658650 931
1658660 931
1658670 932
1658680 932
1658690 934
1658700 935
1658710 935
1658720 937
1658730 940
1658740 940
1658750 944
1658760 948
1658770 948
1658780 951
1658790 953
1658800 953
1658810 956
1658820 958
1658830 958
1658840 961
1658850 966
1658860 966
1658870 972
1658880 976
1658890 976
1658900 980
1658910 985
1658920 985
1658930 989
1658940 994
1658950 998
1658960 998
1658970 1002
1658980 1006
1658990 1006
1659000 1010
1659010 1013
1659020 1013
1659030 1017
1659040 1020
1659050 1020
1659060 1024
1659070 1026
1659080 1026
1659090 1029
1659100 1032
1659110 1032
1659120 1035
1659130 1037
1659140 1037
1659150 1041
1659160 1045
1659170 1045
1659180 1048
1659190 1049
1659200 1049
1659210 1051
1659220 1053
1659230 1053
1659240 1055
1659250 1057
1659260 1060
1659270 1060
1659280 1062
1659290 1064
1659300 1064
1659310 1066
1659320 1068
1659330 1068
1659340 1071
1659350 1074
1659360 1079
1659370 1081
1659380 1082
1659390 1082
1659400 1084
1659410 1085
1659420 1085
1659430 1087
1659440 1090
1659450 1090
1659460 1092
1659470 1095
1659480 1095
1659490 1098
1659500 1101
1659510 1101
1659520 1105
1659530 1107
1659540 1109
1659550 1109
1659560 1111
1659570 1115
1659580 1115
1659590 1119
1659600 1122
1659610 1122
1659620 1125
1659630 1129
1659640 1129
1659650 1133
1659660 1135
1659670 1135
1659680 1138
1659690 1141
1659700 1141
1659710 1145
1659720 1148
1659730 1148
1659740 1153
1659750 1157
1659760 1157
1659770 1160
1659780 1162
1659790 1162
1659800 1167
1659810 1171
1659820 1175
1659830 1175
1659840 1178
1659850 1182
1659860 1182
1659870 1186
1659880 1189
1659890 1189
1659900 1193
1659910 1198
1659920 1198
1659930 1202
1659940 1205
1659950 1205
1659960 1208
1659970 1210
1659980 1210
1659990 1212
