1640000 1764
1640010 1759
1640020 1753
1640030 1753
1640040 1748
1640050 1742
1640060 1742
1640070 1735
1640080 1728
1640090 1728
1640100 1721
1640110 1715
1640120 1715
1640130 1710
1640140 1704
1640150 1704
1640160 1698
1640170 1692
1640180 1692
1640190 1687
1640200 1682
1640210 1682
1640220 1677
1640230 1670
1640240 1670
1640250 1666
1640260 1662
1640270 1662
1640280 1659
1640290 1654
1640300 1646
1640310 1646
1640320 1639
1640330 1632
1640340 1632
1640350 1626
1640360 1621
1640370 1621
1640380 1616
1640390 1613
1640400 1613
1640410 1609
1640420 1604
1640430 1604
1640440 1598
1640450 1591
1640460 1591
1640470 1585
1640480 1581
1640490 1581
1640500 1580
1640510 1580
1640520 1580
1640530 1583
1640540 1585
1640550 1585
1640560 1586
1640570 1590
1640580 1596
1640590 1596
1640600 1602
1640610 1606
1640620 1606
1640630 1609
1640640 1612
1640650 1612
1640660 1616
1640670 1620
1640680 1620
1640690 1625
1640700 1631
1640710 1631
1640720 1637
1640730 1642
1640740 1642
1640750 1646
1640760 1648
1640770 1648
1640780 1651
1640790 1653
1640800 1653
1640810 1653
1640820 1651
1640830 1651
1640840 1651
1640850 1656
1640860 1658
1640870 1658
1640880 1661
1640890 1666
1640900 1666
1640910 1668
1640920 1671
1640930 1671
1640940 1676
1640950 1683
1640960 1683
1640970 1692
1640980 1697
1640990 1697
1641000 1701
1641010 1706
1641020 1706
1641030 1712
1641040 1718
1641050 1713
1641060 1718
1641070 1723
1641080 1723
1641090 1728
1641100 1733
1641110 1733
1641120 1738
1641130 1743
1641140 1743
1641150 1746
1641160 1751
1641170 1752
1641180 1752
1641190 1746
1641200 1739
1641210 1739
1641220 1731
1641230 1724
1641240 1724
1641250 1715
1641260 1707
1641270 1707
1641280 1699
1641290 1691
1641300 1691
1641310 1683
1641320 1678
1641330 1678
1641340 1668
1641350 1655
1641360 1655
1641370 1644
1641380 1631
1641390 1631
1641400 1621
1641410 1612
1641420 1612
1641430 1604
1641440 1595
1641450 1587
1641460 1587
1641470 1578
1641480 1568
1641490 1568
1641500 1559
1641510 1551
1641520 1551
1641530 1543
1641540 1548
1641550 1548
1641560 1544
1641570 1535
1641580 1535
1641590 1524
1641600 1514
1641610 1514
1641620 1505
1641630 1499
1641640 1499
1641650 1495
1641660 1487
1641670 1487
1641680 1481
1641690 1475
1641700 1475
1641710 1469
1641720 1462
1641730 1453
1641740 1453
1641750 1437
1641760 1420
1641770 1420
1641780 1404
1641790 1395
1641800 1395
1641810 1386
1641820 1379
1641830 1379
1641840 1372
1641850 1365
1641860 1366
1641870 1358
1641880 1353
1641890 1353
1641900 1348
1641910 1343
1641920 1343
1641930 1337
1641940 1331
1641950 1331
1641960 1325
1641970 1319
1641980 1319
1641990 1313
1642000 1306
1642010 1300
1642020 1300
1642030 1295
1642040 1291
1642050 1291
1642060 1287
1642070 1283
1642080 1283
1642090 1283
1642100 1283
1642110 1283
1642120 1285
1642130 1291
1642140 1291
1642150 1294
1642160 1291
1642170 1291
1642180 1297
1642190 1302
1642200 1302
1642210 1306
1642220 1309
1642230 1309
1642240 1314
1642250 1319
1642260 1319
1642270 1323
1642280 1327
1642290 1327
1642300 1331
1642310 1335
1642320 1337
1642330 1337
1642340 1337
1642350 1342
1642360 1342
1642370 1348
1642380 1354
1642390 1354
1642400 1360
1642410 1364
1642420 1364
1642430 1369
1642440 1373
1642450 1373
1642460 1378
1642470 1381
1642480 1381
1642490 1384
1642500 1389
1642510 1389
1642520 1395
1642530 1401
1642540 1401
1642550 1407
1642560 1413
1642570 1413
1642580 1420
1642590 1427
1642600 1434
1642610 1434
1642620 1441
1642630 1447
1642640 1447
1642650 1453
1642660 1458
1642670 1453
1642680 1457
1642690 1461
1642700 1461
1642710 1465
1642720 1469
1642730 1469
1642740 1472
1642750 1475
1642760 1475
1642770 1479
1642780 1482
1642790 1482
1642800 1485
1642810 1489
1642820 1489
1642830 1493
1642840 1497
1642850 1497
1642860 1501
1642870 1505
1642880 1509
1642890 1509
1642900 1513
1642910 1517
1642920 1517
1642930 1520
1642940 1524
1642950 1524
1642960 1528
1642970 1530
1642980 1530
1642990 1530
1643000 1529
1643010 1529
1643020 1528
1643030 1527
1643040 1527
1643050 1527
1643060 1525
1643070 1525
1643080 1523
1643090 1521
1643100 1521
1643110 1518
1643120 1514
1643130 1514
1643140 1512
1643150 1515
1643160 1515
1643170 1518
1643180 1519
1643190 1523
1643200 1523
1643210 1527
1643220 1531
1643230 1531
1643240 1535
1643250 1538
1643260 1538
1643270 1545
1643280 1552
1643290 1552
1643300 1559
1643310 1565
1643320 1565
1643330 1571
1643340 1577
1643350 1577
1643360 1583
1643370 1588
1643380 1588
1643390 1591
1643400 1597
1643410 1597
1643420 1603
1643430 1607
1643440 1607
1643450 1612
1643460 1619
1643470 1626
1643480 1624
1643490 1631
1643500 1638
1643510 1638
1643520 1645
1643530 1652
1643540 1652
1643550 1659
1643560 1665
1643570 1665
1643580 1671
1643590 1678
1643600 1678
1643610 1683
1643620 1689
1643630 1689
1643640 1696
1643650 1703
1643660 1703
1643670 1711
1643680 1719
1643690 1719
1643700 1728
1643710 1740
1643720 1740
1643730 1748
1643740 1756
1643750 1764
1643760 1764
1643770 1770
1643780 1777
1643790 1777
1643800 1778
1643810 1782
1643820 1782
1643830 1785
1643840 1785
1643850 1785
1643860 1784
1643870 1781
1643880 1781
1643890 1778
1643900 1774
1643910 1774
1643920 1772
1643930 1769
1643940 1769
1643950 1766
1643960 1765
1643970 1765
1643980 1763
1643990 1762
1644000 1762
1644010 1761
1644020 1760
1644030 1760
1644040 1760
1644050 1759
1644060 1758
1644070 1758
1644080 1755
1644090 1754
1644100 1754
1644110 1754
1644120 1756
1644130 1756
1644140 1755
1644150 1753
1644160 1753
1644170 1752
1644180 1750
1644190 1750
1644200 1748
1644210 1746
1644220 1746
1644230 1745
1644240 1744
1644250 1744
1644260 1742
1644270 1741
1644280 1739
1644290 1738
1644300 1736
1644310 1736
1644320 1734
1644330 1731
1644340 1729
1644350 1729
1644360 1727
1644370 1725
1644380 1725
1644390 1723
1644400 1719
1644410 1719
1644420 1716
1644430 1715
1644440 1715
1644450 1714
1644460 1713
1644470 1713
1644480 1712
1644490 1710
1644500 1710
1644510 1711
1644520 1710
1644530 1710
1644540 1710
1644550 1709
1644560 1709
1644570 1708
1644580 1707
1644590 1707
1644600 1705
1644610 1703
1644620 1701
1644630 1701
1644640 1699
1644650 1697
1644660 1697
1644670 1696
1644680 1695
1644690 1695
1644700 1695
1644710 1695
1644720 1695
1644730 1695
1644740 1695
1644750 1695
1644760 1695
1644770 1695
1644780 1695
1644790 1695
1644800 1695
1644810 1695
1644820 1694
1644830 1693
1644840 1693
1644850 1692
1644860 1692
1644870 1692
1644880 1692
1644890 1691
1644900 1691
1644910 1691
1644920 1691
1644930 1690
1644940 1690
1644950 1690
1644960 1690
1644970 1690
1644980 1690
1644990 1690
1645000 1690
1645010 1689
1645020 1689
1645030 1689
1645040 1690
1645050 1690
1645060 1690
1645070 1690
1645080 1693
1645090 1693
1645100 1693
1645110 1693
1645120 1693
1645130 1693
1645140 1693
1645150 1693
1645160 1693
1645170 1693
1645180 1693
1645190 1693
1645200 1693
1645210 1691
1645220 1691
1645230 1691
1645240 1691
1645250 1691
1645260 1691
1645270 1692
1645280 1692
1645290 1691
1645300 1692
1645310 1692
1645320 1691
1645330 1692
1645340 1692
1645350 1693
1645360 1694
1645370 1694
1645380 1695
1645390 1696
1645400 1696
1645410 1697
1645420 1697
1645430 1697
1645440 1698
1645450 1700
1645460 1700
1645470 1701
1645480 1702
1645490 1703
1645500 1703
1645510 1704
1645520 1704
1645530 1704
1645540 1705
1645550 1706
1645560 1706
1645570 1707
1645580 1708
1645590 1708
1645600 1709
1645610 1710
1645620 1710
1645630 1712
1645640 1713
1645650 1713
1645660 1714
1645670 1714
1645680 1714
1645690 1716
1645700 1717
1645710 1717
1645720 1719
1645730 1720
1645740 1720
1645750 1722
1645760 1724
1645770 1724
1645780 1725
1645790 1727
1645800 1729
1645810 1729
1645820 1731
1645830 1733
1645840 1733
1645850 1734
1645860 1735
1645870 1739
1645880 1741
1645890 1742
1645900 1742
1645910 1744
1645920 1745
1645930 1745
1645940 1746
1645950 1748
1645960 1748
1645970 1749
1645980 1750
1645990 1750
1646000 1752
1646010 1753
1646020 1753
1646030 1753
1646040 1754
1646050 1754
1646060 1755
1646070 1755
1646080 1755
1646090 1755
1646100 1755
1646110 1756
1646120 1756
1646130 1756
1646140 1755
1646150 1755
1646160 1755
1646170 1755
1646180 1755
1646190 1754
1646200 1754
1646210 1754
1646220 1753
1646230 1753
1646240 1753
1646250 1753
1646260 1753
1646270 1753
1646280 1752
1646290 1751
1646300 1751
1646310 1750
1646320 1750
1646330 1750
1646340 1751
1646350 1752
1646360 1752
1646370 1752
1646380 1753
1646390 1754
1646400 1754
1646410 1755
1646420 1757
1646430 1757
1646440 1758
1646450 1759
1646460 1759
1646470 1758
1646480 1753
1646490 1753
1646500 1748
1646510 1744
1646520 1744
1646530 1739
1646540 1736
1646550 1736
1646560 1731
1646570 1728
1646580 1728
1646590 1725
1646600 1723
1646610 1723
1646620 1720
1646630 1717
1646640 1717
1646650 1716
1646660 1707
1646670 1708
1646680 1708
1646690 1707
1646700 1707
1646710 1707
1646720 1710
1646730 1712
1646740 1712
1646750 1713
1646760 1713
1646770 1713
1646780 1713
1646790 1712
1646800 1712
1646810 1711
1646820 1710
1646830 1710
1646840 1709
1646850 1710
1646860 1710
1646870 1709
1646880 1708
1646890 1708
1646900 1708
1646910 1707
1646920 1707
1646930 1706
1646940 1707
1646950 1709
1646960 1709
1646970 1710
1646980 1711
1646990 1711
1647000 1713
1647010 1711
1647020 1711
1647030 1716
1647040 1724
1647050 1724
1647060 1732
1647070 1740
1647080 1740
1647090 1746
1647100 1753
1647110 1753
1647120 1759
1647130 1765
1647140 1765
1647150 1771
1647160 1776
1647170 1776
1647180 1780
1647190 1781
1647200 1781
1647210 1781
1647220 1779
1647230 1776
1647240 1776
1647250 1772
1647260 1766
1647270 1766
1647280 1761
1647290 1756
1647300 1756
1647310 1752
1647320 1747
1647330 1747
1647340 1743
1647350 1741
1647360 1741
1647370 1737
1647380 1733
1647390 1733
1647400 1729
1647410 1725
1647420 1725
1647430 1721
1647440 1716
1647450 1716
1647460 1713
1647470 1712
1647480 1712
1647490 1713
1647500 1713
1647510 1714
1647520 1714
1647530 1714
1647540 1715
1647550 1715
1647560 1715
1647570 1716
1647580 1716
1647590 1717
1647600 1719
1647610 1719
1647620 1721
1647630 1723
1647640 1723
1647650 1725
1647660 1726
1647670 1726
1647680 1727
1647690 1728
1647700 1728
1647710 1727
1647720 1723
1647730 1723
1647740 1717
1647750 1712
1647760 1712
1647770 1705
1647780 1698
1647790 1698
1647800 1692
1647810 1686
1647820 1679
1647830 1679
1647840 1672
1647850 1664
1647860 1664
1647870 1657
1647880 1649
1647890 1649
1647900 1641
1647910 1635
1647920 1635
1647930 1627
1647940 1619
1647950 1619
1647960 1612
1647970 1605
1647980 1605
1647990 1598
1648000 1592
1648010 1592
1648020 1586
1648030 1582
1648040 1582
1648050 1579
1648060 1577
1648070 1577
1648080 1571
1648090 1565
1648100 1556
1648110 1556
1648120 1543
1648130 1525
1648140 1525
1648150 1509
1648160 1497
1648170 1497
1648180 1488
1648190 1479
1648200 1479
1648210 1471
1648220 1463
1648230 1463
1648240 1454
1648250 1446
1648260 1446
1648270 1439
1648280 1432
1648290 1432
1648300 1425
1648310 1417
1648320 1417
1648330 1410
1648340 1403
1648350 1403
1648360 1396
1648370 1388
1648380 1381
1648390 1381
1648400 1374
1648410 1367
1648420 1367
1648430 1362
1648440 1357
1648450 1357
1648460 1351
1648470 1345
1648480 1345
1648490 1339
1648500 1333
1648510 1333
1648520 1327
1648530 1321
1648540 1321
1648550 1315
1648560 1308
1648570 1308
1648580 1300
1648590 1293
1648600 1293
1648610 1288
1648620 1288
1648630 1288
1648640 1293
1648650 1299
1648660 1299
1648670 1303
1648680 1306
1648690 1306
1648700 1306
1648710 1308
1648720 1311
1648730 1311
1648740 1312
1648750 1315
1648760 1315
1648770 1317
1648780 1320
1648790 1320
1648800 1323
1648810 1327
1648820 1327
1648830 1331
1648840 1336
1648850 1336
1648860 1341
1648870 1345
1648880 1345
1648890 1350
1648900 1355
1648910 1355
1648920 1360
1648930 1365
1648940 1365
1648950 1370
1648960 1376
1648970 1381
1648980 1381
1648990 1387
1649000 1387
1649010 1387
1649020 1390
1649030 1392
1649040 1392
1649050 1394
1649060 1395
1649070 1395
1649080 1397
1649090 1400
1649100 1400
1649110 1404
1649120 1407
1649130 1407
1649140 1411
1649150 1417
1649160 1417
1649170 1424
1649180 1431
1649190 1431
1649200 1438
1649210 1444
1649220 1444
1649230 1451
1649240 1458
1649250 1465
1649260 1465
1649270 1473
1649280 1480
1649290 1480
1649300 1488
1649310 1495
1649320 1495
1649330 1502
1649340 1508
1649350 1508
1649360 1515
1649370 1522
1649380 1522
1649390 1528
1649400 1534
1649410 1534
1649420 1539
1649430 1544
1649440 1544
1649450 1547
1649460 1548
1649470 1548
1649480 1548
1649490 1546
1649500 1546
1649510 1545
1649520 1544
1649530 1544
1649540 1544
1649550 1544
1649560 1542
1649570 1542
1649580 1541
1649590 1539
1649600 1539
1649610 1537
1649620 1535
1649630 1535
1649640 1532
1649650 1529
1649660 1529
1649670 1527
1649680 1525
1649690 1525
1649700 1523
1649710 1519
1649720 1519
1649730 1512
1649740 1506
1649750 1506
1649760 1499
1649770 1493
1649780 1493
1649790 1485
1649800 1477
1649810 1477
1649820 1470
1649830 1463
1649840 1457
1649850 1457
1649860 1449
1649870 1442
1649880 1442
1649890 1434
1649900 1426
1649910 1426
1649920 1418
1649930 1411
1649940 1411
1649950 1404
1649960 1396
1649970 1396
1649980 1389
1649990 1381
1650000 1381
1650010 1374
1650020 1367
1650030 1367
1650040 1360
1650050 1353
1650060 1353
1650070 1347
1650080 1340
1650090 1340
1650100 1331
1650110 1325
1650120 1325
1650130 1325
1650140 1326
1650150 1326
1650160 1326
1650170 1326
1650180 1324
1650190 1324
1650200 1321
1650210 1319
1650220 1319
1650230 1317
1650240 1318
1650250 1318
1650260 1321
1650270 1324
1650280 1324
1650290 1329
1650300 1334
1650310 1334
1650320 1339
1650330 1342
1650340 1342
1650350 1346
1650360 1350
1650370 1350
1650380 1351
1650390 1353
1650400 1353
1650410 1353
1650420 1351
1650430 1347
1650440 1347
1650450 1343
1650460 1337
1650470 1337
1650480 1335
1650490 1335
1650500 1335
1650510 1336
1650520 1337
1650530 1337
1650540 1331
1650550 1335
1650560 1335
1650570 1338
1650580 1340
1650590 1340
1650600 1342
1650610 1344
1650620 1344
1650630 1349
1650640 1356
1650650 1356
1650660 1361
1650670 1367
1650680 1367
1650690 1373
1650700 1378
1650710 1383
1650720 1383
1650730 1389
1650740 1393
1650750 1393
1650760 1396
1650770 1397
1650780 1397
1650790 1396
1650800 1395
1650810 1395
1650820 1394
1650830 1391
1650840 1391
1650850 1389
1650860 1386
1650870 1386
1650880 1383
1650890 1378
1650900 1378
1650910 1373
1650920 1368
1650930 1368
1650940 1365
1650950 1359
1650960 1359
1650970 1352
1650980 1346
1650990 1339
1651000 1339
1651010 1333
1651020 1328
1651030 1328
1651040 1322
1651050 1315
1651060 1315
1651070 1309
1651080 1304
1651090 1304
1651100 1299
1651110 1292
1651120 1292
1651130 1284
1651140 1275
1651150 1275
1651160 1268
1651170 1262
1651180 1262
1651190 1254
1651200 1248
1651210 1248
1651220 1241
1651230 1234
1651240 1234
1651250 1226
1651260 1221
1651270 1221
1651280 1213
1651290 1206
1651300 1199
1651310 1199
1651320 1192
1651330 1185
1651340 1185
1651350 1179
1651360 1172
1651370 1172
1651380 1166
1651390 1158
1651400 1158
1651410 1152
1651420 1145
1651430 1145
1651440 1136
1651450 1129
1651460 1129
1651470 1121
1651480 1115
1651490 1115
1651500 1112
1651510 1110
1651520 1110
1651530 1109
1651540 1108
1651550 1108
1651560 1108
1651570 1110
1651580 1110
1651590 1110
1651600 1110
1651610 1111
1651620 1111
1651630 1111
1651640 1110
1651650 1110
1651660 1107
1651670 1104
1651680 1104
1651690 1099
1651700 1097
1651710 1097
1651720 1098
1651730 1101
1651740 1101
1651750 1102
1651760 1097
1651770 1097
1651780 1089
1651790 1081
1651800 1081
1651810 1074
1651820 1066
1651830 1066
1651840 1059
1651850 1051
1651860 1043
1651870 1043
1651880 1035
1651890 1028
1651900 1028
1651910 1023
1651920 1019
1651930 1019
1651940 1018
1651950 1018
1651960 1018
1651970 1019
1651980 1021
1651990 1021
1652000 1027
1652010 1033
1652020 1033
1652030 1038
1652040 1042
1652050 1042
1652060 1046
1652070 1049
1652080 1049
1652090 1053
1652100 1058
1652110 1058
1652120 1062
1652130 1066
1652140 1066
1652150 1071
1652160 1077
1652170 1083
1652180 1083
1652190 1089
1652200 1094
1652210 1094
1652220 1097
1652230 1106
1652240 1106
1652250 1112
1652260 1118
1652270 1118
1652280 1123
1652290 1130
1652300 1130
1652310 1136
1652320 1142
1652330 1142
1652340 1148
1652350 1154
1652360 1154
1652370 1160
1652380 1166
1652390 1166
1652400 1172
1652410 1178
1652420 1178
1652430 1185
1652440 1192
1652450 1198
1652460 1198
1652470 1204
1652480 1211
1652490 1211
1652500 1217
1652510 1224
1652520 1224
1652530 1231
1652540 1238
1652550 1238
1652560 1244
1652570 1251
1652580 1251
1652590 1257
1652600 1264
1652610 1264
1652620 1271
1652630 1278
1652640 1278
1652650 1285
1652660 1292
1652670 1292
1652680 1299
1652690 1306
1652700 1306
1652710 1312
1652720 1317
1652730 1320
1652740 1320
1652750 1323
1652760 1326
1652770 1326
1652780 1330
1652790 1333
1652800 1333
1652810 1337
1652820 1341
1652830 1337
1652840 1341
1652850 1345
1652860 1345
1652870 1349
1652880 1353
1652890 1353
1652900 1356
1652910 1356
1652920 1356
1652930 1355
1652940 1354
1652950 1354
1652960 1353
1652970 1351
1652980 1351
1652990 1348
1653000 1346
1653010 1346
1653020 1344
1653030 1342
1653040 1340
1653050 1340
1653060 1338
1653070 1336
1653080 1336
1653090 1334
1653100 1332
1653110 1332
1653120 1330
1653130 1328
1653140 1328
1653150 1327
1653160 1326
1653170 1326
1653180 1325
1653190 1324
1653200 1324
1653210 1323
1653220 1322
1653230 1322
1653240 1320
1653250 1320
1653260 1320
1653270 1320
1653280 1320
1653290 1320
1653300 1319
1653310 1319
1653320 1318
1653330 1318
1653340 1317
1653350 1316
1653360 1316
1653370 1315
1653380 1314
1653390 1314
1653400 1313
1653410 1312
1653420 1312
1653430 1311
1653440 1312
1653450 1312
1653460 1312
1653470 1312
1653480 1312
1653490 1312
1653500 1312
1653510 1312
1653520 1311
1653530 1310
1653540 1310
1653550 1309
1653560 1308
1653570 1308
1653580 1307
1653590 1300
1653600 1299
1653610 1299
1653620 1299
1653630 1298
1653640 1298
1653650 1298
1653660 1297
1653670 1297
1653680 1296
1653690 1295
1653700 1295
1653710 1294
1653720 1294
1653730 1294
1653740 1294
1653750 1294
1653760 1294
1653770 1293
1653780 1292
1653790 1292
1653800 1291
1653810 1290
1653820 1290
1653830 1289
1653840 1289
1653850 1289
1653860 1289
1653870 1290
1653880 1290
1653890 1291
1653900 1292
1653910 1292
1653920 1292
1653930 1293
1653940 1293
1653950 1293
1653960 1294
1653970 1296
1653980 1296
1653990 1296
1654000 1296
1654010 1296
1654020 1296
1654030 1296
1654040 1296
1654050 1297
1654060 1297
1654070 1297
1654080 1297
1654090 1297
1654100 1297
1654110 1296
1654120 1296
1654130 1296
1654140 1296
1654150 1296
1654160 1296
1654170 1295
1654180 1293
1654190 1290
1654200 1290
1654210 1288
1654220 1285
1654230 1285
1654240 1281
1654250 1276
1654260 1276
1654270 1272
1654280 1266
1654290 1266
1654300 1260
1654310 1254
1654320 1254
1654330 1248
1654340 1243
1654350 1243
1654360 1236
1654370 1230
1654380 1230
1654390 1224
1654400 1218
1654410 1218
1654420 1212
1654430 1207
1654440 1207
1654450 1201
1654460 1196
1654470 1191
1654480 1191
1654490 1185
1654500 1180
1654510 1180
1654520 1174
1654530 1170
1654540 1170
1654550 1168
1654560 1166
1654570 1166
1654580 1165
1654590 1164
1654600 1164
1654610 1163
1654620 1163
1654630 1163
1654640 1163
1654650 1163
1654660 1163
1654670 1159
1654680 1154
1654690 1154
1654700 1150
1654710 1145
1654720 1145
1654730 1140
1654740 1135
1654750 1135
1654760 1131
1654770 1126
1654780 1121
1654790 1121
1654800 1115
1654810 1110
1654820 1110
1654830 1105
1654840 1100
1654850 1100
1654860 1095
1654870 1090
1654880 1090
1654890 1085
1654900 1080
1654910 1080
1654920 1075
1654930 1070
1654940 1070
1654950 1065
1654960 1061
1654970 1061
1654980 1056
1654990 1051
1655000 1051
1655010 1045
1655020 1039
1655030 1039
1655040 1032
1655050 1025
1655060 1018
1655070 1018
1655080 1018
1655090 1024
1655100 1024
1655110 1029
1655120 1032
1655130 1032
1655140 1034
1655150 1037
1655160 1037
1655170 1040
1655180 1041
1655190 1041
1655200 1042
1655210 1043
1655220 1043
1655230 1045
1655240 1049
1655250 1049
1655260 1054
1655270 1059
1655280 1059
1655290 1065
1655300 1070
1655310 1070
1655320 1076
1655330 1081
1655340 1087
1655350 1087
1655360 1092
1655370 1097
1655380 1097
1655390 1103
1655400 1109
1655410 1109
1655420 1114
1655430 1121
1655440 1121
1655450 1128
1655460 1133
1655470 1133
1655480 1139
1655490 1146
1655500 1146
1655510 1152
1655520 1159
1655530 1159
1655540 1165
1655550 1170
1655560 1170
1655570 1175
1655580 1180
1655590 1180
1655600 1184
1655610 1189
1655620 1189
1655630 1194
1655640 1198
1655650 1202
1655660 1202
1655670 1206
1655680 1209
1655690 1209
1655700 1213
1655710 1216
1655720 1216
1655730 1218
1655740 1220
1655750 1220
1655760 1221
1655770 1221
1655780 1221
1655790 1222
1655800 1223
1655810 1223
1655820 1224
1655830 1222
1655840 1222
1655850 1223
1655860 1224
1655870 1224
1655880 1225
1655890 1227
1655900 1227
1655910 1229
1655920 1229
1655930 1229
1655940 1229
1655950 1229
1655960 1229
1655970 1229
1655980 1229
1655990 1229
1656000 1229
1656010 1230
1656020 1230
1656030 1230
1656040 1230
1656050 1230
1656060 1230
1656070 1230
1656080 1230
1656090 1230
1656100 1231
1656110 1230
1656120 1230
1656130 1230
1656140 1230
1656150 1230
1656160 1229
1656170 1229
1656180 1229
1656190 1228
1656200 1227
1656210 1226
1656220 1226
1656230 1226
1656240 1225
1656250 1225
1656260 1223
1656270 1223
1656280 1223
1656290 1222
1656300 1220
1656310 1220
1656320 1217
1656330 1214
1656340 1214
1656350 1212
1656360 1209
1656370 1209
1656380 1206
1656390 1203
1656400 1203
1656410 1200
1656420 1196
1656430 1196
1656440 1193
1656450 1190
1656460 1190
1656470 1187
1656480 1183
1656490 1183
1656500 1180
1656510 1175
1656520 1172
1656530 1172
1656540 1169
1656550 1167
1656560 1167
1656570 1164
1656580 1156
1656590 1156
1656600 1152
1656610 1147
1656620 1147
1656630 1142
1656640 1138
1656650 1138
1656660 1131
1656670 1123
1656680 1123
1656690 1115
1656700 1108
1656710 1108
1656720 1102
1656730 1096
1656740 1096
1656750 1091
1656760 1085
1656770 1085
1656780 1080
1656790 1074
1656800 1067
1656810 1067
1656820 1060
1656830 1055
1656840 1055
1656850 1049
1656860 1043
1656870 1043
1656880 1037
1656890 1033
1656900 1033
1656910 1025
1656920 1018
1656930 1018
1656940 1009
1656950 1000
1656960 1000
1656970 994
1656980 988
1656990 988
1657000 979
1657010 969
1657020 969
1657030 962
1657040 955
1657050 955
1657060 949
1657070 944
1657080 938
1657090 938
1657100 933
1657110 928
1657120 928
1657130 924
1657140 921
1657150 921
1657160 919
1657170 918
1657180 918
1657190 916
1657200 915
1657210 915
1657220 916
1657230 916
1657240 916
1657250 916
1657260 918
1657270 918
1657280 920
1657290 923
1657300 923
1657310 920
1657320 922
1657330 922
1657340 924
1657350 925
1657360 925
1657370 925
1657380 924
1657390 925
1657400 925
1657410 928
1657420 929
1657430 929
1657440 930
1657450 930
1657460 930
1657470 930
1657480 929
1657490 929
1657500 928
1657510 929
1657520 929
1657530 929
1657540 928
1657550 928
1657560 927
1657570 925
1657580 925
1657590 924
1657600 923
1657610 923
1657620 922
1657630 921
1657640 921
1657650 920
1657660 921
1657670 922
1657680 922
1657690 926
1657700 930
1657710 930
1657720 932
1657730 933
1657740 933
1657750 934
1657760 933
1657770 933
1657780 932
1657790 932
1657800 932
1657810 931
1657820 931
1657830 931
1657840 932
1657850 933
1657860 933
1657870 932
1657880 931
1657890 931
1657900 931
1657910 930
1657920 930
1657930 929
1657940 929
1657950 927
1657960 927
1657970 924
1657980 921
1657990 921
1658000 918
1658010 916
1658020 916
1658030 915
1658040 912
1658050 908
1658060 906
1658070 905
1658080 905
1658090 902
1658100 900
1658110 900
1658120 897
1658130 894
1658140 894
1658150 891
1658160 888
1658170 888
1658180 886
1658190 887
1658200 887
1658210 888
1658220 887
1658230 887
1658240 890
1658250 896
1658260 902
1658270 902
1658280 905
1658290 908
1658300 908
1658310 910
1658320 911
1658330 911
1658340 911
1658350 912
1658360 912
1658370 912
1658380 913
1658390 913
1658400 915
1658410 918
1658420 918
1658430 921
1658440 924
1658450 924
1658460 925
1658470 926
1658480 926
1658490 928
1658500 933
1658510 933
1658520 937
1658530 941
1658540 943
1658550 943
1658560 945
1658570 947
1658580 947
1658590 949
1658600 951
1658610 951
1658620 954
1658630 956
1658640 956
1658650 958
1658660 961
1658670 961
1658680 963
1658690 965
1658700 965
1658710 967
1658720 970
1658730 970
1658740 974
1658750 976
1658760 976
1658770 979
1658780 982
1658790 984
1658800 987
1658810 991
1658820 994
1658830 994
1658840 998
1658850 1001
1658860 1001
1658870 1004
1658880 1007
1658890 1007
1658900 1011
1658910 1015
1658920 1015
1658930 1019
1658940 1021
1658950 1021
1658960 1024
1658970 1027
1658980 1027
1658990 1031
1659000 1034
1659010 1034
1659020 1036
1659030 1040
1659040 1040
1659050 1043
1659060 1046
1659070 1046
1659080 1049
1659090 1052
1659100 1052
1659110 1054
1659120 1057
1659130 1060
1659140 1060
1659150 1063
1659160 1067
1659170 1067
1659180 1070
1659190 1073
1659200 1073
1659210 1076
1659220 1079
1659230 1079
1659240 1084
1659250 1088
1659260 1088
1659270 1093
1659280 1097
1659290 1097
1659300 1100
1659310 1103
1659320 1103
1659330 1106
1659340 1109
1659350 1109
1659360 1112
1659370 1115
1659380 1115
1659390 1117
1659400 1119
1659410 1121
1659420 1121
1659430 1123
1659440 1126
1659450 1126
1659460 1129
1659470 1133
1659480 1133
1659490 1136
1659500 1141
1659510 1141
1659520 1146
1659530 1146
1659540 1146
1659550 1148
1659560 1151
1659570 1151
1659580 1155
1659590 1157
1659600 1157
1659610 1160
1659620 1163
1659630 1163
1659640 1166
1659650 1170
1659660 1170
1659670 1173
1659680 1176
1659690 1180
1659700 1180
1659710 1183
1659720 1185
1659730 1185
1659740 1187
1659750 1189
1659760 1189
1659770 1190
1659780 1190
1659790 1190
1659800 1188
1659810 1187
1659820 1187
1659830 1188
1659840 1190
1659850 1190
1659860 1193
1659870 1194
1659880 1194
1659890 1195
1659900 1196
1659910 1196
1659920 1196
1659930 1196
1659940 1196
1659950 1197
1659960 1200
1659970 1202
1659980 1202
1659990 1204
