1640000 1296
1640010 1301
1640020 1300
1640030 1300
1640040 1295
1640050 1294
1640060 1294
1640070 1288
1640080 1282
1640090 1275
1640100 1275
1640110 1269
1640120 1268
1640130 1268
1640140 1269
1640150 1264
1640160 1264
1640170 1262
1640180 1261
1640190 1261
1640200 1263
1640210 1265
1640220 1265
1640230 1265
1640240 1263
1640250 1263
1640260 1262
1640270 1259
1640280 1259
1640290 1256
1640300 1255
1640310 1255
1640320 1253
1640330 1253
1640340 1253
1640350 1253
1640360 1253
1640370 1253
1640380 1251
1640390 1251
1640400 1250
1640410 1250
1640420 1250
1640430 1249
1640440 1249
1640450 1248
1640460 1247
1640470 1247
1640480 1238
1640490 1236
1640500 1236
1640510 1237
1640520 1237
1640530 1237
1640540 1236
1640550 1235
1640560 1235
1640570 1233
1640580 1232
1640590 1232
1640600 1231
1640610 1230
1640620 1230
1640630 1230
1640640 1230
1640650 1230
1640660 1229
1640670 1227
1640680 1223
1640690 1223
1640700 1218
1640710 1211
1640720 1211
1640730 1204
1640740 1197
1640750 1197
1640760 1193
1640770 1190
1640780 1190
1640790 1190
1640800 1196
1640810 1196
1640820 1200
1640830 1196
1640840 1196
1640850 1190
1640860 1183
1640870 1183
1640880 1177
1640890 1177
1640900 1177
1640910 1181
1640920 1182
1640930 1182
1640940 1184
1640950 1184
1640960 1185
1640970 1185
1640980 1183
1640990 1183
1641000 1183
1641010 1183
1641020 1182
1641030 1182
1641040 1182
1641050 1184
1641060 1184
1641070 1188
1641080 1188
1641090 1188
1641100 1185
1641110 1183
1641120 1183
1641130 1184
1641140 1186
1641150 1186
1641160 1186
1641170 1185
1641180 1185
1641190 1182
1641200 1181
1641210 1181
1641220 1179
1641230 1178
1641240 1178
1641250 1179
1641260 1183
1641270 1190
1641280 1190
1641290 1189
1641300 1195
1641310 1195
1641320 1202
1641330 1210
1641340 1210
1641350 1218
1641360 1231
1641370 1231
1641380 1238
1641390 1239
1641400 1239
1641410 1250
1641420 1256
1641430 1256
1641440 1257
1641450 1259
1641460 1259
1641470 1260
1641480 1261
1641490 1261
1641500 1262
1641510 1261
1641520 1261
1641530 1257
1641540 1253
1641550 1247
1641560 1247
1641570 1239
1641580 1241
1641590 1241
1641600 1243
1641610 1240
1641620 1240
1641630 1248
1641640 1256
1641650 1256
1641660 1261
1641670 1266
1641680 1266
1641690 1273
1641700 1279
1641710 1279
1641720 1285
1641730 1288
1641740 1288
1641750 1287
1641760 1285
1641770 1285
1641780 1282
1641790 1280
1641800 1280
1641810 1279
1641820 1279
1641830 1279
1641840 1280
1641850 1280
1641860 1277
1641870 1277
1641880 1274
1641890 1271
1641900 1271
1641910 1268
1641920 1266
1641930 1266
1641940 1263
1641950 1259
1641960 1259
1641970 1254
1641980 1246
1641990 1246
1642000 1238
1642010 1231
1642020 1231
1642030 1227
1642040 1224
1642050 1224
1642060 1222
1642070 1217
1642080 1217
1642090 1207
1642100 1199
1642110 1193
1642120 1186
1642130 1180
1642140 1175
1642150 1175
1642160 1171
1642170 1167
1642180 1167
1642190 1163
1642200 1158
1642210 1158
1642220 1154
1642230 1149
1642240 1149
1642250 1143
1642260 1138
1642270 1138
1642280 1132
1642290 1126
1642300 1126
1642310 1120
1642320 1115
1642330 1115
1642340 1110
1642350 1105
1642360 1105
1642370 1100
1642380 1096
1642390 1096
1642400 1092
1642410 1092
1642420 1095
1642430 1095
1642440 1097
1642450 1099
1642460 1099
1642470 1101
1642480 1103
1642490 1103
1642500 1105
1642510 1107
1642520 1107
1642530 1110
1642540 1113
1642550 1113
1642560 1115
1642570 1117
1642580 1117
1642590 1119
1642600 1121
1642610 1121
1642620 1123
1642630 1125
1642640 1125
1642650 1128
1642660 1130
1642670 1130
1642680 1132
1642690 1134
1642700 1134
1642710 1137
1642720 1140
1642730 1143
1642740 1143
1642750 1146
1642760 1150
1642770 1150
1642780 1155
1642790 1160
1642800 1160
1642810 1164
1642820 1170
1642830 1170
1642840 1175
1642850 1180
1642860 1180
1642870 1184
1642880 1190
1642890 1190
1642900 1195
1642910 1196
1642920 1196
1642930 1203
1642940 1211
1642950 1211
1642960 1214
1642970 1215
1642980 1215
1642990 1218
1643000 1219
1643010 1219
1643020 1219
1643030 1218
1643040 1216
1643050 1216
1643060 1215
1643070 1218
1643080 1218
1643090 1224
1643100 1230
1643110 1230
1643120 1237
1643130 1247
1643140 1247
1643150 1256
1643160 1265
1643170 1265
1643180 1272
1643190 1278
1643200 1278
1643210 1283
1643220 1289
1643230 1289
1643240 1293
1643250 1300
1643260 1300
1643270 1308
1643280 1314
1643290 1314
1643300 1320
1643310 1325
1643320 1330
1643330 1330
1643340 1336
1643350 1342
1643360 1342
1643370 1348
1643380 1355
1643390 1355
1643400 1361
1643410 1368
1643420 1368
1643430 1374
1643440 1381
1643450 1381
1643460 1387
1643470 1394
1643480 1394
1643490 1401
1643500 1408
1643510 1408
1643520 1415
1643530 1422
1643540 1422
1643550 1428
1643560 1436
1643570 1436
1643580 1443
1643590 1450
1643600 1457
1643610 1457
1643620 1464
1643630 1470
1643640 1470
1643650 1476
1643660 1481
1643670 1481
1643680 1487
1643690 1494
1643700 1494
1643710 1500
1643720 1508
1643730 1508
1643740 1515
1643750 1521
1643760 1521
1643770 1527
1643780 1533
1643790 1533
1643800 1539
1643810 1546
1643820 1546
1643830 1552
1643840 1558
1643850 1558
1643860 1565
1643870 1570
1643880 1577
1643890 1577
1643900 1584
1643910 1590
1643920 1590
1643930 1596
1643940 1601
1643950 1601
1643960 1606
1643970 1611
1643980 1611
1643990 1614
1644000 1613
1644010 1613
1644020 1609
1644030 1606
1644040 1606
1644050 1603
1644060 1602
1644070 1602
1644080 1602
1644090 1602
1644100 1602
1644110 1603
1644120 1604
1644130 1604
1644140 1606
1644150 1607
1644160 1607
1644170 1609
1644180 1609
1644190 1610
1644200 1610
1644210 1609
1644220 1607
1644230 1607
1644240 1606
1644250 1604
1644260 1604
1644270 1601
1644280 1599
1644290 1599
1644300 1597
1644310 1596
1644320 1596
1644330 1595
1644340 1593
1644350 1593
1644360 1592
1644370 1591
1644380 1591
1644390 1590
1644400 1588
1644410 1588
1644420 1586
1644430 1584
1644440 1584
1644450 1582
1644460 1580
1644470 1578
1644480 1578
1644490 1577
1644500 1576
1644510 1576
1644520 1566
1644530 1564
1644540 1564
1644550 1562
1644560 1561
1644570 1561
1644580 1561
1644590 1560
1644600 1560
1644610 1560
1644620 1561
1644630 1561
1644640 1560
1644650 1561
1644660 1561
1644670 1561
1644680 1561
1644690 1561
1644700 1560
1644710 1561
1644720 1561
1644730 1567
1644740 1573
1644750 1573
1644760 1577
1644770 1582
1644780 1587
1644790 1587
1644800 1589
1644810 1592
1644820 1592
1644830 1594
1644840 1597
1644850 1597
1644860 1600
1644870 1602
1644880 1602
1644890 1604
1644900 1606
1644910 1606
1644920 1608
1644930 1610
1644940 1610
1644950 1611
1644960 1614
1644970 1614
1644980 1617
1644990 1619
1645000 1619
1645010 1623
1645020 1627
1645030 1627
1645040 1630
1645050 1633
1645060 1636
1645070 1636
1645080 1639
1645090 1642
1645100 1642
1645110 1645
1645120 1649
1645130 1649
1645140 1652
1645150 1654
1645160 1654
1645170 1656
1645180 1658
1645190 1658
1645200 1661
1645210 1662
1645220 1662
1645230 1663
1645240 1665
1645250 1665
1645260 1666
1645270 1668
1645280 1668
1645290 1669
1645300 1670
1645310 1667
1645320 1668
1645330 1669
1645340 1670
1645350 1670
1645360 1672
1645370 1673
1645380 1673
1645390 1674
1645400 1675
1645410 1675
1645420 1676
1645430 1677
1645440 1677
1645450 1677
1645460 1677
1645470 1677
1645480 1677
1645490 1676
1645500 1676
1645510 1674
1645520 1671
1645530 1671
1645540 1667
1645550 1663
1645560 1663
1645570 1658
1645580 1652
1645590 1652
1645600 1646
1645610 1638
1645620 1638
1645630 1632
1645640 1625
1645650 1619
1645660 1619
1645670 1614
1645680 1610
1645690 1610
1645700 1610
1645710 1608
1645720 1608
1645730 1605
1645740 1602
1645750 1602
1645760 1600
1645770 1598
1645780 1598
1645790 1595
1645800 1593
1645810 1593
1645820 1592
1645830 1591
1645840 1591
1645850 1590
1645860 1589
1645870 1589
1645880 1588
1645890 1586
1645900 1586
1645910 1585
1645920 1583
1645930 1580
1645940 1580
1645950 1577
1645960 1574
1645970 1574
1645980 1571
1645990 1566
1646000 1566
1646010 1561
1646020 1556
1646030 1556
1646040 1549
1646050 1541
1646060 1541
1646070 1533
1646080 1526
1646090 1526
1646100 1519
1646110 1509
1646120 1509
1646130 1502
1646140 1495
1646150 1495
1646160 1488
1646170 1481
1646180 1481
1646190 1473
1646200 1468
1646210 1468
1646220 1460
1646230 1453
1646240 1446
1646250 1446
1646260 1439
1646270 1433
1646280 1433
1646290 1426
1646300 1421
1646310 1421
1646320 1416
1646330 1409
1646340 1409
1646350 1406
1646360 1401
1646370 1401
1646380 1395
1646390 1390
1646400 1390
1646410 1386
1646420 1380
1646430 1380
1646440 1376
1646450 1371
1646460 1371
1646470 1367
1646480 1363
1646490 1363
1646500 1359
1646510 1355
1646520 1352
1646530 1352
1646540 1348
1646550 1345
1646560 1345
1646570 1341
1646580 1337
1646590 1337
1646600 1335
1646610 1333
1646620 1333
1646630 1330
1646640 1327
1646650 1327
1646660 1324
1646670 1319
1646680 1319
1646690 1313
1646700 1308
1646710 1308
1646720 1303
1646730 1298
1646740 1298
1646750 1293
1646760 1288
1646770 1288
1646780 1285
1646790 1283
1646800 1283
1646810 1282
1646820 1278
1646830 1275
1646840 1275
1646850 1273
1646860 1269
1646870 1269
1646880 1269
1646890 1271
1646900 1271
1646910 1279
1646920 1287
1646930 1287
1646940 1292
1646950 1295
1646960 1295
1646970 1300
1646980 1304
1646990 1304
1647000 1309
1647010 1314
1647020 1314
1647030 1319
1647040 1324
1647050 1324
1647060 1327
1647070 1331
1647080 1331
1647090 1334
1647100 1338
1647110 1342
1647120 1342
1647130 1345
1647140 1349
1647150 1349
1647160 1352
1647170 1355
1647180 1355
1647190 1358
1647200 1360
1647210 1360
1647220 1363
1647230 1365
1647240 1365
1647250 1366
1647260 1368
1647270 1368
1647280 1370
1647290 1371
1647300 1371
1647310 1372
1647320 1373
1647330 1373
1647340 1375
1647350 1376
1647360 1376
1647370 1377
1647380 1377
1647390 1378
1647400 1378
1647410 1378
1647420 1378
1647430 1378
1647440 1378
1647450 1377
1647460 1377
1647470 1376
1647480 1376
1647490 1376
1647500 1375
1647510 1374
1647520 1374
1647530 1372
1647540 1371
1647550 1371
1647560 1372
1647570 1373
1647580 1373
1647590 1375
1647600 1378
1647610 1378
1647620 1379
1647630 1380
1647640 1380
1647650 1381
1647660 1383
1647670 1378
1647680 1379
1647690 1381
1647700 1383
1647710 1383
1647720 1385
1647730 1387
1647740 1387
1647750 1387
1647760 1388
1647770 1388
1647780 1388
1647790 1386
1647800 1386
1647810 1385
1647820 1384
1647830 1384
1647840 1382
1647850 1380
1647860 1380
1647870 1378
1647880 1377
1647890 1377
1647900 1375
1647910 1373
1647920 1373
1647930 1370
1647940 1368
1647950 1368
1647960 1365
1647970 1362
1647980 1360
1647990 1360
1648000 1357
1648010 1354
1648020 1354
1648030 1351
1648040 1348
1648050 1348
1648060 1345
1648070 1341
1648080 1341
1648090 1337
1648100 1333
1648110 1333
1648120 1329
1648130 1325
1648140 1325
1648150 1320
1648160 1316
1648170 1316
1648180 1312
1648190 1308
1648200 1308
1648210 1304
1648220 1300
1648230 1300
1648240 1296
1648250 1292
1648260 1292
1648270 1289
1648280 1286
1648290 1282
1648300 1282
1648310 1279
1648320 1276
1648330 1276
1648340 1273
1648350 1269
1648360 1269
1648370 1265
1648380 1262
1648390 1262
1648400 1259
1648410 1256
1648420 1256
1648430 1253
1648440 1249
1648450 1245
1648460 1241
1648470 1237
1648480 1237
1648490 1234
1648500 1231
1648510 1231
1648520 1229
1648530 1227
1648540 1227
1648550 1224
1648560 1220
1648570 1217
1648580 1217
1648590 1214
1648600 1211
1648610 1211
1648620 1208
1648630 1206
1648640 1206
1648650 1203
1648660 1200
1648670 1200
1648680 1198
1648690 1195
1648700 1195
1648710 1193
1648720 1191
1648730 1191
1648740 1189
1648750 1186
1648760 1186
1648770 1183
1648780 1182
1648790 1182
1648800 1180
1648810 1179
1648820 1179
1648830 1178
1648840 1176
1648850 1175
1648860 1175
1648870 1173
1648880 1171
1648890 1171
1648900 1168
1648910 1166
1648920 1166
1648930 1163
1648940 1160
1648950 1160
1648960 1157
1648970 1156
1648980 1156
1648990 1154
1649000 1152
1649010 1152
1649020 1150
1649030 1149
1649040 1149
1649050 1148
1649060 1146
1649070 1146
1649080 1145
1649090 1143
1649100 1143
1649110 1140
1649120 1138
1649130 1138
1649140 1134
1649150 1129
1649160 1125
1649170 1125
1649180 1121
1649190 1117
1649200 1117
1649210 1111
1649220 1105
1649230 1113
1649240 1105
1649250 1100
1649260 1100
1649270 1097
1649280 1097
1649290 1097
1649300 1096
1649310 1096
1649320 1096
1649330 1096
1649340 1098
1649350 1098
1649360 1096
1649370 1096
1649380 1096
1649390 1095
1649400 1096
1649410 1096
1649420 1094
1649430 1092
1649440 1088
1649450 1088
1649460 1082
1649470 1075
1649480 1075
1649490 1068
1649500 1062
1649510 1062
1649520 1055
1649530 1049
1649540 1049
1649550 1043
1649560 1038
1649570 1038
1649580 1033
1649590 1027
1649600 1027
1649610 1023
1649620 1018
1649630 1018
1649640 1014
1649650 1008
1649660 1008
1649670 1003
1649680 996
1649690 996
1649700 987
1649710 980
1649720 980
1649730 978
1649740 980
1649750 982
1649760 982
1649770 985
1649780 990
1649790 990
1649800 997
1649810 1010
1649820 1010
1649830 1019
1649840 1028
1649850 1028
1649860 1039
1649870 1049
1649880 1049
1649890 1050
1649900 1050
1649910 1050
1649920 1050
1649930 1049
1649940 1049
1649950 1049
1649960 1049
1649970 1049
1649980 1050
1649990 1051
1650000 1047
1650010 1048
1650020 1049
1650030 1050
1650040 1050
1650050 1052
1650060 1052
1650070 1052
1650080 1052
1650090 1053
1650100 1053
1650110 1053
1650120 1052
1650130 1052
1650140 1051
1650150 1049
1650160 1049
1650170 1047
1650180 1045
1650190 1045
1650200 1043
1650210 1042
1650220 1042
1650230 1040
1650240 1037
1650250 1037
1650260 1034
1650270 1032
1650280 1032
1650290 1029
1650300 1027
1650310 1026
1650320 1026
1650330 1024
1650340 1022
1650350 1022
1650360 1021
1650370 1018
1650380 1018
1650390 1016
1650400 1013
1650410 1013
1650420 1008
1650430 1006
1650440 1006
1650450 1003
1650460 998
1650470 998
1650480 994
1650490 991
1650500 991
1650510 991
1650520 994
1650530 994
1650540 997
1650550 998
1650560 998
1650570 997
1650580 997
1650590 997
1650600 997
1650610 996
1650620 996
1650630 996
1650640 996
1650650 996
1650660 996
1650670 997
1650680 997
1650690 997
1650700 998
1650710 998
1650720 998
1650730 999
1650740 1000
1650750 1000
1650760 1000
1650770 999
1650780 999
1650790 1000
1650800 1001
1650810 1001
1650820 1003
1650830 1004
1650840 1004
1650850 1005
1650860 1006
1650870 1006
1650880 1007
1650890 1009
1650900 1011
1650910 1011
1650920 1013
1650930 1015
1650940 1015
1650950 1017
1650960 1019
1650970 1019
1650980 1022
1650990 1025
1651000 1025
1651010 1028
1651020 1032
1651030 1032
1651040 1036
1651050 1039
1651060 1039
1651070 1043
1651080 1047
1651090 1047
1651100 1050
1651110 1054
1651120 1054
1651130 1058
1651140 1063
1651150 1063
1651160 1067
1651170 1072
1651180 1072
1651190 1075
1651200 1080
1651210 1086
1651220 1086
1651230 1088
1651240 1094
1651250 1094
1651260 1098
1651270 1102
1651280 1102
1651290 1106
1651300 1111
1651310 1111
1651320 1116
1651330 1121
1651340 1121
1651350 1126
1651360 1131
1651370 1131
1651380 1136
1651390 1140
1651400 1140
1651410 1142
1651420 1143
1651430 1143
1651440 1143
1651450 1143
1651460 1143
1651470 1142
1651480 1141
1651490 1139
1651500 1139
1651510 1137
1651520 1134
1651530 1134
1651540 1127
1651550 1120
1651560 1120
1651570 1113
1651580 1105
1651590 1105
1651600 1097
1651610 1090
1651620 1090
1651630 1082
1651640 1075
1651650 1075
1651660 1069
1651670 1063
1651680 1063
1651690 1058
1651700 1053
1651710 1053
1651720 1049
1651730 1045
1651740 1045
1651750 1040
1651760 1036
1651770 1036
1651780 1032
1651790 1028
1651800 1025
1651810 1025
1651820 1021
1651830 1018
1651840 1018
1651850 1015
1651860 1012
1651870 1012
1651880 1009
1651890 1005
1651900 1005
1651910 1002
1651920 999
1651930 999
1651940 997
1651950 996
1651960 996
1651970 995
1651980 996
1651990 996
1652000 999
1652010 996
1652020 996
1652030 987
1652040 975
1652050 975
1652060 964
1652070 954
1652080 945
1652090 945
1652100 937
1652110 928
1652120 928
1652130 920
1652140 913
1652150 913
1652160 905
1652170 896
1652180 896
1652190 888
1652200 888
1652210 888
1652220 891
1652230 898
1652240 898
1652250 906
1652260 914
1652270 914
1652280 921
1652290 928
1652300 924
1652310 930
1652320 937
1652330 937
1652340 942
1652350 949
1652360 956
1652370 956
1652380 962
1652390 969
1652400 969
1652410 974
1652420 975
1652430 975
1652440 976
1652450 977
1652460 977
1652470 978
1652480 980
1652490 980
1652500 984
1652510 986
1652520 986
1652530 991
1652540 996
1652550 996
1652560 998
1652570 1000
1652580 1000
1652590 1000
1652600 1000
1652610 1000
1652620 1000
1652630 1000
1652640 1000
1652650 1000
1652660 1000
1652670 1000
1652680 1000
1652690 1001
1652700 1001
1652710 1001
1652720 1002
1652730 1001
1652740 1001
1652750 1001
1652760 1001
1652770 1001
1652780 1001
1652790 1001
1652800 1001
1652810 1001
1652820 1001
1652830 1001
1652840 1001
1652850 1001
1652860 1001
1652870 1001
1652880 1002
1652890 1002
1652900 1002
1652910 1001
1652920 1001
1652930 1001
1652940 1001
1652950 1000
1652960 1000
1652970 999
1652980 998
1652990 998
1653000 998
1653010 997
1653020 997
1653030 996
1653040 995
1653050 995
1653060 990
1653070 989
1653080 989
1653090 988
1653100 987
1653110 987
1653120 986
1653130 984
1653140 984
1653150 983
1653160 981
1653170 981
1653180 979
1653190 977
1653200 977
1653210 976
1653220 975
1653230 975
1653240 974
1653250 973
1653260 972
1653270 972
1653280 972
1653290 973
1653300 973
1653310 974
1653320 975
1653330 975
1653340 977
1653350 976
1653360 976
1653370 974
1653380 971
1653390 971
1653400 969
1653410 966
1653420 966
1653430 965
1653440 964
1653450 964
1653460 963
1653470 962
1653480 962
1653490 962
1653500 962
1653510 962
1653520 962
1653530 961
1653540 959
1653550 959
1653560 959
1653570 959
1653580 959
1653590 964
1653600 971
1653610 971
1653620 978
1653630 985
1653640 985
1653650 991
1653660 996
1653670 996
1653680 1002
1653690 1009
1653700 1009
1653710 1015
1653720 1021
1653730 1021
1653740 1026
1653750 1031
1653760 1031
1653770 1037
1653780 1043
1653790 1043
1653800 1048
1653810 1056
1653820 1056
1653830 1062
1653840 1068
1653850 1074
1653860 1074
1653870 1078
1653880 1081
1653890 1081
1653900 1086
1653910 1089
1653920 1089
1653930 1089
1653940 1086
1653950 1086
1653960 1084
1653970 1081
1653980 1081
1653990 1079
1654000 1076
1654010 1076
1654020 1072
1654030 1069
1654040 1069
1654050 1067
1654060 1063
1654070 1063
1654080 1060
1654090 1058
1654100 1058
1654110 1056
1654120 1054
1654130 1053
1654140 1053
1654150 1052
1654160 1050
1654170 1050
1654180 1049
1654190 1047
1654200 1047
1654210 1045
1654220 1045
1654230 1045
1654240 1045
1654250 1046
1654260 1046
1654270 1048
1654280 1051
1654290 1051
1654300 1055
1654310 1056
1654320 1056
1654330 1057
1654340 1058
1654350 1058
1654360 1060
1654370 1063
1654380 1063
1654390 1065
1654400 1069
1654410 1072
1654420 1072
1654430 1077
1654440 1080
1654450 1080
1654460 1084
1654470 1088
1654480 1088
1654490 1091
1654500 1094
1654510 1094
1654520 1097
1654530 1100
1654540 1100
1654550 1103
1654560 1103
1654570 1103
1654580 1104
1654590 1104
1654600 1104
1654610 1103
1654620 1100
1654630 1100
1654640 1098
1654650 1096
1654660 1096
1654670 1093
1654680 1089
1654690 1089
1654700 1084
1654710 1080
1654720 1075
1654730 1075
1654740 1070
1654750 1065
1654760 1065
1654770 1061
1654780 1057
1654790 1057
1654800 1053
1654810 1049
1654820 1049
1654830 1045
1654840 1041
1654850 1041
1654860 1037
1654870 1034
1654880 1034
1654890 1032
1654900 1032
1654910 1032
1654920 1032
1654930 1032
1654940 1032
1654950 1033
1654960 1035
1654970 1035
1654980 1036
1654990 1038
1655000 1037
1655010 1037
1655020 1033
1655030 1028
1655040 1028
1655050 1023
1655060 1018
1655070 1018
1655080 1013
1655090 1008
1655100 1008
1655110 1001
1655120 995
1655130 995
1655140 989
1655150 985
1655160 985
1655170 979
1655180 972
1655190 972
1655200 966
1655210 960
1655220 960
1655230 954
1655240 949
1655250 949
1655260 944
1655270 939
1655280 939
1655290 932
1655300 926
1655310 919
1655320 919
1655330 913
1655340 909
1655350 909
1655360 905
1655370 899
1655380 899
1655390 896
1655400 893
1655410 893
1655420 888
1655430 883
1655440 883
1655450 878
1655460 872
1655470 872
1655480 865
1655490 858
1655500 858
1655510 854
1655520 851
1655530 851
1655540 847
1655550 844
1655560 844
1655570 841
1655580 838
1655590 836
1655600 836
1655610 834
1655620 833
1655630 833
1655640 833
1655650 833
1655660 833
1655670 833
1655680 834
1655690 834
1655700 836
1655710 839
1655720 839
1655730 842
1655740 846
1655750 846
1655760 852
1655770 857
1655780 857
1655790 864
1655800 871
1655810 871
1655820 876
1655830 879
1655840 879
1655850 881
1655860 883
1655870 883
1655880 883
1655890 884
1655900 885
1655910 885
1655920 886
1655930 888
1655940 888
1655950 890
1655960 893
1655970 893
1655980 897
1655990 903
1656000 903
1656010 908
1656020 911
1656030 911
1656040 913
1656050 916
1656060 912
1656070 912
1656080 913
1656090 913
1656100 914
1656110 915
1656120 915
1656130 916
1656140 918
1656150 918
1656160 920
1656170 922
1656180 923
1656190 923
1656200 925
1656210 929
1656220 929
1656230 932
1656240 935
1656250 935
1656260 938
1656270 941
1656280 941
1656290 944
1656300 947
1656310 947
1656320 951
1656330 955
1656340 955
1656350 958
1656360 961
1656370 961
1656380 964
1656390 967
1656400 967
1656410 970
1656420 974
1656430 974
1656440 978
1656450 981
1656460 988
1656470 988
1656480 993
1656490 1000
1656500 1000
1656510 1007
1656520 1014
1656530 1014
1656540 1020
1656550 1027
1656560 1027
1656570 1033
1656580 1041
1656590 1041
1656600 1048
1656610 1048
1656620 1048
1656630 1041
1656640 1033
1656650 1033
1656660 1025
1656670 1016
1656680 1016
1656690 1007
1656700 998
1656710 998
1656720 989
1656730 980
1656740 980
1656750 971
1656760 963
1656770 955
1656780 955
1656790 948
1656800 941
1656810 941
1656820 937
1656830 930
1656840 930
1656850 923
1656860 917
1656870 917
1656880 910
1656890 904
1656900 904
1656910 898
1656920 892
1656930 892
1656940 885
1656950 878
1656960 878
1656970 871
1656980 865
1656990 865
1657000 858
1657010 851
1657020 851
1657030 846
1657040 839
1657050 833
1657060 833
1657070 827
1657080 822
1657090 822
1657100 816
1657110 812
1657120 812
1657130 808
1657140 804
1657150 804
1657160 799
1657170 791
1657180 791
1657190 781
1657200 772
1657210 772
1657220 764
1657230 759
1657240 759
1657250 757
1657260 759
1657270 759
1657280 765
1657290 770
1657300 770
1657310 776
1657320 781
1657330 781
1657340 788
1657350 792
1657360 799
1657370 799
1657380 807
1657390 813
1657400 813
1657410 820
1657420 826
1657430 826
1657440 833
1657450 839
1657460 839
1657470 843
1657480 850
1657490 850
1657500 856
1657510 861
1657520 861
1657530 867
1657540 876
1657550 876
1657560 880
1657570 886
1657580 886
1657590 893
1657600 899
1657610 899
1657620 907
1657630 915
1657640 923
1657650 923
1657660 929
1657670 935
1657680 935
1657690 937
1657700 936
1657710 936
1657720 934
1657730 934
1657740 934
1657750 936
1657760 939
1657770 939
1657780 942
1657790 944
1657800 944
1657810 948
1657820 951
1657830 951
1657840 954
1657850 958
1657860 958
1657870 962
1657880 967
1657890 967
1657900 971
1657910 976
1657920 976
1657930 981
1657940 986
1657950 992
1657960 992
1657970 998
1657980 1004
1657990 1004
1658000 1009
1658010 1015
1658020 1015
1658030 1021
1658040 1026
1658050 1026
1658060 1031
1658070 1036
1658080 1036
1658090 1041
1658100 1047
1658110 1047
1658120 1053
1658130 1058
1658140 1058
1658150 1064
1658160 1070
1658170 1070
1658180 1076
1658190 1082
1658200 1082
1658210 1088
1658220 1094
1658230 1100
1658240 1100
1658250 1107
1658260 1114
1658270 1116
1658280 1122
1658290 1127
1658300 1127
1658310 1132
1658320 1137
1658330 1137
1658340 1141
1658350 1142
1658360 1142
1658370 1142
1658380 1141
1658390 1141
1658400 1140
1658410 1139
1658420 1139
1658430 1138
1658440 1138
1658450 1138
1658460 1138
1658470 1137
1658480 1137
1658490 1137
1658500 1136
1658510 1136
1658520 1136
1658530 1135
1658540 1135
1658550 1135
1658560 1136
1658570 1136
1658580 1136
1658590 1137
1658600 1137
1658610 1137
1658620 1137
1658630 1135
1658640 1135
1658650 1133
1658660 1131
1658670 1131
1658680 1128
1658690 1124
1658700 1124
1658710 1121
1658720 1118
1658730 1118
1658740 1114
1658750 1110
1658760 1110
1658770 1106
1658780 1101
1658790 1101
1658800 1097
1658810 1093
1658820 1090
1658830 1090
1658840 1086
1658850 1083
1658860 1083
1658870 1079
1658880 1075
1658890 1075
1658900 1072
1658910 1069
1658920 1069
1658930 1066
1658940 1064
1658950 1064
1658960 1062
1658970 1060
1658980 1060
1658990 1058
1659000 1050
1659010 1050
1659020 1047
1659030 1043
1659040 1043
1659050 1040
1659060 1037
1659070 1037
1659080 1034
1659090 1031
1659100 1028
1659110 1028
1659120 1025
1659130 1020
1659140 1020
1659150 1017
1659160 1014
1659170 1014
1659180 1010
1659190 1008
1659200 1008
1659210 1007
1659220 1006
1659230 1006
1659240 1005
1659250 1002
1659260 1002
1659270 998
1659280 994
1659290 994
1659300 991
1659310 986
1659320 986
1659330 982
1659340 977
1659350 977
1659360 972
1659370 966
1659380 966
1659390 960
1659400 953
1659410 947
1659420 947
1659430 942
1659440 936
1659450 936
1659460 931
1659470 924
1659480 924
1659490 917
1659500 910
1659510 910
1659520 902
1659530 895
1659540 895
1659550 889
1659560 884
1659570 884
1659580 881
1659590 877
1659600 877
1659610 871
1659620 865
1659630 865
1659640 865
1659650 868
1659660 868
1659670 872
1659680 875
1659690 880
1659700 880
1659710 885
1659720 890
1659730 888
1659740 892
1659750 898
1659760 898
1659770 904
1659780 910
1659790 910
1659800 917
1659810 924
1659820 924
1659830 931
1659840 937
1659850 937
1659860 945
1659870 953
1659880 953
1659890 961
1659900 968
1659910 968
1659920 974
1659930 977
1659940 977
1659950 983
1659960 988
1659970 988
1659980 993
1659990 998
