1640000 1286
1640010 1286
1640020 1291
1640030 1297
1640040 1297
1640050 1302
1640060 1308
1640070 1308
1640080 1314
1640090 1318
1640100 1318
1640110 1321
1640120 1325
1640130 1325
1640140 1329
1640150 1332
1640160 1332
1640170 1336
1640180 1340
1640190 1340
1640200 1345
1640210 1349
1640220 1349
1640230 1353
1640240 1357
1640250 1361
1640260 1361
1640270 1364
1640280 1368
1640290 1368
1640300 1370
1640310 1372
1640320 1372
1640330 1375
1640340 1375
1640350 1375
1640360 1375
1640370 1376
1640380 1376
1640390 1378
1640400 1382
1640410 1382
1640420 1385
1640430 1387
1640440 1387
1640450 1388
1640460 1388
1640470 1388
1640480 1389
1640490 1392
1640500 1392
1640510 1394
1640520 1397
1640530 1401
1640540 1401
1640550 1404
1640560 1404
1640570 1404
1640580 1408
1640590 1412
1640600 1412
1640610 1415
1640620 1417
1640630 1417
1640640 1419
1640650 1422
1640660 1422
1640670 1427
1640680 1434
1640690 1434
1640700 1439
1640710 1443
1640720 1443
1640730 1448
1640740 1454
1640750 1454
1640760 1459
1640770 1463
1640780 1463
1640790 1462
1640800 1460
1640810 1460
1640820 1457
1640830 1453
1640840 1447
1640850 1447
1640860 1442
1640870 1436
1640880 1436
1640890 1432
1640900 1426
1640910 1426
1640920 1420
1640930 1414
1640940 1414
1640950 1408
1640960 1402
1640970 1402
1640980 1396
1640990 1391
1641000 1391
1641010 1385
1641020 1380
1641030 1380
1641040 1375
1641050 1370
1641060 1370
1641070 1366
1641080 1362
1641090 1362
1641100 1356
1641110 1352
1641120 1348
1641130 1348
1641140 1342
1641150 1336
1641160 1336
1641170 1331
1641180 1325
1641190 1325
1641200 1321
1641210 1316
1641220 1316
1641230 1311
1641240 1306
1641250 1306
1641260 1300
1641270 1295
1641280 1295
1641290 1289
1641300 1282
1641310 1282
1641320 1276
1641330 1270
1641340 1270
1641350 1265
1641360 1259
1641370 1261
1641380 1255
1641390 1250
1641400 1250
1641410 1245
1641420 1239
1641430 1234
1641440 1234
1641450 1229
1641460 1224
1641470 1224
1641480 1219
1641490 1215
1641500 1215
1641510 1210
1641520 1206
1641530 1206
1641540 1201
1641550 1196
1641560 1196
1641570 1192
1641580 1188
1641590 1188
1641600 1184
1641610 1180
1641620 1180
1641630 1178
1641640 1174
1641650 1174
1641660 1171
1641670 1167
1641680 1167
1641690 1164
1641700 1162
1641710 1162
1641720 1160
1641730 1154
1641740 1146
1641750 1146
1641760 1144
1641770 1147
1641780 1147
1641790 1148
1641800 1149
1641810 1149
1641820 1149
1641830 1150
1641840 1150
1641850 1151
1641860 1151
1641870 1151
1641880 1150
1641890 1149
1641900 1149
1641910 1149
1641920 1149
1641930 1149
1641940 1145
1641950 1139
1641960 1139
1641970 1133
1641980 1129
1641990 1129
1642000 1126
1642010 1122
1642020 1116
1642030 1116
1642040 1111
1642050 1107
1642060 1107
1642070 1105
1642080 1105
1642090 1105
1642100 1103
1642110 1098
1642120 1098
1642130 1094
1642140 1090
1642150 1090
1642160 1086
1642170 1082
1642180 1082
1642190 1084
1642200 1082
1642210 1082
1642220 1079
1642230 1077
1642240 1077
1642250 1074
1642260 1070
1642270 1070
1642280 1067
1642290 1063
1642300 1063
1642310 1059
1642320 1055
1642330 1052
1642340 1052
1642350 1049
1642360 1047
1642370 1047
1642380 1045
1642390 1043
1642400 1043
1642410 1040
1642420 1035
1642430 1035
1642440 1029
1642450 1023
1642460 1023
1642470 1016
1642480 1010
1642490 1010
1642500 1005
1642510 999
1642520 999
1642530 992
1642540 987
1642550 987
1642560 982
1642570 979
1642580 979
1642590 974
1642600 970
1642610 970
1642620 966
1642630 962
1642640 959
1642650 959
1642660 956
1642670 952
1642680 952
1642690 947
1642700 942
1642710 942
1642720 938
1642730 934
1642740 934
1642750 930
1642760 925
1642770 925
1642780 919
1642790 913
1642800 913
1642810 906
1642820 900
1642830 900
1642840 892
1642850 886
1642860 886
1642870 882
1642880 877
1642890 877
1642900 872
1642910 866
1642920 864
1642930 864
1642940 864
1642950 866
1642960 866
1642970 867
1642980 871
1642990 868
1643000 875
1643010 884
1643020 884
1643030 893
1643040 901
1643050 901
1643060 907
1643070 913
1643080 913
1643090 918
1643100 921
1643110 921
1643120 924
1643130 926
1643140 926
1643150 928
1643160 930
1643170 930
1643180 932
1643190 933
1643200 933
1643210 933
1643220 933
1643230 936
1643240 936
1643250 938
1643260 941
1643270 941
1643280 944
1643290 946
1643300 946
1643310 948
1643320 950
1643330 950
1643340 952
1643350 952
1643360 952
1643370 951
1643380 950
1643390 950
1643400 949
1643410 947
1643420 947
1643430 946
1643440 945
1643450 945
1643460 943
1643470 941
1643480 941
1643490 939
1643500 938
1643510 936
1643520 936
1643530 934
1643540 930
1643550 930
1643560 924
1643570 916
1643580 916
1643590 910
1643600 904
1643610 904
1643620 901
1643630 898
1643640 898
1643650 893
1643660 887
1643670 887
1643680 880
1643690 872
1643700 872
1643710 869
1643720 875
1643730 875
1643740 882
1643750 890
1643760 890
1643770 896
1643780 900
1643790 900
1643800 901
1643810 903
1643820 908
1643830 908
1643840 914
1643850 921
1643860 921
1643870 929
1643880 936
1643890 936
1643900 942
1643910 948
1643920 948
1643930 953
1643940 958
1643950 958
1643960 962
1643970 965
1643980 965
1643990 968
1644000 970
1644010 970
1644020 971
1644030 971
1644040 971
1644050 970
1644060 968
1644070 968
1644080 967
1644090 967
1644100 967
1644110 967
1644120 968
1644130 968
1644140 968
1644150 968
1644160 968
1644170 968
1644180 968
1644190 967
1644200 967
1644210 967
1644220 969
1644230 969
1644240 973
1644250 979
1644260 979
1644270 983
1644280 986
1644290 986
1644300 990
1644310 992
1644320 992
1644330 997
1644340 1005
1644350 1005
1644360 1012
1644370 1017
1644380 1017
1644390 1022
1644400 1027
1644410 1031
1644420 1031
1644430 1036
1644440 1040
1644450 1040
1644460 1046
1644470 1051
1644480 1051
1644490 1056
1644500 1061
1644510 1061
1644520 1067
1644530 1073
1644540 1073
1644550 1077
1644560 1082
1644570 1082
1644580 1085
1644590 1088
1644600 1085
1644610 1088
1644620 1090
1644630 1090
1644640 1093
1644650 1095
1644660 1095
1644670 1097
1644680 1100
1644690 1100
1644700 1102
1644710 1105
1644720 1109
1644730 1109
1644740 1112
1644750 1115
1644760 1115
1644770 1116
1644780 1117
1644790 1117
1644800 1118
1644810 1120
1644820 1120
1644830 1120
1644840 1121
1644850 1121
1644860 1123
1644870 1125
1644880 1125
1644890 1126
1644900 1128
1644910 1128
1644920 1129
1644930 1130
1644940 1130
1644950 1129
1644960 1127
1644970 1127
1644980 1128
1644990 1134
1645000 1137
1645010 1137
1645020 1141
1645030 1142
1645040 1142
1645050 1143
1645060 1144
1645070 1144
1645080 1144
1645090 1146
1645100 1146
1645110 1150
1645120 1155
1645130 1155
1645140 1156
1645150 1158
1645160 1158
1645170 1160
1645180 1163
1645190 1163
1645200 1167
1645210 1170
1645220 1170
1645230 1175
1645240 1179
1645250 1179
1645260 1183
1645270 1185
1645280 1185
1645290 1186
1645300 1187
1645310 1189
1645320 1189
1645330 1191
1645340 1193
1645350 1193
1645360 1195
1645370 1198
1645380 1198
1645390 1196
1645400 1197
1645410 1197
1645420 1198
1645430 1199
1645440 1199
1645450 1200
1645460 1201
1645470 1201
1645480 1201
1645490 1201
1645500 1201
1645510 1199
1645520 1196
1645530 1196
1645540 1193
1645550 1189
1645560 1189
1645570 1184
1645580 1180
1645590 1180
1645600 1175
1645610 1171
1645620 1165
1645630 1165
1645640 1160
1645650 1154
1645660 1154
1645670 1147
1645680 1141
1645690 1141
1645700 1135
1645710 1129
1645720 1129
1645730 1123
1645740 1118
1645750 1118
1645760 1113
1645770 1106
1645780 1106
1645790 1100
1645800 1094
1645810 1094
1645820 1088
1645830 1081
1645840 1081
1645850 1075
1645860 1067
1645870 1067
1645880 1059
1645890 1052
1645900 1047
1645910 1047
1645920 1044
1645930 1041
1645940 1041
1645950 1037
1645960 1037
1645970 1037
1645980 1035
1645990 1032
1646000 1032
1646010 1030
1646020 1029
1646030 1029
1646040 1027
1646050 1025
1646060 1025
1646070 1024
1646080 1024
1646090 1024
1646100 1024
1646110 1025
1646120 1025
1646130 1026
1646140 1026
1646150 1026
1646160 1025
1646170 1024
1646180 1017
1646190 1016
1646200 1016
1646210 1016
1646220 1016
1646230 1015
1646240 1014
1646250 1014
1646260 1010
1646270 1004
1646280 1004
1646290 996
1646300 987
1646310 987
1646320 974
1646330 964
1646340 964
1646350 951
1646360 936
1646370 936
1646380 918
1646390 908
1646400 908
1646410 908
1646420 913
1646430 913
1646440 922
1646450 930
1646460 930
1646470 929
1646480 925
1646490 925
1646500 923
1646510 930
1646520 938
1646530 938
1646540 939
1646550 937
1646560 937
1646570 935
1646580 934
1646590 934
1646600 933
1646610 933
1646620 933
1646630 933
1646640 932
1646650 932
1646660 931
1646670 929
1646680 929
1646690 926
1646700 922
1646710 922
1646720 920
1646730 917
1646740 917
1646750 914
1646760 912
1646770 912
1646780 909
1646790 906
1646800 905
1646810 905
1646820 902
1646830 899
1646840 899
1646850 896
1646860 894
1646870 894
1646880 892
1646890 892
1646900 892
1646910 894
1646920 895
1646930 895
1646940 895
1646950 895
1646960 895
1646970 890
1646980 890
1646990 890
1647000 889
1647010 886
1647020 886
1647030 884
1647040 882
1647050 882
1647060 881
1647070 881
1647080 881
1647090 882
1647100 883
1647110 882
1647120 882
1647130 881
1647140 879
1647150 879
1647160 878
1647170 878
1647180 878
1647190 877
1647200 876
1647210 876
1647220 875
1647230 873
1647240 873
1647250 871
1647260 870
1647270 870
1647280 869
1647290 867
1647300 867
1647310 865
1647320 863
1647330 863
1647340 860
1647350 859
1647360 859
1647370 858
1647380 858
1647390 857
1647400 857
1647410 856
1647420 856
1647430 856
1647440 854
1647450 852
1647460 852
1647470 851
1647480 849
1647490 849
1647500 847
1647510 844
1647520 844
1647530 842
1647540 840
1647550 840
1647560 837
1647570 834
1647580 834
1647590 829
1647600 825
1647610 825
1647620 822
1647630 819
1647640 819
1647650 816
1647660 816
1647670 816
1647680 815
1647690 815
1647700 814
1647710 814
1647720 814
1647730 814
1647740 814
1647750 809
1647760 808
1647770 808
1647780 806
1647790 803
1647800 803
1647810 799
1647820 795
1647830 795
1647840 791
1647850 787
1647860 787
1647870 782
1647880 779
1647890 779
1647900 776
1647910 774
1647920 774
1647930 772
1647940 770
1647950 770
1647960 767
1647970 765
1647980 765
1647990 763
1648000 761
1648010 759
1648020 759
1648030 757
1648040 755
1648050 755
1648060 753
1648070 751
1648080 751
1648090 750
1648100 748
1648110 748
1648120 746
1648130 745
1648140 745
1648150 743
1648160 740
1648170 740
1648180 737
1648190 735
1648200 735
1648210 733
1648220 732
1648230 732
1648240 732
1648250 731
1648260 731
1648270 730
1648280 729
1648290 729
1648300 729
1648310 728
1648320 728
1648330 728
1648340 727
1648350 726
1648360 726
1648370 725
1648380 724
1648390 724
1648400 723
1648410 722
1648420 722
1648430 721
1648440 719
1648450 719
1648460 719
1648470 718
1648480 718
1648490 718
1648500 718
1648510 718
1648520 718
1648530 713
1648540 713
1648550 713
1648560 713
1648570 713
1648580 714
1648590 714
1648600 713
1648610 713
1648620 713
1648630 713
1648640 713
1648650 713
1648660 714
1648670 714
1648680 714
1648690 715
1648700 715
1648710 715
1648720 716
1648730 716
1648740 717
1648750 717
1648760 717
1648770 718
1648780 719
1648790 719
1648800 719
1648810 720
1648820 720
1648830 721
1648840 721
1648850 721
1648860 722
1648870 722
1648880 722
1648890 723
1648900 723
1648910 723
1648920 723
1648930 724
1648940 724
1648950 724
1648960 724
1648970 724
1648980 724
1648990 725
1649000 724
1649010 724
1649020 724
1649030 723
1649040 723
1649050 720
1649060 717
1649070 717
1649080 718
1649090 718
1649100 718
1649110 717
1649120 716
1649130 716
1649140 716
1649150 715
1649160 715
1649170 715
1649180 715
1649190 715
1649200 715
1649210 715
1649220 714
1649230 714
1649240 715
1649250 715
1649260 715
1649270 715
1649280 714
1649290 714
1649300 714
1649310 711
1649320 711
1649330 710
1649340 709
1649350 709
1649360 709
1649370 708
1649380 708
1649390 708
1649400 707
1649410 707
1649420 706
1649430 705
1649440 705
1649450 704
1649460 704
1649470 704
1649480 703
1649490 703
1649500 702
1649510 702
1649520 702
1649530 702
1649540 702
1649550 701
1649560 701
1649570 701
1649580 701
1649590 701
1649600 701
1649610 701
1649620 701
1649630 701
1649640 701
1649650 699
1649660 699
1649670 699
1649680 702
1649690 702
1649700 702
1649710 702
1649720 702
1649730 701
1649740 701
1649750 701
1649760 700
1649770 700
1649780 700
1649790 700
1649800 700
1649810 700
1649820 700
1649830 700
1649840 700
1649850 700
1649860 699
1649870 699
1649880 699
1649890 699
1649900 699
1649910 699
1649920 699
1649930 699
1649940 699
1649950 699
1649960 699
1649970 699
1649980 699
1649990 699
1650000 699
1650010 699
1650020 699
1650030 699
1650040 699
1650050 699
1650060 699
1650070 699
1650080 698
1650090 698
1650100 698
1650110 698
1650120 698
1650130 698
1650140 698
1650150 698
1650160 698
1650170 696
1650180 697
1650190 697
1650200 698
1650210 698
1650220 698
1650230 698
1650240 698
1650250 698
1650260 698
1650270 699
1650280 699
1650290 699
1650300 700
1650310 700
1650320 701
1650330 702
1650340 702
1650350 702
1650360 703
1650370 703
1650380 703
1650390 703
1650400 703
1650410 703
1650420 703
1650430 703
1650440 703
1650450 703
1650460 702
1650470 702
1650480 702
1650490 701
1650500 701
1650510 700
1650520 699
1650530 699
1650540 698
1650550 697
1650560 697
1650570 697
1650580 697
1650590 697
1650600 697
1650610 697
1650620 697
1650630 697
1650640 697
1650650 697
1650660 697
1650670 697
1650680 697
1650690 697
1650700 697
1650710 697
1650720 697
1650730 697
1650740 697
1650750 697
1650760 697
1650770 697
1650780 697
1650790 698
1650800 698
1650810 698
1650820 698
1650830 697
1650840 697
1650850 696
1650860 695
1650870 695
1650880 695
1650890 694
1650900 694
1650910 696
1650920 696
1650930 696
1650940 696
1650950 696
1650960 696
1650970 696
1650980 696
1650990 696
1651000 696
1651010 696
1651020 696
1651030 696
1651040 695
1651050 695
1651060 695
1651070 695
1651080 694
1651090 694
1651100 694
1651110 693
1651120 693
1651130 693
1651140 692
1651150 692
1651160 692
1651170 692
1651180 692
1651190 692
1651200 692
1651210 692
1651220 692
1651230 692
1651240 692
1651250 692
1651260 691
1651270 691
1651280 692
1651290 692
1651300 691
1651310 691
1651320 691
1651330 690
1651340 690
1651350 691
1651360 691
1651370 691
1651380 691
1651390 691
1651400 691
1651410 691
1651420 691
1651430 691
1651440 691
1651450 691
1651460 691
1651470 691
1651480 691
1651490 691
1651500 690
1651510 690
1651520 690
1651530 690
1651540 690
1651550 690
1651560 690
1651570 690
1651580 691
1651590 691
1651600 691
1651610 691
1651620 690
1651630 690
1651640 690
1651650 690
1651660 690
1651670 690
1651680 690
1651690 690
1651700 690
1651710 690
1651720 689
1651730 689
1651740 689
1651750 689
1651760 689
1651770 689
1651780 689
1651790 689
1651800 689
1651810 689
1651820 689
1651830 689
1651840 689
1651850 689
1651860 689
1651870 688
1651880 688
1651890 688
1651900 688
1651910 687
1651920 687
1651930 687
1651940 688
1651950 688
1651960 688
1651970 688
1651980 688
1651990 688
1652000 688
1652010 688
1652020 688
1652030 688
1652040 687
1652050 687
1652060 687
1652070 687
1652080 687
1652090 687
1652100 687
1652110 687
1652120 687
1652130 687
1652140 687
1652150 687
1652160 686
1652170 686
1652180 687
1652190 687
1652200 687
1652210 687
1652220 687
1652230 687
1652240 687
1652250 687
1652260 687
1652270 687
1652280 686
1652290 686
1652300 686
1652310 686
1652320 686
1652330 686
1652340 686
1652350 686
1652360 686
1652370 686
1652380 686
1652390 686
1652400 686
1652410 686
1652420 686
1652430 686
1652440 686
1652450 686
1652460 685
1652470 685
1652480 685
1652490 685
1652500 687
1652510 688
1652520 688
1652530 688
1652540 688
1652550 688
1652560 688
1652570 688
1652580 688
1652590 688
1652600 688
1652610 688
1652620 688
1652630 689
1652640 689
1652650 689
1652660 690
1652670 690
1652680 692
1652690 692
1652700 692
1652710 692
1652720 692
1652730 692
1652740 692
1652750 692
1652760 692
1652770 691
1652780 691
1652790 690
1652800 690
1652810 690
1652820 689
1652830 689
1652840 689
1652850 688
1652860 688
1652870 687
1652880 687
1652890 687
1652900 686
1652910 686
1652920 686
1652930 686
1652940 687
1652950 687
1652960 687
1652970 687
1652980 687
1652990 688
1653000 689
1653010 689
1653020 690
1653030 691
1653040 691
1653050 691
1653060 692
1653070 693
1653080 693
1653090 693
1653100 693
1653110 693
1653120 691
1653130 688
1653140 685
1653150 684
1653160 684
1653170 684
1653180 684
1653190 684
1653200 684
1653210 684
1653220 684
1653230 684
1653240 684
1653250 684
1653260 684
1653270 683
1653280 683
1653290 683
1653300 682
1653310 682
1653320 682
1653330 682
1653340 682
1653350 682
1653360 682
1653370 682
1653380 682
1653390 682
1653400 682
1653410 682
1653420 682
1653430 682
1653440 682
1653450 682
1653460 682
1653470 682
1653480 682
1653490 682
1653500 682
1653510 682
1653520 681
1653530 681
1653540 681
1653550 681
1653560 681
1653570 681
1653580 681
1653590 681
1653600 681
1653610 681
1653620 680
1653630 680
1653640 680
1653650 680
1653660 680
1653670 680
1653680 680
1653690 680
1653700 680
1653710 680
1653720 680
1653730 680
1653740 679
1653750 679
1653760 679
1653770 679
1653780 679
1653790 679
1653800 679
1653810 679
1653820 679
1653830 679
1653840 679
1653850 679
1653860 679
1653870 679
1653880 679
1653890 679
1653900 679
1653910 679
1653920 679
1653930 678
1653940 678
1653950 678
1653960 678
1653970 678
1653980 678
1653990 678
1654000 678
1654010 678
1654020 678
1654030 677
1654040 677
1654050 677
1654060 677
1654070 677
1654080 678
1654090 678
1654100 678
1654110 678
1654120 678
1654130 678
1654140 678
1654150 678
1654160 678
1654170 678
1654180 678
1654190 678
1654200 678
1654210 677
1654220 677
1654230 677
1654240 677
1654250 677
1654260 677
1654270 677
1654280 677
1654290 677
1654300 677
1654310 676
1654320 676
1654330 676
1654340 677
1654350 677
1654360 677
1654370 677
1654380 677
1654390 677
1654400 677
1654410 677
1654420 677
1654430 677
1654440 677
1654450 676
1654460 676
1654470 676
1654480 676
1654490 676
1654500 676
1654510 676
1654520 676
1654530 676
1654540 676
1654550 675
1654560 675
1654570 675
1654580 675
1654590 676
1654600 676
1654610 676
1654620 676
1654630 676
1654640 676
1654650 676
1654660 676
1654670 676
1654680 676
1654690 676
1654700 676
1654710 676
1654720 676
1654730 677
1654740 679
1654750 679
1654760 679
1654770 679
1654780 679
1654790 676
1654800 676
1654810 676
1654820 676
1654830 675
1654840 675
1654850 675
1654860 675
1654870 676
1654880 676
1654890 681
1654900 684
1654910 684
1654920 685
1654930 685
1654940 685
1654950 685
1654960 685
1654970 685
1654980 686
1654990 687
1655000 687
1655010 688
1655020 690
1655030 690
1655040 691
1655050 692
1655060 692
1655070 693
1655080 694
1655090 694
1655100 695
1655110 695
1655120 695
1655130 696
1655140 696
1655150 696
1655160 697
1655170 697
1655180 697
1655190 697
1655200 697
1655210 697
1655220 697
1655230 698
1655240 697
1655250 697
1655260 697
1655270 697
1655280 697
1655290 696
1655300 695
1655310 695
1655320 695
1655330 694
1655340 694
1655350 693
1655360 693
1655370 693
1655380 692
1655390 693
1655400 693
1655410 693
1655420 694
1655430 694
1655440 694
1655450 694
1655460 694
1655470 695
1655480 698
1655490 700
1655500 700
1655510 702
1655520 702
1655530 702
1655540 702
1655550 701
1655560 701
1655570 701
1655580 701
1655590 701
1655600 701
1655610 702
1655620 702
1655630 703
1655640 703
1655650 703
1655660 704
1655670 706
1655680 706
1655690 708
1655700 712
1655710 712
1655720 715
1655730 716
1655740 716
1655750 716
1655760 715
1655770 713
1655780 713
1655790 712
1655800 712
1655810 712
1655820 712
1655830 713
1655840 713
1655850 713
1655860 707
1655870 707
1655880 703
1655890 703
1655900 703
1655910 703
1655920 706
1655930 706
1655940 712
1655950 717
1655960 717
1655970 725
1655980 734
1655990 734
1656000 741
1656010 745
1656020 745
1656030 747
1656040 753
1656050 753
1656060 760
1656070 768
1656080 774
1656090 774
1656100 780
1656110 783
1656120 783
1656130 783
1656140 778
1656150 778
1656160 781
1656170 785
1656180 785
1656190 788
1656200 792
1656210 792
1656220 797
1656230 801
1656240 801
1656250 803
1656260 806
1656270 806
1656280 810
1656290 811
1656300 811
1656310 809
1656320 807
1656330 807
1656340 804
1656350 802
1656360 802
1656370 798
1656380 794
1656390 790
1656400 790
1656410 787
1656420 783
1656430 783
1656440 778
1656450 773
1656460 773
1656470 769
1656480 764
1656490 764
1656500 758
1656510 752
1656520 752
1656530 748
1656540 744
1656550 744
1656560 741
1656570 741
1656580 741
1656590 741
1656600 742
1656610 742
1656620 743
1656630 744
1656640 744
1656650 745
1656660 745
1656670 745
1656680 745
1656690 744
1656700 744
1656710 744
1656720 745
1656730 748
1656740 748
1656750 752
1656760 754
1656770 754
1656780 756
1656790 758
1656800 758
1656810 761
1656820 763
1656830 763
1656840 764
1656850 765
1656860 765
1656870 767
1656880 771
1656890 771
1656900 773
1656910 776
1656920 776
1656930 778
1656940 780
1656950 780
1656960 782
1656970 784
1656980 785
1656990 785
1657000 787
1657010 788
1657020 788
1657030 789
1657040 790
1657050 790
1657060 790
1657070 790
1657080 790
1657090 790
1657100 789
1657110 789
1657120 790
1657130 790
1657140 790
1657150 790
1657160 790
1657170 790
1657180 790
1657190 790
1657200 790
1657210 789
1657220 789
1657230 789
1657240 789
1657250 789
1657260 789
1657270 789
1657280 789
1657290 789
1657300 789
1657310 789
1657320 789
1657330 789
1657340 789
1657350 789
1657360 789
1657370 789
1657380 788
1657390 788
1657400 788
1657410 787
1657420 787
1657430 787
1657440 787
1657450 787
1657460 786
1657470 786
1657480 786
1657490 786
1657500 785
1657510 785
1657520 784
1657530 785
1657540 785
1657550 787
1657560 790
1657570 793
1657580 793
1657590 795
1657600 799
1657610 799
1657620 807
1657630 809
1657640 809
1657650 807
1657660 802
1657670 802
1657680 800
1657690 805
1657700 805
1657710 810
1657720 815
1657730 815
1657740 820
1657750 825
1657760 825
1657770 830
1657780 835
1657790 835
1657800 839
1657810 845
1657820 845
1657830 847
1657840 848
1657850 848
1657860 846
1657870 844
1657880 842
1657890 842
1657900 840
1657910 837
1657920 837
1657930 834
1657940 831
1657950 831
1657960 828
1657970 825
1657980 825
1657990 823
1658000 820
1658010 820
1658020 816
1658030 817
1658040 817
1658050 818
1658060 817
1658070 817
1658080 817
1658090 815
1658100 815
1658110 815
1658120 814
1658130 814
1658140 813
1658150 811
1658160 811
1658170 808
1658180 806
1658190 808
1658200 808
1658210 810
1658220 811
1658230 811
1658240 812
1658250 811
1658260 811
1658270 810
1658280 808
1658290 808
1658300 804
1658310 800
1658320 800
1658330 804
1658340 811
1658350 815
1658360 821
1658370 825
1658380 825
1658390 826
1658400 823
1658410 823
1658420 819
1658430 815
1658440 815
1658450 818
1658460 818
1658470 806
1658480 806
1658490 798
1658500 791
1658510 791
1658520 786
1658530 785
1658540 785
1658550 785
1658560 783
1658570 783
1658580 780
1658590 777
1658600 777
1658610 775
1658620 774
1658630 774
1658640 774
1658650 773
1658660 773
1658670 771
1658680 771
1658690 771
1658700 769
1658710 769
1658720 769
1658730 770
1658740 769
1658750 769
1658760 769
1658770 767
1658780 766
1658790 766
1658800 765
1658810 765
1658820 765
1658830 764
1658840 763
1658850 763
1658860 762
1658870 760
1658880 760
1658890 760
1658900 759
1658910 759
1658920 757
1658930 754
1658940 754
1658950 753
1658960 752
1658970 752
1658980 752
1658990 751
1659000 751
1659010 750
1659020 749
1659030 749
1659040 747
1659050 744
1659060 741
1659070 741
1659080 736
1659090 735
1659100 735
1659110 735
1659120 735
1659130 735
1659140 733
1659150 731
1659160 731
1659170 729
1659180 728
1659190 728
1659200 726
1659210 724
1659220 724
1659230 720
1659240 716
1659250 716
1659260 712
1659270 711
1659280 711
1659290 707
1659300 706
1659310 706
1659320 705
1659330 704
1659340 704
1659350 704
1659360 705
1659370 705
1659380 705
1659390 705
1659400 705
1659410 705
1659420 705
1659430 708
1659440 708
1659450 708
1659460 709
1659470 709
1659480 709
1659490 710
1659500 710
1659510 709
1659520 708
1659530 708
1659540 707
1659550 706
1659560 706
1659570 704
1659580 704
1659590 704
1659600 703
1659610 704
1659620 704
1659630 702
1659640 701
1659650 701
1659660 700
1659670 697
1659680 695
1659690 695
1659700 694
1659710 693
1659720 693
1659730 693
1659740 693
1659750 693
1659760 692
1659770 692
1659780 692
1659790 692
1659800 693
1659810 694
1659820 694
1659830 694
1659840 694
1659850 694
1659860 694
1659870 694
1659880 693
1659890 693
1659900 693
1659910 692
1659920 691
1659930 691
1659940 690
1659950 688
1659960 687
1659970 687
1659980 685
1659990 684
