1640000 841
1640010 841
1640020 841
1640030 842
1640040 843
1640050 843
1640060 843
1640070 844
1640080 844
1640090 846
1640100 848
1640110 848
1640120 853
1640130 857
1640140 857
1640150 862
1640160 867
1640170 872
1640180 872
1640190 878
1640200 884
1640210 884
1640220 890
1640230 894
1640240 894
1640250 898
1640260 903
1640270 903
1640280 907
1640290 909
1640300 909
1640310 912
1640320 914
1640330 914
1640340 917
1640350 921
1640360 921
1640370 926
1640380 930
1640390 930
1640400 932
1640410 934
1640420 934
1640430 935
1640440 936
1640450 936
1640460 937
1640470 938
1640480 940
1640490 940
1640500 941
1640510 939
1640520 939
1640530 941
1640540 942
1640550 942
1640560 943
1640570 943
1640580 943
1640590 943
1640600 943
1640610 943
1640620 943
1640630 943
1640640 943
1640650 943
1640660 942
1640670 942
1640680 942
1640690 943
1640700 943
1640710 943
1640720 944
1640730 944
1640740 944
1640750 944
1640760 944
1640770 944
1640780 944
1640790 943
1640800 943
1640810 943
1640820 942
1640830 942
1640840 942
1640850 941
1640860 941
1640870 940
1640880 938
1640890 938
1640900 934
1640910 930
1640920 930
1640930 928
1640940 924
1640950 924
1640960 920
1640970 917
1640980 917
1640990 912
1641000 907
1641010 907
1641020 903
1641030 898
1641040 898
1641050 892
1641060 886
1641070 886
1641080 881
1641090 876
1641100 872
1641110 872
1641120 868
1641130 864
1641140 864
1641150 861
1641160 855
1641170 855
1641180 847
1641190 839
1641200 839
1641210 830
1641220 823
1641230 823
1641240 815
1641250 808
1641260 808
1641270 802
1641280 799
1641290 799
1641300 799
1641310 805
1641320 805
1641330 811
1641340 820
1641350 820
1641360 830
1641370 839
1641380 839
1641390 844
1641400 849
1641410 855
1641420 855
1641430 857
1641440 860
1641450 860
1641460 864
1641470 867
1641480 867
1641490 870
1641500 873
1641510 873
1641520 875
1641530 876
1641540 876
1641550 876
1641560 877
1641570 877
1641580 879
1641590 881
1641600 881
1641610 883
1641620 885
1641630 885
1641640 885
1641650 886
1641660 886
1641670 886
1641680 887
1641690 887
1641700 888
1641710 889
1641720 890
1641730 890
1641740 890
1641750 890
1641760 890
1641770 892
1641780 895
1641790 895
1641800 898
1641810 900
1641820 900
1641830 901
1641840 900
1641850 900
1641860 896
1641870 892
1641880 892
1641890 889
1641900 887
1641910 887
1641920 885
1641930 884
1641940 884
1641950 884
1641960 884
1641970 884
1641980 883
1641990 882
1642000 882
1642010 882
1642020 882
1642030 881
1642040 881
1642050 881
1642060 880
1642070 880
1642080 879
1642090 877
1642100 877
1642110 874
1642120 871
1642130 871
1642140 865
1642150 862
1642160 862
1642170 859
1642180 858
1642190 858
1642200 855
1642210 850
1642220 850
1642230 845
1642240 840
1642250 840
1642260 835
1642270 832
1642280 832
1642290 828
1642300 828
1642310 828
1642320 827
1642330 826
1642340 825
1642350 825
1642360 822
1642370 820
1642380 820
1642390 817
1642400 815
1642410 815
1642420 813
1642430 811
1642440 811
1642450 809
1642460 808
1642470 808
1642480 808
1642490 808
1642500 808
1642510 807
1642520 806
1642530 806
1642540 805
1642550 803
1642560 803
1642570 801
1642580 798
1642590 798
1642600 796
1642610 794
1642620 794
1642630 792
1642640 790
1642650 788
1642660 788
1642670 785
1642680 782
1642690 782
1642700 778
1642710 775
1642720 775
1642730 772
1642740 769
1642750 769
1642760 766
1642770 762
1642780 762
1642790 758
1642800 755
1642810 755
1642820 752
1642830 751
1642840 751
1642850 750
1642860 749
1642870 749
1642880 748
1642890 748
1642900 748
1642910 747
1642920 747
1642930 748
1642940 748
1642950 747
1642960 747
1642970 747
1642980 747
1642990 747
1643000 747
1643010 747
1643020 747
1643030 747
1643040 748
1643050 748
1643060 748
1643070 749
1643080 751
1643090 751
1643100 752
1643110 753
1643120 753
1643130 753
1643140 752
1643150 752
1643160 750
1643170 748
1643180 748
1643190 746
1643200 745
1643210 745
1643220 744
1643230 744
1643240 743
1643250 743
1643260 743
1643270 742
1643280 742
1643290 742
1643300 742
1643310 742
1643320 741
1643330 739
1643340 739
1643350 740
1643360 743
1643370 743
1643380 743
1643390 743
1643400 743
1643410 742
1643420 739
1643430 739
1643440 737
1643450 737
1643460 737
1643470 737
1643480 737
1643490 737
1643500 736
1643510 736
1643520 736
1643530 737
1643540 737
1643550 737
1643560 737
1643570 737
1643580 736
1643590 736
1643600 736
1643610 736
1643620 736
1643630 736
1643640 736
1643650 736
1643660 736
1643670 736
1643680 736
1643690 735
1643700 735
1643710 735
1643720 735
1643730 735
1643740 735
1643750 735
1643760 734
1643770 734
1643780 734
1643790 734
1643800 734
1643810 734
1643820 734
1643830 734
1643840 734
1643850 734
1643860 734
1643870 734
1643880 733
1643890 733
1643900 733
1643910 733
1643920 733
1643930 733
1643940 732
1643950 732
1643960 732
1643970 732
1643980 732
1643990 732
1644000 732
1644010 732
1644020 732
1644030 732
1644040 732
1644050 732
1644060 732
1644070 732
1644080 732
1644090 732
1644100 732
1644110 732
1644120 732
1644130 734
1644140 734
1644150 737
1644160 737
1644170 737
1644180 737
1644190 737
1644200 737
1644210 737
1644220 737
1644230 736
1644240 736
1644250 736
1644260 736
1644270 736
1644280 736
1644290 735
1644300 735
1644310 734
1644320 732
1644330 732
1644340 732
1644350 732
1644360 732
1644370 733
1644380 733
1644390 733
1644400 734
1644410 734
1644420 734
1644430 735
1644440 736
1644450 736
1644460 737
1644470 737
1644480 737
1644490 737
1644500 737
1644510 737
1644520 737
1644530 738
1644540 740
1644550 739
1644560 738
1644570 738
1644580 738
1644590 738
1644600 738
1644610 738
1644620 739
1644630 739
1644640 739
1644650 740
1644660 743
1644670 743
1644680 744
1644690 747
1644700 747
1644710 750
1644720 754
1644730 754
1644740 757
1644750 760
1644760 760
1644770 763
1644780 765
1644790 768
1644800 768
1644810 771
1644820 775
1644830 775
1644840 778
1644850 783
1644860 783
1644870 788
1644880 792
1644890 792
1644900 796
1644910 800
1644920 800
1644930 803
1644940 805
1644950 805
1644960 806
1644970 808
1644980 808
1644990 811
1645000 815
1645010 815
1645020 818
1645030 821
1645040 821
1645050 823
1645060 826
1645070 826
1645080 828
1645090 831
1645100 834
1645110 834
1645120 837
1645130 840
1645140 840
1645150 844
1645160 848
1645170 848
1645180 851
1645190 855
1645200 855
1645210 860
1645220 864
1645230 864
1645240 868
1645250 872
1645260 872
1645270 876
1645280 881
1645290 881
1645300 884
1645310 888
1645320 888
1645330 892
1645340 896
1645350 898
1645360 903
1645370 908
1645380 908
1645390 912
1645400 916
1645410 919
1645420 919
1645430 923
1645440 926
1645450 926
1645460 930
1645470 934
1645480 934
1645490 939
1645500 945
1645510 945
1645520 950
1645530 954
1645540 954
1645550 959
1645560 963
1645570 963
1645580 968
1645590 972
1645600 972
1645610 977
1645620 981
1645630 981
1645640 986
1645650 991
1645660 991
1645670 996
1645680 1001
1645690 1005
1645700 1005
1645710 1011
1645720 1017
1645730 1017
1645740 1021
1645750 1024
1645760 1024
1645770 1027
1645780 1031
1645790 1031
1645800 1037
1645810 1045
1645820 1045
1645830 1059
1645840 1070
1645850 1070
1645860 1077
1645870 1081
1645880 1081
1645890 1088
1645900 1098
1645910 1098
1645920 1108
1645930 1114
1645940 1114
1645950 1115
1645960 1114
1645970 1114
1645980 1115
1645990 1117
1646000 1121
1646010 1121
1646020 1124
1646030 1126
1646040 1126
1646050 1127
1646060 1129
1646070 1129
1646080 1131
1646090 1134
1646100 1134
1646110 1137
1646120 1140
1646130 1140
1646140 1148
1646150 1152
1646160 1152
1646170 1158
1646180 1164
1646190 1164
1646200 1169
1646210 1172
1646220 1172
1646230 1173
1646240 1175
1646250 1175
1646260 1176
1646270 1178
1646280 1178
1646290 1180
1646300 1180
1646310 1180
1646320 1180
1646330 1179
1646340 1178
1646350 1178
1646360 1177
1646370 1176
1646380 1176
1646390 1174
1646400 1171
1646410 1171
1646420 1169
1646430 1166
1646440 1166
1646450 1164
1646460 1161
1646470 1161
1646480 1158
1646490 1155
1646500 1155
1646510 1152
1646520 1149
1646530 1149
1646540 1146
1646550 1142
1646560 1142
1646570 1139
1646580 1135
1646590 1135
1646600 1132
1646610 1128
1646620 1124
1646630 1124
1646640 1121
1646650 1119
1646660 1119
1646670 1115
1646680 1111
1646690 1111
1646700 1110
1646710 1108
1646720 1108
1646730 1106
1646740 1104
1646750 1104
1646760 1101
1646770 1097
1646780 1097
1646790 1094
1646800 1092
1646810 1092
1646820 1090
1646830 1087
1646840 1087
1646850 1085
1646860 1083
1646870 1083
1646880 1081
1646890 1079
1646900 1079
1646910 1077
1646920 1076
1646930 1076
1646940 1076
1646950 1075
1646960 1069
1646970 1069
1646980 1061
1646990 1053
1647000 1053
1647010 1047
1647020 1042
1647030 1042
1647040 1038
1647050 1034
1647060 1034
1647070 1029
1647080 1025
1647090 1025
1647100 1020
1647110 1016
1647120 1016
1647130 1012
1647140 1007
1647150 1007
1647160 1003
1647170 999
1647180 999
1647190 995
1647200 991
1647210 991
1647220 987
1647230 983
1647240 979
1647250 979
1647260 976
1647270 972
1647280 972
1647290 966
1647300 965
1647310 965
1647320 965
1647330 964
1647340 964
1647350 962
1647360 957
1647370 957
1647380 952
1647390 949
1647400 949
1647410 945
1647420 941
1647430 941
1647440 938
1647450 934
1647460 934
1647470 930
1647480 925
1647490 925
1647500 921
1647510 917
1647520 917
1647530 913
1647540 911
1647550 908
1647560 908
1647570 903
1647580 898
1647590 898
1647600 893
1647610 888
1647620 888
1647630 882
1647640 877
1647650 877
1647660 872
1647670 866
1647680 866
1647690 861
1647700 857
1647710 852
1647720 848
1647730 844
1647740 844
1647750 840
1647760 838
1647770 838
1647780 836
1647790 834
1647800 834
1647810 832
1647820 831
1647830 831
1647840 829
1647850 826
1647860 823
1647870 823
1647880 821
1647890 817
1647900 817
1647910 814
1647920 812
1647930 812
1647940 808
1647950 805
1647960 805
1647970 801
1647980 797
1647990 797
1648000 795
1648010 793
1648020 793
1648030 791
1648040 790
1648050 790
1648060 791
1648070 792
1648080 792
1648090 793
1648100 793
1648110 793
1648120 793
1648130 795
1648140 795
1648150 801
1648160 806
1648170 809
1648180 809
1648190 813
1648200 817
1648210 817
1648220 822
1648230 826
1648240 826
1648250 830
1648260 834
1648270 834
1648280 839
1648290 845
1648300 845
1648310 850
1648320 856
1648330 856
1648340 861
1648350 865
1648360 865
1648370 871
1648380 877
1648390 877
1648400 883
1648410 885
1648420 885
1648430 888
1648440 893
1648450 893
1648460 899
1648470 904
1648480 909
1648490 910
1648500 915
1648510 918
1648520 918
1648530 921
1648540 924
1648550 924
1648560 927
1648570 930
1648580 930
1648590 933
1648600 935
1648610 935
1648620 938
1648630 940
1648640 940
1648650 941
1648660 943
1648670 943
1648680 945
1648690 945
1648700 945
1648710 945
1648720 946
1648730 946
1648740 946
1648750 946
1648760 946
1648770 944
1648780 942
1648790 941
1648800 941
1648810 940
1648820 940
1648830 940
1648840 941
1648850 945
1648860 945
1648870 948
1648880 952
1648890 952
1648900 955
1648910 960
1648920 960
1648930 964
1648940 966
1648950 966
1648960 966
1648970 967
1648980 967
1648990 968
1649000 972
1649010 972
1649020 977
1649030 980
1649040 980
1649050 983
1649060 987
1649070 991
1649080 991
1649090 995
1649100 999
1649110 999
1649120 1003
1649130 1006
1649140 1006
1649150 1009
1649160 1013
1649170 1013
1649180 1016
1649190 1020
1649200 1020
1649210 1024
1649220 1027
1649230 1027
1649240 1030
1649250 1032
1649260 1032
1649270 1038
1649280 1041
1649290 1041
1649300 1043
1649310 1045
1649320 1045
1649330 1047
1649340 1048
1649350 1048
1649360 1050
1649370 1053
1649380 1054
1649390 1054
1649400 1056
1649410 1057
1649420 1057
1649430 1057
1649440 1057
1649450 1057
1649460 1057
1649470 1058
1649480 1058
1649490 1059
1649500 1060
1649510 1060
1649520 1061
1649530 1061
1649540 1061
1649550 1062
1649560 1063
1649570 1063
1649580 1064
1649590 1064
1649600 1064
1649610 1065
1649620 1065
1649630 1065
1649640 1067
1649650 1070
1649660 1070
1649670 1071
1649680 1072
1649690 1073
1649700 1073
1649710 1074
1649720 1073
1649730 1073
1649740 1071
1649750 1067
1649760 1067
1649770 1064
1649780 1061
1649790 1061
1649800 1060
1649810 1055
1649820 1055
1649830 1053
1649840 1049
1649850 1049
1649860 1045
1649870 1040
1649880 1040
1649890 1035
1649900 1031
1649910 1031
1649920 1029
1649930 1025
1649940 1025
1649950 1021
1649960 1018
1649970 1018
1649980 1015
1649990 1012
1650000 1007
1650010 1007
1650020 1003
1650030 998
1650040 1000
1650050 994
1650060 988
1650070 988
1650080 983
1650090 978
1650100 978
1650110 973
1650120 967
1650130 967
1650140 962
1650150 957
1650160 957
1650170 953
1650180 946
1650190 946
1650200 940
1650210 938
1650220 938
1650230 932
1650240 931
1650250 931
1650260 934
1650270 940
1650280 940
1650290 944
1650300 947
1650310 948
1650320 948
1650330 950
1650340 953
1650350 953
1650360 956
1650370 960
1650380 960
1650390 966
1650400 973
1650410 973
1650420 980
1650430 986
1650440 986
1650450 991
1650460 995
1650470 995
1650480 1000
1650490 1004
1650500 1004
1650510 1008
1650520 1013
1650530 1013
1650540 1018
1650550 1022
1650560 1022
1650570 1026
1650580 1029
1650590 1029
1650600 1033
1650610 1038
1650620 1042
1650630 1042
1650640 1045
1650650 1049
1650660 1049
1650670 1052
1650680 1055
1650690 1055
1650700 1058
1650710 1061
1650720 1061
1650730 1063
1650740 1065
1650750 1065
1650760 1064
1650770 1060
1650780 1060
1650790 1056
1650800 1051
1650810 1050
1650820 1045
1650830 1040
1650840 1040
1650850 1034
1650860 1029
1650870 1029
1650880 1024
1650890 1019
1650900 1019
1650910 1014
1650920 1009
1650930 1004
1650940 1004
1650950 999
1650960 997
1650970 997
1650980 995
1650990 993
1651000 993
1651010 992
1651020 989
1651030 989
1651040 987
1651050 984
1651060 984
1651070 981
1651080 978
1651090 978
1651100 974
1651110 969
1651120 969
1651130 966
1651140 962
1651150 962
1651160 957
1651170 953
1651180 953
1651190 949
1651200 946
1651210 946
1651220 942
1651230 939
1651240 935
1651250 935
1651260 931
1651270 926
1651280 926
1651290 921
1651300 916
1651310 916
1651320 911
1651330 906
1651340 906
1651350 901
1651360 896
1651370 896
1651380 890
1651390 884
1651400 884
1651410 878
1651420 872
1651430 872
1651440 865
1651450 859
1651460 859
1651470 853
1651480 847
1651490 847
1651500 841
1651510 835
1651520 835
1651530 828
1651540 824
1651550 823
1651560 823
1651570 824
1651580 825
1651590 825
1651600 824
1651610 824
1651620 824
1651630 824
1651640 826
1651650 826
1651660 828
1651670 830
1651680 830
1651690 831
1651700 831
1651710 831
1651720 832
1651730 830
1651740 830
1651750 825
1651760 818
1651770 818
1651780 812
1651790 807
1651800 807
1651810 806
1651820 805
1651830 805
1651840 805
1651850 805
1651860 805
1651870 805
1651880 805
1651890 805
1651900 805
1651910 805
1651920 805
1651930 805
1651940 804
1651950 808
1651960 808
1651970 815
1651980 822
1651990 822
1652000 829
1652010 836
1652020 836
1652030 844
1652040 852
1652050 852
1652060 859
1652070 867
1652080 867
1652090 874
1652100 881
1652110 881
1652120 887
1652130 894
1652140 894
1652150 900
1652160 905
1652170 911
1652180 911
1652190 917
1652200 923
1652210 923
1652220 929
1652230 937
1652240 937
1652250 943
1652260 950
1652270 950
1652280 957
1652290 964
1652300 964
1652310 969
1652320 973
1652330 973
1652340 984
1652350 988
1652360 988
1652370 991
1652380 994
1652390 994
1652400 997
1652410 1002
1652420 1002
1652430 1006
1652440 1011
1652450 1016
1652460 1016
1652470 1020
1652480 1024
1652490 1024
1652500 1027
1652510 1027
1652520 1027
1652530 1025
1652540 1022
1652550 1022
1652560 1018
1652570 1013
1652580 1013
1652590 1010
1652600 1007
1652610 1007
1652620 1005
1652630 1002
1652640 1002
1652650 999
1652660 998
1652670 998
1652680 996
1652690 994
1652700 994
1652710 993
1652720 991
1652730 991
1652740 988
1652750 986
1652760 984
1652770 984
1652780 983
1652790 981
1652800 981
1652810 980
1652820 982
1652830 982
1652840 983
1652850 983
1652860 983
1652870 983
1652880 981
1652890 981
1652900 980
1652910 975
1652920 975
1652930 970
1652940 971
1652950 971
1652960 976
1652970 981
1652980 981
1652990 986
1653000 990
1653010 990
1653020 993
1653030 996
1653040 996
1653050 998
1653060 999
1653070 999
1653080 999
1653090 999
1653100 1007
1653110 1007
1653120 1008
1653130 1010
1653140 1010
1653150 1011
1653160 1011
1653170 1011
1653180 1011
1653190 1010
1653200 1010
1653210 1009
1653220 1008
1653230 1008
1653240 1006
1653250 1004
1653260 1004
1653270 1001
1653280 1000
1653290 1000
1653300 1000
1653310 1000
1653320 1000
1653330 1000
1653340 1000
1653350 1000
1653360 1002
1653370 1003
1653380 1005
1653390 1005
1653400 1007
1653410 1007
1653420 1007
1653430 1006
1653440 1003
1653450 1003
1653460 1000
1653470 996
1653480 996
1653490 993
1653500 991
1653510 991
1653520 992
1653530 993
1653540 993
1653550 993
1653560 991
1653570 991
1653580 986
1653590 984
1653600 984
1653610 983
1653620 981
1653630 981
1653640 981
1653650 980
1653660 980
1653670 980
1653680 979
1653690 980
1653700 980
1653710 981
1653720 983
1653730 983
1653740 984
1653750 984
1653760 984
1653770 984
1653780 985
1653790 985
1653800 986
1653810 988
1653820 988
1653830 989
1653840 992
1653850 992
1653860 996
1653870 997
1653880 997
1653890 998
1653900 999
1653910 999
1653920 1000
1653930 1002
1653940 1002
1653950 1004
1653960 1006
1653970 1006
1653980 1008
1653990 1009
1654000 1011
1654010 1011
1654020 1012
1654030 1013
1654040 1013
1654050 1015
1654060 1016
1654070 1016
1654080 1019
1654090 1021
1654100 1021
1654110 1025
1654120 1028
1654130 1028
1654140 1031
1654150 1036
1654160 1036
1654170 1039
1654180 1042
1654190 1042
1654200 1044
1654210 1045
1654220 1045
1654230 1046
1654240 1046
1654250 1046
1654260 1047
1654270 1048
1654280 1048
1654290 1050
1654300 1052
1654310 1054
1654320 1054
1654330 1057
1654340 1061
1654350 1061
1654360 1065
1654370 1070
1654380 1070
1654390 1074
1654400 1076
1654410 1076
1654420 1079
1654430 1080
1654440 1080
1654450 1081
1654460 1084
1654470 1084
1654480 1088
1654490 1092
1654500 1092
1654510 1097
1654520 1101
1654530 1101
1654540 1105
1654550 1108
1654560 1108
1654570 1111
1654580 1113
1654590 1113
1654600 1115
1654610 1123
1654620 1125
1654630 1125
1654640 1126
1654650 1130
1654660 1130
1654670 1132
1654680 1135
1654690 1135
1654700 1142
1654710 1146
1654720 1146
1654730 1151
1654740 1156
1654750 1156
1654760 1161
1654770 1166
1654780 1166
1654790 1172
1654800 1178
1654810 1178
1654820 1183
1654830 1188
1654840 1188
1654850 1194
1654860 1201
1654870 1201
1654880 1206
1654890 1212
1654900 1212
1654910 1219
1654920 1225
1654930 1231
1654940 1231
1654950 1237
1654960 1242
1654970 1242
1654980 1248
1654990 1253
1655000 1253
1655010 1261
1655020 1268
1655030 1268
1655040 1270
1655050 1273
1655060 1273
1655070 1283
1655080 1289
1655090 1289
1655100 1292
1655110 1295
1655120 1295
1655130 1299
1655140 1303
1655150 1303
1655160 1306
1655170 1308
1655180 1308
1655190 1310
1655200 1311
1655210 1311
1655220 1312
1655230 1313
1655240 1315
1655250 1315
1655260 1318
1655270 1320
1655280 1320
1655290 1321
1655300 1323
1655310 1323
1655320 1325
1655330 1327
1655340 1327
1655350 1329
1655360 1338
1655370 1338
1655380 1340
1655390 1342
1655400 1342
1655410 1345
1655420 1347
1655430 1347
1655440 1347
1655450 1349
1655460 1349
1655470 1351
1655480 1353
1655490 1353
1655500 1355
1655510 1357
1655520 1357
1655530 1360
1655540 1363
1655550 1365
1655560 1365
1655570 1369
1655580 1372
1655590 1372
1655600 1375
1655610 1378
1655620 1378
1655630 1381
1655640 1385
1655650 1385
1655660 1388
1655670 1392
1655680 1392
1655690 1396
1655700 1401
1655710 1401
1655720 1405
1655730 1408
1655740 1408
1655750 1411
1655760 1413
1655770 1413
1655780 1416
1655790 1418
1655800 1418
1655810 1420
1655820 1423
1655830 1427
1655840 1427
1655850 1431
1655860 1436
1655870 1436
1655880 1438
1655890 1443
1655900 1443
1655910 1449
1655920 1453
1655930 1453
1655940 1455
1655950 1453
1655960 1453
1655970 1449
1655980 1445
1655990 1445
1656000 1443
1656010 1442
1656020 1442
1656030 1442
1656040 1444
1656050 1444
1656060 1446
1656070 1449
1656080 1449
1656090 1452
1656100 1448
1656110 1448
1656120 1451
1656130 1453
1656140 1452
1656150 1452
1656160 1453
1656170 1454
1656180 1454
1656190 1445
1656200 1438
1656210 1438
1656220 1433
1656230 1430
1656240 1430
1656250 1427
1656260 1423
1656270 1423
1656280 1419
1656290 1415
1656300 1415
1656310 1413
1656320 1419
1656330 1419
1656340 1428
1656350 1437
1656360 1437
1656370 1447
1656380 1462
1656390 1462
1656400 1481
1656410 1491
1656420 1491
1656430 1499
1656440 1507
1656450 1506
1656460 1506
1656470 1505
1656480 1507
1656490 1507
1656500 1509
1656510 1506
1656520 1506
1656530 1507
1656540 1507
1656550 1507
1656560 1505
1656570 1504
1656580 1504
1656590 1505
1656600 1509
1656610 1509
1656620 1513
1656630 1516
1656640 1516
1656650 1519
1656660 1522
1656670 1522
1656680 1527
1656690 1531
1656700 1531
1656710 1532
1656720 1534
1656730 1534
1656740 1537
1656750 1540
1656760 1543
1656770 1543
1656780 1550
1656790 1555
1656800 1555
1656810 1559
1656820 1563
1656830 1563
1656840 1564
1656850 1557
1656860 1557
1656870 1561
1656880 1565
1656890 1565
1656900 1568
1656910 1571
1656920 1571
1656930 1576
1656940 1582
1656950 1582
1656960 1588
1656970 1593
1656980 1593
1656990 1595
1657000 1597
1657010 1597
1657020 1601
1657030 1603
1657040 1603
1657050 1603
1657060 1603
1657070 1604
1657080 1604
1657090 1609
1657100 1612
1657110 1612
1657120 1619
1657130 1627
1657140 1627
1657150 1633
1657160 1639
1657170 1639
1657180 1646
1657190 1654
1657200 1654
1657210 1661
1657220 1668
1657230 1668
1657240 1677
1657250 1683
1657260 1683
1657270 1688
1657280 1693
1657290 1693
1657300 1698
1657310 1703
1657320 1703
1657330 1710
1657340 1716
1657350 1716
1657360 1722
1657370 1727
1657380 1733
1657390 1733
1657400 1739
1657410 1743
1657420 1743
1657430 1747
1657440 1751
1657450 1751
1657460 1753
1657470 1757
1657480 1757
1657490 1762
1657500 1767
1657510 1767
1657520 1770
1657530 1774
1657540 1774
1657550 1776
1657560 1776
1657570 1776
1657580 1774
1657590 1778
1657600 1778
1657610 1780
1657620 1785
1657630 1785
1657640 1791
1657650 1794
1657660 1794
1657670 1798
1657680 1803
1657690 1807
1657700 1807
1657710 1810
1657720 1812
1657730 1812
1657740 1812
1657750 1809
1657760 1809
1657770 1804
1657780 1799
1657790 1799
1657800 1794
1657810 1788
1657820 1788
1657830 1783
1657840 1778
1657850 1778
1657860 1773
1657870 1768
1657880 1768
1657890 1763
1657900 1758
1657910 1758
1657920 1753
1657930 1749
1657940 1749
1657950 1745
1657960 1740
1657970 1740
1657980 1736
1657990 1732
1658000 1727
1658010 1727
1658020 1724
1658030 1720
1658040 1720
1658050 1714
1658060 1709
1658070 1709
1658080 1705
1658090 1700
1658100 1700
1658110 1695
1658120 1690
1658130 1690
1658140 1685
1658150 1681
1658160 1681
1658170 1676
1658180 1672
1658190 1672
1658200 1666
1658210 1661
1658220 1661
1658230 1654
1658240 1648
1658250 1648
1658260 1641
1658270 1635
1658280 1635
1658290 1628
1658300 1621
1658310 1614
1658320 1613
1658330 1607
1658340 1599
1658350 1599
1658360 1592
1658370 1585
1658380 1585
1658390 1577
1658400 1570
1658410 1570
1658420 1562
1658430 1555
1658440 1555
1658450 1548
1658460 1540
1658470 1540
1658480 1529
1658490 1521
1658500 1521
1658510 1515
1658520 1507
1658530 1507
1658540 1498
1658550 1490
1658560 1490
1658570 1471
1658580 1454
1658590 1454
1658600 1455
1658610 1453
1658620 1446
1658630 1446
1658640 1431
1658650 1420
1658660 1420
1658670 1406
1658680 1394
1658690 1394
1658700 1387
1658710 1381
1658720 1381
1658730 1376
1658740 1374
1658750 1374
1658760 1367
1658770 1360
1658780 1360
1658790 1352
1658800 1345
1658810 1345
1658820 1338
1658830 1332
1658840 1332
1658850 1324
1658860 1316
1658870 1316
1658880 1308
1658890 1300
1658900 1300
1658910 1292
1658920 1284
1658930 1276
1658940 1276
1658950 1269
1658960 1261
1658970 1261
1658980 1254
1658990 1247
1659000 1247
1659010 1241
1659020 1235
1659030 1235
1659040 1227
1659050 1219
1659060 1219
1659070 1210
1659080 1202
1659090 1202
1659100 1195
1659110 1191
1659120 1191
1659130 1186
1659140 1181
1659150 1181
1659160 1175
1659170 1170
1659180 1170
1659190 1163
1659200 1159
1659210 1159
1659220 1156
1659230 1154
1659240 1153
1659250 1153
1659260 1150
1659270 1147
1659280 1147
1659290 1145
1659300 1142
1659310 1142
1659320 1138
1659330 1133
1659340 1133
1659350 1128
1659360 1121
1659370 1121
1659380 1110
1659390 1098
1659400 1098
1659410 1090
1659420 1081
1659430 1081
1659440 1072
1659450 1064
1659460 1064
1659470 1056
1659480 1048
1659490 1048
1659500 1040
1659510 1032
1659520 1024
1659530 1024
1659540 1017
1659550 1010
1659560 1010
1659570 1004
1659580 1000
1659590 1000
1659600 997
1659610 994
1659620 994
1659630 991
1659640 988
1659650 988
1659660 985
1659670 982
1659680 982
1659690 980
1659700 976
1659710 976
1659720 973
1659730 969
1659740 969
1659750 965
1659760 961
1659770 961
1659780 959
1659790 955
1659800 955
1659810 950
1659820 946
1659830 942
1659840 942
1659850 940
1659860 938
1659870 938
1659880 936
1659890 932
1659900 932
1659910 929
1659920 924
1659930 924
1659940 919
1659950 914
1659960 914
1659970 912
1659980 911
1659990 911
