1640000 781
1640010 781
1640020 780
1640030 780
1640040 780
1640050 779
1640060 779
1640070 779
1640080 779
1640090 778
1640100 778
1640110 778
1640120 777
1640130 777
1640140 776
1640150 775
1640160 775
1640170 775
1640180 774
1640190 774
1640200 774
1640210 775
1640220 775
1640230 772
1640240 776
1640250 776
1640260 781
1640270 784
1640280 784
1640290 788
1640300 791
1640310 795
1640320 795
1640330 801
1640340 805
1640350 805
1640360 806
1640370 808
1640380 808
1640390 811
1640400 816
1640410 816
1640420 819
1640430 819
1640440 819
1640450 818
1640460 817
1640470 817
1640480 818
1640490 821
1640500 821
1640510 823
1640520 824
1640530 824
1640540 825
1640550 828
1640560 828
1640570 831
1640580 834
1640590 834
1640600 836
1640610 836
1640620 836
1640630 836
1640640 838
1640650 840
1640660 840
1640670 843
1640680 846
1640690 846
1640700 849
1640710 851
1640720 851
1640730 852
1640740 851
1640750 851
1640760 850
1640770 850
1640780 850
1640790 850
1640800 850
1640810 850
1640820 850
1640830 849
1640840 849
1640850 848
1640860 847
1640870 847
1640880 846
1640890 845
1640900 845
1640910 844
1640920 843
1640930 843
1640940 843
1640950 842
1640960 843
1640970 843
1640980 843
1640990 841
1641000 841
1641010 840
1641020 840
1641030 840
1641040 839
1641050 831
1641060 831
1641070 832
1641080 832
1641090 832
1641100 832
1641110 831
1641120 831
1641130 830
1641140 830
1641150 830
1641160 829
1641170 828
1641180 828
1641190 825
1641200 824
1641210 824
1641220 824
1641230 824
1641240 823
1641250 823
1641260 821
1641270 818
1641280 818
1641290 816
1641300 813
1641310 813
1641320 812
1641330 812
1641340 812
1641350 808
1641360 804
1641370 804
1641380 798
1641390 793
1641400 793
1641410 786
1641420 779
1641430 779
1641440 773
1641450 769
1641460 769
1641470 770
1641480 771
1641490 771
1641500 771
1641510 771
1641520 771
1641530 771
1641540 772
1641550 776
1641560 776
1641570 783
1641580 790
1641590 790
1641600 791
1641610 793
1641620 793
1641630 793
1641640 792
1641650 792
1641660 791
1641670 790
1641680 790
1641690 788
1641700 785
1641710 785
1641720 783
1641730 781
1641740 781
1641750 780
1641760 779
1641770 779
1641780 777
1641790 775
1641800 775
1641810 774
1641820 771
1641830 771
1641840 769
1641850 768
1641860 762
1641870 762
1641880 761
1641890 761
1641900 761
1641910 761
1641920 761
1641930 761
1641940 761
1641950 761
1641960 761
1641970 760
1641980 758
1641990 758
1642000 757
1642010 756
1642020 756
1642030 756
1642040 755
1642050 755
1642060 755
1642070 755
1642080 755
1642090 754
1642100 754
1642110 754
1642120 753
1642130 752
1642140 752
1642150 750
1642160 749
1642170 748
1642180 748
1642190 748
1642200 747
1642210 747
1642220 746
1642230 745
1642240 745
1642250 744
1642260 743
1642270 743
1642280 743
1642290 743
1642300 743
1642310 743
1642320 742
1642330 742
1642340 742
1642350 742
1642360 742
1642370 743
1642380 742
1642390 742
1642400 742
1642410 742
1642420 742
1642430 742
1642440 742
1642450 742
1642460 742
1642470 742
1642480 742
1642490 742
1642500 742
1642510 742
1642520 742
1642530 742
1642540 742
1642550 742
1642560 742
1642570 742
1642580 742
1642590 742
1642600 742
1642610 742
1642620 742
1642630 742
1642640 742
1642650 742
1642660 742
1642670 742
1642680 742
1642690 742
1642700 742
1642710 742
1642720 742
1642730 742
1642740 742
1642750 742
1642760 742
1642770 742
1642780 742
1642790 742
1642800 742
1642810 742
1642820 741
1642830 741
1642840 741
1642850 742
1642860 742
1642870 744
1642880 746
1642890 746
1642900 747
1642910 746
1642920 746
1642930 744
1642940 741
1642950 741
1642960 740
1642970 740
1642980 740
1642990 740
1643000 740
1643010 740
1643020 740
1643030 740
1643040 740
1643050 740
1643060 740
1643070 740
1643080 740
1643090 740
1643100 740
1643110 740
1643120 740
1643130 740
1643140 740
1643150 740
1643160 740
1643170 740
1643180 740
1643190 740
1643200 740
1643210 740
1643220 740
1643230 740
1643240 741
1643250 741
1643260 741
1643270 741
1643280 741
1643290 741
1643300 742
1643310 743
1643320 743
1643330 743
1643340 741
1643350 741
1643360 739
1643370 739
1643380 740
1643390 740
1643400 740
1643410 740
1643420 740
1643430 739
1643440 739
1643450 739
1643460 739
1643470 739
1643480 739
1643490 739
1643500 739
1643510 739
1643520 738
1643530 738
1643540 738
1643550 738
1643560 737
1643570 737
1643580 737
1643590 737
1643600 737
1643610 737
1643620 737
1643630 737
1643640 737
1643650 737
1643660 737
1643670 736
1643680 736
1643690 736
1643700 736
1643710 736
1643720 736
1643730 736
1643740 736
1643750 736
1643760 736
1643770 736
1643780 736
1643790 736
1643800 736
1643810 736
1643820 736
1643830 735
1643840 735
1643850 735
1643860 735
1643870 735
1643880 735
1643890 735
1643900 734
1643910 734
1643920 734
1643930 734
1643940 734
1643950 734
1643960 734
1643970 734
1643980 734
1643990 734
1644000 734
1644010 734
1644020 734
1644030 733
1644040 733
1644050 733
1644060 733
1644070 733
1644080 733
1644090 733
1644100 733
1644110 733
1644120 733
1644130 733
1644140 733
1644150 733
1644160 733
1644170 734
1644180 734
1644190 734
1644200 734
1644210 735
1644220 735
1644230 737
1644240 737
1644250 737
1644260 737
1644270 737
1644280 737
1644290 738
1644300 738
1644310 740
1644320 740
1644330 743
1644340 745
1644350 745
1644360 748
1644370 751
1644380 751
1644390 754
1644400 757
1644410 757
1644420 759
1644430 761
1644440 761
1644450 766
1644460 770
1644470 770
1644480 775
1644490 778
1644500 778
1644510 782
1644520 786
1644530 786
1644540 790
1644550 794
1644560 794
1644570 797
1644580 799
1644590 799
1644600 802
1644610 805
1644620 808
1644630 808
1644640 813
1644650 817
1644660 817
1644670 819
1644680 822
1644690 822
1644700 827
1644710 834
1644720 834
1644730 841
1644740 847
1644750 847
1644760 851
1644770 852
1644780 852
1644790 852
1644800 851
1644810 851
1644820 846
1644830 842
1644840 842
1644850 838
1644860 836
1644870 836
1644880 834
1644890 832
1644900 832
1644910 827
1644920 822
1644930 829
1644940 829
1644950 841
1644960 850
1644970 850
1644980 857
1644990 864
1645000 864
1645010 870
1645020 877
1645030 877
1645040 883
1645050 889
1645060 889
1645070 894
1645080 900
1645090 900
1645100 907
1645110 914
1645120 914
1645130 920
1645140 927
1645150 927
1645160 933
1645170 939
1645180 939
1645190 946
1645200 953
1645210 953
1645220 959
1645230 966
1645240 972
1645250 972
1645260 978
1645270 984
1645280 984
1645290 991
1645300 998
1645310 998
1645320 1005
1645330 1014
1645340 1014
1645350 1022
1645360 1031
1645370 1031
1645380 1038
1645390 1044
1645400 1044
1645410 1047
1645420 1051
1645430 1051
1645440 1056
1645450 1064
1645460 1064
1645470 1072
1645480 1076
1645490 1076
1645500 1078
1645510 1079
1645520 1079
1645530 1080
1645540 1081
1645550 1083
1645560 1083
1645570 1085
1645580 1086
1645590 1086
1645600 1086
1645610 1088
1645620 1088
1645630 1092
1645640 1098
1645650 1098
1645660 1099
1645670 1099
1645680 1099
1645690 1100
1645700 1101
1645710 1101
1645720 1102
1645730 1104
1645740 1104
1645750 1105
1645760 1106
1645770 1106
1645780 1108
1645790 1109
1645800 1109
1645810 1110
1645820 1110
1645830 1110
1645840 1112
1645850 1112
1645860 1114
1645870 1108
1645880 1109
1645890 1110
1645900 1110
1645910 1110
1645920 1110
1645930 1110
1645940 1110
1645950 1111
1645960 1111
1645970 1112
1645980 1113
1645990 1113
1646000 1113
1646010 1113
1646020 1113
1646030 1114
1646040 1117
1646050 1117
1646060 1121
1646070 1123
1646080 1123
1646090 1126
1646100 1128
1646110 1128
1646120 1134
1646130 1137
1646140 1136
1646150 1136
1646160 1137
1646170 1139
1646180 1139
1646190 1139
1646200 1140
1646210 1140
1646220 1142
1646230 1142
1646240 1142
1646250 1144
1646260 1148
1646270 1148
1646280 1149
1646290 1150
1646300 1150
1646310 1153
1646320 1156
1646330 1156
1646340 1158
1646350 1160
1646360 1160
1646370 1162
1646380 1164
1646390 1164
1646400 1165
1646410 1168
1646420 1168
1646430 1174
1646440 1177
1646450 1175
1646460 1175
1646470 1172
1646480 1170
1646490 1170
1646500 1167
1646510 1165
1646520 1165
1646530 1163
1646540 1160
1646550 1160
1646560 1157
1646570 1155
1646580 1155
1646590 1152
1646600 1150
1646610 1150
1646620 1147
1646630 1144
1646640 1144
1646650 1139
1646660 1134
1646670 1134
1646680 1128
1646690 1124
1646700 1124
1646710 1120
1646720 1115
1646730 1115
1646740 1111
1646750 1107
1646760 1102
1646770 1102
1646780 1097
1646790 1093
1646800 1093
1646810 1088
1646820 1084
1646830 1084
1646840 1080
1646850 1075
1646860 1075
1646870 1072
1646880 1069
1646890 1069
1646900 1066
1646910 1062
1646920 1062
1646930 1057
1646940 1054
1646950 1054
1646960 1051
1646970 1047
1646980 1047
1646990 1043
1647000 1040
1647010 1040
1647020 1036
1647030 1032
1647040 1032
1647050 1028
1647060 1024
1647070 1017
1647080 1017
1647090 1012
1647100 1008
1647110 1008
1647120 1004
1647130 1000
1647140 1000
1647150 996
1647160 992
1647170 992
1647180 987
1647190 981
1647200 981
1647210 975
1647220 972
1647230 972
1647240 969
1647250 965
1647260 965
1647270 961
1647280 956
1647290 956
1647300 953
1647310 950
1647320 950
1647330 948
1647340 945
1647350 945
1647360 944
1647370 941
1647380 938
1647390 938
1647400 936
1647410 935
1647420 935
1647430 933
1647440 937
1647450 937
1647460 935
1647470 932
1647480 932
1647490 929
1647500 926
1647510 926
1647520 924
1647530 922
1647540 922
1647550 920
1647560 917
1647570 917
1647580 914
1647590 910
1647600 910
1647610 906
1647620 902
1647630 902
1647640 899
1647650 896
1647660 896
1647670 893
1647680 890
1647690 887
1647700 887
1647710 883
1647720 878
1647730 878
1647740 874
1647750 870
1647760 870
1647770 866
1647780 862
1647790 862
1647800 859
1647810 857
1647820 857
1647830 855
1647840 852
1647850 852
1647860 848
1647870 844
1647880 844
1647890 841
1647900 837
1647910 837
1647920 833
1647930 829
1647940 829
1647950 825
1647960 821
1647970 821
1647980 818
1647990 816
1648000 811
1648010 811
1648020 804
1648030 801
1648040 801
1648050 800
1648060 800
1648070 800
1648080 804
1648090 809
1648100 809
1648110 815
1648120 820
1648130 820
1648140 826
1648150 831
1648160 831
1648170 836
1648180 841
1648190 841
1648200 847
1648210 853
1648220 852
1648230 859
1648240 867
1648250 867
1648260 875
1648270 877
1648280 877
1648290 880
1648300 882
1648310 886
1648320 886
1648330 893
1648340 897
1648350 897
1648360 901
1648370 904
1648380 904
1648390 907
1648400 911
1648410 911
1648420 916
1648430 921
1648440 921
1648450 929
1648460 935
1648470 935
1648480 945
1648490 955
1648500 955
1648510 959
1648520 963
1648530 963
1648540 967
1648550 972
1648560 972
1648570 977
1648580 982
1648590 982
1648600 986
1648610 991
1648620 995
1648630 995
1648640 999
1648650 1004
1648660 1004
1648670 1008
1648680 1012
1648690 1012
1648700 1016
1648710 1021
1648720 1021
1648730 1026
1648740 1034
1648750 1034
1648760 1043
1648770 1053
1648780 1053
1648790 1060
1648800 1066
1648810 1066
1648820 1068
1648830 1068
1648840 1068
1648850 1067
1648860 1065
1648870 1065
1648880 1063
1648890 1063
1648900 1063
1648910 1062
1648920 1062
1648930 1062
1648940 1062
1648950 1062
1648960 1062
1648970 1062
1648980 1061
1648990 1062
1649000 1067
1649010 1069
1649020 1071
1649030 1071
1649040 1073
1649050 1075
1649060 1075
1649070 1078
1649080 1081
1649090 1081
1649100 1085
1649110 1090
1649120 1090
1649130 1094
1649140 1096
1649150 1096
1649160 1099
1649170 1102
1649180 1102
1649190 1106
1649200 1110
1649210 1110
1649220 1114
1649230 1118
1649240 1124
1649250 1124
1649260 1129
1649270 1136
1649280 1136
1649290 1143
1649300 1150
1649310 1150
1649320 1157
1649330 1165
1649340 1165
1649350 1172
1649360 1179
1649370 1179
1649380 1186
1649390 1192
1649400 1192
1649410 1197
1649420 1199
1649430 1199
1649440 1199
1649450 1198
1649460 1198
1649470 1195
1649480 1192
1649490 1192
1649500 1189
1649510 1185
1649520 1185
1649530 1181
1649540 1179
1649550 1176
1649560 1176
1649570 1173
1649580 1170
1649590 1170
1649600 1167
1649610 1165
1649620 1165
1649630 1162
1649640 1159
1649650 1159
1649660 1156
1649670 1152
1649680 1152
1649690 1148
1649700 1143
1649710 1143
1649720 1138
1649730 1134
1649740 1134
1649750 1129
1649760 1125
1649770 1125
1649780 1123
1649790 1119
1649800 1119
1649810 1115
1649820 1111
1649830 1111
1649840 1107
1649850 1104
1649860 1100
1649870 1100
1649880 1095
1649890 1092
1649900 1092
1649910 1086
1649920 1081
1649930 1081
1649940 1076
1649950 1072
1649960 1072
1649970 1067
1649980 1063
1649990 1063
1650000 1059
1650010 1058
1650020 1058
1650030 1057
1650040 1058
1650050 1058
1650060 1058
1650070 1058
1650080 1058
1650090 1059
1650100 1060
1650110 1060
1650120 1063
1650130 1066
1650140 1066
1650150 1070
1650160 1074
1650170 1075
1650180 1075
1650190 1077
1650200 1079
1650210 1079
1650220 1082
1650230 1084
1650240 1084
1650250 1087
1650260 1088
1650270 1088
1650280 1088
1650290 1088
1650300 1088
1650310 1089
1650320 1090
1650330 1090
1650340 1092
1650350 1094
1650360 1094
1650370 1096
1650380 1098
1650390 1098
1650400 1101
1650410 1104
1650420 1104
1650430 1108
1650440 1110
1650450 1110
1650460 1112
1650470 1112
1650480 1111
1650490 1111
1650500 1110
1650510 1109
1650520 1109
1650530 1107
1650540 1105
1650550 1100
1650560 1097
1650570 1094
1650580 1094
1650590 1091
1650600 1088
1650610 1088
1650620 1085
1650630 1083
1650640 1083
1650650 1080
1650660 1078
1650670 1078
1650680 1075
1650690 1073
1650700 1073
1650710 1071
1650720 1069
1650730 1069
1650740 1067
1650750 1064
1650760 1064
1650770 1060
1650780 1055
1650790 1049
1650800 1049
1650810 1042
1650820 1037
1650830 1037
1650840 1033
1650850 1030
1650860 1030
1650870 1026
1650880 1022
1650890 1022
1650900 1018
1650910 1013
1650920 1013
1650930 1009
1650940 1004
1650950 1004
1650960 1000
1650970 995
1650980 995
1650990 990
1651000 984
1651010 984
1651020 978
1651030 971
1651040 971
1651050 965
1651060 960
1651070 960
1651080 954
1651090 949
1651100 942
1651110 942
1651120 936
1651130 931
1651140 931
1651150 926
1651160 922
1651170 922
1651180 918
1651190 914
1651200 914
1651210 909
1651220 904
1651230 904
1651240 899
1651250 894
1651260 894
1651270 890
1651280 885
1651290 885
1651300 879
1651310 875
1651320 873
1651330 868
1651340 864
1651350 864
1651360 859
1651370 855
1651380 855
1651390 854
1651400 854
1651410 854
1651420 854
1651430 854
1651440 854
1651450 854
1651460 857
1651470 861
1651480 861
1651490 865
1651500 870
1651510 870
1651520 876
1651530 883
1651540 883
1651550 890
1651560 898
1651570 898
1651580 903
1651590 908
1651600 908
1651610 914
1651620 914
1651630 914
1651640 909
1651650 904
1651660 904
1651670 898
1651680 893
1651690 887
1651700 887
1651710 880
1651720 873
1651730 873
1651740 867
1651750 862
1651760 862
1651770 857
1651780 854
1651790 854
1651800 852
1651810 849
1651820 849
1651830 844
1651840 839
1651850 839
1651860 834
1651870 829
1651880 829
1651890 824
1651900 820
1651910 820
1651920 818
1651930 817
1651940 817
1651950 817
1651960 817
1651970 817
1651980 818
1651990 817
1652000 817
1652010 817
1652020 817
1652030 819
1652040 819
1652050 827
1652060 834
1652070 834
1652080 837
1652090 842
1652100 842
1652110 849
1652120 856
1652130 856
1652140 862
1652150 868
1652160 868
1652170 873
1652180 878
1652190 878
1652200 883
1652210 888
1652220 888
1652230 893
1652240 898
1652250 898
1652260 903
1652270 907
1652280 907
1652290 911
1652300 912
1652310 912
1652320 912
1652330 912
1652340 912
1652350 912
1652360 912
1652370 913
1652380 913
1652390 914
1652400 917
1652410 917
1652420 920
1652430 923
1652440 923
1652450 926
1652460 929
1652470 929
1652480 933
1652490 937
1652500 937
1652510 941
1652520 945
1652530 945
1652540 950
1652550 955
1652560 955
1652570 959
1652580 964
1652590 964
1652600 969
1652610 974
1652620 979
1652630 979
1652640 984
1652650 990
1652660 990
1652670 995
1652680 1001
1652690 1001
1652700 1007
1652710 1013
1652720 1013
1652730 1019
1652740 1025
1652750 1025
1652760 1032
1652770 1039
1652780 1039
1652790 1045
1652800 1052
1652810 1052
1652820 1060
1652830 1067
1652840 1066
1652850 1073
1652860 1079
1652870 1079
1652880 1083
1652890 1084
1652900 1084
1652910 1086
1652920 1089
1652930 1092
1652940 1092
1652950 1095
1652960 1099
1652970 1099
1652980 1102
1652990 1105
1653000 1105
1653010 1109
1653020 1115
1653030 1115
1653040 1119
1653050 1125
1653060 1125
1653070 1130
1653080 1134
1653090 1134
1653100 1138
1653110 1142
1653120 1142
1653130 1146
1653140 1150
1653150 1150
1653160 1154
1653170 1159
1653180 1159
1653190 1163
1653200 1166
1653210 1166
1653220 1168
1653230 1168
1653240 1168
1653250 1168
1653260 1167
1653270 1167
1653280 1167
1653290 1168
1653300 1168
1653310 1168
1653320 1167
1653330 1167
1653340 1167
1653350 1166
1653360 1162
1653370 1162
1653380 1155
1653390 1149
1653400 1149
1653410 1143
1653420 1139
1653430 1139
1653440 1135
1653450 1131
1653460 1131
1653470 1128
1653480 1124
1653490 1124
1653500 1122
1653510 1120
1653520 1120
1653530 1119
1653540 1119
1653550 1119
1653560 1119
1653570 1119
1653580 1120
1653590 1120
1653600 1129
1653610 1133
1653620 1133
1653630 1136
1653640 1138
1653650 1138
1653660 1139
1653670 1141
1653680 1141
1653690 1142
1653700 1142
1653710 1142
1653720 1141
1653730 1141
1653740 1141
1653750 1142
1653760 1143
1653770 1143
1653780 1143
1653790 1142
1653800 1142
1653810 1139
1653820 1138
1653830 1138
1653840 1136
1653850 1135
1653860 1135
1653870 1135
1653880 1135
1653890 1135
1653900 1135
1653910 1136
1653920 1137
1653930 1137
1653940 1139
1653950 1141
1653960 1141
1653970 1143
1653980 1144
1653990 1144
1654000 1144
1654010 1143
1654020 1143
1654030 1138
1654040 1132
1654050 1132
1654060 1127
1654070 1123
1654080 1123
1654090 1120
1654100 1118
1654110 1118
1654120 1118
1654130 1118
1654140 1118
1654150 1118
1654160 1117
1654170 1117
1654180 1117
1654190 1116
1654200 1116
1654210 1116
1654220 1117
1654230 1119
1654240 1119
1654250 1121
1654260 1123
1654270 1123
1654280 1126
1654290 1129
1654300 1129
1654310 1133
1654320 1135
1654330 1135
1654340 1138
1654350 1146
1654360 1146
1654370 1148
1654380 1150
1654390 1150
1654400 1153
1654410 1157
1654420 1157
1654430 1160
1654440 1164
1654450 1164
1654460 1168
1654470 1172
1654480 1175
1654490 1175
1654500 1179
1654510 1183
1654520 1183
1654530 1187
1654540 1191
1654550 1191
1654560 1196
1654570 1202
1654580 1202
1654590 1207
1654600 1213
1654610 1213
1654620 1219
1654630 1224
1654640 1224
1654650 1230
1654660 1235
1654670 1235
1654680 1241
1654690 1248
1654700 1248
1654710 1254
1654720 1260
1654730 1260
1654740 1266
1654750 1272
1654760 1272
1654770 1277
1654780 1283
1654790 1288
1654800 1288
1654810 1291
1654820 1295
1654830 1295
1654840 1298
1654850 1302
1654860 1302
1654870 1306
1654880 1308
1654890 1308
1654900 1308
1654910 1306
1654920 1306
1654930 1303
1654940 1301
1654950 1301
1654960 1297
1654970 1294
1654980 1294
1654990 1292
1655000 1288
1655010 1288
1655020 1285
1655030 1283
1655040 1283
1655050 1281
1655060 1281
1655070 1281
1655080 1280
1655090 1278
1655100 1270
1655110 1270
1655120 1271
1655130 1272
1655140 1272
1655150 1274
1655160 1275
1655170 1275
1655180 1277
1655190 1279
1655200 1279
1655210 1279
1655220 1277
1655230 1277
1655240 1274
1655250 1271
1655260 1271
1655270 1269
1655280 1269
1655290 1269
1655300 1269
1655310 1269
1655320 1269
1655330 1269
1655340 1269
1655350 1269
1655360 1270
1655370 1268
1655380 1268
1655390 1264
1655400 1262
1655410 1260
1655420 1260
1655430 1258
1655440 1256
1655450 1256
1655460 1255
1655470 1254
1655480 1254
1655490 1253
1655500 1252
1655510 1252
1655520 1250
1655530 1248
1655540 1248
1655550 1248
1655560 1247
1655570 1247
1655580 1248
1655590 1252
1655600 1252
1655610 1256
1655620 1257
1655630 1257
1655640 1258
1655650 1261
1655660 1261
1655670 1263
1655680 1265
1655690 1265
1655700 1267
1655710 1268
1655720 1269
1655730 1269
1655740 1271
1655750 1274
1655760 1274
1655770 1273
1655780 1272
1655790 1272
1655800 1271
1655810 1267
1655820 1267
1655830 1265
1655840 1264
1655850 1256
1655860 1253
1655870 1254
1655880 1254
1655890 1257
1655900 1258
1655910 1258
1655920 1256
1655930 1253
1655940 1253
1655950 1249
1655960 1247
1655970 1247
1655980 1245
1655990 1245
1656000 1245
1656010 1241
1656020 1245
1656030 1253
1656040 1253
1656050 1263
1656060 1272
1656070 1272
1656080 1280
1656090 1295
1656100 1295
1656110 1318
1656120 1322
1656130 1322
1656140 1327
1656150 1332
1656160 1332
1656170 1337
1656180 1341
1656190 1341
1656200 1344
1656210 1348
1656220 1348
1656230 1352
1656240 1357
1656250 1357
1656260 1361
1656270 1365
1656280 1365
1656290 1371
1656300 1377
1656310 1377
1656320 1384
1656330 1390
1656340 1396
1656350 1396
1656360 1403
1656370 1412
1656380 1412
1656390 1418
1656400 1421
1656410 1421
1656420 1427
1656430 1439
1656440 1439
1656450 1454
1656460 1466
1656470 1466
1656480 1471
1656490 1478
1656500 1478
1656510 1485
1656520 1487
1656530 1487
1656540 1487
1656550 1488
1656560 1488
1656570 1489
1656580 1493
1656590 1488
1656600 1487
1656610 1485
1656620 1483
1656630 1483
1656640 1482
1656650 1481
1656660 1481
1656670 1478
1656680 1473
1656690 1473
1656700 1470
1656710 1468
1656720 1468
1656730 1467
1656740 1466
1656750 1466
1656760 1465
1656770 1465
1656780 1465
1656790 1467
1656800 1468
1656810 1468
1656820 1471
1656830 1476
1656840 1476
1656850 1483
1656860 1492
1656870 1492
1656880 1500
1656890 1508
1656900 1508
1656910 1515
1656920 1517
1656930 1517
1656940 1517
1656950 1519
1656960 1522
1656970 1522
1656980 1525
1656990 1530
1657000 1530
1657010 1534
1657020 1537
1657030 1537
1657040 1541
1657050 1544
1657060 1544
1657070 1549
1657080 1553
1657090 1553
1657100 1558
1657110 1562
1657120 1562
1657130 1566
1657140 1570
1657150 1570
1657160 1575
1657170 1581
1657180 1581
1657190 1587
1657200 1593
1657210 1593
1657220 1599
1657230 1606
1657240 1613
1657250 1613
1657260 1620
1657270 1627
1657280 1627
1657290 1634
1657300 1641
1657310 1641
1657320 1647
1657330 1653
1657340 1653
1657350 1661
1657360 1668
1657370 1668
1657380 1676
1657390 1683
1657400 1683
1657410 1691
1657420 1698
1657430 1698
1657440 1706
1657450 1713
1657460 1713
1657470 1723
1657480 1731
1657490 1731
1657500 1739
1657510 1747
1657520 1747
1657530 1754
1657540 1765
1657550 1785
1657560 1785
1657570 1798
1657580 1808
1657590 1808
1657600 1823
1657610 1833
1657620 1833
1657630 1833
1657640 1830
1657650 1830
1657660 1827
1657670 1822
1657680 1822
1657690 1816
1657700 1810
1657710 1810
1657720 1804
1657730 1797
1657740 1797
1657750 1790
1657760 1783
1657770 1783
1657780 1776
1657790 1770
1657800 1770
1657810 1764
1657820 1757
1657830 1757
1657840 1750
1657850 1743
1657860 1736
1657870 1736
1657880 1729
1657890 1722
1657900 1722
1657910 1715
1657920 1708
1657930 1708
1657940 1700
1657950 1694
1657960 1694
1657970 1688
1657980 1680
1657990 1680
1658000 1674
1658010 1667
1658020 1667
1658030 1661
1658040 1654
1658050 1654
1658060 1647
1658070 1641
1658080 1641
1658090 1634
1658100 1628
1658110 1628
1658120 1621
1658130 1612
1658140 1612
1658150 1604
1658160 1597
1658170 1588
1658180 1588
1658190 1580
1658200 1572
1658210 1572
1658220 1565
1658230 1556
1658240 1556
1658250 1548
1658260 1540
1658270 1540
1658280 1533
1658290 1526
1658300 1526
1658310 1520
1658320 1514
1658330 1514
1658340 1507
1658350 1498
1658360 1498
1658370 1492
1658380 1482
1658390 1482
1658400 1472
1658410 1464
1658420 1464
1658430 1457
1658440 1449
1658450 1449
1658460 1443
1658470 1437
1658480 1430
1658490 1430
1658500 1424
1658510 1418
1658520 1418
1658530 1413
1658540 1408
1658550 1408
1658560 1404
1658570 1399
1658580 1399
1658590 1394
1658600 1388
1658610 1388
1658620 1380
1658630 1371
1658640 1371
1658650 1361
1658660 1351
1658670 1351
1658680 1343
1658690 1336
1658700 1336
1658710 1329
1658720 1324
1658730 1324
1658740 1319
1658750 1314
1658760 1314
1658770 1309
1658780 1302
1658790 1295
1658800 1296
1658810 1290
1658820 1285
1658830 1285
1658840 1281
1658850 1278
1658860 1278
1658870 1275
1658880 1270
1658890 1270
1658900 1264
1658910 1258
1658920 1258
1658930 1253
1658940 1246
1658950 1246
1658960 1239
1658970 1233
1658980 1233
1658990 1227
1659000 1223
1659010 1223
1659020 1218
1659030 1212
1659040 1212
1659050 1206
1659060 1202
1659070 1202
1659080 1199
1659090 1195
1659100 1191
1659110 1191
1659120 1188
1659130 1182
1659140 1182
1659150 1179
1659160 1175
1659170 1175
1659180 1169
1659190 1163
1659200 1163
1659210 1157
1659220 1150
1659230 1150
1659240 1143
1659250 1136
1659260 1136
1659270 1128
1659280 1120
1659290 1120
1659300 1113
1659310 1107
1659320 1107
1659330 1105
1659340 1100
1659350 1100
1659360 1099
1659370 1098
1659380 1098
1659390 1099
1659400 1100
1659410 1103
1659420 1103
1659430 1113
1659440 1117
1659450 1117
1659460 1117
1659470 1118
1659480 1118
1659490 1120
1659500 1120
1659510 1120
1659520 1115
1659530 1115
1659540 1125
1659550 1128
1659560 1132
1659570 1132
1659580 1134
1659590 1136
1659600 1136
1659610 1139
1659620 1139
1659630 1139
1659640 1142
1659650 1148
1659660 1148
1659670 1155
1659680 1161
1659690 1161
1659700 1162
1659710 1164
1659720 1167
1659730 1167
1659740 1171
1659750 1176
1659760 1176
1659770 1180
1659780 1176
1659790 1176
1659800 1166
1659810 1168
1659820 1168
1659830 1165
1659840 1163
1659850 1163
1659860 1161
1659870 1160
1659880 1160
1659890 1159
1659900 1156
1659910 1156
1659920 1152
1659930 1150
1659940 1150
1659950 1145
1659960 1143
1659970 1143
1659980 1144
1659990 1147
