1640000 1086
1640010 1086
1640020 1084
1640030 1085
1640040 1085
1640050 1085
1640060 1084
1640070 1084
1640080 1085
1640090 1085
1640100 1085
1640110 1085
1640120 1084
1640130 1084
1640140 1085
1640150 1086
1640160 1086
1640170 1087
1640180 1087
1640190 1087
1640200 1088
1640210 1087
1640220 1087
1640230 1085
1640240 1084
1640250 1084
1640260 1085
1640270 1089
1640280 1094
1640290 1094
1640300 1098
1640310 1102
1640320 1102
1640330 1105
1640340 1109
1640350 1109
1640360 1112
1640370 1115
1640380 1115
1640390 1118
1640400 1121
1640410 1121
1640420 1123
1640430 1124
1640440 1124
1640450 1126
1640460 1127
1640470 1127
1640480 1129
1640490 1129
1640500 1129
1640510 1130
1640520 1131
1640530 1131
1640540 1132
1640550 1133
1640560 1133
1640570 1133
1640580 1134
1640590 1135
1640600 1135
1640610 1137
1640620 1138
1640630 1140
1640640 1141
1640650 1143
1640660 1143
1640670 1145
1640680 1146
1640690 1146
1640700 1148
1640710 1149
1640720 1149
1640730 1150
1640740 1151
1640750 1151
1640760 1152
1640770 1152
1640780 1152
1640790 1153
1640800 1153
1640810 1153
1640820 1154
1640830 1154
1640840 1154
1640850 1155
1640860 1156
1640870 1156
1640880 1157
1640890 1158
1640900 1159
1640910 1159
1640920 1161
1640930 1163
1640940 1163
1640950 1166
1640960 1169
1640970 1169
1640980 1172
1640990 1174
1641000 1174
1641010 1177
1641020 1179
1641030 1179
1641040 1182
1641050 1186
1641060 1186
1641070 1189
1641080 1192
1641090 1192
1641100 1194
1641110 1197
1641120 1197
1641130 1199
1641140 1202
1641150 1202
1641160 1204
1641170 1206
1641180 1206
1641190 1207
1641200 1208
1641210 1209
1641220 1209
1641230 1209
1641240 1208
1641250 1208
1641260 1206
1641270 1203
1641280 1203
1641290 1200
1641300 1196
1641310 1196
1641320 1194
1641330 1192
1641340 1192
1641350 1191
1641360 1190
1641370 1190
1641380 1188
1641390 1186
1641400 1186
1641410 1184
1641420 1183
1641430 1183
1641440 1182
1641450 1184
1641460 1184
1641470 1183
1641480 1182
1641490 1182
1641500 1182
1641510 1185
1641520 1185
1641530 1187
1641540 1190
1641550 1191
1641560 1191
1641570 1192
1641580 1192
1641590 1192
1641600 1192
1641610 1192
1641620 1192
1641630 1192
1641640 1191
1641650 1191
1641660 1190
1641670 1190
1641680 1190
1641690 1190
1641700 1190
1641710 1190
1641720 1190
1641730 1190
1641740 1190
1641750 1189
1641760 1188
1641770 1188
1641780 1188
1641790 1187
1641800 1187
1641810 1186
1641820 1185
1641830 1185
1641840 1185
1641850 1184
1641860 1183
1641870 1183
1641880 1181
1641890 1180
1641900 1180
1641910 1180
1641920 1181
1641930 1181
1641940 1182
1641950 1185
1641960 1185
1641970 1185
1641980 1185
1641990 1185
1642000 1184
1642010 1185
1642020 1185
1642030 1184
1642040 1182
1642050 1182
1642060 1179
1642070 1175
1642080 1175
1642090 1171
1642100 1168
1642110 1168
1642120 1166
1642130 1165
1642140 1165
1642150 1163
1642160 1162
1642170 1160
1642180 1160
1642190 1158
1642200 1154
1642210 1154
1642220 1150
1642230 1146
1642240 1146
1642250 1139
1642260 1135
1642270 1135
1642280 1130
1642290 1127
1642300 1127
1642310 1126
1642320 1126
1642330 1126
1642340 1126
1642350 1126
1642360 1126
1642370 1120
1642380 1109
1642390 1109
1642400 1101
1642410 1093
1642420 1093
1642430 1084
1642440 1075
1642450 1075
1642460 1068
1642470 1061
1642480 1054
1642490 1054
1642500 1046
1642510 1037
1642520 1037
1642530 1030
1642540 1026
1642550 1026
1642560 1024
1642570 1015
1642580 1015
1642590 1007
1642600 999
1642610 999
1642620 994
1642630 987
1642640 987
1642650 983
1642660 983
1642670 983
1642680 977
1642690 969
1642700 969
1642710 960
1642720 952
1642730 952
1642740 944
1642750 937
1642760 937
1642770 932
1642780 925
1642790 925
1642800 918
1642810 911
1642820 905
1642830 905
1642840 899
1642850 892
1642860 892
1642870 885
1642880 878
1642890 878
1642900 871
1642910 865
1642920 865
1642930 859
1642940 853
1642950 853
1642960 848
1642970 842
1642980 842
1642990 839
1643000 840
1643010 840
1643020 843
1643030 851
1643040 851
1643050 870
1643060 879
1643070 870
1643080 873
1643090 881
1643100 881
1643110 889
1643120 895
1643130 899
1643140 899
1643150 903
1643160 907
1643170 907
1643180 912
1643190 917
1643200 917
1643210 922
1643220 925
1643230 925
1643240 927
1643250 931
1643260 931
1643270 937
1643280 943
1643290 943
1643300 951
1643310 955
1643320 955
1643330 962
1643340 968
1643350 968
1643360 975
1643370 982
1643380 982
1643390 987
1643400 991
1643410 991
1643420 995
1643430 999
1643440 1004
1643450 1004
1643460 1008
1643470 1011
1643480 1011
1643490 1014
1643500 1018
1643510 1018
1643520 1022
1643530 1026
1643540 1026
1643550 1031
1643560 1034
1643570 1034
1643580 1035
1643590 1035
1643600 1035
1643610 1037
1643620 1042
1643630 1042
1643640 1046
1643650 1052
1643660 1052
1643670 1059
1643680 1067
1643690 1067
1643700 1072
1643710 1076
1643720 1076
1643730 1081
1643740 1085
1643750 1089
1643760 1089
1643770 1094
1643780 1100
1643790 1100
1643800 1106
1643810 1117
1643820 1117
1643830 1127
1643840 1138
1643850 1138
1643860 1152
1643870 1164
1643880 1164
1643890 1166
1643900 1166
1643910 1166
1643920 1168
1643930 1169
1643940 1169
1643950 1170
1643960 1172
1643970 1172
1643980 1175
1643990 1178
1644000 1178
1644010 1181
1644020 1185
1644030 1185
1644040 1188
1644050 1191
1644060 1191
1644070 1194
1644080 1195
1644090 1197
1644100 1197
1644110 1201
1644120 1205
1644130 1205
1644140 1210
1644150 1215
1644160 1215
1644170 1219
1644180 1222
1644190 1222
1644200 1226
1644210 1230
1644220 1230
1644230 1235
1644240 1238
1644250 1238
1644260 1241
1644270 1244
1644280 1244
1644290 1247
1644300 1250
1644310 1250
1644320 1254
1644330 1257
1644340 1257
1644350 1261
1644360 1262
1644370 1262
1644380 1262
1644390 1258
1644400 1255
1644410 1255
1644420 1252
1644430 1249
1644440 1249
1644450 1246
1644460 1243
1644470 1243
1644480 1242
1644490 1241
1644500 1241
1644510 1240
1644520 1238
1644530 1238
1644540 1235
1644550 1233
1644560 1233
1644570 1230
1644580 1227
1644590 1227
1644600 1225
1644610 1225
1644620 1225
1644630 1224
1644640 1224
1644650 1224
1644660 1225
1644670 1221
1644680 1221
1644690 1222
1644700 1223
1644710 1223
1644720 1223
1644730 1222
1644740 1221
1644750 1221
1644760 1220
1644770 1222
1644780 1222
1644790 1226
1644800 1231
1644810 1231
1644820 1235
1644830 1239
1644840 1239
1644850 1243
1644860 1248
1644870 1248
1644880 1253
1644890 1260
1644900 1260
1644910 1266
1644920 1269
1644930 1269
1644940 1269
1644950 1269
1644960 1269
1644970 1267
1644980 1264
1644990 1264
1645000 1262
1645010 1261
1645020 1263
1645030 1263
1645040 1266
1645050 1269
1645060 1269
1645070 1273
1645080 1277
1645090 1277
1645100 1281
1645110 1286
1645120 1286
1645130 1293
1645140 1300
1645150 1300
1645160 1308
1645170 1316
1645180 1316
1645190 1323
1645200 1330
1645210 1330
1645220 1335
1645230 1341
1645240 1341
1645250 1346
1645260 1350
1645270 1350
1645280 1352
1645290 1354
1645300 1354
1645310 1357
1645320 1361
1645330 1364
1645340 1364
1645350 1368
1645360 1371
1645370 1371
1645380 1374
1645390 1376
1645400 1376
1645410 1375
1645420 1373
1645430 1373
1645440 1371
1645450 1369
1645460 1369
1645470 1364
1645480 1361
1645490 1361
1645500 1359
1645510 1358
1645520 1358
1645530 1356
1645540 1355
1645550 1355
1645560 1354
1645570 1353
1645580 1353
1645590 1352
1645600 1354
1645610 1354
1645620 1357
1645630 1361
1645640 1361
1645650 1366
1645660 1370
1645670 1374
1645680 1374
1645690 1378
1645700 1383
1645710 1383
1645720 1388
1645730 1393
1645740 1393
1645750 1398
1645760 1404
1645770 1404
1645780 1409
1645790 1416
1645800 1416
1645810 1422
1645820 1428
1645830 1428
1645840 1434
1645850 1440
1645860 1440
1645870 1446
1645880 1451
1645890 1451
1645900 1457
1645910 1463
1645920 1463
1645930 1470
1645940 1474
1645950 1474
1645960 1480
1645970 1486
1645980 1492
1645990 1492
1646000 1498
1646010 1504
1646020 1504
1646030 1510
1646040 1517
1646050 1517
1646060 1523
1646070 1530
1646080 1530
1646090 1537
1646100 1543
1646110 1543
1646120 1549
1646130 1553
1646140 1553
1646150 1558
1646160 1562
1646170 1562
1646180 1566
1646190 1569
1646200 1569
1646210 1572
1646220 1574
1646230 1574
1646240 1575
1646250 1577
1646260 1574
1646270 1575
1646280 1576
1646290 1576
1646300 1576
1646310 1575
1646320 1573
1646330 1573
1646340 1572
1646350 1572
1646360 1572
1646370 1573
1646380 1575
1646390 1575
1646400 1578
1646410 1582
1646420 1582
1646430 1587
1646440 1591
1646450 1591
1646460 1594
1646470 1597
1646480 1597
1646490 1599
1646500 1600
1646510 1600
1646520 1600
1646530 1600
1646540 1600
1646550 1599
1646560 1599
1646570 1599
1646580 1601
1646590 1604
1646600 1606
1646610 1606
1646620 1607
1646630 1609
1646640 1609
1646650 1611
1646660 1613
1646670 1613
1646680 1614
1646690 1615
1646700 1615
1646710 1615
1646720 1615
1646730 1615
1646740 1613
1646750 1611
1646760 1611
1646770 1608
1646780 1604
1646790 1604
1646800 1600
1646810 1596
1646820 1596
1646830 1592
1646840 1587
1646850 1587
1646860 1583
1646870 1579
1646880 1579
1646890 1575
1646900 1572
1646910 1572
1646920 1568
1646930 1564
1646940 1560
1646950 1560
1646960 1556
1646970 1551
1646980 1551
1646990 1546
1647000 1541
1647010 1541
1647020 1536
1647030 1530
1647040 1530
1647050 1527
1647060 1522
1647070 1522
1647080 1516
1647090 1511
1647100 1511
1647110 1505
1647120 1500
1647130 1500
1647140 1495
1647150 1491
1647160 1491
1647170 1487
1647180 1482
1647190 1482
1647200 1477
1647210 1472
1647220 1472
1647230 1467
1647240 1461
1647250 1456
1647260 1456
1647270 1451
1647280 1445
1647290 1445
1647300 1439
1647310 1433
1647320 1433
1647330 1427
1647340 1421
1647350 1421
1647360 1415
1647370 1410
1647380 1410
1647390 1404
1647400 1397
1647410 1397
1647420 1391
1647430 1383
1647440 1383
1647450 1376
1647460 1368
1647470 1368
1647480 1361
1647490 1354
1647500 1354
1647510 1352
1647520 1351
1647530 1351
1647540 1350
1647550 1348
1647560 1347
1647570 1347
1647580 1345
1647590 1344
1647600 1344
1647610 1342
1647620 1341
1647630 1341
1647640 1339
1647650 1336
1647660 1336
1647670 1334
1647680 1331
1647690 1331
1647700 1328
1647710 1325
1647720 1325
1647730 1321
1647740 1317
1647750 1317
1647760 1313
1647770 1309
1647780 1309
1647790 1302
1647800 1298
1647810 1298
1647820 1298
1647830 1305
1647840 1305
1647850 1303
1647860 1303
1647870 1301
1647880 1301
1647890 1298
1647900 1294
1647910 1294
1647920 1291
1647930 1288
1647940 1288
1647950 1285
1647960 1282
1647970 1282
1647980 1279
1647990 1277
1648000 1277
1648010 1275
1648020 1279
1648030 1279
1648040 1281
1648050 1283
1648060 1283
1648070 1286
1648080 1289
1648090 1289
1648100 1291
1648110 1294
1648120 1294
1648130 1297
1648140 1300
1648150 1300
1648160 1302
1648170 1305
1648180 1305
1648190 1307
1648200 1309
1648210 1310
1648220 1310
1648230 1312
1648240 1314
1648250 1314
1648260 1316
1648270 1319
1648280 1319
1648290 1322
1648300 1325
1648310 1325
1648320 1327
1648330 1330
1648340 1330
1648350 1333
1648360 1335
1648370 1335
1648380 1337
1648390 1338
1648400 1338
1648410 1338
1648420 1334
1648430 1334
1648440 1329
1648450 1325
1648460 1325
1648470 1322
1648480 1320
1648490 1320
1648500 1317
1648510 1314
1648520 1311
1648530 1311
1648540 1309
1648550 1307
1648560 1307
1648570 1304
1648580 1299
1648590 1299
1648600 1294
1648610 1290
1648620 1290
1648630 1285
1648640 1281
1648650 1281
1648660 1277
1648670 1272
1648680 1272
1648690 1268
1648700 1263
1648710 1263
1648720 1259
1648730 1255
1648740 1255
1648750 1251
1648760 1248
1648770 1248
1648780 1246
1648790 1244
1648800 1244
1648810 1242
1648820 1240
1648830 1237
1648840 1237
1648850 1233
1648860 1229
1648870 1229
1648880 1226
1648890 1223
1648900 1223
1648910 1220
1648920 1217
1648930 1217
1648940 1213
1648950 1208
1648960 1208
1648970 1201
1648980 1195
1648990 1195
1649000 1190
1649010 1185
1649020 1185
1649030 1179
1649040 1174
1649050 1174
1649060 1169
1649070 1166
1649080 1166
1649090 1163
1649100 1161
1649110 1161
1649120 1157
1649130 1151
1649140 1145
1649150 1145
1649160 1141
1649170 1137
1649180 1137
1649190 1132
1649200 1126
1649210 1126
1649220 1119
1649230 1113
1649240 1113
1649250 1107
1649260 1102
1649270 1102
1649280 1097
1649290 1090
1649300 1090
1649310 1082
1649320 1075
1649330 1075
1649340 1069
1649350 1062
1649360 1062
1649370 1054
1649380 1047
1649390 1048
1649400 1042
1649410 1036
1649420 1036
1649430 1027
1649440 1018
1649450 1018
1649460 1009
1649470 1001
1649480 993
1649490 993
1649500 991
1649510 993
1649520 993
1649530 1000
1649540 1009
1649550 1009
1649560 1016
1649570 1022
1649580 1022
1649590 1030
1649600 1037
1649610 1037
1649620 1043
1649630 1049
1649640 1049
1649650 1056
1649660 1061
1649670 1061
1649680 1068
1649690 1075
1649700 1075
1649710 1082
1649720 1089
1649730 1089
1649740 1096
1649750 1103
1649760 1103
1649770 1110
1649780 1119
1649790 1126
1649800 1126
1649810 1136
1649820 1144
1649830 1144
1649840 1150
1649850 1157
1649860 1157
1649870 1163
1649880 1168
1649890 1168
1649900 1175
1649910 1181
1649920 1181
1649930 1187
1649940 1191
1649950 1191
1649960 1194
1649970 1198
1649980 1198
1649990 1203
1650000 1208
1650010 1208
1650020 1212
1650030 1217
1650040 1217
1650050 1221
1650060 1224
1650070 1224
1650080 1226
1650090 1228
1650100 1229
1650110 1229
1650120 1228
1650130 1227
1650140 1227
1650150 1225
1650160 1219
1650170 1219
1650180 1216
1650190 1212
1650200 1212
1650210 1210
1650220 1209
1650230 1209
1650240 1210
1650250 1212
1650260 1212
1650270 1213
1650280 1213
1650290 1213
1650300 1213
1650310 1214
1650320 1214
1650330 1216
1650340 1217
1650350 1217
1650360 1219
1650370 1222
1650380 1222
1650390 1224
1650400 1225
1650410 1225
1650420 1225
1650430 1226
1650440 1227
1650450 1227
1650460 1227
1650470 1226
1650480 1226
1650490 1223
1650500 1224
1650510 1224
1650520 1228
1650530 1231
1650540 1231
1650550 1235
1650560 1238
1650570 1238
1650580 1241
1650590 1245
1650600 1245
1650610 1247
1650620 1252
1650630 1252
1650640 1258
1650650 1261
1650660 1261
1650670 1264
1650680 1266
1650690 1266
1650700 1268
1650710 1271
1650720 1271
1650730 1275
1650740 1278
1650750 1281
1650760 1281
1650770 1286
1650780 1290
1650790 1290
1650800 1295
1650810 1299
1650820 1299
1650830 1304
1650840 1310
1650850 1310
1650860 1316
1650870 1321
1650880 1321
1650890 1326
1650900 1330
1650910 1330
1650920 1333
1650930 1331
1650940 1331
1650950 1334
1650960 1336
1650970 1336
1650980 1339
1650990 1342
1651000 1342
1651010 1343
1651020 1344
1651030 1344
1651040 1345
1651050 1346
1651060 1345
1651070 1345
1651080 1344
1651090 1344
1651100 1344
1651110 1342
1651120 1341
1651130 1341
1651140 1340
1651150 1339
1651160 1339
1651170 1338
1651180 1337
1651190 1337
1651200 1335
1651210 1333
1651220 1333
1651230 1330
1651240 1330
1651250 1330
1651260 1335
1651270 1341
1651280 1341
1651290 1347
1651300 1353
1651310 1353
1651320 1359
1651330 1364
1651340 1364
1651350 1370
1651360 1375
1651370 1381
1651380 1381
1651390 1386
1651400 1391
1651410 1391
1651420 1397
1651430 1403
1651440 1403
1651450 1409
1651460 1414
1651470 1414
1651480 1418
1651490 1423
1651500 1423
1651510 1428
1651520 1434
1651530 1434
1651540 1439
1651550 1445
1651560 1445
1651570 1450
1651580 1456
1651590 1456
1651600 1462
1651610 1468
1651620 1468
1651630 1472
1651640 1478
1651650 1478
1651660 1483
1651670 1489
1651680 1489
1651690 1493
1651700 1497
1651710 1503
1651720 1503
1651730 1509
1651740 1515
1651750 1515
1651760 1520
1651770 1525
1651780 1525
1651790 1529
1651800 1534
1651810 1534
1651820 1538
1651830 1542
1651840 1542
1651850 1546
1651860 1549
1651870 1549
1651880 1553
1651890 1556
1651900 1556
1651910 1560
1651920 1563
1651930 1563
1651940 1566
1651950 1568
1651960 1568
1651970 1565
1651980 1558
1651990 1558
1652000 1551
1652010 1545
1652020 1539
1652030 1539
1652040 1535
1652050 1534
1652060 1534
1652070 1531
1652080 1527
1652090 1527
1652100 1523
1652110 1520
1652120 1520
1652130 1516
1652140 1512
1652150 1512
1652160 1509
1652170 1505
1652180 1505
1652190 1502
1652200 1498
1652210 1498
1652220 1494
1652230 1489
1652240 1489
1652250 1485
1652260 1480
1652270 1480
1652280 1476
1652290 1472
1652300 1472
1652310 1467
1652320 1464
1652330 1461
1652340 1461
1652350 1460
1652360 1458
1652370 1458
1652380 1456
1652390 1454
1652400 1454
1652410 1452
1652420 1451
1652430 1451
1652440 1449
1652450 1445
1652460 1447
1652470 1442
1652480 1438
1652490 1438
1652500 1436
1652510 1434
1652520 1434
1652530 1433
1652540 1432
1652550 1432
1652560 1433
1652570 1436
1652580 1436
1652590 1440
1652600 1444
1652610 1444
1652620 1447
1652630 1448
1652640 1445
1652650 1445
1652660 1441
1652670 1436
1652680 1436
1652690 1430
1652700 1425
1652710 1425
1652720 1418
1652730 1418
1652740 1418
1652750 1423
1652760 1426
1652770 1426
1652780 1429
1652790 1432
1652800 1432
1652810 1438
1652820 1443
1652830 1443
1652840 1447
1652850 1451
1652860 1451
1652870 1455
1652880 1458
1652890 1458
1652900 1462
1652910 1465
1652920 1465
1652930 1470
1652940 1475
1652950 1475
1652960 1481
1652970 1489
1652980 1497
1652990 1497
1653000 1501
1653010 1499
1653020 1499
1653030 1497
1653040 1494
1653050 1494
1653060 1491
1653070 1488
1653080 1488
1653090 1484
1653100 1480
1653110 1480
1653120 1477
1653130 1474
1653140 1474
1653150 1470
1653160 1467
1653170 1467
1653180 1463
1653190 1460
1653200 1460
1653210 1457
1653220 1451
1653230 1451
1653240 1448
1653250 1446
1653260 1446
1653270 1443
1653280 1440
1653290 1437
1653300 1437
1653310 1434
1653320 1432
1653330 1432
1653340 1430
1653350 1429
1653360 1429
1653370 1428
1653380 1426
1653390 1426
1653400 1424
1653410 1421
1653420 1421
1653430 1420
1653440 1418
1653450 1418
1653460 1416
1653470 1414
1653480 1414
1653490 1412
1653500 1411
1653510 1411
1653520 1410
1653530 1408
1653540 1408
1653550 1406
1653560 1403
1653570 1403
1653580 1399
1653590 1396
1653600 1392
1653610 1392
1653620 1387
1653630 1384
1653640 1384
1653650 1384
1653660 1385
1653670 1385
1653680 1387
1653690 1391
1653700 1391
1653710 1393
1653720 1394
1653730 1394
1653740 1396
1653750 1396
1653760 1396
1653770 1396
1653780 1395
1653790 1395
1653800 1392
1653810 1391
1653820 1391
1653830 1391
1653840 1391
1653850 1391
1653860 1391
1653870 1391
1653880 1391
1653890 1391
1653900 1391
1653910 1392
1653920 1392
1653930 1391
1653940 1390
1653950 1390
1653960 1390
1653970 1389
1653980 1383
1653990 1381
1654000 1379
1654010 1379
1654020 1378
1654030 1376
1654040 1376
1654050 1373
1654060 1371
1654070 1371
1654080 1368
1654090 1367
1654100 1367
1654110 1367
1654120 1366
1654130 1366
1654140 1365
1654150 1366
1654160 1366
1654170 1365
1654180 1362
1654190 1362
1654200 1360
1654210 1359
1654220 1359
1654230 1359
1654240 1361
1654250 1363
1654260 1363
1654270 1366
1654280 1369
1654290 1369
1654300 1373
1654310 1376
1654320 1376
1654330 1378
1654340 1380
1654350 1380
1654360 1382
1654370 1383
1654380 1383
1654390 1382
1654400 1380
1654410 1380
1654420 1378
1654430 1376
1654440 1376
1654450 1372
1654460 1368
1654470 1368
1654480 1365
1654490 1363
1654500 1363
1654510 1360
1654520 1358
1654530 1358
1654540 1355
1654550 1353
1654560 1351
1654570 1351
1654580 1351
1654590 1350
1654600 1350
1654610 1348
1654620 1347
1654630 1347
1654640 1346
1654650 1345
1654660 1345
1654670 1344
1654680 1344
1654690 1344
1654700 1343
1654710 1344
1654720 1344
1654730 1340
1654740 1341
1654750 1341
1654760 1343
1654770 1344
1654780 1344
1654790 1345
1654800 1347
1654810 1347
1654820 1349
1654830 1352
1654840 1352
1654850 1355
1654860 1358
1654870 1361
1654880 1361
1654890 1364
1654900 1368
1654910 1368
1654920 1371
1654930 1375
1654940 1375
1654950 1378
1654960 1381
1654970 1381
1654980 1383
1654990 1386
1655000 1386
1655010 1389
1655020 1392
1655030 1392
1655040 1393
1655050 1394
1655060 1394
1655070 1394
1655080 1395
1655090 1395
1655100 1395
1655110 1394
1655120 1394
1655130 1392
1655140 1389
1655150 1389
1655160 1386
1655170 1382
1655180 1378
1655190 1378
1655200 1374
1655210 1368
1655220 1368
1655230 1364
1655240 1360
1655250 1360
1655260 1357
1655270 1356
1655280 1356
1655290 1354
1655300 1352
1655310 1352
1655320 1350
1655330 1347
1655340 1347
1655350 1345
1655360 1342
1655370 1342
1655380 1339
1655390 1336
1655400 1336
1655410 1333
1655420 1329
1655430 1329
1655440 1325
1655450 1321
1655460 1321
1655470 1316
1655480 1307
1655490 1307
1655500 1302
1655510 1296
1655520 1293
1655530 1293
1655540 1298
1655550 1305
1655560 1305
1655570 1310
1655580 1312
1655590 1312
1655600 1312
1655610 1309
1655620 1309
1655630 1306
1655640 1307
1655650 1307
1655660 1307
1655670 1303
1655680 1303
1655690 1302
1655700 1308
1655710 1308
1655720 1312
1655730 1315
1655740 1315
1655750 1317
1655760 1320
1655770 1320
1655780 1321
1655790 1322
1655800 1322
1655810 1323
1655820 1322
1655830 1320
1655840 1320
1655850 1319
1655860 1320
1655870 1320
1655880 1325
1655890 1328
1655900 1328
1655910 1329
1655920 1330
1655930 1330
1655940 1330
1655950 1333
1655960 1333
1655970 1338
1655980 1343
1655990 1343
1656000 1344
1656010 1347
1656020 1347
1656030 1349
1656040 1351
1656050 1351
1656060 1354
1656070 1359
1656080 1359
1656090 1364
1656100 1368
1656110 1368
1656120 1373
1656130 1380
1656140 1387
1656150 1387
1656160 1394
1656170 1400
1656180 1400
1656190 1406
1656200 1412
1656210 1412
1656220 1418
1656230 1426
1656240 1426
1656250 1433
1656260 1442
1656270 1442
1656280 1450
1656290 1458
1656300 1458
1656310 1465
1656320 1472
1656330 1472
1656340 1478
1656350 1483
1656360 1483
1656370 1488
1656380 1492
1656390 1492
1656400 1495
1656410 1500
1656420 1500
1656430 1504
1656440 1509
1656450 1513
1656460 1513
1656470 1517
1656480 1521
1656490 1521
1656500 1527
1656510 1533
1656520 1533
1656530 1538
1656540 1544
1656550 1544
1656560 1551
1656570 1557
1656580 1557
1656590 1563
1656600 1569
1656610 1569
1656620 1575
1656630 1581
1656640 1581
1656650 1586
1656660 1592
1656670 1592
1656680 1598
1656690 1605
1656700 1605
1656710 1611
1656720 1616
1656730 1616
1656740 1621
1656750 1626
1656760 1626
1656770 1631
1656780 1637
1656790 1644
1656800 1644
1656810 1651
1656820 1658
1656830 1658
1656840 1667
1656850 1675
1656860 1675
1656870 1682
1656880 1688
1656890 1688
1656900 1695
1656910 1702
1656920 1702
1656930 1709
1656940 1717
1656950 1717
1656960 1724
1656970 1733
1656980 1733
1656990 1746
1657000 1759
1657010 1759
1657020 1769
1657030 1776
1657040 1776
1657050 1785
1657060 1794
1657070 1794
1657080 1801
1657090 1810
1657100 1816
1657110 1816
1657120 1821
1657130 1826
1657140 1826
1657150 1832
1657160 1837
1657170 1837
1657180 1844
1657190 1852
1657200 1852
1657210 1857
1657220 1860
1657230 1860
1657240 1864
1657250 1870
1657260 1870
1657270 1876
1657280 1880
1657290 1880
1657300 1885
1657310 1890
1657320 1890
1657330 1893
1657340 1898
1657350 1898
1657360 1904
1657370 1909
1657380 1909
1657390 1917
1657400 1924
1657410 1931
1657420 1931
1657430 1940
1657440 1949
1657450 1949
1657460 1959
1657470 1972
1657480 1972
1657490 1978
1657500 1983
1657510 1983
1657520 1990
1657530 1999
1657540 1999
1657550 2007
1657560 2015
1657570 2015
1657580 2022
1657590 2030
1657600 2030
1657610 2040
1657620 2057
1657630 2057
1657640 2087
1657650 2087
1657660 2087
1657670 2094
1657680 2102
1657690 2102
1657700 2118
1657710 2138
1657720 2136
1657730 2136
1657740 2136
1657750 2143
1657760 2143
1657770 2141
1657780 2139
1657790 2139
1657800 2136
1657810 2134
1657820 2134
1657830 2131
1657840 2129
1657850 2129
1657860 2126
1657870 2124
1657880 2124
1657890 2121
1657900 2119
1657910 2119
1657920 2117
1657930 2115
1657940 2115
1657950 2113
1657960 2110
1657970 2110
1657980 2107
1657990 2105
1658000 2105
1658010 2103
1658020 2100
1658030 2100
1658040 2098
1658050 2097
1658060 2095
1658070 2095
1658080 2094
1658090 2092
1658100 2092
1658110 2092
1658120 2092
1658130 2092
1658140 2092
1658150 2093
1658160 2093
1658170 2093
1658180 2093
1658190 2093
1658200 2095
1658210 2096
1658220 2096
1658230 2097
1658240 2097
1658250 2097
1658260 2096
1658270 2096
1658280 2096
1658290 2096
1658300 2095
1658310 2095
1658320 2095
1658330 2094
1658340 2094
1658350 2093
1658360 2092
1658370 2091
1658380 2091
1658390 2090
1658400 2089
1658410 2089
1658420 2088
1658430 2086
1658440 2092
1658450 2090
1658460 2088
1658470 2088
1658480 2086
1658490 2084
1658500 2084
1658510 2082
1658520 2080
1658530 2080
1658540 2077
1658550 2075
1658560 2075
1658570 2072
1658580 2070
1658590 2070
1658600 2067
1658610 2065
1658620 2065
1658630 2062
1658640 2059
1658650 2059
1658660 2057
1658670 2053
1658680 2048
1658690 2048
1658700 2042
1658710 2037
1658720 2037
1658730 2033
1658740 2029
1658750 2029
1658760 2027
1658770 2023
1658780 2023
1658790 2015
1658800 2008
1658810 2008
1658820 2001
1658830 1997
1658840 1997
1658850 1997
1658860 1996
1658870 1996
1658880 1995
1658890 1991
1658900 1991
1658910 1985
1658920 1982
1658930 1982
1658940 1980
1658950 1979
1658960 1979
1658970 1978
1658980 1977
1658990 1976
1659000 1976
1659010 1970
1659020 1966
1659030 1966
1659040 1961
1659050 1958
1659060 1958
1659070 1955
1659080 1950
1659090 1950
1659100 1949
1659110 1950
1659120 1950
1659130 1952
1659140 1954
1659150 1954
1659160 1957
1659170 1960
1659180 1966
1659190 1969
1659200 1973
1659210 1973
1659220 1977
1659230 1980
1659240 1980
1659250 1983
1659260 1984
1659270 1984
1659280 1986
1659290 1988
1659300 1988
1659310 1990
1659320 1993
1659330 1995
1659340 1995
1659350 1995
1659360 1996
1659370 1996
1659380 1998
1659390 1998
1659400 1998
1659410 1998
1659420 1998
1659430 1998
1659440 1998
1659450 1998
1659460 1998
1659470 1997
1659480 1996
1659490 1996
1659500 1995
1659510 1993
1659520 1993
1659530 1991
1659540 1989
1659550 1989
1659560 1987
1659570 1981
1659580 1981
1659590 1978
1659600 1973
1659610 1973
1659620 1968
1659630 1963
1659640 1958
1659650 1958
1659660 1952
1659670 1946
1659680 1946
1659690 1942
1659700 1940
1659710 1940
1659720 1938
1659730 1937
1659740 1937
1659750 1936
1659760 1935
1659770 1935
1659780 1934
1659790 1933
1659800 1933
1659810 1933
1659820 1931
1659830 1931
1659840 1930
1659850 1928
1659860 1928
1659870 1925
1659880 1921
1659890 1921
1659900 1916
1659910 1909
1659920 1909
1659930 1925
1659940 1923
1659950 1919
1659960 1919
1659970 1915
1659980 1910
1659990 1910
