1640000 1406
1640010 1406
1640020 1409
1640030 1411
1640040 1411
1640050 1412
1640060 1412
1640070 1412
1640080 1412
1640090 1411
1640100 1410
1640110 1410
1640120 1409
1640130 1409
1640140 1409
1640150 1410
1640160 1412
1640170 1412
1640180 1415
1640190 1419
1640200 1419
1640210 1423
1640220 1427
1640230 1427
1640240 1430
1640250 1432
1640260 1432
1640270 1435
1640280 1437
1640290 1437
1640300 1440
1640310 1443
1640320 1443
1640330 1446
1640340 1448
1640350 1448
1640360 1451
1640370 1450
1640380 1450
1640390 1442
1640400 1433
1640410 1433
1640420 1426
1640430 1420
1640440 1416
1640450 1416
1640460 1415
1640470 1413
1640480 1413
1640490 1411
1640500 1408
1640510 1408
1640520 1405
1640530 1401
1640540 1401
1640550 1398
1640560 1396
1640570 1396
1640580 1393
1640590 1392
1640600 1392
1640610 1391
1640620 1388
1640630 1388
1640640 1385
1640650 1381
1640660 1381
1640670 1375
1640680 1369
1640690 1363
1640700 1358
1640710 1353
1640720 1353
1640730 1348
1640740 1344
1640750 1340
1640760 1340
1640770 1336
1640780 1331
1640790 1331
1640800 1327
1640810 1324
1640820 1324
1640830 1320
1640840 1316
1640850 1316
1640860 1313
1640870 1310
1640880 1310
1640890 1306
1640900 1302
1640910 1302
1640920 1299
1640930 1296
1640940 1296
1640950 1293
1640960 1291
1640970 1291
1640980 1287
1640990 1284
1641000 1284
1641010 1281
1641020 1278
1641030 1278
1641040 1276
1641050 1274
1641060 1273
1641070 1273
1641080 1271
1641090 1269
1641100 1269
1641110 1267
1641120 1265
1641130 1265
1641140 1263
1641150 1260
1641160 1260
1641170 1258
1641180 1254
1641190 1254
1641200 1251
1641210 1247
1641220 1247
1641230 1244
1641240 1241
1641250 1241
1641260 1238
1641270 1236
1641280 1236
1641290 1234
1641300 1232
1641310 1232
1641320 1229
1641330 1225
1641340 1225
1641350 1221
1641360 1217
1641370 1217
1641380 1214
1641390 1210
1641400 1202
1641410 1202
1641420 1196
1641430 1195
1641440 1195
1641450 1193
1641460 1185
1641470 1185
1641480 1180
1641490 1176
1641500 1176
1641510 1175
1641520 1168
1641530 1168
1641540 1159
1641550 1150
1641560 1150
1641570 1141
1641580 1132
1641590 1132
1641600 1124
1641610 1115
1641620 1115
1641630 1106
1641640 1098
1641650 1098
1641660 1090
1641670 1082
1641680 1082
1641690 1075
1641700 1068
1641710 1061
1641720 1061
1641730 1054
1641740 1048
1641750 1048
1641760 1044
1641770 1041
1641780 1041
1641790 1038
1641800 1035
1641810 1035
1641820 1031
1641830 1029
1641840 1029
1641850 1027
1641860 1025
1641870 1025
1641880 1021
1641890 1014
1641900 1014
1641910 1008
1641920 1002
1641930 1002
1641940 996
1641950 992
1641960 992
1641970 987
1641980 983
1641990 983
1642000 979
1642010 975
1642020 975
1642030 971
1642040 966
1642050 963
1642060 963
1642070 959
1642080 956
1642090 956
1642100 953
1642110 952
1642120 952
1642130 952
1642140 951
1642150 951
1642160 947
1642170 941
1642180 941
1642190 935
1642200 928
1642210 928
1642220 923
1642230 919
1642240 919
1642250 918
1642260 919
1642270 919
1642280 929
1642290 934
1642300 934
1642310 938
1642320 946
1642330 946
1642340 949
1642350 951
1642360 954
1642370 954
1642380 956
1642390 957
1642400 957
1642410 959
1642420 961
1642430 961
1642440 964
1642450 967
1642460 967
1642470 969
1642480 972
1642490 972
1642500 974
1642510 974
1642520 974
1642530 975
1642540 975
1642550 975
1642560 977
1642570 978
1642580 978
1642590 978
1642600 977
1642610 977
1642620 977
1642630 975
1642640 975
1642650 972
1642660 971
1642670 972
1642680 972
1642690 976
1642700 981
1642710 981
1642720 986
1642730 992
1642740 992
1642750 998
1642760 1006
1642770 1006
1642780 1012
1642790 1020
1642800 1020
1642810 1026
1642820 1032
1642830 1032
1642840 1038
1642850 1043
1642860 1043
1642870 1048
1642880 1053
1642890 1053
1642900 1059
1642910 1064
1642920 1064
1642930 1068
1642940 1074
1642950 1074
1642960 1079
1642970 1086
1642980 1086
1642990 1092
1643000 1099
1643010 1107
1643020 1107
1643030 1114
1643040 1119
1643050 1119
1643060 1125
1643070 1130
1643080 1130
1643090 1134
1643100 1139
1643110 1139
1643120 1144
1643130 1153
1643140 1153
1643150 1157
1643160 1162
1643170 1162
1643180 1168
1643190 1173
1643200 1173
1643210 1179
1643220 1185
1643230 1185
1643240 1188
1643250 1188
1643260 1188
1643270 1185
1643280 1180
1643290 1180
1643300 1176
1643310 1170
1643320 1166
1643330 1166
1643340 1160
1643350 1154
1643360 1154
1643370 1147
1643380 1141
1643390 1141
1643400 1135
1643410 1129
1643420 1129
1643430 1123
1643440 1117
1643450 1117
1643460 1111
1643470 1105
1643480 1105
1643490 1099
1643500 1092
1643510 1092
1643520 1086
1643530 1079
1643540 1079
1643550 1074
1643560 1071
1643570 1071
1643580 1068
1643590 1064
1643600 1064
1643610 1060
1643620 1055
1643630 1051
1643640 1051
1643650 1046
1643660 1041
1643670 1041
1643680 1037
1643690 1032
1643700 1032
1643710 1028
1643720 1024
1643730 1024
1643740 1020
1643750 1016
1643760 1016
1643770 1011
1643780 1007
1643790 1007
1643800 1003
1643810 999
1643820 999
1643830 994
1643840 989
1643850 989
1643860 985
1643870 981
1643880 981
1643890 978
1643900 975
1643910 975
1643920 972
1643930 977
1643940 977
1643950 974
1643960 972
1643970 967
1643980 967
1643990 963
1644000 957
1644010 957
1644020 952
1644030 948
1644040 948
1644050 944
1644060 940
1644070 940
1644080 937
1644090 934
1644100 934
1644110 931
1644120 929
1644130 929
1644140 926
1644150 924
1644160 924
1644170 922
1644180 918
1644190 918
1644200 915
1644210 912
1644220 912
1644230 910
1644240 908
1644250 908
1644260 906
1644270 904
1644280 903
1644290 903
1644300 899
1644310 897
1644320 897
1644330 897
1644340 898
1644350 898
1644360 898
1644370 898
1644380 898
1644390 898
1644400 898
1644410 898
1644420 898
1644430 901
1644440 901
1644450 906
1644460 911
1644470 911
1644480 916
1644490 920
1644500 920
1644510 921
1644520 915
1644530 915
1644540 910
1644550 915
1644560 915
1644570 925
1644580 933
1644590 940
1644600 940
1644610 944
1644620 947
1644630 947
1644640 951
1644650 956
1644660 956
1644670 961
1644680 966
1644690 966
1644700 970
1644710 974
1644720 974
1644730 972
1644740 976
1644750 976
1644760 980
1644770 985
1644780 985
1644790 990
1644800 994
1644810 994
1644820 996
1644830 996
1644840 996
1644850 997
1644860 997
1644870 997
1644880 997
1644890 998
1644900 998
1644910 998
1644920 998
1644930 998
1644940 998
1644950 999
1644960 999
1644970 999
1644980 999
1644990 998
1645000 998
1645010 998
1645020 997
1645030 997
1645040 995
1645050 994
1645060 994
1645070 999
1645080 1004
1645090 1004
1645100 1009
1645110 1014
1645120 1014
1645130 1019
1645140 1022
1645150 1022
1645160 1025
1645170 1028
1645180 1028
1645190 1030
1645200 1033
1645210 1033
1645220 1035
1645230 1039
1645240 1043
1645250 1043
1645260 1046
1645270 1050
1645280 1050
1645290 1054
1645300 1058
1645310 1058
1645320 1062
1645330 1066
1645340 1066
1645350 1071
1645360 1075
1645370 1075
1645380 1078
1645390 1080
1645400 1080
1645410 1082
1645420 1080
1645430 1080
1645440 1079
1645450 1076
1645460 1076
1645470 1072
1645480 1068
1645490 1068
1645500 1065
1645510 1062
1645520 1056
1645530 1053
1645540 1049
1645550 1045
1645560 1045
1645570 1052
1645580 1061
1645590 1061
1645600 1069
1645610 1076
1645620 1076
1645630 1084
1645640 1090
1645650 1090
1645660 1098
1645670 1105
1645680 1105
1645690 1111
1645700 1118
1645710 1118
1645720 1125
1645730 1132
1645740 1132
1645750 1138
1645760 1145
1645770 1145
1645780 1152
1645790 1159
1645800 1159
1645810 1166
1645820 1173
1645830 1173
1645840 1180
1645850 1188
1645860 1188
1645870 1195
1645880 1202
1645890 1209
1645900 1209
1645910 1217
1645920 1224
1645930 1224
1645940 1231
1645950 1237
1645960 1237
1645970 1243
1645980 1249
1645990 1249
1646000 1256
1646010 1262
1646020 1262
1646030 1267
1646040 1274
1646050 1274
1646060 1280
1646070 1286
1646080 1286
1646090 1292
1646100 1297
1646110 1297
1646120 1302
1646130 1307
1646140 1307
1646150 1311
1646160 1314
1646170 1314
1646180 1318
1646190 1321
1646200 1324
1646210 1324
1646220 1325
1646230 1326
1646240 1326
1646250 1327
1646260 1328
1646270 1328
1646280 1329
1646290 1331
1646300 1331
1646310 1334
1646320 1332
1646330 1332
1646340 1333
1646350 1334
1646360 1334
1646370 1332
1646380 1330
1646390 1330
1646400 1327
1646410 1324
1646420 1324
1646430 1319
1646440 1317
1646450 1317
1646460 1315
1646470 1311
1646480 1311
1646490 1308
1646500 1305
1646510 1305
1646520 1301
1646530 1295
1646540 1297
1646550 1297
1646560 1305
1646570 1312
1646580 1312
1646590 1317
1646600 1322
1646610 1322
1646620 1327
1646630 1332
1646640 1332
1646650 1337
1646660 1343
1646670 1343
1646680 1348
1646690 1353
1646700 1353
1646710 1358
1646720 1363
1646730 1363
1646740 1369
1646750 1374
1646760 1374
1646770 1379
1646780 1382
1646790 1382
1646800 1387
1646810 1391
1646820 1391
1646830 1395
1646840 1398
1646850 1401
1646860 1401
1646870 1404
1646880 1406
1646890 1406
1646900 1408
1646910 1411
1646920 1411
1646930 1414
1646940 1416
1646950 1416
1646960 1419
1646970 1422
1646980 1422
1646990 1426
1647000 1430
1647010 1430
1647020 1432
1647030 1437
1647040 1437
1647050 1441
1647060 1444
1647070 1444
1647080 1448
1647090 1452
1647100 1446
1647110 1449
1647120 1452
1647130 1452
1647140 1455
1647150 1458
1647160 1461
1647170 1461
1647180 1464
1647190 1467
1647200 1467
1647210 1469
1647220 1470
1647230 1470
1647240 1473
1647250 1480
1647260 1480
1647270 1485
1647280 1489
1647290 1489
1647300 1495
1647310 1500
1647320 1500
1647330 1506
1647340 1511
1647350 1511
1647360 1517
1647370 1523
1647380 1523
1647390 1528
1647400 1534
1647410 1534
1647420 1540
1647430 1545
1647440 1545
1647450 1549
1647460 1551
1647470 1551
1647480 1552
1647490 1554
1647500 1553
1647510 1553
1647520 1552
1647530 1550
1647540 1550
1647550 1547
1647560 1544
1647570 1544
1647580 1540
1647590 1536
1647600 1536
1647610 1532
1647620 1529
1647630 1529
1647640 1525
1647650 1522
1647660 1522
1647670 1518
1647680 1514
1647690 1514
1647700 1509
1647710 1505
1647720 1505
1647730 1503
1647740 1500
1647750 1500
1647760 1497
1647770 1494
1647780 1494
1647790 1490
1647800 1485
1647810 1481
1647820 1481
1647830 1477
1647840 1474
1647850 1474
1647860 1470
1647870 1467
1647880 1467
1647890 1469
1647900 1466
1647910 1466
1647920 1462
1647930 1459
1647940 1459
1647950 1456
1647960 1454
1647970 1454
1647980 1452
1647990 1449
1648000 1449
1648010 1445
1648020 1442
1648030 1442
1648040 1438
1648050 1436
1648060 1436
1648070 1435
1648080 1432
1648090 1432
1648100 1429
1648110 1427
1648120 1423
1648130 1423
1648140 1418
1648150 1414
1648160 1414
1648170 1410
1648180 1405
1648190 1405
1648200 1399
1648210 1393
1648220 1393
1648230 1386
1648240 1381
1648250 1381
1648260 1374
1648270 1368
1648280 1368
1648290 1363
1648300 1357
1648310 1357
1648320 1350
1648330 1345
1648340 1345
1648350 1339
1648360 1332
1648370 1332
1648380 1326
1648390 1322
1648400 1322
1648410 1316
1648420 1311
1648430 1311
1648440 1306
1648450 1300
1648460 1294
1648470 1294
1648480 1286
1648490 1279
1648500 1279
1648510 1273
1648520 1267
1648530 1267
1648540 1262
1648550 1256
1648560 1256
1648570 1249
1648580 1242
1648590 1242
1648600 1235
1648610 1229
1648620 1229
1648630 1225
1648640 1220
1648650 1220
1648660 1216
1648670 1204
1648680 1204
1648690 1200
1648700 1196
1648710 1196
1648720 1189
1648730 1183
1648740 1183
1648750 1181
1648760 1184
1648770 1188
1648780 1188
1648790 1194
1648800 1197
1648810 1197
1648820 1199
1648830 1199
1648840 1199
1648850 1200
1648860 1200
1648870 1200
1648880 1200
1648890 1198
1648900 1198
1648910 1194
1648920 1190
1648930 1190
1648940 1186
1648950 1181
1648960 1181
1648970 1176
1648980 1170
1648990 1170
1649000 1164
1649010 1156
1649020 1156
1649030 1149
1649040 1141
1649050 1141
1649060 1134
1649070 1126
1649080 1122
1649090 1122
1649100 1122
1649110 1131
1649120 1131
1649130 1140
1649140 1148
1649150 1148
1649160 1155
1649170 1162
1649180 1162
1649190 1168
1649200 1171
1649210 1171
1649220 1178
1649230 1183
1649240 1183
1649250 1187
1649260 1193
1649270 1193
1649280 1198
1649290 1203
1649300 1203
1649310 1208
1649320 1214
1649330 1214
1649340 1220
1649350 1227
1649360 1227
1649370 1234
1649380 1241
1649390 1241
1649400 1248
1649410 1254
1649420 1259
1649430 1259
1649440 1264
1649450 1268
1649460 1268
1649470 1273
1649480 1278
1649490 1278
1649500 1284
1649510 1290
1649520 1290
1649530 1296
1649540 1302
1649550 1302
1649560 1307
1649570 1312
1649580 1312
1649590 1318
1649600 1323
1649610 1323
1649620 1327
1649630 1331
1649640 1331
1649650 1335
1649660 1340
1649670 1340
1649680 1344
1649690 1348
1649700 1348
1649710 1351
1649720 1357
1649730 1363
1649740 1363
1649750 1368
1649760 1374
1649770 1374
1649780 1380
1649790 1386
1649800 1386
1649810 1392
1649820 1398
1649830 1398
1649840 1404
1649850 1410
1649860 1410
1649870 1415
1649880 1421
1649890 1421
1649900 1427
1649910 1434
1649920 1434
1649930 1437
1649940 1443
1649950 1443
1649960 1449
1649970 1454
1649980 1454
1649990 1459
1650000 1464
1650010 1464
1650020 1468
1650030 1473
1650040 1473
1650050 1474
1650060 1472
1650070 1470
1650080 1470
1650090 1468
1650100 1465
1650110 1465
1650120 1461
1650130 1458
1650140 1458
1650150 1455
1650160 1450
1650170 1450
1650180 1446
1650190 1444
1650200 1444
1650210 1440
1650220 1441
1650230 1441
1650240 1436
1650250 1431
1650260 1431
1650270 1427
1650280 1423
1650290 1423
1650300 1418
1650310 1412
1650320 1412
1650330 1409
1650340 1412
1650350 1412
1650360 1415
1650370 1418
1650380 1419
1650390 1419
1650400 1419
1650410 1419
1650420 1419
1650430 1419
1650440 1417
1650450 1417
1650460 1416
1650470 1414
1650480 1414
1650490 1411
1650500 1408
1650510 1408
1650520 1404
1650530 1401
1650540 1401
1650550 1400
1650560 1396
1650570 1396
1650580 1390
1650590 1388
1650600 1388
1650610 1396
1650620 1403
1650630 1403
1650640 1408
1650650 1411
1650660 1411
1650670 1412
1650680 1413
1650690 1411
1650700 1411
1650710 1412
1650720 1414
1650730 1414
1650740 1416
1650750 1416
1650760 1416
1650770 1416
1650780 1416
1650790 1416
1650800 1422
1650810 1429
1650820 1429
1650830 1435
1650840 1440
1650850 1440
1650860 1446
1650870 1453
1650880 1453
1650890 1458
1650900 1464
1650910 1464
1650920 1470
1650930 1477
1650940 1477
1650950 1484
1650960 1490
1650970 1490
1650980 1496
1650990 1506
1651000 1506
1651010 1512
1651020 1517
1651030 1524
1651040 1524
1651050 1531
1651060 1537
1651070 1537
1651080 1544
1651090 1550
1651100 1550
1651110 1556
1651120 1562
1651130 1562
1651140 1569
1651150 1576
1651160 1576
1651170 1582
1651180 1589
1651190 1589
1651200 1596
1651210 1602
1651220 1602
1651230 1608
1651240 1615
1651250 1615
1651260 1622
1651270 1628
1651280 1628
1651290 1634
1651300 1640
1651310 1640
1651320 1646
1651330 1651
1651340 1652
1651350 1652
1651360 1653
1651370 1652
1651380 1652
1651390 1650
1651400 1648
1651410 1648
1651420 1647
1651430 1646
1651440 1646
1651450 1645
1651460 1642
1651470 1642
1651480 1639
1651490 1637
1651500 1637
1651510 1633
1651520 1629
1651530 1629
1651540 1627
1651550 1625
1651560 1625
1651570 1621
1651580 1619
1651590 1619
1651600 1616
1651610 1612
1651620 1612
1651630 1608
1651640 1603
1651650 1599
1651660 1599
1651670 1596
1651680 1594
1651690 1594
1651700 1592
1651710 1590
1651720 1590
1651730 1587
1651740 1583
1651750 1583
1651760 1575
1651770 1571
1651780 1571
1651790 1565
1651800 1560
1651810 1560
1651820 1555
1651830 1552
1651840 1552
1651850 1550
1651860 1547
1651870 1547
1651880 1543
1651890 1540
1651900 1540
1651910 1537
1651920 1535
1651930 1535
1651940 1533
1651950 1530
1651960 1530
1651970 1527
1651980 1524
1651990 1521
1652000 1521
1652010 1519
1652020 1518
1652030 1518
1652040 1517
1652050 1515
1652060 1515
1652070 1513
1652080 1509
1652090 1509
1652100 1506
1652110 1502
1652120 1502
1652130 1499
1652140 1497
1652150 1497
1652160 1496
1652170 1495
1652180 1495
1652190 1492
1652200 1490
1652210 1490
1652220 1487
1652230 1484
1652240 1484
1652250 1480
1652260 1475
1652270 1475
1652280 1471
1652290 1468
1652300 1465
1652310 1465
1652320 1462
1652330 1459
1652340 1459
1652350 1457
1652360 1455
1652370 1455
1652380 1453
1652390 1452
1652400 1452
1652410 1449
1652420 1446
1652430 1446
1652440 1445
1652450 1443
1652460 1443
1652470 1441
1652480 1440
1652490 1440
1652500 1437
1652510 1434
1652520 1431
1652530 1429
1652540 1425
1652550 1425
1652560 1421
1652570 1416
1652580 1416
1652590 1412
1652600 1411
1652610 1411
1652620 1409
1652630 1408
1652640 1407
1652650 1407
1652660 1404
1652670 1401
1652680 1401
1652690 1398
1652700 1394
1652710 1394
1652720 1391
1652730 1387
1652740 1387
1652750 1384
1652760 1380
1652770 1380
1652780 1376
1652790 1372
1652800 1372
1652810 1369
1652820 1366
1652830 1366
1652840 1364
1652850 1361
1652860 1361
1652870 1360
1652880 1358
1652890 1358
1652900 1357
1652910 1355
1652920 1355
1652930 1352
1652940 1350
1652950 1346
1652960 1346
1652970 1341
1652980 1335
1652990 1335
1653000 1328
1653010 1322
1653020 1322
1653030 1315
1653040 1310
1653050 1310
1653060 1305
1653070 1301
1653080 1301
1653090 1297
1653100 1292
1653110 1292
1653120 1287
1653130 1283
1653140 1283
1653150 1279
1653160 1274
1653170 1274
1653180 1270
1653190 1264
1653200 1264
1653210 1259
1653220 1254
1653230 1254
1653240 1249
1653250 1246
1653260 1245
1653270 1245
1653280 1244
1653290 1249
1653300 1249
1653310 1255
1653320 1260
1653330 1260
1653340 1265
1653350 1270
1653360 1270
1653370 1276
1653380 1282
1653390 1282
1653400 1288
1653410 1293
1653420 1293
1653430 1298
1653440 1302
1653450 1302
1653460 1306
1653470 1309
1653480 1309
1653490 1313
1653500 1315
1653510 1315
1653520 1317
1653530 1317
1653540 1317
1653550 1316
1653560 1315
1653570 1315
1653580 1313
1653590 1311
1653600 1308
1653610 1308
1653620 1305
1653630 1302
1653640 1302
1653650 1298
1653660 1295
1653670 1295
1653680 1291
1653690 1288
1653700 1288
1653710 1284
1653720 1281
1653730 1281
1653740 1277
1653750 1274
1653760 1274
1653770 1271
1653780 1267
1653790 1267
1653800 1264
1653810 1260
1653820 1260
1653830 1256
1653840 1252
1653850 1252
1653860 1248
1653870 1241
1653880 1241
1653890 1234
1653900 1227
1653910 1220
1653920 1220
1653930 1213
1653940 1205
1653950 1205
1653960 1198
1653970 1191
1653980 1191
1653990 1185
1654000 1179
1654010 1179
1654020 1176
1654030 1171
1654040 1171
1654050 1168
1654060 1166
1654070 1166
1654080 1162
1654090 1159
1654100 1159
1654110 1156
1654120 1154
1654130 1154
1654140 1153
1654150 1151
1654160 1151
1654170 1149
1654180 1149
1654190 1149
1654200 1150
1654210 1151
1654220 1151
1654230 1151
1654240 1149
1654250 1145
1654260 1145
1654270 1140
1654280 1133
1654290 1133
1654300 1126
1654310 1119
1654320 1119
1654330 1112
1654340 1105
1654350 1105
1654360 1099
1654370 1092
1654380 1092
1654390 1085
1654400 1077
1654410 1077
1654420 1073
1654430 1072
1654440 1072
1654450 1073
1654460 1077
1654470 1077
1654480 1081
1654490 1085
1654500 1085
1654510 1090
1654520 1096
1654530 1096
1654540 1103
1654550 1109
1654560 1114
1654570 1114
1654580 1119
1654590 1125
1654600 1125
1654610 1129
1654620 1134
1654630 1134
1654640 1139
1654650 1143
1654660 1143
1654670 1147
1654680 1150
1654690 1150
1654700 1152
1654710 1154
1654720 1154
1654730 1157
1654740 1159
1654750 1159
1654760 1160
1654770 1159
1654780 1155
1654790 1153
1654800 1148
1654810 1148
1654820 1144
1654830 1140
1654840 1140
1654850 1136
1654860 1130
1654870 1125
1654880 1125
1654890 1120
1654900 1115
1654910 1115
1654920 1110
1654930 1106
1654940 1106
1654950 1102
1654960 1098
1654970 1098
1654980 1093
1654990 1089
1655000 1089
1655010 1086
1655020 1083
1655030 1083
1655040 1084
1655050 1085
1655060 1085
1655070 1086
1655080 1087
1655090 1087
1655100 1088
1655110 1089
1655120 1089
1655130 1090
1655140 1089
1655150 1089
1655160 1090
1655170 1090
1655180 1090
1655190 1091
1655200 1092
1655210 1093
1655220 1093
1655230 1097
1655240 1102
1655250 1102
1655260 1107
1655270 1112
1655280 1112
1655290 1117
1655300 1122
1655310 1122
1655320 1125
1655330 1128
1655340 1128
1655350 1131
1655360 1135
1655370 1135
1655380 1139
1655390 1142
1655400 1142
1655410 1146
1655420 1150
1655430 1150
1655440 1154
1655450 1158
1655460 1158
1655470 1161
1655480 1164
1655490 1164
1655500 1167
1655510 1171
1655520 1175
1655530 1175
1655540 1177
1655550 1180
1655560 1180
1655570 1183
1655580 1187
1655590 1187
1655600 1192
1655610 1197
1655620 1197
1655630 1203
1655640 1208
1655650 1208
1655660 1213
1655670 1218
1655680 1218
1655690 1223
1655700 1229
1655710 1229
1655720 1234
1655730 1238
1655740 1238
1655750 1241
1655760 1243
1655770 1243
1655780 1246
1655790 1248
1655800 1248
1655810 1251
1655820 1252
1655830 1254
1655840 1254
1655850 1255
1655860 1255
1655870 1255
1655880 1254
1655890 1253
1655900 1253
1655910 1250
1655920 1247
1655930 1247
1655940 1244
1655950 1240
1655960 1240
1655970 1236
1655980 1232
1655990 1232
1656000 1227
1656010 1222
1656020 1222
1656030 1217
1656040 1213
1656050 1213
1656060 1205
1656070 1195
1656080 1195
1656090 1187
1656100 1190
1656110 1190
1656120 1196
1656130 1203
1656140 1203
1656150 1210
1656160 1216
1656170 1222
1656180 1222
1656190 1228
1656200 1235
1656210 1235
1656220 1243
1656230 1250
1656240 1250
1656250 1258
1656260 1265
1656270 1265
1656280 1269
1656290 1274
1656300 1274
1656310 1278
1656320 1282
1656330 1282
1656340 1285
1656350 1288
1656360 1288
1656370 1290
1656380 1291
1656390 1291
1656400 1292
1656410 1293
1656420 1293
1656430 1294
1656440 1294
1656450 1294
1656460 1295
1656470 1297
1656480 1300
1656490 1300
1656500 1302
1656510 1305
1656520 1305
1656530 1307
1656540 1308
1656550 1308
1656560 1309
1656570 1312
1656580 1312
1656590 1318
1656600 1324
1656610 1324
1656620 1330
1656630 1335
1656640 1335
1656650 1338
1656660 1339
1656670 1339
1656680 1340
1656690 1339
1656700 1339
1656710 1338
1656720 1336
1656730 1336
1656740 1335
1656750 1334
1656760 1334
1656770 1336
1656780 1340
1656790 1345
1656800 1345
1656810 1351
1656820 1357
1656830 1357
1656840 1363
1656850 1371
1656860 1371
1656870 1380
1656880 1392
1656890 1392
1656900 1397
1656910 1402
1656920 1402
1656930 1410
1656940 1415
1656950 1415
1656960 1417
1656970 1418
1656980 1418
1656990 1419
1657000 1420
1657010 1420
1657020 1419
1657030 1419
1657040 1419
1657050 1420
1657060 1420
1657070 1420
1657080 1421
1657090 1421
1657100 1421
1657110 1423
1657120 1424
1657130 1426
1657140 1426
1657150 1428
1657160 1429
1657170 1429
1657180 1431
1657190 1433
1657200 1433
1657210 1435
1657220 1432
1657230 1432
1657240 1424
1657250 1417
1657260 1417
1657270 1410
1657280 1404
1657290 1404
1657300 1397
1657310 1390
1657320 1390
1657330 1383
1657340 1378
1657350 1378
1657360 1371
1657370 1365
1657380 1365
1657390 1361
1657400 1357
1657410 1357
1657420 1352
1657430 1344
1657440 1337
1657450 1337
1657460 1332
1657470 1325
1657480 1325
1657490 1335
1657500 1346
1657510 1346
1657520 1363
1657530 1374
1657540 1374
1657550 1388
1657560 1395
1657570 1395
1657580 1395
1657590 1369
1657600 1369
1657610 1370
1657620 1374
1657630 1374
1657640 1374
1657650 1375
1657660 1375
1657670 1389
1657680 1417
1657690 1417
1657700 1429
1657710 1435
1657720 1435
1657730 1446
1657740 1450
1657750 1450
1657760 1454
1657770 1463
1657780 1476
1657790 1476
1657800 1492
1657810 1510
1657820 1510
1657830 1519
1657840 1529
1657850 1529
1657860 1537
1657870 1544
1657880 1544
1657890 1553
1657900 1568
1657910 1568
1657920 1572
1657930 1575
1657940 1575
1657950 1583
1657960 1595
1657970 1595
1657980 1602
1657990 1610
1658000 1610
1658010 1621
1658020 1622
1658030 1622
1658040 1616
1658050 1614
1658060 1614
1658070 1614
1658080 1618
1658090 1628
1658100 1628
1658110 1641
1658120 1652
1658130 1652
1658140 1670
1658150 1661
1658160 1661
1658170 1649
1658180 1645
1658190 1645
1658200 1641
1658210 1636
1658220 1636
1658230 1633
1658240 1634
1658250 1634
1658260 1635
1658270 1638
1658280 1638
1658290 1641
1658300 1644
1658310 1644
1658320 1642
1658330 1634
1658340 1634
1658350 1628
1658360 1620
1658370 1620
1658380 1616
1658390 1617
1658400 1616
1658410 1616
1658420 1613
1658430 1609
1658440 1609
1658450 1605
1658460 1603
1658470 1603
1658480 1607
1658490 1613
1658500 1610
1658510 1619
1658520 1618
1658530 1618
1658540 1613
1658550 1616
1658560 1616
1658570 1622
1658580 1629
1658590 1629
1658600 1635
1658610 1642
1658620 1642
1658630 1649
1658640 1656
1658650 1656
1658660 1656
1658670 1645
1658680 1645
1658690 1636
1658700 1631
1658710 1631
1658720 1626
1658730 1621
1658740 1617
1658750 1617
1658760 1613
1658770 1640
1658780 1640
1658790 1646
1658800 1622
1658810 1622
1658820 1604
1658830 1591
1658840 1591
1658850 1579
1658860 1571
1658870 1571
1658880 1564
1658890 1561
1658900 1561
1658910 1559
1658920 1550
1658930 1550
1658940 1541
1658950 1534
1658960 1534
1658970 1520
1658980 1518
1658990 1518
1659000 1518
1659010 1515
1659020 1515
1659030 1510
1659040 1514
1659050 1517
1659060 1517
1659070 1522
1659080 1517
1659090 1517
1659100 1503
1659110 1488
1659120 1488
1659130 1479
1659140 1458
1659150 1458
1659160 1445
1659170 1425
1659180 1425
1659190 1417
1659200 1410
1659210 1410
1659220 1404
1659230 1392
1659240 1392
1659250 1386
1659260 1379
1659270 1379
1659280 1373
1659290 1370
1659300 1370
1659310 1371
1659320 1369
1659330 1369
1659340 1367
1659350 1366
1659360 1367
1659370 1367
1659380 1372
1659390 1376
1659400 1376
1659410 1379
1659420 1384
1659430 1384
1659440 1395
1659450 1413
1659460 1413
1659470 1450
1659480 1457
1659490 1457
1659500 1453
1659510 1448
1659520 1448
1659530 1439
1659540 1430
1659550 1430
1659560 1423
1659570 1419
1659580 1419
1659590 1420
1659600 1424
1659610 1424
1659620 1429
1659630 1434
1659640 1434
1659650 1436
1659660 1435
1659670 1435
1659680 1433
1659690 1436
1659700 1442
1659710 1442
1659720 1450
1659730 1451
1659740 1451
1659750 1453
1659760 1458
1659770 1458
1659780 1464
1659790 1474
1659800 1474
1659810 1476
1659820 1474
1659830 1474
1659840 1470
1659850 1465
1659860 1465
1659870 1460
1659880 1454
1659890 1454
1659900 1448
1659910 1441
1659920 1441
1659930 1434
1659940 1426
1659950 1426
1659960 1418
1659970 1409
1659980 1409
1659990 1399
