1640000 1135
1640010 1132
1640020 1132
1640030 1128
1640040 1124
1640050 1120
1640060 1116
1640070 1112
1640080 1109
1640090 1109
1640100 1105
1640110 1102
1640120 1102
1640130 1098
1640140 1093
1640150 1093
1640160 1088
1640170 1084
1640180 1084
1640190 1077
1640200 1068
1640210 1068
1640220 1061
1640230 1058
1640240 1058
1640250 1057
1640260 1056
1640270 1056
1640280 1055
1640290 1054
1640300 1054
1640310 1053
1640320 1053
1640330 1053
1640340 1052
1640350 1052
1640360 1052
1640370 1053
1640380 1052
1640390 1052
1640400 1052
1640410 1052
1640420 1052
1640430 1052
1640440 1055
1640450 1058
1640460 1058
1640470 1062
1640480 1064
1640490 1064
1640500 1065
1640510 1067
1640520 1067
1640530 1069
1640540 1073
1640550 1073
1640560 1076
1640570 1078
1640580 1078
1640590 1080
1640600 1083
1640610 1083
1640620 1092
1640630 1100
1640640 1100
1640650 1107
1640660 1114
1640670 1114
1640680 1120
1640690 1124
1640700 1124
1640710 1127
1640720 1132
1640730 1137
1640740 1137
1640750 1140
1640760 1142
1640770 1142
1640780 1143
1640790 1144
1640800 1144
1640810 1143
1640820 1137
1640830 1137
1640840 1132
1640850 1129
1640860 1129
1640870 1133
1640880 1129
1640890 1129
1640900 1125
1640910 1122
1640920 1122
1640930 1125
1640940 1128
1640950 1128
1640960 1131
1640970 1135
1640980 1135
1640990 1140
1641000 1146
1641010 1146
1641020 1153
1641030 1160
1641040 1164
1641050 1164
1641060 1169
1641070 1172
1641080 1172
1641090 1171
1641100 1166
1641110 1166
1641120 1160
1641130 1155
1641140 1155
1641150 1149
1641160 1143
1641170 1143
1641180 1137
1641190 1131
1641200 1131
1641210 1125
1641220 1121
1641230 1121
1641240 1117
1641250 1114
1641260 1114
1641270 1111
1641280 1106
1641290 1106
1641300 1102
1641310 1098
1641320 1098
1641330 1095
1641340 1091
1641350 1091
1641360 1088
1641370 1084
1641380 1080
1641390 1080
1641400 1077
1641410 1073
1641420 1073
1641430 1071
1641440 1068
1641450 1068
1641460 1065
1641470 1063
1641480 1063
1641490 1062
1641500 1062
1641510 1062
1641520 1061
1641530 1060
1641540 1060
1641550 1060
1641560 1060
1641570 1060
1641580 1061
1641590 1060
1641600 1060
1641610 1063
1641620 1064
1641630 1064
1641640 1064
1641650 1066
1641660 1066
1641670 1069
1641680 1074
1641690 1077
1641700 1077
1641710 1082
1641720 1084
1641730 1084
1641740 1088
1641750 1092
1641760 1092
1641770 1095
1641780 1099
1641790 1099
1641800 1102
1641810 1105
1641820 1105
1641830 1109
1641840 1113
1641850 1113
1641860 1118
1641870 1122
1641880 1122
1641890 1127
1641900 1132
1641910 1132
1641920 1137
1641930 1142
1641940 1142
1641950 1147
1641960 1152
1641970 1152
1641980 1157
1641990 1161
1642000 1161
1642010 1166
1642020 1171
1642030 1176
1642040 1176
1642050 1180
1642060 1185
1642070 1185
1642080 1190
1642090 1195
1642100 1195
1642110 1200
1642120 1205
1642130 1205
1642140 1210
1642150 1217
1642160 1217
1642170 1223
1642180 1228
1642190 1228
1642200 1233
1642210 1238
1642220 1238
1642230 1244
1642240 1249
1642250 1249
1642260 1254
1642270 1260
1642280 1260
1642290 1266
1642300 1273
1642310 1273
1642320 1278
1642330 1283
1642340 1288
1642350 1288
1642360 1293
1642370 1298
1642380 1298
1642390 1302
1642400 1306
1642410 1306
1642420 1310
1642430 1313
1642440 1313
1642450 1315
1642460 1318
1642470 1318
1642480 1320
1642490 1322
1642500 1316
1642510 1317
1642520 1317
1642530 1317
1642540 1317
1642550 1318
1642560 1318
1642570 1318
1642580 1318
1642590 1318
1642600 1318
1642610 1318
1642620 1318
1642630 1318
1642640 1318
1642650 1318
1642660 1318
1642670 1318
1642680 1319
1642690 1319
1642700 1321
1642710 1324
1642720 1324
1642730 1329
1642740 1333
1642750 1333
1642760 1336
1642770 1340
1642780 1340
1642790 1345
1642800 1349
1642810 1349
1642820 1353
1642830 1358
1642840 1358
1642850 1362
1642860 1366
1642870 1366
1642880 1370
1642890 1376
1642900 1376
1642910 1382
1642920 1387
1642930 1387
1642940 1393
1642950 1399
1642960 1399
1642970 1404
1642980 1410
1642990 1415
1643000 1415
1643010 1419
1643020 1424
1643030 1424
1643040 1428
1643050 1432
1643060 1432
1643070 1435
1643080 1438
1643090 1438
1643100 1441
1643110 1444
1643120 1444
1643130 1446
1643140 1448
1643150 1448
1643160 1451
1643170 1455
1643180 1455
1643190 1459
1643200 1464
1643210 1464
1643220 1469
1643230 1472
1643240 1472
1643250 1476
1643260 1481
1643270 1481
1643280 1486
1643290 1490
1643300 1488
1643310 1492
1643320 1497
1643330 1500
1643340 1500
1643350 1504
1643360 1507
1643370 1507
1643380 1511
1643390 1513
1643400 1513
1643410 1512
1643420 1509
1643430 1509
1643440 1504
1643450 1499
1643460 1499
1643470 1494
1643480 1490
1643490 1490
1643500 1486
1643510 1483
1643520 1483
1643530 1479
1643540 1476
1643550 1476
1643560 1473
1643570 1468
1643580 1468
1643590 1464
1643600 1459
1643610 1459
1643620 1453
1643630 1448
1643640 1444
1643650 1444
1643660 1439
1643670 1433
1643680 1433
1643690 1436
1643700 1440
1643710 1440
1643720 1444
1643730 1447
1643740 1447
1643750 1448
1643760 1450
1643770 1450
1643780 1451
1643790 1452
1643800 1452
1643810 1452
1643820 1452
1643830 1452
1643840 1450
1643850 1445
1643860 1445
1643870 1440
1643880 1444
1643890 1444
1643900 1449
1643910 1454
1643920 1454
1643930 1458
1643940 1463
1643950 1463
1643960 1467
1643970 1471
1643980 1476
1643990 1476
1644000 1481
1644010 1484
1644020 1484
1644030 1480
1644040 1477
1644050 1477
1644060 1473
1644070 1475
1644080 1475
1644090 1479
1644100 1485
1644110 1491
1644120 1496
1644130 1502
1644140 1502
1644150 1508
1644160 1515
1644170 1515
1644180 1520
1644190 1524
1644200 1524
1644210 1527
1644220 1531
1644230 1531
1644240 1535
1644250 1539
1644260 1539
1644270 1542
1644280 1546
1644290 1549
1644300 1549
1644310 1552
1644320 1553
1644330 1553
1644340 1552
1644350 1548
1644360 1548
1644370 1545
1644380 1542
1644390 1542
1644400 1537
1644410 1533
1644420 1533
1644430 1530
1644440 1527
1644450 1527
1644460 1522
1644470 1517
1644480 1517
1644490 1511
1644500 1506
1644510 1506
1644520 1500
1644530 1495
1644540 1495
1644550 1490
1644560 1485
1644570 1485
1644580 1479
1644590 1473
1644600 1473
1644610 1466
1644620 1460
1644630 1455
1644640 1455
1644650 1451
1644660 1446
1644670 1446
1644680 1441
1644690 1436
1644700 1436
1644710 1430
1644720 1424
1644730 1424
1644740 1419
1644750 1413
1644760 1413
1644770 1407
1644780 1401
1644790 1401
1644800 1395
1644810 1390
1644820 1390
1644830 1384
1644840 1377
1644850 1377
1644860 1373
1644870 1367
1644880 1367
1644890 1360
1644900 1352
1644910 1353
1644920 1345
1644930 1337
1644940 1337
1644950 1331
1644960 1323
1644970 1315
1644980 1315
1644990 1307
1645000 1300
1645010 1300
1645020 1293
1645030 1286
1645040 1286
1645050 1279
1645060 1273
1645070 1273
1645080 1267
1645090 1261
1645100 1261
1645110 1255
1645120 1249
1645130 1249
1645140 1243
1645150 1238
1645160 1238
1645170 1232
1645180 1227
1645190 1227
1645200 1221
1645210 1215
1645220 1215
1645230 1210
1645240 1205
1645250 1205
1645260 1200
1645270 1194
1645280 1188
1645290 1188
1645300 1183
1645310 1178
1645320 1178
1645330 1173
1645340 1168
1645350 1168
1645360 1163
1645370 1158
1645380 1158
1645390 1154
1645400 1150
1645410 1150
1645420 1147
1645430 1143
1645440 1143
1645450 1140
1645460 1137
1645470 1137
1645480 1135
1645490 1133
1645500 1133
1645510 1130
1645520 1125
1645530 1125
1645540 1119
1645550 1115
1645560 1115
1645570 1111
1645580 1107
1645590 1107
1645600 1104
1645610 1101
1645620 1099
1645630 1099
1645640 1096
1645650 1091
1645660 1091
1645670 1088
1645680 1084
1645690 1084
1645700 1083
1645710 1078
1645720 1078
1645730 1073
1645740 1069
1645750 1069
1645760 1065
1645770 1059
1645780 1059
1645790 1055
1645800 1051
1645810 1051
1645820 1046
1645830 1042
1645840 1042
1645850 1038
1645860 1034
1645870 1034
1645880 1030
1645890 1027
1645900 1027
1645910 1023
1645920 1022
1645930 1030
1645940 1030
1645950 1038
1645960 1046
1645970 1046
1645980 1054
1645990 1062
1646000 1062
1646010 1069
1646020 1075
1646030 1075
1646040 1080
1646050 1085
1646060 1085
1646070 1086
1646080 1083
1646090 1083
1646100 1078
1646110 1072
1646120 1072
1646130 1067
1646140 1063
1646150 1063
1646160 1060
1646170 1058
1646180 1058
1646190 1057
1646200 1056
1646210 1056
1646220 1054
1646230 1053
1646240 1053
1646250 1052
1646260 1051
1646270 1051
1646280 1051
1646290 1052
1646300 1054
1646310 1054
1646320 1055
1646330 1054
1646340 1054
1646350 1050
1646360 1046
1646370 1046
1646380 1044
1646390 1045
1646400 1045
1646410 1045
1646420 1046
1646430 1046
1646440 1047
1646450 1046
1646460 1046
1646470 1045
1646480 1043
1646490 1051
1646500 1048
1646510 1045
1646520 1045
1646530 1044
1646540 1042
1646550 1042
1646560 1040
1646570 1039
1646580 1037
1646590 1037
1646600 1036
1646610 1035
1646620 1035
1646630 1034
1646640 1034
1646650 1034
1646660 1033
1646670 1033
1646680 1033
1646690 1032
1646700 1030
1646710 1030
1646720 1029
1646730 1028
1646740 1028
1646750 1026
1646760 1024
1646770 1024
1646780 1021
1646790 1020
1646800 1020
1646810 1018
1646820 1014
1646830 1014
1646840 1012
1646850 1011
1646860 1011
1646870 1011
1646880 1013
1646890 1013
1646900 1015
1646910 1017
1646920 1019
1646930 1019
1646940 1019
1646950 1020
1646960 1020
1646970 1020
1646980 1022
1646990 1022
1647000 1021
1647010 1020
1647020 1020
1647030 1016
1647040 1016
1647050 1016
1647060 1017
1647070 1018
1647080 1018
1647090 1020
1647100 1021
1647110 1021
1647120 1022
1647130 1022
1647140 1022
1647150 1021
1647160 1022
1647170 1022
1647180 1023
1647190 1024
1647200 1024
1647210 1025
1647220 1027
1647230 1028
1647240 1028
1647250 1032
1647260 1036
1647270 1036
1647280 1034
1647290 1038
1647300 1038
1647310 1042
1647320 1046
1647330 1046
1647340 1048
1647350 1049
1647360 1049
1647370 1051
1647380 1052
1647390 1052
1647400 1055
1647410 1057
1647420 1057
1647430 1057
1647440 1059
1647450 1059
1647460 1064
1647470 1068
1647480 1068
1647490 1069
1647500 1072
1647510 1072
1647520 1076
1647530 1078
1647540 1078
1647550 1080
1647560 1081
1647570 1083
1647580 1083
1647590 1086
1647600 1087
1647610 1087
1647620 1087
1647630 1086
1647640 1086
1647650 1085
1647660 1084
1647670 1084
1647680 1083
1647690 1085
1647700 1085
1647710 1087
1647720 1090
1647730 1090
1647740 1093
1647750 1097
1647760 1097
1647770 1101
1647780 1105
1647790 1105
1647800 1109
1647810 1114
1647820 1114
1647830 1119
1647840 1126
1647850 1126
1647860 1133
1647870 1136
1647880 1133
1647890 1133
1647900 1130
1647910 1127
1647920 1127
1647930 1124
1647940 1121
1647950 1121
1647960 1118
1647970 1114
1647980 1114
1647990 1110
1648000 1105
1648010 1105
1648020 1098
1648030 1091
1648040 1091
1648050 1093
1648060 1099
1648070 1099
1648080 1104
1648090 1107
1648100 1107
1648110 1112
1648120 1116
1648130 1116
1648140 1121
1648150 1127
1648160 1127
1648170 1132
1648180 1138
1648190 1138
1648200 1147
1648210 1156
1648220 1163
1648230 1163
1648240 1171
1648250 1178
1648260 1178
1648270 1183
1648280 1189
1648290 1189
1648300 1196
1648310 1202
1648320 1202
1648330 1209
1648340 1215
1648350 1215
1648360 1222
1648370 1228
1648380 1228
1648390 1234
1648400 1240
1648410 1240
1648420 1245
1648430 1251
1648440 1251
1648450 1257
1648460 1262
1648470 1262
1648480 1268
1648490 1273
1648500 1273
1648510 1279
1648520 1286
1648530 1293
1648540 1293
1648550 1300
1648560 1308
1648570 1308
1648580 1315
1648590 1323
1648600 1323
1648610 1329
1648620 1335
1648630 1335
1648640 1341
1648650 1348
1648660 1348
1648670 1354
1648680 1361
1648690 1361
1648700 1368
1648710 1375
1648720 1375
1648730 1378
1648740 1380
1648750 1380
1648760 1384
1648770 1387
1648780 1387
1648790 1387
1648800 1388
1648810 1388
1648820 1388
1648830 1387
1648840 1381
1648850 1381
1648860 1380
1648870 1378
1648880 1378
1648890 1375
1648900 1373
1648910 1373
1648920 1371
1648930 1369
1648940 1369
1648950 1368
1648960 1366
1648970 1366
1648980 1365
1648990 1361
1649000 1361
1649010 1358
1649020 1354
1649030 1354
1649040 1351
1649050 1348
1649060 1348
1649070 1345
1649080 1346
1649090 1346
1649100 1348
1649110 1349
1649120 1349
1649130 1352
1649140 1356
1649150 1356
1649160 1360
1649170 1362
1649180 1362
1649190 1366
1649200 1369
1649210 1370
1649220 1370
1649230 1373
1649240 1376
1649250 1376
1649260 1381
1649270 1384
1649280 1384
1649290 1386
1649300 1386
1649310 1386
1649320 1386
1649330 1386
1649340 1386
1649350 1386
1649360 1385
1649370 1385
1649380 1383
1649390 1382
1649400 1382
1649410 1383
1649420 1388
1649430 1388
1649440 1393
1649450 1395
1649460 1395
1649470 1396
1649480 1398
1649490 1398
1649500 1398
1649510 1400
1649520 1402
1649530 1402
1649540 1406
1649550 1412
1649560 1412
1649570 1419
1649580 1425
1649590 1425
1649600 1431
1649610 1438
1649620 1434
1649630 1440
1649640 1445
1649650 1445
1649660 1452
1649670 1459
1649680 1459
1649690 1465
1649700 1472
1649710 1472
1649720 1479
1649730 1486
1649740 1486
1649750 1493
1649760 1500
1649770 1500
1649780 1507
1649790 1513
1649800 1513
1649810 1520
1649820 1527
1649830 1527
1649840 1534
1649850 1541
1649860 1548
1649870 1548
1649880 1555
1649890 1562
1649900 1562
1649910 1569
1649920 1575
1649930 1575
1649940 1581
1649950 1587
1649960 1587
1649970 1592
1649980 1597
1649990 1597
1650000 1597
1650010 1593
1650020 1593
1650030 1594
1650040 1594
1650050 1594
1650060 1594
1650070 1591
1650080 1591
1650090 1590
1650100 1590
1650110 1590
1650120 1588
1650130 1586
1650140 1586
1650150 1584
1650160 1583
1650170 1580
1650180 1580
1650190 1576
1650200 1572
1650210 1572
1650220 1567
1650230 1564
1650240 1564
1650250 1561
1650260 1557
1650270 1557
1650280 1553
1650290 1550
1650300 1550
1650310 1547
1650320 1544
1650330 1544
1650340 1541
1650350 1539
1650360 1539
1650370 1538
1650380 1537
1650390 1533
1650400 1531
1650410 1530
1650420 1530
1650430 1528
1650440 1525
1650450 1525
1650460 1522
1650470 1520
1650480 1520
1650490 1518
1650500 1517
1650510 1515
1650520 1515
1650530 1513
1650540 1511
1650550 1511
1650560 1508
1650570 1506
1650580 1506
1650590 1504
1650600 1500
1650610 1500
1650620 1495
1650630 1489
1650640 1489
1650650 1483
1650660 1477
1650670 1477
1650680 1471
1650690 1467
1650700 1467
1650710 1472
1650720 1479
1650730 1479
1650740 1483
1650750 1484
1650760 1484
1650770 1492
1650780 1500
1650790 1500
1650800 1509
1650810 1517
1650820 1521
1650830 1521
1650840 1526
1650850 1532
1650860 1532
1650870 1539
1650880 1542
1650890 1542
1650900 1547
1650910 1551
1650920 1551
1650930 1553
1650940 1556
1650950 1556
1650960 1560
1650970 1564
1650980 1564
1650990 1569
1651000 1572
1651010 1572
1651020 1574
1651030 1577
1651040 1577
1651050 1579
1651060 1579
1651070 1579
1651080 1585
1651090 1592
1651100 1592
1651110 1599
1651120 1606
1651130 1606
1651140 1613
1651150 1620
1651160 1628
1651170 1628
1651180 1636
1651190 1642
1651200 1642
1651210 1646
1651220 1651
1651230 1651
1651240 1656
1651250 1661
1651260 1661
1651270 1668
1651280 1675
1651290 1675
1651300 1684
1651310 1691
1651320 1691
1651330 1695
1651340 1701
1651350 1701
1651360 1708
1651370 1715
1651380 1715
1651390 1722
1651400 1727
1651410 1727
1651420 1731
1651430 1735
1651440 1735
1651450 1740
1651460 1745
1651470 1750
1651480 1750
1651490 1754
1651500 1758
1651510 1758
1651520 1763
1651530 1769
1651540 1769
1651550 1776
1651560 1782
1651570 1782
1651580 1787
1651590 1787
1651600 1787
1651610 1783
1651620 1781
1651630 1781
1651640 1778
1651650 1775
1651660 1775
1651670 1771
1651680 1767
1651690 1767
1651700 1764
1651710 1761
1651720 1761
1651730 1758
1651740 1755
1651750 1755
1651760 1752
1651770 1749
1651780 1749
1651790 1745
1651800 1742
1651810 1737
1651820 1737
1651830 1732
1651840 1727
1651850 1727
1651860 1722
1651870 1717
1651880 1717
1651890 1709
1651900 1704
1651910 1704
1651920 1697
1651930 1694
1651940 1694
1651950 1689
1651960 1683
1651970 1683
1651980 1678
1651990 1672
1652000 1672
1652010 1666
1652020 1664
1652030 1664
1652040 1663
1652050 1662
1652060 1662
1652070 1659
1652080 1656
1652090 1656
1652100 1653
1652110 1649
1652120 1647
1652130 1647
1652140 1643
1652150 1638
1652160 1638
1652170 1633
1652180 1628
1652190 1628
1652200 1623
1652210 1619
1652220 1619
1652230 1616
1652240 1611
1652250 1611
1652260 1606
1652270 1601
1652280 1601
1652290 1597
1652300 1592
1652310 1592
1652320 1589
1652330 1585
1652340 1585
1652350 1580
1652360 1574
1652370 1574
1652380 1570
1652390 1566
1652400 1566
1652410 1561
1652420 1556
1652430 1556
1652440 1551
1652450 1545
1652460 1540
1652470 1540
1652480 1536
1652490 1531
1652500 1531
1652510 1526
1652520 1522
1652530 1522
1652540 1517
1652550 1512
1652560 1512
1652570 1505
1652580 1499
1652590 1499
1652600 1494
1652610 1489
1652620 1489
1652630 1484
1652640 1479
1652650 1479
1652660 1476
1652670 1472
1652680 1472
1652690 1468
1652700 1463
1652710 1463
1652720 1459
1652730 1455
1652740 1455
1652750 1450
1652760 1446
1652770 1446
1652780 1444
1652790 1439
1652800 1435
1652810 1435
1652820 1431
1652830 1427
1652840 1427
1652850 1424
1652860 1421
1652870 1421
1652880 1418
1652890 1414
1652900 1414
1652910 1412
1652920 1408
1652930 1408
1652940 1404
1652950 1401
1652960 1401
1652970 1397
1652980 1394
1652990 1394
1653000 1391
1653010 1387
1653020 1387
1653030 1382
1653040 1377
1653050 1377
1653060 1373
1653070 1368
1653080 1368
1653090 1363
1653100 1359
1653110 1355
1653120 1355
1653130 1351
1653140 1346
1653150 1346
1653160 1343
1653170 1341
1653180 1341
1653190 1337
1653200 1334
1653210 1334
1653220 1330
1653230 1328
1653240 1328
1653250 1324
1653260 1319
1653270 1319
1653280 1314
1653290 1309
1653300 1309
1653310 1302
1653320 1295
1653330 1295
1653340 1287
1653350 1281
1653360 1281
1653370 1276
1653380 1270
1653390 1270
1653400 1264
1653410 1256
1653420 1256
1653430 1246
1653440 1242
1653450 1248
1653460 1248
1653470 1256
1653480 1262
1653490 1262
1653500 1268
1653510 1273
1653520 1273
1653530 1277
1653540 1281
1653550 1281
1653560 1284
1653570 1287
1653580 1287
1653590 1290
1653600 1292
1653610 1292
1653620 1293
1653630 1295
1653640 1295
1653650 1297
1653660 1298
1653670 1298
1653680 1300
1653690 1302
1653700 1302
1653710 1304
1653720 1305
1653730 1305
1653740 1306
1653750 1307
1653760 1308
1653770 1308
1653780 1309
1653790 1309
1653800 1309
1653810 1308
1653820 1306
1653830 1306
1653840 1301
1653850 1294
1653860 1294
1653870 1288
1653880 1281
1653890 1281
1653900 1275
1653910 1270
1653920 1270
1653930 1263
1653940 1256
1653950 1256
1653960 1252
1653970 1244
1653980 1244
1653990 1235
1654000 1226
1654010 1226
1654020 1217
1654030 1209
1654040 1209
1654050 1200
1654060 1199
1654070 1199
1654080 1205
1654090 1213
1654100 1218
1654110 1218
1654120 1219
1654130 1221
1654140 1221
1654150 1224
1654160 1227
1654170 1227
1654180 1230
1654190 1231
1654200 1235
1654210 1237
1654220 1238
1654230 1238
1654240 1239
1654250 1241
1654260 1241
1654270 1243
1654280 1244
1654290 1244
1654300 1245
1654310 1247
1654320 1247
1654330 1250
1654340 1252
1654350 1252
1654360 1254
1654370 1257
1654380 1257
1654390 1261
1654400 1263
1654410 1265
1654420 1265
1654430 1269
1654440 1273
1654450 1273
1654460 1277
1654470 1281
1654480 1281
1654490 1285
1654500 1288
1654510 1288
1654520 1292
1654530 1295
1654540 1295
1654550 1298
1654560 1300
1654570 1300
1654580 1303
1654590 1306
1654600 1306
1654610 1309
1654620 1312
1654630 1312
1654640 1315
1654650 1319
1654660 1319
1654670 1324
1654680 1329
1654690 1329
1654700 1333
1654710 1337
1654720 1337
1654730 1342
1654740 1346
1654750 1350
1654760 1350
1654770 1353
1654780 1356
1654790 1356
1654800 1358
1654810 1361
1654820 1361
1654830 1362
1654840 1363
1654850 1363
1654860 1362
1654870 1359
1654880 1359
1654890 1356
1654900 1353
1654910 1353
1654920 1349
1654930 1345
1654940 1345
1654950 1346
1654960 1343
1654970 1343
1654980 1340
1654990 1338
1655000 1338
1655010 1336
1655020 1335
1655030 1335
1655040 1333
1655050 1331
1655060 1330
1655070 1330
1655080 1329
1655090 1328
1655100 1328
1655110 1328
1655120 1328
1655130 1328
1655140 1329
1655150 1331
1655160 1331
1655170 1333
1655180 1335
1655190 1335
1655200 1337
1655210 1339
1655220 1339
1655230 1341
1655240 1343
1655250 1343
1655260 1345
1655270 1347
1655280 1347
1655290 1350
1655300 1351
1655310 1351
1655320 1349
1655330 1345
1655340 1345
1655350 1340
1655360 1336
1655370 1336
1655380 1330
1655390 1325
1655400 1318
1655410 1318
1655420 1313
1655430 1308
1655440 1308
1655450 1302
1655460 1297
1655470 1297
1655480 1292
1655490 1287
1655500 1287
1655510 1281
1655520 1275
1655530 1275
1655540 1269
1655550 1263
1655560 1263
1655570 1257
1655580 1252
1655590 1252
1655600 1246
1655610 1242
1655620 1242
1655630 1237
1655640 1232
1655650 1232
1655660 1227
1655670 1222
1655680 1222
1655690 1217
1655700 1213
1655710 1213
1655720 1209
1655730 1204
1655740 1201
1655750 1201
1655760 1197
1655770 1192
1655780 1192
1655790 1187
1655800 1182
1655810 1182
1655820 1177
1655830 1173
1655840 1173
1655850 1169
1655860 1164
1655870 1164
1655880 1160
1655890 1157
1655900 1157
1655910 1152
1655920 1148
1655930 1148
1655940 1144
1655950 1140
1655960 1140
1655970 1136
1655980 1133
1655990 1133
1656000 1129
1656010 1126
1656020 1126
1656030 1123
1656040 1120
1656050 1117
1656060 1117
1656070 1113
1656080 1110
1656090 1110
1656100 1106
1656110 1103
1656120 1103
1656130 1099
1656140 1095
1656150 1095
1656160 1092
1656170 1087
1656180 1087
1656190 1082
1656200 1078
1656210 1078
1656220 1074
1656230 1069
1656240 1069
1656250 1065
1656260 1060
1656270 1060
1656280 1056
1656290 1050
1656300 1050
1656310 1047
1656320 1044
1656330 1044
1656340 1044
1656350 1043
1656360 1043
1656370 1042
1656380 1045
1656390 1050
1656400 1050
1656410 1054
1656420 1059
1656430 1059
1656440 1062
1656450 1071
1656460 1071
1656470 1076
1656480 1079
1656490 1079
1656500 1084
1656510 1087
1656520 1087
1656530 1091
1656540 1095
1656550 1095
1656560 1099
1656570 1099
1656580 1099
1656590 1094
1656600 1088
1656610 1088
1656620 1081
1656630 1074
1656640 1074
1656650 1068
1656660 1061
1656670 1061
1656680 1055
1656690 1049
1656700 1044
1656710 1044
1656720 1041
1656730 1038
1656740 1038
1656750 1035
1656760 1036
1656770 1036
1656780 1034
1656790 1029
1656800 1029
1656810 1027
1656820 1025
1656830 1025
1656840 1023
1656850 1022
1656860 1022
1656870 1020
1656880 1016
1656890 1016
1656900 1011
1656910 1005
1656920 1005
1656930 1001
1656940 998
1656950 998
1656960 995
1656970 993
1656980 993
1656990 992
1657000 993
1657010 993
1657020 998
1657030 1004
1657040 1008
1657050 1008
1657060 1011
1657070 1013
1657080 1013
1657090 1015
1657100 1017
1657110 1017
1657120 1019
1657130 1021
1657140 1021
1657150 1024
1657160 1026
1657170 1026
1657180 1028
1657190 1034
1657200 1034
1657210 1034
1657220 1034
1657230 1034
1657240 1034
1657250 1033
1657260 1033
1657270 1033
1657280 1032
1657290 1032
1657300 1033
1657310 1033
1657320 1033
1657330 1033
1657340 1033
1657350 1033
1657360 1033
1657370 1034
1657380 1034
1657390 1034
1657400 1034
1657410 1033
1657420 1033
1657430 1033
1657440 1033
1657450 1033
1657460 1033
1657470 1033
1657480 1033
1657490 1034
1657500 1034
1657510 1034
1657520 1035
1657530 1035
1657540 1035
1657550 1035
1657560 1036
1657570 1036
1657580 1037
1657590 1037
1657600 1037
1657610 1037
1657620 1039
1657630 1039
1657640 1041
1657650 1044
1657660 1044
1657670 1045
1657680 1046
1657690 1046
1657700 1046
1657710 1047
1657720 1048
1657730 1048
1657740 1047
1657750 1047
1657760 1047
1657770 1044
1657780 1040
1657790 1040
1657800 1034
1657810 1028
1657820 1028
1657830 1022
1657840 1017
1657850 1017
1657860 1011
1657870 1005
1657880 1005
1657890 999
1657900 993
1657910 993
1657920 988
1657930 986
1657940 986
1657950 982
1657960 976
1657970 976
1657980 973
1657990 973
1658000 978
1658010 978
1658020 984
1658030 991
1658040 991
1658050 998
1658060 1005
1658070 1005
1658080 1011
1658090 1017
1658100 1017
1658110 1023
1658120 1029
1658130 1029
1658140 1033
1658150 1036
1658160 1036
1658170 1037
1658180 1037
1658190 1037
1658200 1036
1658210 1035
1658220 1035
1658230 1034
1658240 1032
1658250 1032
1658260 1030
1658270 1028
1658280 1028
1658290 1023
1658300 1018
1658310 1018
1658320 1013
1658330 1009
1658340 1005
1658350 1005
1658360 1001
1658370 997
1658380 997
1658390 989
1658400 983
1658410 983
1658420 980
1658430 982
1658440 982
1658450 983
1658460 984
1658470 984
1658480 985
1658490 986
1658500 986
1658510 982
1658520 988
1658530 988
1658540 996
1658550 1002
1658560 1002
1658570 1009
1658580 1016
1658590 1016
1658600 1023
1658610 1030
1658620 1030
1658630 1037
1658640 1042
1658650 1042
1658660 1051
1658670 1052
1658680 1052
1658690 1052
1658700 1053
1658710 1054
1658720 1054
1658730 1058
1658740 1060
1658750 1060
1658760 1061
1658770 1067
1658780 1067
1658790 1071
1658800 1075
1658810 1075
1658820 1079
1658830 1084
1658840 1084
1658850 1089
1658860 1089
1658870 1089
1658880 1086
1658890 1085
1658900 1085
1658910 1083
1658920 1081
1658930 1081
1658940 1077
1658950 1075
1658960 1075
1658970 1076
1658980 1076
1658990 1075
1659000 1075
1659010 1074
1659020 1074
1659030 1074
1659040 1074
1659050 1072
1659060 1072
1659070 1069
1659080 1065
1659090 1065
1659100 1063
1659110 1062
1659120 1062
1659130 1064
1659140 1065
1659150 1065
1659160 1064
1659170 1061
1659180 1061
1659190 1061
1659200 1064
1659210 1064
1659220 1069
1659230 1073
1659240 1073
1659250 1078
1659260 1080
1659270 1080
1659280 1080
1659290 1078
1659300 1078
1659310 1076
1659320 1073
1659330 1071
1659340 1071
1659350 1073
1659360 1075
1659370 1075
1659380 1076
1659390 1084
1659400 1084
1659410 1087
1659420 1089
1659430 1089
1659440 1093
1659450 1099
1659460 1099
1659470 1102
1659480 1104
1659490 1104
1659500 1107
1659510 1109
1659520 1109
1659530 1112
1659540 1116
1659550 1116
1659560 1117
1659570 1119
1659580 1119
1659590 1119
1659600 1119
1659610 1119
1659620 1121
1659630 1122
1659640 1124
1659650 1124
1659660 1125
1659670 1128
1659680 1128
1659690 1130
1659700 1126
1659710 1126
1659720 1120
1659730 1118
1659740 1118
1659750 1118
1659760 1119
1659770 1119
1659780 1119
1659790 1119
1659800 1119
1659810 1117
1659820 1116
1659830 1116
1659840 1114
1659850 1110
1659860 1110
1659870 1103
1659880 1103
1659890 1103
1659900 1089
1659910 1077
1659920 1077
1659930 1069
1659940 1061
1659950 1061
1659960 1053
1659970 1044
1659980 1035
1659990 1035
