1640000 1135
1640010 1135
1640020 1136
1640030 1137
1640040 1137
1640050 1139
1640060 1142
1640070 1142
1640080 1145
1640090 1148
1640100 1148
1640110 1150
1640120 1153
1640130 1153
1640140 1154
1640150 1156
1640160 1156
1640170 1159
1640180 1161
1640190 1161
1640200 1161
1640210 1158
1640220 1151
1640230 1151
1640240 1144
1640250 1137
1640260 1137
1640270 1134
1640280 1131
1640290 1131
1640300 1128
1640310 1124
1640320 1124
1640330 1120
1640340 1115
1640350 1115
1640360 1110
1640370 1105
1640380 1105
1640390 1101
1640400 1107
1640410 1107
1640420 1116
1640430 1124
1640440 1124
1640450 1131
1640460 1138
1640470 1138
1640480 1144
1640490 1149
1640500 1149
1640510 1154
1640520 1159
1640530 1163
1640540 1163
1640550 1167
1640560 1172
1640570 1172
1640580 1177
1640590 1182
1640600 1182
1640610 1188
1640620 1193
1640630 1193
1640640 1199
1640650 1206
1640660 1206
1640670 1212
1640680 1219
1640690 1219
1640700 1227
1640710 1234
1640720 1234
1640730 1241
1640740 1247
1640750 1247
1640760 1252
1640770 1258
1640780 1258
1640790 1262
1640800 1267
1640810 1267
1640820 1273
1640830 1280
1640840 1280
1640850 1284
1640860 1294
1640870 1301
1640880 1301
1640890 1306
1640900 1311
1640910 1311
1640920 1314
1640930 1317
1640940 1317
1640950 1319
1640960 1321
1640970 1321
1640980 1324
1640990 1326
1641000 1326
1641010 1328
1641020 1329
1641030 1329
1641040 1329
1641050 1328
1641060 1328
1641070 1325
1641080 1321
1641090 1321
1641100 1316
1641110 1311
1641120 1311
1641130 1306
1641140 1302
1641150 1302
1641160 1298
1641170 1293
1641180 1289
1641190 1289
1641200 1284
1641210 1279
1641220 1279
1641230 1274
1641240 1269
1641250 1269
1641260 1264
1641270 1259
1641280 1259
1641290 1255
1641300 1249
1641310 1249
1641320 1247
1641330 1240
1641340 1240
1641350 1234
1641360 1229
1641370 1229
1641380 1226
1641390 1220
1641400 1220
1641410 1216
1641420 1213
1641430 1216
1641440 1213
1641450 1209
1641460 1209
1641470 1206
1641480 1202
1641490 1202
1641500 1199
1641510 1196
1641520 1193
1641530 1193
1641540 1190
1641550 1187
1641560 1187
1641570 1185
1641580 1182
1641590 1182
1641600 1180
1641610 1177
1641620 1177
1641630 1175
1641640 1172
1641650 1172
1641660 1168
1641670 1164
1641680 1164
1641690 1161
1641700 1159
1641710 1159
1641720 1157
1641730 1156
1641740 1156
1641750 1155
1641760 1154
1641770 1154
1641780 1153
1641790 1152
1641800 1152
1641810 1151
1641820 1150
1641830 1149
1641840 1149
1641850 1146
1641860 1140
1641870 1140
1641880 1132
1641890 1133
1641900 1133
1641910 1143
1641920 1151
1641930 1151
1641940 1156
1641950 1152
1641960 1152
1641970 1148
1641980 1141
1641990 1141
1642000 1132
1642010 1129
1642020 1129
1642030 1138
1642040 1147
1642050 1147
1642060 1154
1642070 1159
1642080 1159
1642090 1162
1642100 1165
1642110 1165
1642120 1169
1642130 1172
1642140 1172
1642150 1176
1642160 1179
1642170 1182
1642180 1182
1642190 1184
1642200 1184
1642210 1184
1642220 1185
1642230 1188
1642240 1194
1642250 1197
1642260 1199
1642270 1199
1642280 1201
1642290 1201
1642300 1201
1642310 1203
1642320 1205
1642330 1205
1642340 1208
1642350 1211
1642360 1211
1642370 1215
1642380 1218
1642390 1218
1642400 1221
1642410 1224
1642420 1224
1642430 1227
1642440 1229
1642450 1229
1642460 1232
1642470 1235
1642480 1238
1642490 1238
1642500 1241
1642510 1244
1642520 1244
1642530 1247
1642540 1250
1642550 1250
1642560 1252
1642570 1256
1642580 1256
1642590 1258
1642600 1260
1642610 1260
1642620 1263
1642630 1266
1642640 1266
1642650 1268
1642660 1269
1642670 1269
1642680 1271
1642690 1273
1642700 1273
1642710 1277
1642720 1282
1642730 1282
1642740 1286
1642750 1291
1642760 1291
1642770 1296
1642780 1301
1642790 1301
1642800 1305
1642810 1310
1642820 1315
1642830 1315
1642840 1320
1642850 1325
1642860 1325
1642870 1330
1642880 1335
1642890 1335
1642900 1340
1642910 1347
1642920 1347
1642930 1354
1642940 1358
1642950 1358
1642960 1365
1642970 1371
1642980 1371
1642990 1376
1643000 1382
1643010 1382
1643020 1388
1643030 1394
1643040 1394
1643050 1400
1643060 1406
1643070 1406
1643080 1412
1643090 1419
1643100 1419
1643110 1426
1643120 1432
1643130 1432
1643140 1439
1643150 1445
1643160 1451
1643170 1451
1643180 1457
1643190 1462
1643200 1462
1643210 1467
1643220 1472
1643230 1472
1643240 1477
1643250 1481
1643260 1481
1643270 1485
1643280 1489
1643290 1489
1643300 1492
1643310 1495
1643320 1495
1643330 1501
1643340 1506
1643350 1506
1643360 1511
1643370 1515
1643380 1515
1643390 1520
1643400 1525
1643410 1525
1643420 1530
1643430 1536
1643440 1536
1643450 1541
1643460 1547
1643470 1553
1643480 1553
1643490 1560
1643500 1567
1643510 1567
1643520 1574
1643530 1580
1643540 1580
1643550 1587
1643560 1593
1643570 1593
1643580 1599
1643590 1606
1643600 1606
1643610 1612
1643620 1618
1643630 1618
1643640 1624
1643650 1629
1643660 1629
1643670 1628
1643680 1626
1643690 1626
1643700 1624
1643710 1624
1643720 1624
1643730 1624
1643740 1626
1643750 1626
1643760 1629
1643770 1632
1643780 1632
1643790 1635
1643800 1637
1643810 1640
1643820 1640
1643830 1642
1643840 1643
1643850 1649
1643860 1649
1643870 1648
1643880 1648
1643890 1646
1643900 1645
1643910 1645
1643920 1644
1643930 1644
1643940 1644
1643950 1645
1643960 1646
1643970 1646
1643980 1649
1643990 1652
1644000 1652
1644010 1651
1644020 1648
1644030 1648
1644040 1643
1644050 1639
1644060 1639
1644070 1636
1644080 1632
1644090 1632
1644100 1628
1644110 1625
1644120 1621
1644130 1621
1644140 1616
1644150 1611
1644160 1611
1644170 1606
1644180 1601
1644190 1601
1644200 1596
1644210 1591
1644220 1591
1644230 1586
1644240 1580
1644250 1580
1644260 1575
1644270 1570
1644280 1570
1644290 1564
1644300 1558
1644310 1558
1644320 1550
1644330 1542
1644340 1542
1644350 1535
1644360 1528
1644370 1528
1644380 1523
1644390 1518
1644400 1518
1644410 1514
1644420 1509
1644430 1509
1644440 1505
1644450 1501
1644460 1496
1644470 1496
1644480 1488
1644490 1484
1644500 1484
1644510 1480
1644520 1475
1644530 1475
1644540 1469
1644550 1462
1644560 1462
1644570 1456
1644580 1453
1644590 1453
1644600 1451
1644610 1447
1644620 1447
1644630 1444
1644640 1441
1644650 1435
1644660 1433
1644670 1431
1644680 1431
1644690 1428
1644700 1424
1644710 1424
1644720 1422
1644730 1418
1644740 1418
1644750 1416
1644760 1414
1644770 1413
1644780 1413
1644790 1411
1644800 1410
1644810 1410
1644820 1410
1644830 1408
1644840 1408
1644850 1406
1644860 1404
1644870 1404
1644880 1403
1644890 1402
1644900 1402
1644910 1402
1644920 1401
1644930 1401
1644940 1398
1644950 1394
1644960 1394
1644970 1389
1644980 1384
1644990 1384
1645000 1379
1645010 1375
1645020 1375
1645030 1370
1645040 1364
1645050 1364
1645060 1359
1645070 1353
1645080 1353
1645090 1347
1645100 1343
1645110 1338
1645120 1338
1645130 1332
1645140 1327
1645150 1327
1645160 1319
1645170 1312
1645180 1312
1645190 1305
1645200 1299
1645210 1299
1645220 1291
1645230 1283
1645240 1283
1645250 1276
1645260 1270
1645270 1270
1645280 1263
1645290 1258
1645300 1258
1645310 1252
1645320 1248
1645330 1248
1645340 1243
1645350 1238
1645360 1238
1645370 1233
1645380 1227
1645390 1227
1645400 1220
1645410 1215
1645420 1215
1645430 1210
1645440 1204
1645450 1197
1645460 1197
1645470 1192
1645480 1187
1645490 1187
1645500 1181
1645510 1175
1645520 1175
1645530 1170
1645540 1164
1645550 1164
1645560 1159
1645570 1153
1645580 1153
1645590 1147
1645600 1141
1645610 1141
1645620 1134
1645630 1128
1645640 1128
1645650 1121
1645660 1115
1645670 1115
1645680 1109
1645690 1105
1645700 1105
1645710 1099
1645720 1095
1645730 1095
1645740 1092
1645750 1087
1645760 1082
1645770 1082
1645780 1074
1645790 1066
1645800 1066
1645810 1060
1645820 1056
1645830 1056
1645840 1055
1645850 1059
1645860 1059
1645870 1065
1645880 1070
1645890 1070
1645900 1075
1645910 1079
1645920 1079
1645930 1082
1645940 1084
1645950 1084
1645960 1087
1645970 1092
1645980 1092
1645990 1097
1646000 1101
1646010 1101
1646020 1106
1646030 1111
1646040 1111
1646050 1116
1646060 1123
1646070 1123
1646080 1129
1646090 1135
1646100 1143
1646110 1143
1646120 1149
1646130 1154
1646140 1154
1646150 1160
1646160 1166
1646170 1166
1646180 1172
1646190 1178
1646200 1178
1646210 1184
1646220 1189
1646230 1189
1646240 1201
1646250 1206
1646260 1206
1646270 1210
1646280 1214
1646290 1214
1646300 1219
1646310 1225
1646320 1225
1646330 1230
1646340 1234
1646350 1234
1646360 1236
1646370 1236
1646380 1236
1646390 1235
1646400 1234
1646410 1233
1646420 1233
1646430 1231
1646440 1227
1646450 1227
1646460 1223
1646470 1219
1646480 1219
1646490 1215
1646500 1210
1646510 1210
1646520 1204
1646530 1198
1646540 1198
1646550 1192
1646560 1187
1646570 1187
1646580 1182
1646590 1178
1646600 1178
1646610 1174
1646620 1170
1646630 1170
1646640 1167
1646650 1161
1646660 1161
1646670 1156
1646680 1150
1646690 1150
1646700 1143
1646710 1137
1646720 1137
1646730 1132
1646740 1127
1646750 1123
1646760 1123
1646770 1120
1646780 1117
1646790 1117
1646800 1114
1646810 1110
1646820 1110
1646830 1102
1646840 1092
1646850 1092
1646860 1084
1646870 1081
1646880 1081
1646890 1085
1646900 1093
1646910 1093
1646920 1106
1646930 1115
1646940 1115
1646950 1123
1646960 1129
1646970 1129
1646980 1134
1646990 1138
1647000 1138
1647010 1142
1647020 1146
1647030 1151
1647040 1155
1647050 1160
1647060 1165
1647070 1165
1647080 1169
1647090 1173
1647100 1173
1647110 1176
1647120 1178
1647130 1178
1647140 1179
1647150 1178
1647160 1178
1647170 1177
1647180 1176
1647190 1176
1647200 1173
1647210 1170
1647220 1170
1647230 1167
1647240 1163
1647250 1163
1647260 1159
1647270 1154
1647280 1154
1647290 1149
1647300 1144
1647310 1144
1647320 1142
1647330 1139
1647340 1139
1647350 1137
1647360 1135
1647370 1135
1647380 1132
1647390 1132
1647400 1137
1647410 1137
1647420 1141
1647430 1146
1647440 1146
1647450 1151
1647460 1156
1647470 1156
1647480 1161
1647490 1166
1647500 1166
1647510 1167
1647520 1163
1647530 1163
1647540 1161
1647550 1160
1647560 1160
1647570 1160
1647580 1159
1647590 1159
1647600 1156
1647610 1153
1647620 1153
1647630 1150
1647640 1147
1647650 1147
1647660 1144
1647670 1140
1647680 1140
1647690 1134
1647700 1128
1647710 1128
1647720 1123
1647730 1115
1647740 1107
1647750 1107
1647760 1101
1647770 1098
1647780 1098
1647790 1097
1647800 1097
1647810 1097
1647820 1113
1647830 1112
1647840 1112
1647850 1109
1647860 1105
1647870 1105
1647880 1099
1647890 1093
1647900 1093
1647910 1089
1647920 1085
1647930 1085
1647940 1081
1647950 1077
1647960 1077
1647970 1073
1647980 1069
1647990 1069
1648000 1064
1648010 1062
1648020 1062
1648030 1062
1648040 1063
1648050 1062
1648060 1062
1648070 1063
1648080 1068
1648090 1068
1648100 1075
1648110 1081
1648120 1081
1648130 1086
1648140 1092
1648150 1092
1648160 1098
1648170 1104
1648180 1104
1648190 1111
1648200 1115
1648210 1115
1648220 1116
1648230 1117
1648240 1117
1648250 1121
1648260 1127
1648270 1127
1648280 1131
1648290 1135
1648300 1135
1648310 1138
1648320 1140
1648330 1140
1648340 1143
1648350 1146
1648360 1146
1648370 1149
1648380 1152
1648390 1154
1648400 1154
1648410 1159
1648420 1163
1648430 1163
1648440 1167
1648450 1172
1648460 1172
1648470 1178
1648480 1183
1648490 1183
1648500 1187
1648510 1190
1648520 1190
1648530 1195
1648540 1200
1648550 1200
1648560 1204
1648570 1208
1648580 1208
1648590 1211
1648600 1209
1648610 1209
1648620 1212
1648630 1213
1648640 1213
1648650 1215
1648660 1219
1648670 1219
1648680 1224
1648690 1228
1648700 1232
1648710 1232
1648720 1237
1648730 1242
1648740 1242
1648750 1247
1648760 1252
1648770 1252
1648780 1255
1648790 1255
1648800 1255
1648810 1254
1648820 1252
1648830 1252
1648840 1248
1648850 1244
1648860 1244
1648870 1239
1648880 1235
1648890 1235
1648900 1231
1648910 1226
1648920 1226
1648930 1223
1648940 1220
1648950 1220
1648960 1218
1648970 1215
1648980 1215
1648990 1212
1649000 1210
1649010 1210
1649020 1209
1649030 1216
1649040 1224
1649050 1224
1649060 1233
1649070 1241
1649080 1241
1649090 1250
1649100 1256
1649110 1256
1649120 1262
1649130 1269
1649140 1269
1649150 1276
1649160 1282
1649170 1282
1649180 1289
1649190 1296
1649200 1296
1649210 1302
1649220 1308
1649230 1308
1649240 1314
1649250 1320
1649260 1320
1649270 1326
1649280 1332
1649290 1332
1649300 1337
1649310 1343
1649320 1343
1649330 1348
1649340 1355
1649350 1361
1649360 1361
1649370 1366
1649380 1371
1649390 1371
1649400 1378
1649410 1384
1649420 1384
1649430 1391
1649440 1399
1649450 1399
1649460 1399
1649470 1403
1649480 1403
1649490 1409
1649500 1411
1649510 1411
1649520 1413
1649530 1415
1649540 1415
1649550 1418
1649560 1422
1649570 1422
1649580 1425
1649590 1429
1649600 1429
1649610 1434
1649620 1438
1649630 1438
1649640 1442
1649650 1448
1649660 1448
1649670 1453
1649680 1458
1649690 1464
1649700 1464
1649710 1470
1649720 1475
1649730 1475
1649740 1481
1649750 1488
1649760 1488
1649770 1495
1649780 1500
1649790 1500
1649800 1503
1649810 1503
1649820 1503
1649830 1503
1649840 1503
1649850 1503
1649860 1503
1649870 1503
1649880 1503
1649890 1503
1649900 1505
1649910 1505
1649920 1505
1649930 1506
1649940 1506
1649950 1506
1649960 1507
1649970 1507
1649980 1505
1649990 1503
1650000 1503
1650010 1502
1650020 1503
1650030 1505
1650040 1505
1650050 1504
1650060 1504
1650070 1504
1650080 1504
1650090 1503
1650100 1503
1650110 1504
1650120 1505
1650130 1505
1650140 1504
1650150 1500
1650160 1500
1650170 1499
1650180 1498
1650190 1498
1650200 1497
1650210 1496
1650220 1496
1650230 1495
1650240 1493
1650250 1493
1650260 1490
1650270 1487
1650280 1487
1650290 1483
1650300 1481
1650310 1481
1650320 1477
1650330 1473
1650340 1468
1650350 1468
1650360 1464
1650370 1461
1650380 1461
1650390 1457
1650400 1454
1650410 1454
1650420 1450
1650430 1446
1650440 1446
1650450 1441
1650460 1436
1650470 1436
1650480 1432
1650490 1428
1650500 1428
1650510 1424
1650520 1420
1650530 1420
1650540 1416
1650550 1411
1650560 1411
1650570 1406
1650580 1402
1650590 1402
1650600 1399
1650610 1394
1650620 1394
1650630 1387
1650640 1381
1650650 1381
1650660 1384
1650670 1387
1650680 1390
1650690 1390
1650700 1395
1650710 1400
1650720 1400
1650730 1405
1650740 1411
1650750 1411
1650760 1415
1650770 1422
1650780 1422
1650790 1428
1650800 1431
1650810 1431
1650820 1437
1650830 1442
1650840 1442
1650850 1447
1650860 1452
1650870 1452
1650880 1456
1650890 1460
1650900 1460
1650910 1463
1650920 1467
1650930 1467
1650940 1474
1650950 1480
1650960 1480
1650970 1486
1650980 1491
1650990 1496
1651000 1496
1651010 1498
1651020 1501
1651030 1501
1651040 1503
1651050 1506
1651060 1506
1651070 1510
1651080 1514
1651090 1514
1651100 1519
1651110 1524
1651120 1524
1651130 1530
1651140 1535
1651150 1535
1651160 1540
1651170 1544
1651180 1544
1651190 1546
1651200 1550
1651210 1550
1651220 1554
1651230 1556
1651240 1556
1651250 1556
1651260 1560
1651270 1560
1651280 1565
1651290 1570
1651300 1570
1651310 1575
1651320 1579
1651330 1581
1651340 1581
1651350 1585
1651360 1590
1651370 1590
1651380 1596
1651390 1599
1651400 1599
1651410 1599
1651420 1602
1651430 1602
1651440 1604
1651450 1608
1651460 1608
1651470 1614
1651480 1621
1651490 1621
1651500 1629
1651510 1636
1651520 1636
1651530 1642
1651540 1650
1651550 1650
1651560 1658
1651570 1666
1651580 1666
1651590 1674
1651600 1681
1651610 1681
1651620 1688
1651630 1696
1651640 1703
1651650 1703
1651660 1709
1651670 1715
1651680 1717
1651690 1723
1651700 1728
1651710 1728
1651720 1734
1651730 1738
1651740 1738
1651750 1742
1651760 1745
1651770 1745
1651780 1748
1651790 1751
1651800 1751
1651810 1752
1651820 1749
1651830 1749
1651840 1743
1651850 1738
1651860 1738
1651870 1734
1651880 1730
1651890 1730
1651900 1727
1651910 1725
1651920 1725
1651930 1723
1651940 1721
1651950 1721
1651960 1719
1651970 1716
1651980 1713
1651990 1713
1652000 1709
1652010 1705
1652020 1705
1652030 1700
1652040 1695
1652050 1695
1652060 1690
1652070 1683
1652080 1683
1652090 1677
1652100 1671
1652110 1671
1652120 1665
1652130 1659
1652140 1659
1652150 1652
1652160 1646
1652170 1646
1652180 1639
1652190 1633
1652200 1633
1652210 1626
1652220 1619
1652230 1619
1652240 1613
1652250 1608
1652260 1608
1652270 1603
1652280 1598
1652290 1598
1652300 1592
1652310 1586
1652320 1581
1652330 1581
1652340 1575
1652350 1570
1652360 1570
1652370 1564
1652380 1559
1652390 1559
1652400 1554
1652410 1550
1652420 1550
1652430 1546
1652440 1542
1652450 1544
1652460 1540
1652470 1536
1652480 1536
1652490 1532
1652500 1529
1652510 1529
1652520 1525
1652530 1520
1652540 1520
1652550 1516
1652560 1512
1652570 1512
1652580 1508
1652590 1504
1652600 1504
1652610 1501
1652620 1498
1652630 1495
1652640 1495
1652650 1493
1652660 1492
1652670 1492
1652680 1490
1652690 1490
1652700 1490
1652710 1490
1652720 1490
1652730 1490
1652740 1488
1652750 1486
1652760 1486
1652770 1483
1652780 1480
1652790 1480
1652800 1477
1652810 1472
1652820 1472
1652830 1468
1652840 1464
1652850 1464
1652860 1460
1652870 1457
1652880 1457
1652890 1454
1652900 1450
1652910 1450
1652920 1447
1652930 1443
1652940 1443
1652950 1439
1652960 1435
1652970 1430
1652980 1430
1652990 1425
1653000 1420
1653010 1420
1653020 1415
1653030 1410
1653040 1410
1653050 1405
1653060 1400
1653070 1400
1653080 1395
1653090 1389
1653100 1389
1653110 1384
1653120 1379
1653130 1379
1653140 1375
1653150 1371
1653160 1371
1653170 1366
1653180 1362
1653190 1362
1653200 1359
1653210 1356
1653220 1356
1653230 1352
1653240 1347
1653250 1347
1653260 1341
1653270 1335
1653280 1328
1653290 1328
1653300 1320
1653310 1312
1653320 1312
1653330 1311
1653340 1320
1653350 1320
1653360 1328
1653370 1333
1653380 1333
1653390 1339
1653400 1344
1653410 1344
1653420 1350
1653430 1355
1653440 1355
1653450 1360
1653460 1365
1653470 1365
1653480 1371
1653490 1377
1653500 1377
1653510 1382
1653520 1388
1653530 1388
1653540 1393
1653550 1397
1653560 1397
1653570 1400
1653580 1403
1653590 1403
1653600 1406
1653610 1407
1653620 1404
1653630 1404
1653640 1397
1653650 1392
1653660 1392
1653670 1387
1653680 1384
1653690 1384
1653700 1380
1653710 1376
1653720 1376
1653730 1372
1653740 1367
1653750 1367
1653760 1362
1653770 1357
1653780 1357
1653790 1351
1653800 1347
1653810 1347
1653820 1341
1653830 1335
1653840 1335
1653850 1329
1653860 1322
1653870 1322
1653880 1316
1653890 1309
1653900 1309
1653910 1303
1653920 1293
1653930 1293
1653940 1283
1653950 1277
1653960 1290
1653970 1290
1653980 1291
1653990 1283
1654000 1283
1654010 1274
1654020 1271
1654030 1271
1654040 1278
1654050 1286
1654060 1286
1654070 1293
1654080 1298
1654090 1298
1654100 1300
1654110 1302
1654120 1302
1654130 1304
1654140 1306
1654150 1306
1654160 1308
1654170 1310
1654180 1310
1654190 1313
1654200 1315
1654210 1315
1654220 1318
1654230 1320
1654240 1320
1654250 1323
1654260 1327
1654270 1329
1654280 1329
1654290 1332
1654300 1335
1654310 1335
1654320 1337
1654330 1340
1654340 1340
1654350 1342
1654360 1345
1654370 1345
1654380 1347
1654390 1349
1654400 1349
1654410 1353
1654420 1356
1654430 1356
1654440 1360
1654450 1363
1654460 1363
1654470 1366
1654480 1370
1654490 1370
1654500 1374
1654510 1378
1654520 1378
1654530 1382
1654540 1385
1654550 1385
1654560 1389
1654570 1393
1654580 1393
1654590 1397
1654600 1401
1654610 1405
1654620 1405
1654630 1409
1654640 1413
1654650 1413
1654660 1417
1654670 1421
1654680 1421
1654690 1425
1654700 1430
1654710 1430
1654720 1437
1654730 1441
1654740 1441
1654750 1446
1654760 1452
1654770 1452
1654780 1458
1654790 1464
1654800 1464
1654810 1471
1654820 1477
1654830 1477
1654840 1480
1654850 1477
1654860 1477
1654870 1473
1654880 1468
1654890 1468
1654900 1463
1654910 1458
1654920 1453
1654930 1453
1654940 1447
1654950 1439
1654960 1439
1654970 1433
1654980 1427
1654990 1427
1655000 1422
1655010 1417
1655020 1417
1655030 1413
1655040 1411
1655050 1411
1655060 1407
1655070 1404
1655080 1404
1655090 1400
1655100 1397
1655110 1397
1655120 1394
1655130 1390
1655140 1390
1655150 1386
1655160 1381
1655170 1381
1655180 1377
1655190 1372
1655200 1372
1655210 1368
1655220 1363
1655230 1363
1655240 1357
1655250 1351
1655260 1346
1655270 1346
1655280 1341
1655290 1337
1655300 1337
1655310 1333
1655320 1330
1655330 1330
1655340 1326
1655350 1321
1655360 1321
1655370 1314
1655380 1307
1655390 1307
1655400 1301
1655410 1297
1655420 1297
1655430 1292
1655440 1288
1655450 1288
1655460 1282
1655470 1278
1655480 1278
1655490 1273
1655500 1269
1655510 1269
1655520 1265
1655530 1260
1655540 1260
1655550 1255
1655560 1251
1655570 1247
1655580 1247
1655590 1243
1655600 1238
1655610 1238
1655620 1234
1655630 1229
1655640 1229
1655650 1225
1655660 1221
1655670 1221
1655680 1218
1655690 1213
1655700 1213
1655710 1210
1655720 1206
1655730 1206
1655740 1203
1655750 1201
1655760 1201
1655770 1197
1655780 1194
1655790 1194
1655800 1190
1655810 1186
1655820 1186
1655830 1183
1655840 1181
1655850 1181
1655860 1179
1655870 1176
1655880 1176
1655890 1173
1655900 1170
1655910 1168
1655920 1168
1655930 1166
1655940 1164
1655950 1164
1655960 1162
1655970 1160
1655980 1160
1655990 1157
1656000 1154
1656010 1154
1656020 1151
1656030 1148
1656040 1148
1656050 1146
1656060 1143
1656070 1143
1656080 1140
1656090 1138
1656100 1138
1656110 1135
1656120 1132
1656130 1132
1656140 1128
1656150 1125
1656160 1125
1656170 1122
1656180 1118
1656190 1118
1656200 1114
1656210 1108
1656220 1108
1656230 1100
1656240 1092
1656250 1090
1656260 1090
1656270 1095
1656280 1104
1656290 1104
1656300 1110
1656310 1114
1656320 1114
1656330 1117
1656340 1121
1656350 1121
1656360 1125
1656370 1129
1656380 1129
1656390 1132
1656400 1135
1656410 1135
1656420 1138
1656430 1140
1656440 1140
1656450 1139
1656460 1136
1656470 1136
1656480 1129
1656490 1122
1656500 1122
1656510 1114
1656520 1107
1656530 1107
1656540 1099
1656550 1091
1656560 1085
1656570 1085
1656580 1078
1656590 1072
1656600 1072
1656610 1067
1656620 1063
1656630 1063
1656640 1059
1656650 1056
1656660 1056
1656670 1054
1656680 1053
1656690 1053
1656700 1052
1656710 1048
1656720 1048
1656730 1044
1656740 1040
1656750 1040
1656760 1035
1656770 1031
1656780 1031
1656790 1028
1656800 1029
1656810 1029
1656820 1032
1656830 1038
1656840 1038
1656850 1042
1656860 1045
1656870 1045
1656880 1049
1656890 1053
1656900 1058
1656910 1058
1656920 1063
1656930 1068
1656940 1068
1656950 1076
1656960 1081
1656970 1081
1656980 1087
1656990 1093
1657000 1093
1657010 1099
1657020 1105
1657030 1105
1657040 1111
1657050 1118
1657060 1118
1657070 1127
1657080 1131
1657090 1131
1657100 1134
1657110 1136
1657120 1136
1657130 1137
1657140 1137
1657150 1137
1657160 1135
1657170 1132
1657180 1132
1657190 1128
1657200 1125
1657210 1124
1657220 1124
1657230 1125
1657240 1127
1657250 1127
1657260 1128
1657270 1130
1657280 1130
1657290 1132
1657300 1134
1657310 1134
1657320 1136
1657330 1138
1657340 1138
1657350 1140
1657360 1142
1657370 1142
1657380 1144
1657390 1146
1657400 1146
1657410 1148
1657420 1149
1657430 1149
1657440 1151
1657450 1151
1657460 1151
1657470 1152
1657480 1153
1657490 1153
1657500 1154
1657510 1154
1657520 1154
1657530 1154
1657540 1153
1657550 1153
1657560 1153
1657570 1152
1657580 1152
1657590 1152
1657600 1151
1657610 1150
1657620 1150
1657630 1149
1657640 1148
1657650 1148
1657660 1146
1657670 1143
1657680 1143
1657690 1142
1657700 1137
1657710 1137
1657720 1132
1657730 1129
1657740 1129
1657750 1125
1657760 1122
1657770 1122
1657780 1117
1657790 1111
1657800 1111
1657810 1104
1657820 1095
1657830 1095
1657840 1086
1657850 1080
1657860 1080
1657870 1075
1657880 1068
1657890 1062
1657900 1062
1657910 1063
1657920 1072
1657930 1072
1657940 1083
1657950 1096
1657960 1096
1657970 1107
1657980 1118
1657990 1118
1658000 1130
1658010 1138
1658020 1138
1658030 1144
1658040 1150
1658050 1150
1658060 1156
1658070 1161
1658080 1161
1658090 1167
1658100 1171
1658110 1171
1658120 1175
1658130 1179
1658140 1179
1658150 1184
1658160 1189
1658170 1189
1658180 1194
1658190 1197
1658200 1195
1658210 1195
1658220 1188
1658230 1183
1658240 1183
1658250 1177
1658260 1171
1658270 1171
1658280 1165
1658290 1159
1658300 1159
1658310 1152
1658320 1145
1658330 1145
1658340 1146
1658350 1153
1658360 1153
1658370 1157
1658380 1156
1658390 1156
1658400 1153
1658410 1151
1658420 1151
1658430 1162
1658440 1161
1658450 1161
1658460 1159
1658470 1152
1658480 1152
1658490 1146
1658500 1139
1658510 1139
1658520 1134
1658530 1132
1658540 1132
1658550 1132
1658560 1131
1658570 1129
1658580 1129
1658590 1123
1658600 1121
1658610 1121
1658620 1119
1658630 1124
1658640 1124
1658650 1126
1658660 1129
1658670 1129
1658680 1134
1658690 1139
1658700 1139
1658710 1145
1658720 1151
1658730 1151
1658740 1157
1658750 1163
1658760 1163
1658770 1170
1658780 1177
1658790 1177
1658800 1185
1658810 1193
1658820 1193
1658830 1198
1658840 1200
1658850 1205
1658860 1205
1658870 1208
1658880 1210
1658890 1210
1658900 1212
1658910 1215
1658920 1215
1658930 1217
1658940 1218
1658950 1218
1658960 1220
1658970 1222
1658980 1222
1658990 1225
1659000 1230
1659010 1230
1659020 1232
1659030 1227
1659040 1227
1659050 1223
1659060 1221
1659070 1221
1659080 1222
1659090 1225
1659100 1225
1659110 1227
1659120 1228
1659130 1228
1659140 1229
1659150 1231
1659160 1237
1659170 1238
1659180 1239
1659190 1240
1659200 1240
1659210 1243
1659220 1246
1659230 1246
1659240 1245
1659250 1244
1659260 1244
1659270 1243
1659280 1243
1659290 1243
1659300 1242
1659310 1242
1659320 1242
1659330 1241
1659340 1240
1659350 1240
1659360 1238
1659370 1236
1659380 1236
1659390 1235
1659400 1234
1659410 1234
1659420 1230
1659430 1224
1659440 1224
1659450 1217
1659460 1209
1659470 1209
1659480 1202
1659490 1196
1659500 1192
1659510 1192
1659520 1186
1659530 1180
1659540 1180
1659550 1174
1659560 1169
1659570 1169
1659580 1165
1659590 1161
1659600 1161
1659610 1155
1659620 1149
1659630 1149
1659640 1143
1659650 1137
1659660 1137
1659670 1132
1659680 1127
1659690 1127
1659700 1121
1659710 1116
1659720 1116
1659730 1111
1659740 1106
1659750 1106
1659760 1099
1659770 1092
1659780 1092
1659790 1086
1659800 1079
1659810 1079
1659820 1072
1659830 1066
1659840 1060
1659850 1060
1659860 1054
1659870 1047
1659880 1047
1659890 1037
1659900 1030
1659910 1030
1659920 1024
1659930 1017
1659940 1017
1659950 1010
1659960 1004
1659970 1004
1659980 997
1659990 991
