1640000 1703
1640010 1705
1640020 1707
1640030 1707
1640040 1709
1640050 1711
1640060 1711
1640070 1712
1640080 1713
1640090 1713
1640100 1714
1640110 1715
1640120 1715
1640130 1716
1640140 1716
1640150 1716
1640160 1714
1640170 1709
1640180 1709
1640190 1707
1640200 1704
1640210 1704
1640220 1702
1640230 1697
1640240 1697
1640250 1689
1640260 1681
1640270 1681
1640280 1674
1640290 1669
1640300 1669
1640310 1663
1640320 1657
1640330 1657
1640340 1651
1640350 1645
1640360 1639
1640370 1639
1640380 1634
1640390 1628
1640400 1634
1640410 1629
1640420 1625
1640430 1625
1640440 1620
1640450 1616
1640460 1616
1640470 1612
1640480 1607
1640490 1607
1640500 1603
1640510 1599
1640520 1599
1640530 1595
1640540 1591
1640550 1591
1640560 1589
1640570 1587
1640580 1587
1640590 1586
1640600 1585
1640610 1585
1640620 1584
1640630 1584
1640640 1584
1640650 1585
1640660 1586
1640670 1589
1640680 1589
1640690 1589
1640700 1587
1640710 1587
1640720 1588
1640730 1589
1640740 1589
1640750 1588
1640760 1585
1640770 1585
1640780 1582
1640790 1581
1640800 1581
1640810 1586
1640820 1589
1640830 1589
1640840 1586
1640850 1575
1640860 1575
1640870 1565
1640880 1559
1640890 1559
1640900 1557
1640910 1555
1640920 1555
1640930 1553
1640940 1549
1640950 1549
1640960 1540
1640970 1532
1640980 1532
1640990 1523
1641000 1515
1641010 1507
1641020 1507
1641030 1500
1641040 1493
1641050 1493
1641060 1485
1641070 1478
1641080 1478
1641090 1471
1641100 1463
1641110 1463
1641120 1456
1641130 1448
1641140 1448
1641150 1441
1641160 1435
1641170 1435
1641180 1428
1641190 1422
1641200 1422
1641210 1417
1641220 1415
1641230 1415
1641240 1412
1641250 1410
1641260 1410
1641270 1407
1641280 1403
1641290 1403
1641300 1400
1641310 1397
1641320 1397
1641330 1394
1641340 1392
1641350 1390
1641360 1390
1641370 1387
1641380 1385
1641390 1385
1641400 1381
1641410 1375
1641420 1375
1641430 1369
1641440 1363
1641450 1363
1641460 1359
1641470 1355
1641480 1355
1641490 1350
1641500 1344
1641510 1344
1641520 1339
1641530 1334
1641540 1334
1641550 1328
1641560 1322
1641570 1322
1641580 1316
1641590 1311
1641600 1311
1641610 1305
1641620 1299
1641630 1299
1641640 1294
1641650 1289
1641660 1289
1641670 1282
1641680 1276
1641690 1278
1641700 1278
1641710 1275
1641720 1267
1641730 1267
1641740 1261
1641750 1261
1641760 1261
1641770 1268
1641780 1276
1641790 1276
1641800 1285
1641810 1287
1641820 1287
1641830 1286
1641840 1279
1641850 1279
1641860 1278
1641870 1280
1641880 1280
1641890 1282
1641900 1283
1641910 1283
1641920 1282
1641930 1281
1641940 1281
1641950 1279
1641960 1277
1641970 1277
1641980 1274
1641990 1271
1642000 1271
1642010 1268
1642020 1265
1642030 1264
1642040 1259
1642050 1256
1642060 1254
1642070 1254
1642080 1253
1642090 1249
1642100 1249
1642110 1252
1642120 1255
1642130 1255
1642140 1257
1642150 1260
1642160 1260
1642170 1262
1642180 1262
1642190 1262
1642200 1263
1642210 1264
1642220 1264
1642230 1266
1642240 1269
1642250 1269
1642260 1272
1642270 1273
1642280 1273
1642290 1272
1642300 1272
1642310 1272
1642320 1273
1642330 1274
1642340 1274
1642350 1276
1642360 1279
1642370 1284
1642380 1284
1642390 1290
1642400 1295
1642410 1295
1642420 1298
1642430 1299
1642440 1299
1642450 1302
1642460 1307
1642470 1307
1642480 1313
1642490 1317
1642500 1317
1642510 1321
1642520 1324
1642530 1324
1642540 1326
1642550 1329
1642560 1329
1642570 1332
1642580 1335
1642590 1335
1642600 1337
1642610 1339
1642620 1339
1642630 1340
1642640 1342
1642650 1342
1642660 1344
1642670 1345
1642680 1345
1642690 1348
1642700 1353
1642710 1358
1642720 1358
1642730 1361
1642740 1361
1642750 1361
1642760 1365
1642770 1371
1642780 1371
1642790 1379
1642800 1385
1642810 1385
1642820 1391
1642830 1394
1642840 1394
1642850 1393
1642860 1395
1642870 1395
1642880 1395
1642890 1394
1642900 1394
1642910 1394
1642920 1395
1642930 1395
1642940 1393
1642950 1389
1642960 1389
1642970 1386
1642980 1382
1642990 1382
1643000 1379
1643010 1375
1643020 1375
1643030 1373
1643040 1369
1643050 1365
1643060 1365
1643070 1360
1643080 1356
1643090 1356
1643100 1351
1643110 1346
1643120 1346
1643130 1340
1643140 1335
1643150 1335
1643160 1330
1643170 1324
1643180 1324
1643190 1319
1643200 1315
1643210 1315
1643220 1311
1643230 1307
1643240 1307
1643250 1303
1643260 1299
1643270 1299
1643280 1295
1643290 1290
1643300 1290
1643310 1285
1643320 1280
1643330 1280
1643340 1275
1643350 1270
1643360 1270
1643370 1265
1643380 1260
1643390 1253
1643400 1253
1643410 1245
1643420 1236
1643430 1236
1643440 1233
1643450 1239
1643460 1239
1643470 1247
1643480 1251
1643490 1251
1643500 1252
1643510 1252
1643520 1252
1643530 1252
1643540 1251
1643550 1251
1643560 1250
1643570 1249
1643580 1249
1643590 1248
1643600 1247
1643610 1247
1643620 1247
1643630 1244
1643640 1244
1643650 1246
1643660 1253
1643670 1253
1643680 1259
1643690 1263
1643700 1263
1643710 1268
1643720 1273
1643730 1277
1643740 1277
1643750 1280
1643760 1282
1643770 1282
1643780 1284
1643790 1287
1643800 1287
1643810 1290
1643820 1293
1643830 1293
1643840 1298
1643850 1301
1643860 1301
1643870 1304
1643880 1307
1643890 1307
1643900 1309
1643910 1311
1643920 1311
1643930 1314
1643940 1316
1643950 1316
1643960 1319
1643970 1322
1643980 1322
1643990 1329
1644000 1334
1644010 1334
1644020 1339
1644030 1344
1644040 1344
1644050 1350
1644060 1352
1644070 1357
1644080 1357
1644090 1361
1644100 1362
1644110 1362
1644120 1363
1644130 1364
1644140 1364
1644150 1364
1644160 1364
1644170 1364
1644180 1364
1644190 1365
1644200 1365
1644210 1367
1644220 1369
1644230 1369
1644240 1373
1644250 1375
1644260 1375
1644270 1378
1644280 1384
1644290 1384
1644300 1391
1644310 1394
1644320 1394
1644330 1396
1644340 1398
1644350 1398
1644360 1399
1644370 1401
1644380 1401
1644390 1402
1644400 1404
1644410 1406
1644420 1406
1644430 1408
1644440 1412
1644450 1408
1644460 1413
1644470 1415
1644480 1415
1644490 1416
1644500 1413
1644510 1413
1644520 1409
1644530 1405
1644540 1405
1644550 1401
1644560 1399
1644570 1399
1644580 1396
1644590 1393
1644600 1393
1644610 1388
1644620 1383
1644630 1383
1644640 1378
1644650 1374
1644660 1374
1644670 1369
1644680 1362
1644690 1362
1644700 1357
1644710 1351
1644720 1351
1644730 1344
1644740 1338
1644750 1333
1644760 1333
1644770 1326
1644780 1320
1644790 1320
1644800 1314
1644810 1308
1644820 1308
1644830 1301
1644840 1295
1644850 1295
1644860 1289
1644870 1283
1644880 1283
1644890 1278
1644900 1273
1644910 1273
1644920 1268
1644930 1263
1644940 1263
1644950 1257
1644960 1252
1644970 1252
1644980 1247
1644990 1243
1645000 1243
1645010 1238
1645020 1233
1645030 1233
1645040 1228
1645050 1222
1645060 1222
1645070 1218
1645080 1213
1645090 1208
1645100 1208
1645110 1204
1645120 1199
1645130 1199
1645140 1194
1645150 1189
1645160 1189
1645170 1185
1645180 1180
1645190 1180
1645200 1176
1645210 1171
1645220 1171
1645230 1167
1645240 1163
1645250 1163
1645260 1160
1645270 1157
1645280 1157
1645290 1153
1645300 1151
1645310 1151
1645320 1147
1645330 1143
1645340 1143
1645350 1140
1645360 1136
1645370 1136
1645380 1133
1645390 1129
1645400 1129
1645410 1125
1645420 1120
1645430 1116
1645440 1116
1645450 1110
1645460 1107
1645470 1107
1645480 1101
1645490 1102
1645500 1102
1645510 1102
1645520 1104
1645530 1104
1645540 1108
1645550 1109
1645560 1109
1645570 1113
1645580 1117
1645590 1117
1645600 1120
1645610 1123
1645620 1123
1645630 1126
1645640 1129
1645650 1129
1645660 1131
1645670 1135
1645680 1135
1645690 1140
1645700 1145
1645710 1145
1645720 1151
1645730 1156
1645740 1156
1645750 1162
1645760 1168
1645770 1174
1645780 1174
1645790 1181
1645800 1187
1645810 1187
1645820 1192
1645830 1196
1645840 1196
1645850 1201
1645860 1205
1645870 1205
1645880 1209
1645890 1213
1645900 1213
1645910 1217
1645920 1220
1645930 1220
1645940 1222
1645950 1223
1645960 1223
1645970 1223
1645980 1223
1645990 1223
1646000 1225
1646010 1228
1646020 1228
1646030 1230
1646040 1226
1646050 1226
1646060 1230
1646070 1233
1646080 1233
1646090 1238
1646100 1244
1646110 1247
1646120 1247
1646130 1248
1646140 1248
1646150 1248
1646160 1245
1646170 1240
1646180 1240
1646190 1233
1646200 1226
1646210 1226
1646220 1220
1646230 1214
1646240 1214
1646250 1208
1646260 1201
1646270 1201
1646280 1196
1646290 1189
1646300 1189
1646310 1184
1646320 1181
1646330 1181
1646340 1181
1646350 1182
1646360 1182
1646370 1183
1646380 1183
1646390 1183
1646400 1185
1646410 1187
1646420 1187
1646430 1190
1646440 1192
1646450 1194
1646460 1194
1646470 1196
1646480 1197
1646490 1197
1646500 1198
1646510 1198
1646520 1198
1646530 1197
1646540 1194
1646550 1194
1646560 1189
1646570 1185
1646580 1185
1646590 1179
1646600 1175
1646610 1175
1646620 1171
1646630 1168
1646640 1168
1646650 1165
1646660 1161
1646670 1161
1646680 1155
1646690 1149
1646700 1149
1646710 1142
1646720 1136
1646730 1136
1646740 1132
1646750 1127
1646760 1127
1646770 1123
1646780 1118
1646790 1111
1646800 1111
1646810 1106
1646820 1105
1646830 1100
1646840 1107
1646850 1112
1646860 1112
1646870 1117
1646880 1120
1646890 1120
1646900 1124
1646910 1126
1646920 1126
1646930 1128
1646940 1130
1646950 1130
1646960 1131
1646970 1133
1646980 1133
1646990 1134
1647000 1136
1647010 1136
1647020 1138
1647030 1139
1647040 1139
1647050 1140
1647060 1141
1647070 1141
1647080 1142
1647090 1144
1647100 1144
1647110 1144
1647120 1145
1647130 1142
1647140 1142
1647150 1139
1647160 1135
1647170 1135
1647180 1131
1647190 1126
1647200 1126
1647210 1122
1647220 1119
1647230 1119
1647240 1115
1647250 1111
1647260 1111
1647270 1108
1647280 1104
1647290 1104
1647300 1100
1647310 1096
1647320 1096
1647330 1093
1647340 1089
1647350 1089
1647360 1085
1647370 1082
1647380 1082
1647390 1078
1647400 1073
1647410 1073
1647420 1067
1647430 1066
1647440 1066
1647450 1063
1647460 1062
1647470 1060
1647480 1060
1647490 1058
1647500 1061
1647510 1061
1647520 1068
1647530 1074
1647540 1074
1647550 1078
1647560 1082
1647570 1082
1647580 1085
1647590 1087
1647600 1087
1647610 1089
1647620 1101
1647630 1101
1647640 1108
1647650 1112
1647660 1112
1647670 1113
1647680 1112
1647690 1112
1647700 1109
1647710 1107
1647720 1107
1647730 1110
1647740 1111
1647750 1111
1647760 1113
1647770 1117
1647780 1117
1647790 1122
1647800 1128
1647810 1133
1647820 1133
1647830 1137
1647840 1141
1647850 1141
1647860 1145
1647870 1149
1647880 1149
1647890 1152
1647900 1155
1647910 1155
1647920 1158
1647930 1161
1647940 1161
1647950 1165
1647960 1169
1647970 1169
1647980 1173
1647990 1177
1648000 1177
1648010 1180
1648020 1182
1648030 1182
1648040 1182
1648050 1185
1648060 1185
1648070 1191
1648080 1194
1648090 1194
1648100 1201
1648110 1208
1648120 1208
1648130 1214
1648140 1220
1648150 1227
1648160 1227
1648170 1234
1648180 1241
1648190 1241
1648200 1248
1648210 1255
1648220 1255
1648230 1263
1648240 1269
1648250 1269
1648260 1274
1648270 1278
1648280 1278
1648290 1283
1648300 1288
1648310 1288
1648320 1293
1648330 1297
1648340 1297
1648350 1300
1648360 1304
1648370 1304
1648380 1307
1648390 1310
1648400 1315
1648410 1318
1648420 1321
1648430 1321
1648440 1325
1648450 1330
1648460 1330
1648470 1334
1648480 1339
1648490 1344
1648500 1344
1648510 1349
1648520 1354
1648530 1354
1648540 1359
1648550 1362
1648560 1362
1648570 1360
1648580 1355
1648590 1355
1648600 1350
1648610 1345
1648620 1345
1648630 1343
1648640 1340
1648650 1340
1648660 1339
1648670 1340
1648680 1340
1648690 1340
1648700 1340
1648710 1340
1648720 1340
1648730 1341
1648740 1341
1648750 1341
1648760 1341
1648770 1341
1648780 1341
1648790 1341
1648800 1341
1648810 1341
1648820 1341
1648830 1338
1648840 1338
1648850 1335
1648860 1329
1648870 1329
1648880 1331
1648890 1335
1648900 1335
1648910 1339
1648920 1344
1648930 1344
1648940 1347
1648950 1351
1648960 1351
1648970 1353
1648980 1354
1648990 1354
1649000 1354
1649010 1354
1649020 1354
1649030 1353
1649040 1352
1649050 1352
1649060 1352
1649070 1360
1649080 1360
1649090 1365
1649100 1370
1649110 1370
1649120 1375
1649130 1379
1649140 1382
1649150 1382
1649160 1384
1649170 1385
1649180 1392
1649190 1393
1649200 1394
1649210 1394
1649220 1395
1649230 1397
1649240 1397
1649250 1399
1649260 1401
1649270 1401
1649280 1404
1649290 1407
1649300 1407
1649310 1410
1649320 1413
1649330 1413
1649340 1415
1649350 1417
1649360 1417
1649370 1419
1649380 1421
1649390 1421
1649400 1424
1649410 1426
1649420 1426
1649430 1429
1649440 1431
1649450 1431
1649460 1433
1649470 1436
1649480 1439
1649490 1439
1649500 1441
1649510 1444
1649520 1444
1649530 1446
1649540 1452
1649550 1452
1649560 1458
1649570 1462
1649580 1462
1649590 1467
1649600 1471
1649610 1471
1649620 1474
1649630 1477
1649640 1477
1649650 1479
1649660 1481
1649670 1481
1649680 1482
1649690 1483
1649700 1483
1649710 1485
1649720 1486
1649730 1486
1649740 1488
1649750 1489
1649760 1489
1649770 1491
1649780 1493
1649790 1493
1649800 1495
1649810 1498
1649820 1501
1649830 1501
1649840 1503
1649850 1506
1649860 1506
1649870 1509
1649880 1511
1649890 1511
1649900 1512
1649910 1513
1649920 1513
1649930 1513
1649940 1513
1649950 1513
1649960 1521
1649970 1520
1649980 1520
1649990 1519
1650000 1525
1650010 1525
1650020 1530
1650030 1534
1650040 1534
1650050 1538
1650060 1541
1650070 1541
1650080 1545
1650090 1549
1650100 1549
1650110 1553
1650120 1554
1650130 1554
1650140 1556
1650150 1560
1650160 1564
1650170 1564
1650180 1569
1650190 1574
1650200 1574
1650210 1578
1650220 1583
1650230 1583
1650240 1587
1650250 1590
1650260 1590
1650270 1594
1650280 1597
1650290 1597
1650300 1600
1650310 1603
1650320 1603
1650330 1603
1650340 1603
1650350 1603
1650360 1603
1650370 1602
1650380 1602
1650390 1602
1650400 1603
1650410 1603
1650420 1602
1650430 1599
1650440 1599
1650450 1600
1650460 1602
1650470 1602
1650480 1603
1650490 1603
1650500 1603
1650510 1603
1650520 1602
1650530 1601
1650540 1601
1650550 1601
1650560 1600
1650570 1600
1650580 1597
1650590 1591
1650600 1591
1650610 1585
1650620 1579
1650630 1579
1650640 1573
1650650 1567
1650660 1567
1650670 1562
1650680 1560
1650690 1560
1650700 1556
1650710 1550
1650720 1550
1650730 1546
1650740 1540
1650750 1540
1650760 1536
1650770 1531
1650780 1531
1650790 1526
1650800 1520
1650810 1520
1650820 1514
1650830 1510
1650840 1504
1650850 1504
1650860 1498
1650870 1493
1650880 1493
1650890 1488
1650900 1484
1650910 1484
1650920 1480
1650930 1477
1650940 1477
1650950 1474
1650960 1470
1650970 1470
1650980 1464
1650990 1457
1651000 1457
1651010 1453
1651020 1451
1651030 1451
1651040 1447
1651050 1444
1651060 1444
1651070 1440
1651080 1436
1651090 1436
1651100 1432
1651110 1427
1651120 1427
1651130 1423
1651140 1417
1651150 1417
1651160 1413
1651170 1409
1651180 1403
1651190 1403
1651200 1398
1651210 1393
1651220 1393
1651230 1389
1651240 1383
1651250 1383
1651260 1376
1651270 1369
1651280 1369
1651290 1363
1651300 1357
1651310 1357
1651320 1352
1651330 1348
1651340 1348
1651350 1344
1651360 1340
1651370 1340
1651380 1335
1651390 1329
1651400 1329
1651410 1323
1651420 1318
1651430 1318
1651440 1315
1651450 1312
1651460 1312
1651470 1308
1651480 1302
1651490 1302
1651500 1299
1651510 1291
1651520 1284
1651530 1284
1651540 1277
1651550 1273
1651560 1273
1651570 1270
1651580 1270
1651590 1270
1651600 1268
1651610 1267
1651620 1267
1651630 1265
1651640 1261
1651650 1261
1651660 1259
1651670 1260
1651680 1260
1651690 1268
1651700 1276
1651710 1276
1651720 1284
1651730 1292
1651740 1292
1651750 1299
1651760 1305
1651770 1305
1651780 1307
1651790 1307
1651800 1307
1651810 1308
1651820 1309
1651830 1309
1651840 1310
1651850 1312
1651860 1314
1651870 1314
1651880 1316
1651890 1318
1651900 1318
1651910 1320
1651920 1323
1651930 1323
1651940 1326
1651950 1332
1651960 1332
1651970 1337
1651980 1340
1651990 1340
1652000 1345
1652010 1349
1652020 1349
1652030 1353
1652040 1357
1652050 1357
1652060 1363
1652070 1369
1652080 1369
1652090 1373
1652100 1378
1652110 1378
1652120 1382
1652130 1384
1652140 1384
1652150 1385
1652160 1387
1652170 1387
1652180 1389
1652190 1391
1652200 1396
1652210 1396
1652220 1402
1652230 1405
1652240 1405
1652250 1410
1652260 1413
1652270 1413
1652280 1421
1652290 1429
1652300 1429
1652310 1438
1652320 1446
1652330 1446
1652340 1454
1652350 1459
1652360 1459
1652370 1463
1652380 1467
1652390 1467
1652400 1472
1652410 1472
1652420 1472
1652430 1471
1652440 1472
1652450 1472
1652460 1476
1652470 1479
1652480 1479
1652490 1478
1652500 1474
1652510 1474
1652520 1468
1652530 1465
1652540 1463
1652550 1463
1652560 1461
1652570 1459
1652580 1459
1652590 1460
1652600 1459
1652610 1459
1652620 1458
1652630 1458
1652640 1458
1652650 1460
1652660 1461
1652670 1461
1652680 1460
1652690 1461
1652700 1461
1652710 1463
1652720 1465
1652730 1465
1652740 1463
1652750 1464
1652760 1464
1652770 1469
1652780 1477
1652790 1477
1652800 1475
1652810 1476
1652820 1476
1652830 1483
1652840 1494
1652850 1494
1652860 1504
1652870 1511
1652880 1515
1652890 1515
1652900 1515
1652910 1510
1652920 1510
1652930 1505
1652940 1501
1652950 1501
1652960 1498
1652970 1492
1652980 1492
1652990 1481
1653000 1469
1653010 1469
1653020 1461
1653030 1467
1653040 1467
1653050 1474
1653060 1479
1653070 1479
1653080 1487
1653090 1494
1653100 1494
1653110 1500
1653120 1503
1653130 1503
1653140 1507
1653150 1512
1653160 1512
1653170 1516
1653180 1519
1653190 1519
1653200 1523
1653210 1526
1653220 1528
1653230 1528
1653240 1532
1653250 1537
1653260 1537
1653270 1542
1653280 1547
1653290 1547
1653300 1553
1653310 1558
1653320 1558
1653330 1562
1653340 1565
1653350 1565
1653360 1570
1653370 1577
1653380 1577
1653390 1584
1653400 1590
1653410 1590
1653420 1595
1653430 1600
1653440 1600
1653450 1606
1653460 1611
1653470 1611
1653480 1617
1653490 1624
1653500 1624
1653510 1631
1653520 1639
1653530 1639
1653540 1646
1653550 1653
1653560 1660
1653570 1660
1653580 1666
1653590 1671
1653600 1671
1653610 1680
1653620 1687
1653630 1687
1653640 1694
1653650 1700
1653660 1700
1653670 1708
1653680 1714
1653690 1714
1653700 1721
1653710 1728
1653720 1728
1653730 1736
1653740 1744
1653750 1744
1653760 1751
1653770 1759
1653780 1756
1653790 1763
1653800 1776
1653810 1776
1653820 1784
1653830 1791
1653840 1791
1653850 1800
1653860 1808
1653870 1808
1653880 1814
1653890 1821
1653900 1827
1653910 1827
1653920 1831
1653930 1832
1653940 1832
1653950 1834
1653960 1837
1653970 1837
1653980 1841
1653990 1845
1654000 1845
1654010 1844
1654020 1842
1654030 1842
1654040 1839
1654050 1834
1654060 1834
1654070 1828
1654080 1821
1654090 1821
1654100 1813
1654110 1800
1654120 1800
1654130 1790
1654140 1783
1654150 1783
1654160 1778
1654170 1782
1654180 1782
1654190 1783
1654200 1770
1654210 1770
1654220 1751
1654230 1741
1654240 1737
1654250 1737
1654260 1730
1654270 1722
1654280 1722
1654290 1711
1654300 1694
1654310 1694
1654320 1683
1654330 1674
1654340 1674
1654350 1666
1654360 1658
1654370 1658
1654380 1651
1654390 1643
1654400 1643
1654410 1632
1654420 1625
1654430 1625
1654440 1618
1654450 1611
1654460 1611
1654470 1605
1654480 1597
1654490 1597
1654500 1590
1654510 1583
1654520 1583
1654530 1575
1654540 1568
1654550 1568
1654560 1562
1654570 1556
1654580 1550
1654590 1550
1654600 1545
1654610 1539
1654620 1539
1654630 1532
1654640 1526
1654650 1526
1654660 1519
1654670 1512
1654680 1512
1654690 1506
1654700 1499
1654710 1499
1654720 1493
1654730 1488
1654740 1488
1654750 1482
1654760 1477
1654770 1477
1654780 1472
1654790 1467
1654800 1467
1654810 1463
1654820 1459
1654830 1459
1654840 1454
1654850 1450
1654860 1450
1654870 1446
1654880 1443
1654890 1443
1654900 1441
1654910 1439
1654920 1437
1654930 1437
1654940 1435
1654950 1433
1654960 1433
1654970 1431
1654980 1429
1654990 1429
1655000 1427
1655010 1425
1655020 1425
1655030 1423
1655040 1421
1655050 1421
1655060 1419
1655070 1417
1655080 1417
1655090 1415
1655100 1413
1655110 1413
1655120 1410
1655130 1407
1655140 1407
1655150 1405
1655160 1403
1655170 1403
1655180 1402
1655190 1399
1655200 1399
1655210 1397
1655220 1394
1655230 1394
1655240 1390
1655250 1385
1655260 1383
1655270 1383
1655280 1381
1655290 1381
1655300 1381
1655310 1378
1655320 1373
1655330 1373
1655340 1367
1655350 1362
1655360 1362
1655370 1357
1655380 1353
1655390 1353
1655400 1347
1655410 1342
1655420 1342
1655430 1337
1655440 1333
1655450 1333
1655460 1329
1655470 1326
1655480 1326
1655490 1322
1655500 1318
1655510 1318
1655520 1315
1655530 1314
1655540 1314
1655550 1313
1655560 1312
1655570 1312
1655580 1310
1655590 1308
1655600 1305
1655610 1305
1655620 1301
1655630 1298
1655640 1298
1655650 1295
1655660 1293
1655670 1293
1655680 1291
1655690 1288
1655700 1288
1655710 1287
1655720 1285
1655730 1285
1655740 1283
1655750 1281
1655760 1281
1655770 1280
1655780 1278
1655790 1278
1655800 1277
1655810 1278
1655820 1278
1655830 1279
1655840 1279
1655850 1279
1655860 1280
1655870 1279
1655880 1279
1655890 1279
1655900 1280
1655910 1280
1655920 1282
1655930 1283
1655940 1284
1655950 1284
1655960 1283
1655970 1283
1655980 1283
1655990 1282
1656000 1283
1656010 1283
1656020 1286
1656030 1284
1656040 1284
1656050 1285
1656060 1285
1656070 1285
1656080 1285
1656090 1284
1656100 1284
1656110 1281
1656120 1280
1656130 1280
1656140 1280
1656150 1279
1656160 1279
1656170 1279
1656180 1280
1656190 1280
1656200 1281
1656210 1281
1656220 1281
1656230 1281
1656240 1282
1656250 1282
1656260 1282
1656270 1281
1656280 1281
1656290 1281
1656300 1282
1656310 1283
1656320 1283
1656330 1285
1656340 1288
1656350 1288
1656360 1290
1656370 1292
1656380 1292
1656390 1293
1656400 1294
1656410 1294
1656420 1297
1656430 1300
1656440 1300
1656450 1301
1656460 1302
1656470 1302
1656480 1302
1656490 1302
1656500 1302
1656510 1302
1656520 1304
1656530 1304
1656540 1306
1656550 1308
1656560 1308
1656570 1309
1656580 1309
1656590 1309
1656600 1308
1656610 1308
1656620 1309
1656630 1309
1656640 1311
1656650 1313
1656660 1313
1656670 1316
1656680 1319
1656690 1319
1656700 1323
1656710 1327
1656720 1327
1656730 1331
1656740 1333
1656750 1333
1656760 1334
1656770 1328
1656780 1328
1656790 1327
1656800 1326
1656810 1326
1656820 1325
1656830 1323
1656840 1323
1656850 1323
1656860 1322
1656870 1322
1656880 1319
1656890 1315
1656900 1315
1656910 1312
1656920 1309
1656930 1309
1656940 1307
1656950 1305
1656960 1303
1656970 1303
1656980 1302
1656990 1300
1657000 1300
1657010 1300
1657020 1299
1657030 1299
1657040 1299
1657050 1299
1657060 1299
1657070 1299
1657080 1298
1657090 1298
1657100 1299
1657110 1301
1657120 1301
1657130 1303
1657140 1304
1657150 1304
1657160 1303
1657170 1302
1657180 1302
1657190 1304
1657200 1307
1657210 1307
1657220 1308
1657230 1308
1657240 1308
1657250 1309
1657260 1310
1657270 1310
1657280 1311
1657290 1312
1657300 1315
1657310 1315
1657320 1318
1657330 1321
1657340 1321
1657350 1324
1657360 1328
1657370 1328
1657380 1331
1657390 1334
1657400 1334
1657410 1336
1657420 1337
1657430 1337
1657440 1339
1657450 1342
1657460 1342
1657470 1345
1657480 1350
1657490 1350
1657500 1355
1657510 1364
1657520 1364
1657530 1370
1657540 1375
1657550 1375
1657560 1379
1657570 1384
1657580 1384
1657590 1388
1657600 1392
1657610 1392
1657620 1395
1657630 1399
1657640 1401
1657650 1401
1657660 1404
1657670 1404
1657680 1404
1657690 1405
1657700 1408
1657710 1408
1657720 1411
1657730 1415
1657740 1415
1657750 1420
1657760 1424
1657770 1424
1657780 1427
1657790 1428
1657800 1428
1657810 1430
1657820 1431
1657830 1431
1657840 1432
1657850 1434
1657860 1434
1657870 1437
1657880 1443
1657890 1443
1657900 1450
1657910 1456
1657920 1456
1657930 1459
1657940 1461
1657950 1461
1657960 1462
1657970 1463
1657980 1463
1657990 1463
1658000 1464
1658010 1467
1658020 1467
1658030 1471
1658040 1476
1658050 1476
1658060 1481
1658070 1485
1658080 1485
1658090 1488
1658100 1491
1658110 1491
1658120 1494
1658130 1499
1658140 1499
1658150 1505
1658160 1511
1658170 1511
1658180 1517
1658190 1521
1658200 1521
1658210 1527
1658220 1534
1658230 1534
1658240 1540
1658250 1547
1658260 1547
1658270 1551
1658280 1556
1658290 1556
1658300 1562
1658310 1567
1658320 1573
1658330 1573
1658340 1578
1658350 1583
1658360 1583
1658370 1587
1658380 1592
1658390 1592
1658400 1594
1658410 1597
1658420 1597
1658430 1603
1658440 1610
1658450 1610
1658460 1614
1658470 1619
1658480 1619
1658490 1625
1658500 1632
1658510 1632
1658520 1638
1658530 1645
1658540 1645
1658550 1651
1658560 1659
1658570 1659
1658580 1667
1658590 1676
1658600 1676
1658610 1688
1658620 1699
1658630 1699
1658640 1708
1658650 1716
1658660 1724
1658670 1724
1658680 1732
1658690 1740
1658700 1740
1658710 1748
1658720 1756
1658730 1756
1658740 1762
1658750 1762
1658760 1762
1658770 1765
1658780 1762
1658790 1762
1658800 1761
1658810 1755
1658820 1755
1658830 1751
1658840 1750
1658850 1750
1658860 1752
1658870 1753
1658880 1753
1658890 1753
1658900 1755
1658910 1755
1658920 1756
1658930 1758
1658940 1758
1658950 1752
1658960 1742
1658970 1742
1658980 1733
1658990 1719
1659000 1712
1659010 1712
1659020 1705
1659030 1698
1659040 1698
1659050 1692
1659060 1686
1659070 1686
1659080 1680
1659090 1674
1659100 1674
1659110 1667
1659120 1662
1659130 1662
1659140 1655
1659150 1649
1659160 1649
1659170 1643
1659180 1638
1659190 1638
1659200 1636
1659210 1634
1659220 1634
1659230 1633
1659240 1630
1659250 1630
1659260 1627
1659270 1625
1659280 1625
1659290 1623
1659300 1622
1659310 1622
1659320 1620
1659330 1617
1659340 1616
1659350 1616
1659360 1616
1659370 1617
1659380 1617
1659390 1616
1659400 1615
1659410 1615
1659420 1615
1659430 1613
1659440 1613
1659450 1611
1659460 1607
1659470 1607
1659480 1604
1659490 1601
1659500 1601
1659510 1599
1659520 1597
1659530 1597
1659540 1593
1659550 1588
1659560 1588
1659570 1584
1659580 1578
1659590 1578
1659600 1578
1659610 1585
1659620 1585
1659630 1591
1659640 1596
1659650 1596
1659660 1597
1659670 1600
1659680 1602
1659690 1602
1659700 1602
1659710 1602
1659720 1595
1659730 1596
1659740 1597
1659750 1597
1659760 1597
1659770 1598
1659780 1598
1659790 1600
1659800 1604
1659810 1604
1659820 1610
1659830 1617
1659840 1617
1659850 1623
1659860 1630
1659870 1630
1659880 1637
1659890 1644
1659900 1644
1659910 1651
1659920 1650
1659930 1650
1659940 1650
1659950 1646
1659960 1646
1659970 1644
1659980 1645
1659990 1645
