1640000 1788
1640010 1788
1640020 1793
1640030 1798
1640040 1798
1640050 1798
1640060 1794
1640070 1789
1640080 1789
1640090 1784
1640100 1779
1640110 1779
1640120 1774
1640130 1769
1640140 1769
1640150 1763
1640160 1757
1640170 1757
1640180 1751
1640190 1743
1640200 1743
1640210 1737
1640220 1731
1640230 1731
1640240 1725
1640250 1719
1640260 1719
1640270 1712
1640280 1706
1640290 1706
1640300 1700
1640310 1694
1640320 1694
1640330 1687
1640340 1680
1640350 1680
1640360 1672
1640370 1666
1640380 1666
1640390 1660
1640400 1653
1640410 1646
1640420 1646
1640430 1640
1640440 1633
1640450 1633
1640460 1626
1640470 1620
1640480 1620
1640490 1613
1640500 1606
1640510 1606
1640520 1600
1640530 1593
1640540 1593
1640550 1587
1640560 1581
1640570 1581
1640580 1575
1640590 1569
1640600 1569
1640610 1563
1640620 1557
1640630 1557
1640640 1552
1640650 1546
1640660 1546
1640670 1541
1640680 1535
1640690 1535
1640700 1530
1640710 1525
1640720 1525
1640730 1521
1640740 1516
1640750 1513
1640760 1513
1640770 1510
1640780 1506
1640790 1506
1640800 1504
1640810 1501
1640820 1501
1640830 1499
1640840 1497
1640850 1497
1640860 1493
1640870 1490
1640880 1490
1640890 1486
1640900 1482
1640910 1482
1640920 1478
1640930 1474
1640940 1474
1640950 1471
1640960 1467
1640970 1467
1640980 1465
1640990 1465
1641000 1465
1641010 1464
1641020 1463
1641030 1463
1641040 1460
1641050 1457
1641060 1457
1641070 1455
1641080 1452
1641090 1447
1641100 1447
1641110 1443
1641120 1439
1641130 1439
1641140 1433
1641150 1426
1641160 1426
1641170 1418
1641180 1412
1641190 1412
1641200 1411
1641210 1408
1641220 1408
1641230 1404
1641240 1400
1641250 1400
1641260 1397
1641270 1394
1641280 1394
1641290 1390
1641300 1385
1641310 1385
1641320 1380
1641330 1376
1641340 1376
1641350 1371
1641360 1366
1641370 1366
1641380 1361
1641390 1358
1641400 1358
1641410 1355
1641420 1352
1641430 1349
1641440 1349
1641450 1347
1641460 1344
1641470 1344
1641480 1342
1641490 1339
1641500 1339
1641510 1337
1641520 1335
1641530 1335
1641540 1332
1641550 1328
1641560 1328
1641570 1326
1641580 1325
1641590 1325
1641600 1329
1641610 1333
1641620 1333
1641630 1332
1641640 1328
1641650 1328
1641660 1326
1641670 1324
1641680 1324
1641690 1323
1641700 1322
1641710 1322
1641720 1323
1641730 1319
1641740 1319
1641750 1312
1641760 1305
1641770 1297
1641780 1297
1641790 1290
1641800 1284
1641810 1284
1641820 1281
1641830 1272
1641840 1272
1641850 1262
1641860 1250
1641870 1250
1641880 1240
1641890 1230
1641900 1230
1641910 1220
1641920 1210
1641930 1210
1641940 1202
1641950 1195
1641960 1195
1641970 1189
1641980 1182
1641990 1182
1642000 1176
1642010 1170
1642020 1170
1642030 1164
1642040 1158
1642050 1158
1642060 1153
1642070 1148
1642080 1148
1642090 1143
1642100 1140
1642110 1140
1642120 1140
1642130 1139
1642140 1138
1642150 1138
1642160 1138
1642170 1140
1642180 1140
1642190 1141
1642200 1141
1642210 1141
1642220 1142
1642230 1145
1642240 1145
1642250 1149
1642260 1156
1642270 1156
1642280 1162
1642290 1166
1642300 1166
1642310 1169
1642320 1172
1642330 1172
1642340 1175
1642350 1178
1642360 1178
1642370 1180
1642380 1182
1642390 1182
1642400 1184
1642410 1188
1642420 1188
1642430 1195
1642440 1202
1642450 1206
1642460 1206
1642470 1212
1642480 1217
1642490 1217
1642500 1219
1642510 1220
1642520 1220
1642530 1220
1642540 1221
1642550 1221
1642560 1222
1642570 1223
1642580 1223
1642590 1225
1642600 1227
1642610 1227
1642620 1230
1642630 1233
1642640 1227
1642650 1230
1642660 1233
1642670 1233
1642680 1236
1642690 1240
1642700 1240
1642710 1244
1642720 1251
1642730 1251
1642740 1257
1642750 1262
1642760 1262
1642770 1266
1642780 1271
1642790 1277
1642800 1277
1642810 1283
1642820 1285
1642830 1285
1642840 1288
1642850 1290
1642860 1290
1642870 1292
1642880 1298
1642890 1298
1642900 1301
1642910 1303
1642920 1303
1642930 1304
1642940 1306
1642950 1306
1642960 1309
1642970 1311
1642980 1311
1642990 1315
1643000 1321
1643010 1321
1643020 1326
1643030 1330
1643040 1330
1643050 1335
1643060 1338
1643070 1338
1643080 1339
1643090 1340
1643100 1340
1643110 1339
1643120 1337
1643130 1335
1643140 1335
1643150 1336
1643160 1335
1643170 1335
1643180 1334
1643190 1331
1643200 1331
1643210 1329
1643220 1329
1643230 1329
1643240 1328
1643250 1325
1643260 1325
1643270 1321
1643280 1317
1643290 1317
1643300 1311
1643310 1305
1643320 1305
1643330 1300
1643340 1294
1643350 1294
1643360 1288
1643370 1283
1643380 1283
1643390 1277
1643400 1272
1643410 1272
1643420 1266
1643430 1261
1643440 1263
1643450 1257
1643460 1251
1643470 1246
1643480 1246
1643490 1241
1643500 1235
1643510 1235
1643520 1229
1643530 1224
1643540 1224
1643550 1218
1643560 1212
1643570 1212
1643580 1206
1643590 1201
1643600 1201
1643610 1197
1643620 1193
1643630 1193
1643640 1186
1643650 1178
1643660 1178
1643670 1175
1643680 1169
1643690 1169
1643700 1167
1643710 1166
1643720 1166
1643730 1166
1643740 1168
1643750 1168
1643760 1171
1643770 1175
1643780 1175
1643790 1178
1643800 1178
1643810 1180
1643820 1180
1643830 1182
1643840 1183
1643850 1183
1643860 1183
1643870 1186
1643880 1186
1643890 1191
1643900 1197
1643910 1197
1643920 1203
1643930 1210
1643940 1210
1643950 1217
1643960 1221
1643970 1221
1643980 1225
1643990 1231
1644000 1231
1644010 1235
1644020 1239
1644030 1239
1644040 1245
1644050 1252
1644060 1252
1644070 1256
1644080 1258
1644090 1258
1644100 1259
1644110 1260
1644120 1260
1644130 1261
1644140 1263
1644150 1263
1644160 1263
1644170 1264
1644180 1267
1644190 1267
1644200 1270
1644210 1270
1644220 1270
1644230 1271
1644240 1271
1644250 1268
1644260 1268
1644270 1270
1644280 1270
1644290 1275
1644300 1280
1644310 1280
1644320 1285
1644330 1288
1644340 1288
1644350 1291
1644360 1294
1644370 1294
1644380 1298
1644390 1302
1644400 1302
1644410 1305
1644420 1309
1644430 1309
1644440 1312
1644450 1316
1644460 1316
1644470 1319
1644480 1320
1644490 1322
1644500 1322
1644510 1325
1644520 1327
1644530 1327
1644540 1330
1644550 1333
1644560 1333
1644570 1334
1644580 1336
1644590 1336
1644600 1337
1644610 1337
1644620 1337
1644630 1338
1644640 1339
1644650 1339
1644660 1339
1644670 1339
1644680 1339
1644690 1339
1644700 1340
1644710 1340
1644720 1342
1644730 1343
1644740 1343
1644750 1343
1644760 1344
1644770 1344
1644780 1344
1644790 1344
1644800 1344
1644810 1343
1644820 1342
1644830 1342
1644840 1342
1644850 1342
1644860 1338
1644870 1338
1644880 1334
1644890 1329
1644900 1329
1644910 1324
1644920 1318
1644930 1318
1644940 1312
1644950 1307
1644960 1307
1644970 1302
1644980 1297
1644990 1297
1645000 1291
1645010 1284
1645020 1284
1645030 1278
1645040 1272
1645050 1274
1645060 1268
1645070 1262
1645080 1262
1645090 1257
1645100 1252
1645110 1252
1645120 1247
1645130 1242
1645140 1242
1645150 1236
1645160 1229
1645170 1226
1645180 1226
1645190 1222
1645200 1217
1645210 1217
1645220 1212
1645230 1207
1645240 1207
1645250 1202
1645260 1197
1645270 1197
1645280 1193
1645290 1189
1645300 1189
1645310 1182
1645320 1176
1645330 1176
1645340 1171
1645350 1166
1645360 1166
1645370 1160
1645380 1156
1645390 1156
1645400 1151
1645410 1146
1645420 1146
1645430 1142
1645440 1137
1645450 1137
1645460 1131
1645470 1128
1645480 1128
1645490 1123
1645500 1118
1645510 1114
1645520 1114
1645530 1109
1645540 1105
1645550 1105
1645560 1101
1645570 1096
1645580 1096
1645590 1092
1645600 1087
1645610 1087
1645620 1083
1645630 1078
1645640 1078
1645650 1073
1645660 1066
1645670 1066
1645680 1057
1645690 1051
1645700 1051
1645710 1049
1645720 1051
1645730 1051
1645740 1053
1645750 1056
1645760 1056
1645770 1059
1645780 1061
1645790 1061
1645800 1063
1645810 1065
1645820 1065
1645830 1066
1645840 1061
1645850 1062
1645860 1062
1645870 1064
1645880 1067
1645890 1067
1645900 1070
1645910 1074
1645920 1074
1645930 1078
1645940 1082
1645950 1082
1645960 1086
1645970 1089
1645980 1089
1645990 1094
1646000 1099
1646010 1099
1646020 1103
1646030 1108
1646040 1108
1646050 1113
1646060 1118
1646070 1118
1646080 1124
1646090 1130
1646100 1130
1646110 1137
1646120 1142
1646130 1142
1646140 1144
1646150 1147
1646160 1147
1646170 1151
1646180 1147
1646190 1141
1646200 1141
1646210 1135
1646220 1129
1646230 1129
1646240 1124
1646250 1119
1646260 1119
1646270 1114
1646280 1110
1646290 1110
1646300 1105
1646310 1100
1646320 1100
1646330 1095
1646340 1091
1646350 1091
1646360 1085
1646370 1080
1646380 1080
1646390 1075
1646400 1070
1646410 1070
1646420 1064
1646430 1061
1646440 1061
1646450 1064
1646460 1071
1646470 1071
1646480 1074
1646490 1074
1646500 1074
1646510 1072
1646520 1069
1646530 1065
1646540 1065
1646550 1062
1646560 1059
1646570 1059
1646580 1055
1646590 1052
1646600 1052
1646610 1048
1646620 1046
1646630 1041
1646640 1038
1646650 1035
1646660 1035
1646670 1033
1646680 1032
1646690 1032
1646700 1032
1646710 1033
1646720 1033
1646730 1033
1646740 1033
1646750 1033
1646760 1034
1646770 1034
1646780 1034
1646790 1033
1646800 1033
1646810 1033
1646820 1032
1646830 1030
1646840 1030
1646850 1025
1646860 1023
1646870 1021
1646880 1021
1646890 1021
1646900 1021
1646910 1021
1646920 1021
1646930 1021
1646940 1021
1646950 1022
1646960 1023
1646970 1023
1646980 1023
1646990 1023
1647000 1023
1647010 1021
1647020 1020
1647030 1020
1647040 1019
1647050 1019
1647060 1019
1647070 1020
1647080 1021
1647090 1021
1647100 1023
1647110 1024
1647120 1024
1647130 1026
1647140 1027
1647150 1027
1647160 1026
1647170 1026
1647180 1026
1647190 1027
1647200 1031
1647210 1036
1647220 1036
1647230 1042
1647240 1049
1647250 1049
1647260 1054
1647270 1058
1647280 1058
1647290 1064
1647300 1071
1647310 1071
1647320 1074
1647330 1079
1647340 1079
1647350 1085
1647360 1090
1647370 1090
1647380 1095
1647390 1101
1647400 1101
1647410 1106
1647420 1116
1647430 1116
1647440 1121
1647450 1127
1647460 1127
1647470 1133
1647480 1138
1647490 1138
1647500 1143
1647510 1149
1647520 1149
1647530 1154
1647540 1160
1647550 1165
1647560 1165
1647570 1169
1647580 1175
1647590 1175
1647600 1180
1647610 1184
1647620 1184
1647630 1189
1647640 1194
1647650 1194
1647660 1199
1647670 1203
1647680 1203
1647690 1207
1647700 1212
1647710 1212
1647720 1216
1647730 1220
1647740 1220
1647750 1223
1647760 1225
1647770 1225
1647780 1229
1647790 1230
1647800 1230
1647810 1231
1647820 1229
1647830 1229
1647840 1226
1647850 1225
1647860 1225
1647870 1226
1647880 1228
1647890 1230
1647900 1230
1647910 1233
1647920 1236
1647930 1236
1647940 1238
1647950 1241
1647960 1241
1647970 1245
1647980 1248
1647990 1248
1648000 1252
1648010 1257
1648020 1257
1648030 1262
1648040 1267
1648050 1267
1648060 1271
1648070 1274
1648080 1274
1648090 1279
1648100 1284
1648110 1284
1648120 1288
1648130 1294
1648140 1294
1648150 1299
1648160 1305
1648170 1305
1648180 1310
1648190 1316
1648200 1319
1648210 1325
1648220 1332
1648230 1338
1648240 1338
1648250 1345
1648260 1351
1648270 1351
1648280 1356
1648290 1362
1648300 1362
1648310 1369
1648320 1375
1648330 1375
1648340 1382
1648350 1389
1648360 1389
1648370 1394
1648380 1400
1648390 1400
1648400 1405
1648410 1410
1648420 1410
1648430 1414
1648440 1418
1648450 1418
1648460 1423
1648470 1429
1648480 1429
1648490 1433
1648500 1438
1648510 1438
1648520 1443
1648530 1448
1648540 1448
1648550 1453
1648560 1458
1648570 1463
1648580 1463
1648590 1468
1648600 1473
1648610 1473
1648620 1477
1648630 1481
1648640 1481
1648650 1484
1648660 1486
1648670 1486
1648680 1486
1648690 1486
1648700 1486
1648710 1483
1648720 1480
1648730 1480
1648740 1478
1648750 1475
1648760 1475
1648770 1473
1648780 1471
1648790 1471
1648800 1469
1648810 1466
1648820 1466
1648830 1463
1648840 1460
1648850 1460
1648860 1456
1648870 1451
1648880 1451
1648890 1449
1648900 1455
1648910 1463
1648920 1463
1648930 1467
1648940 1471
1648950 1471
1648960 1474
1648970 1478
1648980 1484
1648990 1489
1649000 1493
1649010 1493
1649020 1496
1649030 1498
1649040 1498
1649050 1500
1649060 1500
1649070 1500
1649080 1500
1649090 1500
1649100 1500
1649110 1499
1649120 1498
1649130 1498
1649140 1497
1649150 1496
1649160 1496
1649170 1495
1649180 1494
1649190 1494
1649200 1494
1649210 1496
1649220 1496
1649230 1498
1649240 1500
1649250 1500
1649260 1500
1649270 1505
1649280 1511
1649290 1511
1649300 1517
1649310 1523
1649320 1523
1649330 1529
1649340 1535
1649350 1535
1649360 1541
1649370 1548
1649380 1548
1649390 1554
1649400 1559
1649410 1559
1649420 1565
1649430 1571
1649440 1571
1649450 1576
1649460 1581
1649470 1581
1649480 1585
1649490 1587
1649500 1587
1649510 1589
1649520 1591
1649530 1591
1649540 1592
1649550 1592
1649560 1592
1649570 1593
1649580 1594
1649590 1596
1649600 1596
1649610 1597
1649620 1599
1649630 1599
1649640 1601
1649650 1603
1649660 1603
1649670 1606
1649680 1608
1649690 1608
1649700 1612
1649710 1616
1649720 1616
1649730 1620
1649740 1624
1649750 1624
1649760 1631
1649770 1634
1649780 1634
1649790 1637
1649800 1640
1649810 1640
1649820 1642
1649830 1644
1649840 1644
1649850 1646
1649860 1647
1649870 1647
1649880 1647
1649890 1647
1649900 1647
1649910 1647
1649920 1642
1649930 1638
1649940 1638
1649950 1638
1649960 1637
1649970 1637
1649980 1635
1649990 1633
1650000 1633
1650010 1631
1650020 1629
1650030 1629
1650040 1629
1650050 1629
1650060 1629
1650070 1631
1650080 1631
1650090 1631
1650100 1632
1650110 1632
1650120 1632
1650130 1632
1650140 1635
1650150 1635
1650160 1636
1650170 1638
1650180 1638
1650190 1640
1650200 1642
1650210 1642
1650220 1648
1650230 1654
1650240 1654
1650250 1656
1650260 1660
1650270 1665
1650280 1665
1650290 1665
1650300 1664
1650310 1664
1650320 1660
1650330 1656
1650340 1656
1650350 1652
1650360 1649
1650370 1649
1650380 1646
1650390 1643
1650400 1643
1650410 1641
1650420 1640
1650430 1640
1650440 1637
1650450 1633
1650460 1633
1650470 1629
1650480 1623
1650490 1623
1650500 1621
1650510 1619
1650520 1619
1650530 1619
1650540 1615
1650550 1615
1650560 1608
1650570 1601
1650580 1601
1650590 1597
1650600 1596
1650610 1596
1650620 1596
1650630 1591
1650640 1585
1650650 1585
1650660 1581
1650670 1579
1650680 1579
1650690 1577
1650700 1578
1650710 1578
1650720 1579
1650730 1582
1650740 1582
1650750 1578
1650760 1570
1650770 1570
1650780 1563
1650790 1556
1650800 1556
1650810 1549
1650820 1543
1650830 1543
1650840 1537
1650850 1530
1650860 1530
1650870 1523
1650880 1517
1650890 1517
1650900 1512
1650910 1508
1650920 1508
1650930 1501
1650940 1497
1650950 1492
1650960 1492
1650970 1486
1650980 1479
1650990 1479
1651000 1471
1651010 1464
1651020 1464
1651030 1457
1651040 1450
1651050 1450
1651060 1445
1651070 1441
1651080 1441
1651090 1437
1651100 1434
1651110 1434
1651120 1429
1651130 1425
1651140 1425
1651150 1419
1651160 1415
1651170 1415
1651180 1411
1651190 1405
1651200 1405
1651210 1400
1651220 1395
1651230 1395
1651240 1390
1651250 1386
1651260 1386
1651270 1379
1651280 1375
1651290 1371
1651300 1369
1651310 1363
1651320 1358
1651330 1358
1651340 1352
1651350 1346
1651360 1346
1651370 1339
1651380 1334
1651390 1334
1651400 1327
1651410 1320
1651420 1320
1651430 1315
1651440 1310
1651450 1310
1651460 1304
1651470 1299
1651480 1299
1651490 1296
1651500 1292
1651510 1292
1651520 1286
1651530 1281
1651540 1281
1651550 1278
1651560 1275
1651570 1275
1651580 1271
1651590 1270
1651600 1270
1651610 1269
1651620 1268
1651630 1266
1651640 1266
1651650 1264
1651660 1260
1651670 1260
1651680 1256
1651690 1248
1651700 1248
1651710 1240
1651720 1232
1651730 1232
1651740 1225
1651750 1222
1651760 1222
1651770 1222
1651780 1221
1651790 1221
1651800 1220
1651810 1219
1651820 1219
1651830 1217
1651840 1218
1651850 1218
1651860 1226
1651870 1234
1651880 1234
1651890 1239
1651900 1242
1651910 1242
1651920 1245
1651930 1248
1651940 1248
1651950 1248
1651960 1251
1651970 1252
1651980 1252
1651990 1251
1652000 1251
1652010 1251
1652020 1251
1652030 1256
1652040 1256
1652050 1265
1652060 1268
1652070 1268
1652080 1274
1652090 1279
1652100 1279
1652110 1283
1652120 1286
1652130 1286
1652140 1290
1652150 1294
1652160 1294
1652170 1297
1652180 1303
1652190 1303
1652200 1311
1652210 1317
1652220 1317
1652230 1319
1652240 1317
1652250 1317
1652260 1314
1652270 1311
1652280 1311
1652290 1310
1652300 1309
1652310 1309
1652320 1309
1652330 1311
1652340 1311
1652350 1311
1652360 1313
1652370 1315
1652380 1315
1652390 1317
1652400 1318
1652410 1318
1652420 1320
1652430 1318
1652440 1318
1652450 1317
1652460 1316
1652470 1316
1652480 1317
1652490 1317
1652500 1317
1652510 1316
1652520 1315
1652530 1315
1652540 1315
1652550 1315
1652560 1315
1652570 1313
1652580 1312
1652590 1312
1652600 1312
1652610 1314
1652620 1314
1652630 1315
1652640 1316
1652650 1316
1652660 1316
1652670 1315
1652680 1312
1652690 1312
1652700 1315
1652710 1319
1652720 1319
1652730 1324
1652740 1329
1652750 1329
1652760 1334
1652770 1336
1652780 1336
1652790 1338
1652800 1341
1652810 1341
1652820 1351
1652830 1360
1652840 1360
1652850 1362
1652860 1370
1652870 1370
1652880 1371
1652890 1359
1652900 1359
1652910 1368
1652920 1387
1652930 1387
1652940 1390
1652950 1389
1652960 1389
1652970 1392
1652980 1396
1652990 1402
1653000 1402
1653010 1410
1653020 1418
1653030 1418
1653040 1425
1653050 1431
1653060 1431
1653070 1435
1653080 1438
1653090 1438
1653100 1440
1653110 1441
1653120 1441
1653130 1446
1653140 1452
1653150 1452
1653160 1458
1653170 1464
1653180 1464
1653190 1470
1653200 1476
1653210 1476
1653220 1482
1653230 1488
1653240 1488
1653250 1494
1653260 1501
1653270 1501
1653280 1508
1653290 1515
1653300 1515
1653310 1521
1653320 1527
1653330 1533
1653340 1533
1653350 1538
1653360 1545
1653370 1545
1653380 1552
1653390 1558
1653400 1558
1653410 1566
1653420 1574
1653430 1574
1653440 1581
1653450 1588
1653460 1588
1653470 1595
1653480 1602
1653490 1602
1653500 1609
1653510 1616
1653520 1616
1653530 1623
1653540 1630
1653550 1630
1653560 1637
1653570 1644
1653580 1644
1653590 1651
1653600 1658
1653610 1658
1653620 1664
1653630 1669
1653640 1669
1653650 1673
1653660 1676
1653670 1678
1653680 1678
1653690 1680
1653700 1682
1653710 1682
1653720 1684
1653730 1685
1653740 1685
1653750 1687
1653760 1689
1653770 1689
1653780 1691
1653790 1693
1653800 1693
1653810 1695
1653820 1696
1653830 1696
1653840 1698
1653850 1702
1653860 1702
1653870 1705
1653880 1707
1653890 1707
1653900 1708
1653910 1708
1653920 1708
1653930 1700
1653940 1686
1653950 1686
1653960 1670
1653970 1661
1653980 1661
1653990 1649
1654000 1643
1654010 1639
1654020 1639
1654030 1634
1654040 1631
1654050 1631
1654060 1629
1654070 1627
1654080 1627
1654090 1623
1654100 1618
1654110 1618
1654120 1615
1654130 1615
1654140 1615
1654150 1615
1654160 1614
1654170 1614
1654180 1612
1654190 1608
1654200 1608
1654210 1606
1654220 1603
1654230 1603
1654240 1599
1654250 1595
1654260 1595
1654270 1591
1654280 1590
1654290 1590
1654300 1588
1654310 1586
1654320 1586
1654330 1582
1654340 1572
1654350 1569
1654360 1569
1654370 1566
1654380 1563
1654390 1563
1654400 1561
1654410 1559
1654420 1559
1654430 1557
1654440 1554
1654450 1554
1654460 1551
1654470 1549
1654480 1549
1654490 1547
1654500 1547
1654510 1547
1654520 1548
1654530 1550
1654540 1550
1654550 1552
1654560 1555
1654570 1555
1654580 1557
1654590 1558
1654600 1558
1654610 1559
1654620 1559
1654630 1559
1654640 1559
1654650 1562
1654660 1562
1654670 1565
1654680 1568
1654690 1571
1654700 1571
1654710 1573
1654720 1571
1654730 1571
1654740 1567
1654750 1565
1654760 1565
1654770 1562
1654780 1559
1654790 1559
1654800 1557
1654810 1554
1654820 1554
1654830 1551
1654840 1549
1654850 1549
1654860 1547
1654870 1545
1654880 1545
1654890 1543
1654900 1542
1654910 1542
1654920 1541
1654930 1540
1654940 1540
1654950 1538
1654960 1537
1654970 1537
1654980 1535
1654990 1531
1655000 1531
1655010 1526
1655020 1521
1655030 1515
1655040 1515
1655050 1508
1655060 1502
1655070 1502
1655080 1498
1655090 1495
1655100 1495
1655110 1490
1655120 1485
1655130 1485
1655140 1480
1655150 1475
1655160 1475
1655170 1474
1655180 1472
1655190 1472
1655200 1469
1655210 1462
1655220 1462
1655230 1454
1655240 1446
1655250 1446
1655260 1438
1655270 1429
1655280 1429
1655290 1424
1655300 1421
1655310 1421
1655320 1416
1655330 1414
1655340 1414
1655350 1411
1655360 1407
1655370 1402
1655380 1402
1655390 1398
1655400 1394
1655410 1394
1655420 1391
1655430 1388
1655440 1388
1655450 1383
1655460 1379
1655470 1379
1655480 1376
1655490 1373
1655500 1373
1655510 1370
1655520 1365
1655530 1365
1655540 1359
1655550 1351
1655560 1351
1655570 1344
1655580 1337
1655590 1337
1655600 1330
1655610 1323
1655620 1323
1655630 1317
1655640 1309
1655650 1309
1655660 1302
1655670 1296
1655680 1296
1655690 1290
1655700 1283
1655710 1276
1655720 1276
1655730 1269
1655740 1261
1655750 1261
1655760 1252
1655770 1244
1655780 1244
1655790 1242
1655800 1241
1655810 1241
1655820 1240
1655830 1238
1655840 1237
1655850 1235
1655860 1234
1655870 1234
1655880 1233
1655890 1231
1655900 1231
1655910 1230
1655920 1228
1655930 1228
1655940 1226
1655950 1224
1655960 1224
1655970 1223
1655980 1222
1655990 1222
1656000 1220
1656010 1219
1656020 1219
1656030 1217
1656040 1216
1656050 1215
1656060 1215
1656070 1214
1656080 1212
1656090 1212
1656100 1211
1656110 1210
1656120 1210
1656130 1209
1656140 1208
1656150 1208
1656160 1208
1656170 1209
1656180 1209
1656190 1211
1656200 1212
1656210 1212
1656220 1214
1656230 1216
1656240 1216
1656250 1218
1656260 1218
1656270 1218
1656280 1214
1656290 1211
1656300 1211
1656310 1211
1656320 1213
1656330 1213
1656340 1215
1656350 1217
1656360 1217
1656370 1219
1656380 1220
1656390 1222
1656400 1222
1656410 1224
1656420 1225
1656430 1225
1656440 1225
1656450 1225
1656460 1225
1656470 1227
1656480 1227
1656490 1227
1656500 1225
1656510 1223
1656520 1223
1656530 1220
1656540 1217
1656550 1217
1656560 1214
1656570 1210
1656580 1213
1656590 1209
1656600 1205
1656610 1205
1656620 1201
1656630 1198
1656640 1198
1656650 1197
1656660 1197
1656670 1197
1656680 1197
1656690 1197
1656700 1197
1656710 1198
1656720 1198
1656730 1200
1656740 1200
1656750 1203
1656760 1206
1656770 1206
1656780 1208
1656790 1209
1656800 1209
1656810 1212
1656820 1215
1656830 1215
1656840 1216
1656850 1217
1656860 1217
1656870 1218
1656880 1220
1656890 1220
1656900 1221
1656910 1222
1656920 1222
1656930 1223
1656940 1224
1656950 1224
1656960 1226
1656970 1227
1656980 1227
1656990 1229
1657000 1231
1657010 1231
1657020 1232
1657030 1233
1657040 1233
1657050 1235
1657060 1237
1657070 1239
1657080 1239
1657090 1242
1657100 1246
1657110 1246
1657120 1249
1657130 1252
1657140 1252
1657150 1253
1657160 1254
1657170 1254
1657180 1255
1657190 1257
1657200 1257
1657210 1261
1657220 1264
1657230 1264
1657240 1267
1657250 1271
1657260 1271
1657270 1275
1657280 1280
1657290 1280
1657300 1285
1657310 1291
1657320 1291
1657330 1300
1657340 1307
1657350 1307
1657360 1314
1657370 1321
1657380 1321
1657390 1328
1657400 1336
1657410 1344
1657420 1344
1657430 1351
1657440 1356
1657450 1356
1657460 1360
1657470 1364
1657480 1364
1657490 1366
1657500 1369
1657510 1369
1657520 1371
1657530 1373
1657540 1373
1657550 1376
1657560 1379
1657570 1379
1657580 1382
1657590 1385
1657600 1385
1657610 1389
1657620 1393
1657630 1393
1657640 1398
1657650 1402
1657660 1402
1657670 1407
1657680 1411
1657690 1411
1657700 1415
1657710 1420
1657720 1420
1657730 1424
1657740 1428
1657750 1432
1657760 1432
1657770 1437
1657780 1441
1657790 1441
1657800 1445
1657810 1449
1657820 1449
1657830 1454
1657840 1458
1657850 1458
1657860 1463
1657870 1468
1657880 1468
1657890 1474
1657900 1479
1657910 1479
1657920 1485
1657930 1490
1657940 1490
1657950 1496
1657960 1501
1657970 1501
1657980 1508
1657990 1516
1658000 1516
1658010 1523
1658020 1530
1658030 1530
1658040 1537
1658050 1545
1658060 1545
1658070 1553
1658080 1560
1658090 1567
1658100 1567
1658110 1574
1658120 1582
1658130 1582
1658140 1589
1658150 1596
1658160 1596
1658170 1604
1658180 1610
1658190 1610
1658200 1616
1658210 1622
1658220 1622
1658230 1629
1658240 1635
1658250 1635
1658260 1640
1658270 1645
1658280 1645
1658290 1649
1658300 1653
1658310 1653
1658320 1656
1658330 1659
1658340 1659
1658350 1663
1658360 1665
1658370 1665
1658380 1667
1658390 1668
1658400 1668
1658410 1665
1658420 1660
1658430 1655
1658440 1655
1658450 1650
1658460 1645
1658470 1645
1658480 1641
1658490 1634
1658500 1634
1658510 1627
1658520 1621
1658530 1621
1658540 1616
1658550 1609
1658560 1609
1658570 1605
1658580 1601
1658590 1601
1658600 1598
1658610 1596
1658620 1596
1658630 1593
1658640 1591
1658650 1591
1658660 1591
1658670 1591
1658680 1591
1658690 1590
1658700 1590
1658710 1590
1658720 1590
1658730 1589
1658740 1589
1658750 1590
1658760 1590
1658770 1590
1658780 1590
1658790 1591
1658800 1587
1658810 1587
1658820 1586
1658830 1586
1658840 1586
1658850 1587
1658860 1586
1658870 1586
1658880 1586
1658890 1586
1658900 1586
1658910 1585
1658920 1585
1658930 1585
1658940 1585
1658950 1584
1658960 1584
1658970 1583
1658980 1581
1658990 1581
1659000 1580
1659010 1578
1659020 1578
1659030 1576
1659040 1575
1659050 1575
1659060 1574
1659070 1574
1659080 1574
1659090 1574
1659100 1574
1659110 1574
1659120 1574
1659130 1572
1659140 1568
1659150 1568
1659160 1563
1659170 1557
1659180 1557
1659190 1552
1659200 1547
1659210 1547
1659220 1542
1659230 1539
1659240 1539
1659250 1536
1659260 1531
1659270 1531
1659280 1527
1659290 1524
1659300 1524
1659310 1521
1659320 1518
1659330 1518
1659340 1513
1659350 1509
1659360 1509
1659370 1506
1659380 1504
1659390 1504
1659400 1502
1659410 1499
1659420 1499
1659430 1495
1659440 1492
1659450 1488
1659460 1488
1659470 1483
1659480 1476
1659490 1476
1659500 1471
1659510 1469
1659520 1469
1659530 1461
1659540 1458
1659550 1458
1659560 1454
1659570 1453
1659580 1453
1659590 1450
1659600 1445
1659610 1445
1659620 1444
1659630 1448
1659640 1448
1659650 1449
1659660 1449
1659670 1449
1659680 1448
1659690 1447
1659700 1447
1659710 1446
1659720 1446
1659730 1446
1659740 1447
1659750 1449
1659760 1449
1659770 1449
1659780 1448
1659790 1447
1659800 1447
1659810 1447
1659820 1446
1659830 1446
1659840 1446
1659850 1447
1659860 1447
1659870 1450
1659880 1453
1659890 1453
1659900 1454
1659910 1454
1659920 1454
1659930 1454
1659940 1458
1659950 1458
1659960 1459
1659970 1455
1659980 1455
1659990 1454
