1640000 1540
1640010 1540
1640020 1546
1640030 1551
1640040 1557
1640050 1557
1640060 1563
1640070 1570
1640080 1570
1640090 1575
1640100 1580
1640110 1580
1640120 1585
1640130 1590
1640140 1590
1640150 1593
1640160 1590
1640170 1590
1640180 1583
1640190 1577
1640200 1577
1640210 1570
1640220 1562
1640230 1562
1640240 1556
1640250 1551
1640260 1551
1640270 1543
1640280 1536
1640290 1536
1640300 1530
1640310 1525
1640320 1525
1640330 1519
1640340 1513
1640350 1513
1640360 1507
1640370 1500
1640380 1494
1640390 1494
1640400 1489
1640410 1484
1640420 1484
1640430 1476
1640440 1468
1640450 1468
1640460 1461
1640470 1457
1640480 1457
1640490 1449
1640500 1444
1640510 1444
1640520 1440
1640530 1436
1640540 1436
1640550 1433
1640560 1433
1640570 1431
1640580 1431
1640590 1429
1640600 1429
1640610 1426
1640620 1421
1640630 1421
1640640 1417
1640650 1411
1640660 1411
1640670 1403
1640680 1405
1640690 1405
1640700 1410
1640710 1410
1640720 1408
1640730 1408
1640740 1400
1640750 1403
1640760 1403
1640770 1409
1640780 1410
1640790 1410
1640800 1411
1640810 1410
1640820 1410
1640830 1408
1640840 1405
1640850 1405
1640860 1403
1640870 1400
1640880 1400
1640890 1400
1640900 1402
1640910 1402
1640920 1404
1640930 1405
1640940 1405
1640950 1406
1640960 1406
1640970 1406
1640980 1407
1640990 1407
1641000 1407
1641010 1382
1641020 1357
1641030 1357
1641040 1354
1641050 1354
1641060 1352
1641070 1352
1641080 1349
1641090 1346
1641100 1346
1641110 1343
1641120 1342
1641130 1342
1641140 1342
1641150 1342
1641160 1342
1641170 1343
1641180 1345
1641190 1345
1641200 1350
1641210 1356
1641220 1356
1641230 1361
1641240 1365
1641250 1365
1641260 1369
1641270 1373
1641280 1373
1641290 1377
1641300 1380
1641310 1380
1641320 1383
1641330 1389
1641340 1389
1641350 1396
1641360 1402
1641370 1402
1641380 1408
1641390 1413
1641400 1413
1641410 1420
1641420 1426
1641430 1431
1641440 1431
1641450 1436
1641460 1441
1641470 1441
1641480 1446
1641490 1451
1641500 1451
1641510 1456
1641520 1461
1641530 1461
1641540 1466
1641550 1472
1641560 1472
1641570 1478
1641580 1484
1641590 1484
1641600 1490
1641610 1495
1641620 1495
1641630 1498
1641640 1499
1641650 1499
1641660 1499
1641670 1500
1641680 1500
1641690 1505
1641700 1508
1641710 1508
1641720 1516
1641730 1522
1641740 1522
1641750 1528
1641760 1532
1641770 1538
1641780 1538
1641790 1543
1641800 1548
1641810 1548
1641820 1553
1641830 1559
1641840 1559
1641850 1567
1641860 1575
1641870 1575
1641880 1582
1641890 1589
1641900 1589
1641910 1599
1641920 1607
1641930 1607
1641940 1614
1641950 1619
1641960 1619
1641970 1619
1641980 1618
1641990 1618
1642000 1618
1642010 1616
1642020 1616
1642030 1612
1642040 1608
1642050 1608
1642060 1606
1642070 1604
1642080 1604
1642090 1602
1642100 1599
1642110 1596
1642120 1596
1642130 1591
1642140 1585
1642150 1585
1642160 1580
1642170 1576
1642180 1576
1642190 1569
1642200 1563
1642210 1563
1642220 1559
1642230 1555
1642240 1555
1642250 1553
1642260 1549
1642270 1549
1642280 1546
1642290 1544
1642300 1544
1642310 1541
1642320 1538
1642330 1538
1642340 1535
1642350 1531
1642360 1531
1642370 1526
1642380 1521
1642390 1521
1642400 1516
1642410 1512
1642420 1512
1642430 1509
1642440 1506
1642450 1501
1642460 1501
1642470 1497
1642480 1492
1642490 1492
1642500 1485
1642510 1477
1642520 1477
1642530 1469
1642540 1462
1642550 1462
1642560 1456
1642570 1449
1642580 1449
1642590 1444
1642600 1438
1642610 1438
1642620 1433
1642630 1430
1642640 1430
1642650 1424
1642660 1418
1642670 1418
1642680 1412
1642690 1405
1642700 1405
1642710 1399
1642720 1393
1642730 1393
1642740 1385
1642750 1377
1642760 1377
1642770 1371
1642780 1367
1642790 1364
1642800 1364
1642810 1361
1642820 1359
1642830 1359
1642840 1358
1642850 1357
1642860 1357
1642870 1356
1642880 1355
1642890 1355
1642900 1354
1642910 1352
1642920 1352
1642930 1349
1642940 1346
1642950 1346
1642960 1342
1642970 1337
1642980 1337
1642990 1331
1643000 1324
1643010 1324
1643020 1317
1643030 1311
1643040 1311
1643050 1304
1643060 1299
1643070 1299
1643080 1292
1643090 1286
1643100 1286
1643110 1278
1643120 1271
1643130 1271
1643140 1264
1643150 1258
1643160 1250
1643170 1250
1643180 1243
1643190 1236
1643200 1236
1643210 1228
1643220 1220
1643230 1220
1643240 1216
1643250 1208
1643260 1208
1643270 1202
1643280 1198
1643290 1198
1643300 1196
1643310 1192
1643320 1192
1643330 1188
1643340 1183
1643350 1183
1643360 1178
1643370 1175
1643380 1175
1643390 1171
1643400 1166
1643410 1166
1643420 1161
1643430 1156
1643440 1156
1643450 1151
1643460 1146
1643470 1146
1643480 1140
1643490 1136
1643500 1132
1643510 1132
1643520 1126
1643530 1122
1643540 1122
1643550 1117
1643560 1113
1643570 1113
1643580 1107
1643590 1100
1643600 1100
1643610 1091
1643620 1083
1643630 1083
1643640 1075
1643650 1065
1643660 1065
1643670 1056
1643680 1046
1643690 1046
1643700 1038
1643710 1036
1643720 1036
1643730 1043
1643740 1046
1643750 1046
1643760 1049
1643770 1051
1643780 1051
1643790 1053
1643800 1053
1643810 1053
1643820 1055
1643830 1055
1643840 1056
1643850 1056
1643860 1056
1643870 1059
1643880 1059
1643890 1061
1643900 1061
1643910 1061
1643920 1064
1643930 1067
1643940 1067
1643950 1071
1643960 1074
1643970 1074
1643980 1074
1643990 1073
1644000 1073
1644010 1070
1644020 1069
1644030 1069
1644040 1070
1644050 1072
1644060 1072
1644070 1072
1644080 1070
1644090 1070
1644100 1069
1644110 1068
1644120 1068
1644130 1068
1644140 1064
1644150 1064
1644160 1056
1644170 1047
1644180 1038
1644190 1038
1644200 1031
1644210 1024
1644220 1024
1644230 1020
1644240 1018
1644250 1018
1644260 1015
1644270 1014
1644280 1014
1644290 1010
1644300 1004
1644310 1004
1644320 997
1644330 991
1644340 991
1644350 985
1644360 978
1644370 978
1644380 974
1644390 971
1644400 971
1644410 967
1644420 961
1644430 961
1644440 955
1644450 948
1644460 948
1644470 941
1644480 932
1644490 932
1644500 925
1644510 919
1644520 913
1644530 913
1644540 907
1644550 905
1644560 905
1644570 903
1644580 900
1644590 900
1644600 895
1644610 889
1644620 893
1644630 887
1644640 882
1644650 882
1644660 877
1644670 872
1644680 872
1644690 866
1644700 859
1644710 859
1644720 854
1644730 848
1644740 848
1644750 841
1644760 834
1644770 834
1644780 833
1644790 833
1644800 833
1644810 832
1644820 832
1644830 832
1644840 833
1644850 833
1644860 833
1644870 832
1644880 834
1644890 838
1644900 838
1644910 845
1644920 847
1644930 847
1644940 848
1644950 849
1644960 849
1644970 850
1644980 852
1644990 852
1645000 855
1645010 852
1645020 852
1645030 849
1645040 848
1645050 848
1645060 843
1645070 838
1645080 838
1645090 834
1645100 828
1645110 828
1645120 825
1645130 825
1645140 825
1645150 826
1645160 826
1645170 826
1645180 826
1645190 827
1645200 827
1645210 827
1645220 827
1645230 828
1645240 828
1645250 828
1645260 830
1645270 830
1645280 834
1645290 840
1645300 840
1645310 844
1645320 848
1645330 848
1645340 853
1645350 860
1645360 860
1645370 867
1645380 871
1645390 871
1645400 876
1645410 881
1645420 887
1645430 892
1645440 897
1645450 897
1645460 900
1645470 901
1645480 901
1645490 901
1645500 901
1645510 901
1645520 900
1645530 900
1645540 900
1645550 900
1645560 899
1645570 898
1645580 898
1645590 896
1645600 893
1645610 893
1645620 891
1645630 890
1645640 890
1645650 888
1645660 886
1645670 886
1645680 881
1645690 878
1645700 878
1645710 875
1645720 874
1645730 874
1645740 875
1645750 878
1645760 878
1645770 884
1645780 891
1645790 891
1645800 898
1645810 901
1645820 901
1645830 905
1645840 910
1645850 910
1645860 914
1645870 920
1645880 920
1645890 928
1645900 938
1645910 946
1645920 946
1645930 954
1645940 961
1645950 961
1645960 968
1645970 971
1645980 971
1645990 974
1646000 981
1646010 981
1646020 989
1646030 995
1646040 995
1646050 1000
1646060 1010
1646070 1010
1646080 1018
1646090 1024
1646100 1024
1646110 1029
1646120 1034
1646130 1034
1646140 1038
1646150 1042
1646160 1042
1646170 1045
1646180 1048
1646190 1048
1646200 1051
1646210 1047
1646220 1047
1646230 1049
1646240 1052
1646250 1056
1646260 1056
1646270 1060
1646280 1064
1646290 1064
1646300 1069
1646310 1074
1646320 1074
1646330 1080
1646340 1084
1646350 1084
1646360 1089
1646370 1093
1646380 1093
1646390 1099
1646400 1104
1646410 1104
1646420 1108
1646430 1112
1646440 1112
1646450 1113
1646460 1113
1646470 1113
1646480 1112
1646490 1112
1646500 1112
1646510 1113
1646520 1114
1646530 1114
1646540 1115
1646550 1116
1646560 1116
1646570 1116
1646580 1117
1646590 1117
1646600 1117
1646610 1118
1646620 1119
1646630 1119
1646640 1121
1646650 1123
1646660 1123
1646670 1125
1646680 1127
1646690 1127
1646700 1129
1646710 1130
1646720 1130
1646730 1130
1646740 1129
1646750 1129
1646760 1128
1646770 1127
1646780 1127
1646790 1126
1646800 1124
1646810 1124
1646820 1122
1646830 1120
1646840 1120
1646850 1118
1646860 1116
1646870 1116
1646880 1113
1646890 1111
1646900 1111
1646910 1108
1646920 1106
1646930 1106
1646940 1104
1646950 1102
1646960 1099
1646970 1099
1646980 1096
1646990 1094
1647000 1088
1647010 1087
1647020 1086
1647030 1086
1647040 1085
1647050 1082
1647060 1082
1647070 1078
1647080 1075
1647090 1075
1647100 1072
1647110 1074
1647120 1074
1647130 1080
1647140 1089
1647150 1089
1647160 1096
1647170 1105
1647180 1105
1647190 1114
1647200 1121
1647210 1121
1647220 1127
1647230 1134
1647240 1134
1647250 1141
1647260 1147
1647270 1147
1647280 1154
1647290 1161
1647300 1167
1647310 1167
1647320 1172
1647330 1176
1647340 1176
1647350 1182
1647360 1187
1647370 1187
1647380 1192
1647390 1197
1647400 1197
1647410 1203
1647420 1208
1647430 1208
1647440 1214
1647450 1220
1647460 1220
1647470 1225
1647480 1230
1647490 1230
1647500 1236
1647510 1239
1647520 1239
1647530 1243
1647540 1247
1647550 1247
1647560 1252
1647570 1257
1647580 1257
1647590 1262
1647600 1266
1647610 1266
1647620 1271
1647630 1275
1647640 1280
1647650 1280
1647660 1285
1647670 1289
1647680 1289
1647690 1294
1647700 1298
1647710 1298
1647720 1303
1647730 1307
1647740 1307
1647750 1310
1647760 1312
1647770 1312
1647780 1314
1647790 1318
1647800 1318
1647810 1320
1647820 1321
1647830 1321
1647840 1324
1647850 1326
1647860 1326
1647870 1326
1647880 1324
1647890 1324
1647900 1322
1647910 1325
1647920 1325
1647930 1330
1647940 1335
1647950 1335
1647960 1338
1647970 1339
1647980 1339
1647990 1341
1648000 1342
1648010 1342
1648020 1342
1648030 1342
1648040 1342
1648050 1342
1648060 1344
1648070 1345
1648080 1345
1648090 1347
1648100 1349
1648110 1349
1648120 1351
1648130 1352
1648140 1352
1648150 1353
1648160 1358
1648170 1358
1648180 1364
1648190 1371
1648200 1371
1648210 1375
1648220 1378
1648230 1378
1648240 1380
1648250 1382
1648260 1382
1648270 1384
1648280 1387
1648290 1387
1648300 1390
1648310 1393
1648320 1393
1648330 1396
1648340 1399
1648350 1402
1648360 1402
1648370 1405
1648380 1409
1648390 1409
1648400 1412
1648410 1415
1648420 1415
1648430 1419
1648440 1422
1648450 1422
1648460 1424
1648470 1424
1648480 1424
1648490 1423
1648500 1422
1648510 1422
1648520 1421
1648530 1418
1648540 1418
1648550 1413
1648560 1408
1648570 1409
1648580 1402
1648590 1396
1648600 1396
1648610 1390
1648620 1385
1648630 1385
1648640 1379
1648650 1373
1648660 1373
1648670 1369
1648680 1366
1648690 1361
1648700 1361
1648710 1357
1648720 1352
1648730 1352
1648740 1348
1648750 1344
1648760 1344
1648770 1340
1648780 1336
1648790 1336
1648800 1331
1648810 1326
1648820 1326
1648830 1322
1648840 1317
1648850 1317
1648860 1311
1648870 1306
1648880 1306
1648890 1302
1648900 1300
1648910 1300
1648920 1298
1648930 1295
1648940 1295
1648950 1292
1648960 1289
1648970 1289
1648980 1286
1648990 1282
1649000 1282
1649010 1276
1649020 1271
1649030 1267
1649040 1267
1649050 1263
1649060 1260
1649070 1260
1649080 1256
1649090 1251
1649100 1251
1649110 1247
1649120 1245
1649130 1245
1649140 1244
1649150 1246
1649160 1246
1649170 1248
1649180 1250
1649190 1250
1649200 1251
1649210 1253
1649220 1253
1649230 1253
1649240 1254
1649250 1254
1649260 1254
1649270 1254
1649280 1254
1649290 1254
1649300 1254
1649310 1254
1649320 1254
1649330 1257
1649340 1257
1649350 1258
1649360 1262
1649370 1266
1649380 1266
1649390 1271
1649400 1276
1649410 1276
1649420 1282
1649430 1287
1649440 1287
1649450 1292
1649460 1297
1649470 1297
1649480 1303
1649490 1308
1649500 1308
1649510 1314
1649520 1320
1649530 1320
1649540 1326
1649550 1331
1649560 1331
1649570 1335
1649580 1340
1649590 1340
1649600 1346
1649610 1349
1649620 1349
1649630 1347
1649640 1345
1649650 1345
1649660 1344
1649670 1343
1649680 1343
1649690 1342
1649700 1341
1649710 1341
1649720 1339
1649730 1338
1649740 1336
1649750 1336
1649760 1332
1649770 1329
1649780 1329
1649790 1324
1649800 1319
1649810 1319
1649820 1315
1649830 1310
1649840 1310
1649850 1307
1649860 1305
1649870 1305
1649880 1302
1649890 1299
1649900 1299
1649910 1296
1649920 1294
1649930 1294
1649940 1292
1649950 1291
1649960 1291
1649970 1292
1649980 1292
1649990 1292
1650000 1289
1650010 1287
1650020 1287
1650030 1284
1650040 1282
1650050 1282
1650060 1280
1650070 1276
1650080 1272
1650090 1272
1650100 1266
1650110 1260
1650120 1256
1650130 1251
1650140 1246
1650150 1246
1650160 1240
1650170 1233
1650180 1233
1650190 1226
1650200 1219
1650210 1219
1650220 1215
1650230 1210
1650240 1210
1650250 1205
1650260 1207
1650270 1207
1650280 1209
1650290 1205
1650300 1205
1650310 1200
1650320 1196
1650330 1196
1650340 1191
1650350 1185
1650360 1185
1650370 1180
1650380 1176
1650390 1176
1650400 1171
1650410 1165
1650420 1160
1650430 1160
1650440 1154
1650450 1149
1650460 1149
1650470 1143
1650480 1139
1650490 1139
1650500 1136
1650510 1132
1650520 1132
1650530 1129
1650540 1128
1650550 1128
1650560 1126
1650570 1124
1650580 1124
1650590 1122
1650600 1119
1650610 1119
1650620 1116
1650630 1113
1650640 1113
1650650 1110
1650660 1106
1650670 1106
1650680 1100
1650690 1096
1650700 1096
1650710 1091
1650720 1087
1650730 1087
1650740 1082
1650750 1076
1650760 1071
1650770 1071
1650780 1066
1650790 1062
1650800 1062
1650810 1057
1650820 1052
1650830 1052
1650840 1046
1650850 1041
1650860 1041
1650870 1036
1650880 1030
1650890 1026
1650900 1019
1650910 1015
1650920 1015
1650930 1015
1650940 1016
1650950 1016
1650960 1016
1650970 1016
1650980 1016
1650990 1017
1651000 1017
1651010 1017
1651020 1017
1651030 1018
1651040 1018
1651050 1018
1651060 1018
1651070 1018
1651080 1018
1651090 1018
1651100 1018
1651110 1018
1651120 1018
1651130 1018
1651140 1018
1651150 1018
1651160 1017
1651170 1017
1651180 1017
1651190 1017
1651200 1017
1651210 1016
1651220 1016
1651230 1016
1651240 1016
1651250 1016
1651260 1016
1651270 1016
1651280 1015
1651290 1015
1651300 1015
1651310 1015
1651320 1015
1651330 1015
1651340 1014
1651350 1014
1651360 1014
1651370 1014
1651380 1014
1651390 1013
1651400 1013
1651410 1013
1651420 1013
1651430 1013
1651440 1013
1651450 1013
1651460 1013
1651470 1013
1651480 1013
1651490 1013
1651500 1013
1651510 1013
1651520 1012
1651530 1012
1651540 1012
1651550 1012
1651560 1012
1651570 1012
1651580 1013
1651590 1016
1651600 1016
1651610 1018
1651620 1019
1651630 1019
1651640 1021
1651650 1024
1651660 1028
1651670 1031
1651680 1032
1651690 1032
1651700 1033
1651710 1035
1651720 1035
1651730 1037
1651740 1039
1651750 1039
1651760 1040
1651770 1041
1651780 1041
1651790 1041
1651800 1040
1651810 1040
1651820 1040
1651830 1040
1651840 1040
1651850 1040
1651860 1040
1651870 1039
1651880 1039
1651890 1037
1651900 1035
1651910 1035
1651920 1035
1651930 1037
1651940 1037
1651950 1038
1651960 1038
1651970 1038
1651980 1038
1651990 1039
1652000 1039
1652010 1041
1652020 1042
1652030 1042
1652040 1043
1652050 1044
1652060 1044
1652070 1041
1652080 1039
1652090 1039
1652100 1038
1652110 1037
1652120 1037
1652130 1036
1652140 1035
1652150 1033
1652160 1033
1652170 1031
1652180 1029
1652190 1029
1652200 1028
1652210 1028
1652220 1028
1652230 1027
1652240 1023
1652250 1023
1652260 1019
1652270 1019
1652280 1019
1652290 1014
1652300 1009
1652310 1009
1652320 1001
1652330 996
1652340 996
1652350 994
1652360 993
1652370 993
1652380 991
1652390 990
1652400 990
1652410 991
1652420 989
1652430 989
1652440 990
1652450 990
1652460 990
1652470 989
1652480 989
1652490 989
1652500 988
1652510 989
1652520 992
1652530 992
1652540 996
1652550 997
1652560 997
1652570 996
1652580 996
1652590 996
1652600 996
1652610 995
1652620 995
1652630 994
1652640 995
1652650 995
1652660 994
1652670 993
1652680 993
1652690 993
1652700 993
1652710 993
1652720 992
1652730 991
1652740 991
1652750 990
1652760 990
1652770 990
1652780 990
1652790 989
1652800 989
1652810 989
1652820 988
1652830 988
1652840 987
1652850 985
1652860 985
1652870 985
1652880 984
1652890 983
1652900 983
1652910 982
1652920 981
1652930 981
1652940 980
1652950 979
1652960 979
1652970 979
1652980 978
1652990 978
1653000 977
1653010 976
1653020 976
1653030 975
1653040 974
1653050 974
1653060 973
1653070 973
1653080 973
1653090 972
1653100 972
1653110 972
1653120 971
1653130 970
1653140 970
1653150 969
1653160 969
1653170 969
1653180 968
1653190 966
1653200 965
1653210 965
1653220 964
1653230 962
1653240 962
1653250 962
1653260 961
1653270 961
1653280 959
1653290 958
1653300 958
1653310 958
1653320 958
1653330 958
1653340 957
1653350 956
1653360 956
1653370 955
1653380 954
1653390 954
1653400 953
1653410 952
1653420 952
1653430 951
1653440 950
1653450 950
1653460 949
1653470 948
1653480 948
1653490 948
1653500 947
1653510 947
1653520 946
1653530 945
1653540 944
1653550 944
1653560 942
1653570 941
1653580 941
1653590 941
1653600 940
1653610 940
1653620 939
1653630 938
1653640 938
1653650 937
1653660 935
1653670 935
1653680 934
1653690 932
1653700 932
1653710 931
1653720 931
1653730 931
1653740 929
1653750 929
1653760 929
1653770 929
1653780 930
1653790 930
1653800 930
1653810 929
1653820 929
1653830 931
1653840 932
1653850 932
1653860 933
1653870 933
1653880 933
1653890 933
1653900 932
1653910 934
1653920 934
1653930 934
1653940 926
1653950 926
1653960 924
1653970 924
1653980 924
1653990 924
1654000 925
1654010 925
1654020 925
1654030 924
1654040 924
1654050 923
1654060 922
1654070 922
1654080 921
1654090 920
1654100 920
1654110 918
1654120 918
1654130 918
1654140 917
1654150 917
1654160 917
1654170 918
1654180 921
1654190 921
1654200 921
1654210 921
1654220 921
1654230 921
1654240 921
1654250 919
1654260 919
1654270 918
1654280 918
1654290 918
1654300 919
1654310 920
1654320 920
1654330 921
1654340 922
1654350 922
1654360 922
1654370 922
1654380 922
1654390 921
1654400 921
1654410 921
1654420 920
1654430 919
1654440 919
1654450 919
1654460 920
1654470 920
1654480 921
1654490 922
1654500 922
1654510 922
1654520 923
1654530 923
1654540 925
1654550 926
1654560 926
1654570 926
1654580 928
1654590 930
1654600 930
1654610 933
1654620 936
1654630 936
1654640 938
1654650 939
1654660 939
1654670 940
1654680 943
1654690 936
1654700 938
1654710 941
1654720 941
1654730 943
1654740 945
1654750 945
1654760 947
1654770 949
1654780 949
1654790 951
1654800 954
1654810 954
1654820 956
1654830 958
1654840 958
1654850 960
1654860 962
1654870 962
1654880 964
1654890 965
1654900 965
1654910 966
1654920 966
1654930 967
1654940 967
1654950 966
1654960 965
1654970 965
1654980 963
1654990 960
1655000 960
1655010 956
1655020 953
1655030 953
1655040 949
1655050 945
1655060 945
1655070 942
1655080 940
1655090 940
1655100 938
1655110 934
1655120 934
1655130 929
1655140 929
1655150 929
1655160 930
1655170 931
1655180 931
1655190 935
1655200 939
1655210 939
1655220 947
1655230 954
1655240 954
1655250 962
1655260 970
1655270 978
1655280 978
1655290 985
1655300 992
1655310 992
1655320 999
1655330 1004
1655340 1004
1655350 1007
1655360 1011
1655370 1011
1655380 1014
1655390 1016
1655400 1016
1655410 1021
1655420 1023
1655430 1023
1655440 1020
1655450 1023
1655460 1023
1655470 1025
1655480 1026
1655490 1026
1655500 1027
1655510 1029
1655520 1029
1655530 1030
1655540 1030
1655550 1030
1655560 1030
1655570 1030
1655580 1030
1655590 1030
1655600 1029
1655610 1029
1655620 1027
1655630 1025
1655640 1023
1655650 1023
1655660 1021
1655670 1017
1655680 1017
1655690 1012
1655700 1006
1655710 1006
1655720 1000
1655730 993
1655740 993
1655750 986
1655760 981
1655770 981
1655780 977
1655790 973
1655800 973
1655810 969
1655820 966
1655830 966
1655840 964
1655850 962
1655860 962
1655870 960
1655880 956
1655890 956
1655900 952
1655910 948
1655920 948
1655930 946
1655940 948
1655950 948
1655960 952
1655970 953
1655980 951
1655990 951
1656000 951
1656010 952
1656020 952
1656030 953
1656040 956
1656050 956
1656060 957
1656070 958
1656080 958
1656090 959
1656100 960
1656110 960
1656120 963
1656130 966
1656140 966
1656150 967
1656160 967
1656170 967
1656180 965
1656190 962
1656200 962
1656210 966
1656220 969
1656230 969
1656240 970
1656250 973
1656260 973
1656270 976
1656280 975
1656290 975
1656300 976
1656310 978
1656320 980
1656330 980
1656340 983
1656350 986
1656360 986
1656370 988
1656380 990
1656390 990
1656400 994
1656410 999
1656420 999
1656430 1005
1656440 1009
1656450 1009
1656460 1014
1656470 1018
1656480 1018
1656490 1023
1656500 1027
1656510 1027
1656520 1032
1656530 1037
1656540 1037
1656550 1042
1656560 1047
1656570 1047
1656580 1053
1656590 1058
1656600 1058
1656610 1064
1656620 1069
1656630 1069
1656640 1074
1656650 1079
1656660 1085
1656670 1085
1656680 1089
1656690 1093
1656700 1093
1656710 1096
1656720 1099
1656730 1099
1656740 1103
1656750 1106
1656760 1106
1656770 1109
1656780 1115
1656790 1115
1656800 1120
1656810 1126
1656820 1126
1656830 1132
1656840 1138
1656850 1138
1656860 1143
1656870 1149
1656880 1149
1656890 1154
1656900 1159
1656910 1159
1656920 1164
1656930 1169
1656940 1169
1656950 1174
1656960 1178
1656970 1178
1656980 1182
1656990 1186
1657000 1186
1657010 1190
1657020 1194
1657030 1198
1657040 1198
1657050 1202
1657060 1205
1657070 1205
1657080 1209
1657090 1213
1657100 1213
1657110 1217
1657120 1221
1657130 1221
1657140 1225
1657150 1227
1657160 1227
1657170 1230
1657180 1232
1657190 1232
1657200 1234
1657210 1236
1657220 1236
1657230 1238
1657240 1240
1657250 1240
1657260 1242
1657270 1246
1657280 1246
1657290 1252
1657300 1256
1657310 1256
1657320 1261
1657330 1266
1657340 1266
1657350 1271
1657360 1276
1657370 1282
1657380 1282
1657390 1287
1657400 1291
1657410 1291
1657420 1292
1657430 1293
1657440 1293
1657450 1291
1657460 1288
1657470 1288
1657480 1286
1657490 1284
1657500 1284
1657510 1282
1657520 1282
1657530 1282
1657540 1282
1657550 1282
1657560 1282
1657570 1282
1657580 1282
1657590 1282
1657600 1282
1657610 1280
1657620 1280
1657630 1278
1657640 1274
1657650 1274
1657660 1269
1657670 1256
1657680 1256
1657690 1248
1657700 1239
1657710 1232
1657720 1232
1657730 1225
1657740 1220
1657750 1220
1657760 1214
1657770 1210
1657780 1210
1657790 1207
1657800 1205
1657810 1205
1657820 1204
1657830 1203
1657840 1203
1657850 1202
1657860 1200
1657870 1200
1657880 1201
1657890 1204
1657900 1204
1657910 1205
1657920 1204
1657930 1204
1657940 1203
1657950 1202
1657960 1202
1657970 1203
1657980 1201
1657990 1201
1658000 1200
1658010 1198
1658020 1198
1658030 1195
1658040 1191
1658050 1188
1658060 1188
1658070 1184
1658080 1181
1658090 1181
1658100 1178
1658110 1175
1658120 1175
1658130 1171
1658140 1165
1658150 1165
1658160 1160
1658170 1154
1658180 1154
1658190 1144
1658200 1137
1658210 1137
1658220 1131
1658230 1121
1658240 1121
1658250 1112
1658260 1104
1658270 1104
1658280 1096
1658290 1088
1658300 1088
1658310 1082
1658320 1076
1658330 1076
1658340 1072
1658350 1068
1658360 1068
1658370 1064
1658380 1060
1658390 1060
1658400 1055
1658410 1045
1658420 1040
1658430 1040
1658440 1034
1658450 1029
1658460 1029
1658470 1024
1658480 1020
1658490 1020
1658500 1014
1658510 1007
1658520 1007
1658530 1000
1658540 993
1658550 993
1658560 988
1658570 983
1658580 983
1658590 979
1658600 975
1658610 975
1658620 971
1658630 967
1658640 967
1658650 963
1658660 959
1658670 959
1658680 955
1658690 950
1658700 950
1658710 945
1658720 940
1658730 940
1658740 935
1658750 932
1658760 928
1658770 928
1658780 926
1658790 927
1658800 927
1658810 932
1658820 938
1658830 938
1658840 944
1658850 950
1658860 950
1658870 956
1658880 962
1658890 962
1658900 967
1658910 973
1658920 973
1658930 979
1658940 985
1658950 985
1658960 991
1658970 996
1658980 996
1658990 998
1659000 996
1659010 996
1659020 994
1659030 989
1659040 989
1659050 988
1659060 988
1659070 988
1659080 988
1659090 988
1659100 988
1659110 988
1659120 988
1659130 988
1659140 988
1659150 988
1659160 988
1659170 988
1659180 988
1659190 988
1659200 988
1659210 988
1659220 988
1659230 988
1659240 988
1659250 988
1659260 988
1659270 988
1659280 988
1659290 988
1659300 988
1659310 987
1659320 987
1659330 987
1659340 987
1659350 987
1659360 987
1659370 987
1659380 987
1659390 987
1659400 987
1659410 987
1659420 987
1659430 988
1659440 993
1659450 993
1659460 1000
1659470 1007
1659480 1007
1659490 1015
1659500 1022
1659510 1022
1659520 1026
1659530 1021
1659540 1021
1659550 1016
1659560 1018
1659570 1018
1659580 1021
1659590 1025
1659600 1025
1659610 1028
1659620 1028
1659630 1028
1659640 1028
1659650 1028
1659660 1028
1659670 1029
1659680 1029
1659690 1029
1659700 1029
1659710 1029
1659720 1029
1659730 1030
1659740 1030
1659750 1030
1659760 1035
1659770 1041
1659780 1041
1659790 1048
1659800 1055
1659810 1061
1659820 1061
1659830 1066
1659840 1069
1659850 1069
1659860 1070
1659870 1080
1659880 1080
1659890 1087
1659900 1091
1659910 1091
1659920 1093
1659930 1097
1659940 1097
1659950 1102
1659960 1106
1659970 1106
1659980 1110
1659990 1112
