1640000 1546
1640010 1551
1640020 1551
1640030 1556
1640040 1562
1640050 1562
1640060 1567
1640070 1571
1640080 1571
1640090 1576
1640100 1580
1640110 1580
1640120 1584
1640130 1586
1640140 1586
1640150 1583
1640160 1576
1640170 1576
1640180 1569
1640190 1562
1640200 1554
1640210 1554
1640220 1546
1640230 1538
1640240 1538
1640250 1529
1640260 1523
1640270 1523
1640280 1516
1640290 1509
1640300 1509
1640310 1504
1640320 1497
1640330 1497
1640340 1490
1640350 1484
1640360 1484
1640370 1479
1640380 1474
1640390 1474
1640400 1470
1640410 1467
1640420 1467
1640430 1466
1640440 1464
1640450 1464
1640460 1459
1640470 1455
1640480 1455
1640490 1449
1640500 1445
1640510 1445
1640520 1444
1640530 1446
1640540 1444
1640550 1444
1640560 1442
1640570 1441
1640580 1441
1640590 1440
1640600 1439
1640610 1439
1640620 1439
1640630 1437
1640640 1437
1640650 1435
1640660 1437
1640670 1433
1640680 1434
1640690 1432
1640700 1432
1640710 1430
1640720 1427
1640730 1427
1640740 1429
1640750 1432
1640760 1432
1640770 1435
1640780 1438
1640790 1438
1640800 1439
1640810 1437
1640820 1437
1640830 1433
1640840 1430
1640850 1430
1640860 1426
1640870 1424
1640880 1423
1640890 1423
1640900 1425
1640910 1428
1640920 1428
1640930 1430
1640940 1435
1640950 1435
1640960 1440
1640970 1446
1640980 1446
1640990 1447
1641000 1446
1641010 1446
1641020 1447
1641030 1449
1641040 1449
1641050 1450
1641060 1442
1641070 1442
1641080 1433
1641090 1427
1641100 1427
1641110 1423
1641120 1419
1641130 1419
1641140 1419
1641150 1417
1641160 1417
1641170 1408
1641180 1404
1641190 1404
1641200 1401
1641210 1400
1641220 1399
1641230 1399
1641240 1398
1641250 1396
1641260 1396
1641270 1395
1641280 1398
1641290 1398
1641300 1403
1641310 1407
1641320 1407
1641330 1409
1641340 1411
1641350 1411
1641360 1414
1641370 1420
1641380 1420
1641390 1427
1641400 1434
1641410 1434
1641420 1441
1641430 1448
1641440 1448
1641450 1453
1641460 1459
1641470 1459
1641480 1464
1641490 1467
1641500 1467
1641510 1471
1641520 1476
1641530 1476
1641540 1482
1641550 1488
1641560 1494
1641570 1494
1641580 1501
1641590 1507
1641600 1507
1641610 1509
1641620 1510
1641630 1510
1641640 1512
1641650 1515
1641660 1515
1641670 1521
1641680 1528
1641690 1528
1641700 1536
1641710 1541
1641720 1541
1641730 1545
1641740 1549
1641750 1549
1641760 1552
1641770 1559
1641780 1559
1641790 1566
1641800 1573
1641810 1573
1641820 1580
1641830 1587
1641840 1587
1641850 1595
1641860 1602
1641870 1602
1641880 1608
1641890 1614
1641900 1614
1641910 1618
1641920 1623
1641930 1628
1641940 1628
1641950 1633
1641960 1634
1641970 1634
1641980 1631
1641990 1626
1642000 1626
1642010 1622
1642020 1617
1642030 1617
1642040 1611
1642050 1605
1642060 1605
1642070 1600
1642080 1594
1642090 1594
1642100 1588
1642110 1582
1642120 1582
1642130 1576
1642140 1569
1642150 1569
1642160 1563
1642170 1558
1642180 1558
1642190 1552
1642200 1546
1642210 1546
1642220 1540
1642230 1534
1642240 1534
1642250 1529
1642260 1524
1642270 1519
1642280 1519
1642290 1514
1642300 1511
1642310 1511
1642320 1505
1642330 1498
1642340 1498
1642350 1492
1642360 1488
1642370 1488
1642380 1485
1642390 1481
1642400 1481
1642410 1475
1642420 1468
1642430 1468
1642440 1462
1642450 1459
1642460 1459
1642470 1456
1642480 1452
1642490 1452
1642500 1448
1642510 1444
1642520 1444
1642530 1439
1642540 1436
1642550 1436
1642560 1433
1642570 1430
1642580 1430
1642590 1428
1642600 1425
1642610 1420
1642620 1420
1642630 1413
1642640 1407
1642650 1407
1642660 1400
1642670 1393
1642680 1393
1642690 1384
1642700 1376
1642710 1376
1642720 1368
1642730 1361
1642740 1361
1642750 1352
1642760 1343
1642770 1343
1642780 1334
1642790 1325
1642800 1325
1642810 1317
1642820 1309
1642830 1309
1642840 1302
1642850 1296
1642860 1296
1642870 1290
1642880 1284
1642890 1284
1642900 1282
1642910 1282
1642920 1282
1642930 1281
1642940 1281
1642950 1282
1642960 1282
1642970 1280
1642980 1274
1642990 1274
1643000 1273
1643010 1274
1643020 1274
1643030 1277
1643040 1278
1643050 1278
1643060 1278
1643070 1278
1643080 1278
1643090 1276
1643100 1275
1643110 1279
1643120 1276
1643130 1272
1643140 1272
1643150 1268
1643160 1264
1643170 1264
1643180 1258
1643190 1253
1643200 1253
1643210 1247
1643220 1242
1643230 1242
1643240 1237
1643250 1231
1643260 1231
1643270 1225
1643280 1217
1643290 1211
1643300 1211
1643310 1205
1643320 1199
1643330 1199
1643340 1193
1643350 1187
1643360 1187
1643370 1180
1643380 1174
1643390 1174
1643400 1169
1643410 1163
1643420 1163
1643430 1158
1643440 1152
1643450 1152
1643460 1146
1643470 1140
1643480 1140
1643490 1135
1643500 1129
1643510 1129
1643520 1123
1643530 1117
1643540 1117
1643550 1111
1643560 1103
1643570 1103
1643580 1095
1643590 1088
1643600 1088
1643610 1080
1643620 1072
1643630 1072
1643640 1065
1643650 1057
1643660 1049
1643670 1049
1643680 1041
1643690 1033
1643700 1033
1643710 1024
1643720 1015
1643730 1015
1643740 1006
1643750 997
1643760 997
1643770 996
1643780 999
1643790 999
1643800 1000
1643810 999
1643820 999
1643830 998
1643840 998
1643850 998
1643860 998
1643870 999
1643880 999
1643890 1000
1643900 999
1643910 1003
1643920 1004
1643930 1007
1643940 1007
1643950 1010
1643960 1013
1643970 1013
1643980 1016
1643990 1019
1644000 1021
1644010 1021
1644020 1020
1644030 1016
1644040 1016
1644050 1013
1644060 1010
1644070 1010
1644080 1005
1644090 1002
1644100 1002
1644110 1000
1644120 997
1644130 997
1644140 992
1644150 986
1644160 986
1644170 980
1644180 975
1644190 975
1644200 970
1644210 964
1644220 964
1644230 959
1644240 955
1644250 955
1644260 951
1644270 947
1644280 947
1644290 943
1644300 939
1644310 939
1644320 935
1644330 930
1644340 924
1644350 924
1644360 919
1644370 912
1644380 912
1644390 906
1644400 901
1644410 901
1644420 895
1644430 890
1644440 890
1644450 884
1644460 877
1644470 877
1644480 870
1644490 864
1644500 864
1644510 858
1644520 853
1644530 853
1644540 851
1644550 849
1644560 849
1644570 848
1644580 847
1644590 847
1644600 846
1644610 846
1644620 846
1644630 844
1644640 845
1644650 845
1644660 847
1644670 849
1644680 851
1644690 851
1644700 853
1644710 848
1644720 848
1644730 853
1644740 861
1644750 861
1644760 868
1644770 875
1644780 875
1644790 879
1644800 883
1644810 883
1644820 887
1644830 890
1644840 890
1644850 893
1644860 896
1644870 896
1644880 898
1644890 899
1644900 899
1644910 901
1644920 903
1644930 903
1644940 904
1644950 905
1644960 905
1644970 906
1644980 907
1644990 907
1645000 907
1645010 906
1645020 905
1645030 905
1645040 903
1645050 901
1645060 901
1645070 899
1645080 897
1645090 897
1645100 894
1645110 891
1645120 891
1645130 888
1645140 884
1645150 884
1645160 880
1645170 877
1645180 877
1645190 874
1645200 872
1645210 872
1645220 868
1645230 861
1645240 861
1645250 856
1645260 850
1645270 850
1645280 845
1645290 840
1645300 840
1645310 837
1645320 836
1645330 836
1645340 835
1645350 837
1645360 837
1645370 839
1645380 839
1645390 840
1645400 840
1645410 842
1645420 844
1645430 844
1645440 845
1645450 845
1645460 845
1645470 846
1645480 848
1645490 848
1645500 850
1645510 851
1645520 851
1645530 852
1645540 854
1645550 854
1645560 860
1645570 867
1645580 867
1645590 874
1645600 878
1645610 878
1645620 880
1645630 884
1645640 884
1645650 889
1645660 895
1645670 895
1645680 900
1645690 902
1645700 902
1645710 901
1645720 908
1645730 918
1645740 918
1645750 926
1645760 933
1645770 933
1645780 937
1645790 941
1645800 941
1645810 946
1645820 952
1645830 952
1645840 959
1645850 966
1645860 966
1645870 975
1645880 983
1645890 983
1645900 988
1645910 994
1645920 994
1645930 1001
1645940 1007
1645950 1007
1645960 1011
1645970 1014
1645980 1014
1645990 1014
1646000 1014
1646010 1014
1646020 1023
1646030 1032
1646040 1032
1646050 1042
1646060 1053
1646070 1063
1646080 1063
1646090 1071
1646100 1079
1646110 1079
1646120 1088
1646130 1095
1646140 1095
1646150 1100
1646160 1104
1646170 1104
1646180 1109
1646190 1115
1646200 1115
1646210 1119
1646220 1122
1646230 1122
1646240 1125
1646250 1129
1646260 1129
1646270 1132
1646280 1135
1646290 1135
1646300 1129
1646310 1128
1646320 1128
1646330 1128
1646340 1128
1646350 1128
1646360 1134
1646370 1138
1646380 1138
1646390 1143
1646400 1150
1646410 1157
1646420 1157
1646430 1164
1646440 1170
1646450 1170
1646460 1176
1646470 1181
1646480 1181
1646490 1182
1646500 1182
1646510 1182
1646520 1182
1646530 1182
1646540 1182
1646550 1182
1646560 1181
1646570 1181
1646580 1180
1646590 1179
1646600 1179
1646610 1179
1646620 1178
1646630 1178
1646640 1179
1646650 1180
1646660 1180
1646670 1183
1646680 1185
1646690 1185
1646700 1186
1646710 1186
1646720 1186
1646730 1185
1646740 1183
1646750 1180
1646760 1180
1646770 1177
1646780 1174
1646790 1174
1646800 1171
1646810 1169
1646820 1169
1646830 1166
1646840 1163
1646850 1163
1646860 1161
1646870 1159
1646880 1159
1646890 1158
1646900 1155
1646910 1155
1646920 1151
1646930 1148
1646940 1148
1646950 1145
1646960 1142
1646970 1142
1646980 1140
1646990 1137
1647000 1137
1647010 1135
1647020 1133
1647030 1133
1647040 1131
1647050 1130
1647060 1130
1647070 1128
1647080 1126
1647090 1123
1647100 1122
1647110 1121
1647120 1120
1647130 1120
1647140 1118
1647150 1115
1647160 1115
1647170 1112
1647180 1106
1647190 1106
1647200 1099
1647210 1097
1647220 1097
1647230 1102
1647240 1111
1647250 1111
1647260 1120
1647270 1130
1647280 1130
1647290 1137
1647300 1144
1647310 1144
1647320 1149
1647330 1152
1647340 1152
1647350 1159
1647360 1166
1647370 1166
1647380 1172
1647390 1177
1647400 1177
1647410 1182
1647420 1187
1647430 1187
1647440 1192
1647450 1198
1647460 1203
1647470 1203
1647480 1208
1647490 1213
1647500 1213
1647510 1217
1647520 1222
1647530 1222
1647540 1227
1647550 1231
1647560 1231
1647570 1236
1647580 1240
1647590 1240
1647600 1243
1647610 1246
1647620 1246
1647630 1249
1647640 1252
1647650 1252
1647660 1255
1647670 1258
1647680 1258
1647690 1261
1647700 1264
1647710 1264
1647720 1265
1647730 1266
1647740 1266
1647750 1267
1647760 1268
1647770 1268
1647780 1269
1647790 1272
1647800 1275
1647810 1275
1647820 1278
1647830 1280
1647840 1280
1647850 1281
1647860 1279
1647870 1284
1647880 1283
1647890 1285
1647900 1285
1647910 1285
1647920 1284
1647930 1284
1647940 1287
1647950 1294
1647960 1294
1647970 1302
1647980 1310
1647990 1310
1648000 1317
1648010 1322
1648020 1322
1648030 1327
1648040 1331
1648050 1331
1648060 1335
1648070 1339
1648080 1339
1648090 1342
1648100 1345
1648110 1345
1648120 1347
1648130 1350
1648140 1352
1648150 1352
1648160 1355
1648170 1357
1648180 1357
1648190 1359
1648200 1362
1648210 1362
1648220 1366
1648230 1369
1648240 1369
1648250 1373
1648260 1376
1648270 1376
1648280 1380
1648290 1384
1648300 1384
1648310 1388
1648320 1392
1648330 1392
1648340 1396
1648350 1401
1648360 1401
1648370 1406
1648380 1411
1648390 1411
1648400 1415
1648410 1419
1648420 1419
1648430 1423
1648440 1426
1648450 1426
1648460 1429
1648470 1429
1648480 1427
1648490 1427
1648500 1424
1648510 1422
1648520 1422
1648530 1421
1648540 1420
1648550 1420
1648560 1419
1648570 1417
1648580 1417
1648590 1414
1648600 1410
1648610 1410
1648620 1404
1648630 1399
1648640 1399
1648650 1394
1648660 1385
1648670 1385
1648680 1380
1648690 1375
1648700 1375
1648710 1370
1648720 1366
1648730 1366
1648740 1362
1648750 1360
1648760 1360
1648770 1357
1648780 1353
1648790 1353
1648800 1348
1648810 1344
1648820 1344
1648830 1341
1648840 1337
1648850 1332
1648860 1332
1648870 1327
1648880 1320
1648890 1320
1648900 1314
1648910 1308
1648920 1308
1648930 1303
1648940 1297
1648950 1297
1648960 1292
1648970 1287
1648980 1287
1648990 1283
1649000 1278
1649010 1278
1649020 1274
1649030 1269
1649040 1269
1649050 1265
1649060 1261
1649070 1261
1649080 1259
1649090 1258
1649100 1258
1649110 1257
1649120 1258
1649130 1258
1649140 1259
1649150 1260
1649160 1260
1649170 1264
1649180 1265
1649190 1265
1649200 1265
1649210 1268
1649220 1272
1649230 1272
1649240 1277
1649250 1281
1649260 1281
1649270 1285
1649280 1288
1649290 1288
1649300 1291
1649310 1293
1649320 1293
1649330 1297
1649340 1302
1649350 1302
1649360 1307
1649370 1313
1649380 1313
1649390 1319
1649400 1324
1649410 1324
1649420 1330
1649430 1332
1649440 1332
1649450 1338
1649460 1344
1649470 1344
1649480 1350
1649490 1357
1649500 1357
1649510 1364
1649520 1371
1649530 1376
1649540 1376
1649550 1382
1649560 1387
1649570 1387
1649580 1393
1649590 1396
1649600 1396
1649610 1395
1649620 1393
1649630 1393
1649640 1391
1649650 1390
1649660 1390
1649670 1389
1649680 1387
1649690 1387
1649700 1386
1649710 1383
1649720 1383
1649730 1381
1649740 1378
1649750 1378
1649760 1374
1649770 1370
1649780 1370
1649790 1367
1649800 1364
1649810 1364
1649820 1362
1649830 1359
1649840 1359
1649850 1355
1649860 1352
1649870 1349
1649880 1349
1649890 1344
1649900 1339
1649910 1339
1649920 1335
1649930 1332
1649940 1332
1649950 1329
1649960 1326
1649970 1326
1649980 1323
1649990 1320
1650000 1320
1650010 1317
1650020 1314
1650030 1314
1650040 1310
1650050 1305
1650060 1305
1650070 1300
1650080 1295
1650090 1295
1650100 1289
1650110 1284
1650120 1284
1650130 1278
1650140 1273
1650150 1273
1650160 1271
1650170 1268
1650180 1268
1650190 1265
1650200 1262
1650210 1254
1650220 1254
1650230 1253
1650240 1252
1650250 1252
1650260 1252
1650270 1246
1650280 1246
1650290 1239
1650300 1231
1650310 1231
1650320 1224
1650330 1218
1650340 1218
1650350 1214
1650360 1209
1650370 1209
1650380 1202
1650390 1196
1650400 1196
1650410 1192
1650420 1187
1650430 1187
1650440 1182
1650450 1177
1650460 1177
1650470 1172
1650480 1170
1650490 1170
1650500 1168
1650510 1165
1650520 1165
1650530 1161
1650540 1158
1650550 1158
1650560 1154
1650570 1149
1650580 1143
1650590 1143
1650600 1137
1650610 1133
1650620 1133
1650630 1131
1650640 1130
1650650 1130
1650660 1128
1650670 1123
1650680 1123
1650690 1118
1650700 1113
1650710 1113
1650720 1107
1650730 1103
1650740 1103
1650750 1099
1650760 1096
1650770 1096
1650780 1092
1650790 1089
1650800 1089
1650810 1085
1650820 1079
1650830 1079
1650840 1073
1650850 1069
1650860 1069
1650870 1065
1650880 1062
1650890 1062
1650900 1059
1650910 1057
1650920 1053
1650930 1053
1650940 1049
1650950 1045
1650960 1045
1650970 1042
1650980 1037
1650990 1037
1651000 1031
1651010 1028
1651020 1028
1651030 1026
1651040 1026
1651050 1026
1651060 1026
1651070 1027
1651080 1027
1651090 1027
1651100 1027
1651110 1027
1651120 1027
1651130 1027
1651140 1027
1651150 1027
1651160 1026
1651170 1026
1651180 1026
1651190 1025
1651200 1025
1651210 1025
1651220 1024
1651230 1024
1651240 1024
1651250 1023
1651260 1023
1651270 1023
1651280 1022
1651290 1022
1651300 1022
1651310 1022
1651320 1021
1651330 1021
1651340 1021
1651350 1021
1651360 1021
1651370 1020
1651380 1019
1651390 1019
1651400 1019
1651410 1019
1651420 1019
1651430 1019
1651440 1018
1651450 1018
1651460 1017
1651470 1017
1651480 1017
1651490 1016
1651500 1016
1651510 1016
1651520 1015
1651530 1014
1651540 1014
1651550 1014
1651560 1013
1651570 1013
1651580 1013
1651590 1013
1651600 1012
1651610 1012
1651620 1012
1651630 1012
1651640 1012
1651650 1011
1651660 1011
1651670 1011
1651680 1011
1651690 1010
1651700 1010
1651710 1010
1651720 1010
1651730 1010
1651740 1010
1651750 1010
1651760 1010
1651770 1010
1651780 1010
1651790 1010
1651800 1010
1651810 1010
1651820 1010
1651830 1009
1651840 1009
1651850 1009
1651860 1009
1651870 1009
1651880 1009
1651890 1010
1651900 1010
1651910 1010
1651920 1011
1651930 1011
1651940 1011
1651950 1012
1651960 1012
1651970 1012
1651980 1012
1651990 1012
1652000 1012
1652010 1012
1652020 1012
1652030 1012
1652040 1012
1652050 1014
1652060 1018
1652070 1018
1652080 1017
1652090 1017
1652100 1017
1652110 1016
1652120 1014
1652130 1014
1652140 1013
1652150 1012
1652160 1012
1652170 1012
1652180 1012
1652190 1012
1652200 1010
1652210 1009
1652220 1009
1652230 1007
1652240 1006
1652250 1006
1652260 1006
1652270 1006
1652280 1006
1652290 1010
1652300 1011
1652310 1011
1652320 1011
1652330 1011
1652340 1011
1652350 1011
1652360 1010
1652370 1010
1652380 1010
1652390 1010
1652400 1010
1652410 1010
1652420 1010
1652430 1010
1652440 1010
1652450 1010
1652460 1010
1652470 1010
1652480 1009
1652490 1008
1652500 1008
1652510 1006
1652520 1006
1652530 1006
1652540 1005
1652550 1005
1652560 1005
1652570 1005
1652580 1004
1652590 1004
1652600 1004
1652610 1004
1652620 1004
1652630 1003
1652640 1003
1652650 1002
1652660 1002
1652670 1002
1652680 1002
1652690 1002
1652700 1001
1652710 1000
1652720 1000
1652730 1000
1652740 998
1652750 998
1652760 997
1652770 995
1652780 995
1652790 995
1652800 995
1652810 995
1652820 995
1652830 994
1652840 994
1652850 993
1652860 992
1652870 992
1652880 991
1652890 990
1652900 990
1652910 989
1652920 988
1652930 988
1652940 988
1652950 987
1652960 987
1652970 985
1652980 984
1652990 982
1653000 982
1653010 981
1653020 981
1653030 981
1653040 980
1653050 980
1653060 980
1653070 979
1653080 979
1653090 979
1653100 978
1653110 977
1653120 977
1653130 977
1653140 976
1653150 976
1653160 975
1653170 974
1653180 974
1653190 973
1653200 971
1653210 971
1653220 970
1653230 968
1653240 968
1653250 966
1653260 965
1653270 966
1653280 965
1653290 964
1653300 964
1653310 962
1653320 961
1653330 960
1653340 960
1653350 958
1653360 957
1653370 957
1653380 957
1653390 956
1653400 956
1653410 954
1653420 952
1653430 952
1653440 952
1653450 952
1653460 952
1653470 954
1653480 954
1653490 954
1653500 954
1653510 955
1653520 955
1653530 958
1653540 961
1653550 961
1653560 965
1653570 969
1653580 969
1653590 975
1653600 980
1653610 980
1653620 986
1653630 992
1653640 992
1653650 994
1653660 994
1653670 994
1653680 996
1653690 997
1653700 998
1653710 998
1653720 1000
1653730 1001
1653740 1001
1653750 1003
1653760 1005
1653770 1005
1653780 1007
1653790 1011
1653800 1011
1653810 1012
1653820 1011
1653830 1011
1653840 1010
1653850 1010
1653860 1010
1653870 1009
1653880 1009
1653890 1009
1653900 1009
1653910 1008
1653920 1008
1653930 1008
1653940 1008
1653950 1008
1653960 1007
1653970 1004
1653980 1004
1653990 1000
1654000 996
1654010 996
1654020 987
1654030 985
1654040 984
1654050 984
1654060 983
1654070 982
1654080 982
1654090 982
1654100 982
1654110 982
1654120 982
1654130 983
1654140 983
1654150 981
1654160 975
1654170 975
1654180 966
1654190 961
1654200 961
1654210 968
1654220 968
1654230 968
1654240 970
1654250 977
1654260 977
1654270 981
1654280 985
1654290 985
1654300 987
1654310 990
1654320 990
1654330 990
1654340 991
1654350 991
1654360 992
1654370 992
1654380 993
1654390 993
1654400 995
1654410 997
1654420 997
1654430 1001
1654440 1000
1654450 1000
1654460 1000
1654470 1000
1654480 1000
1654490 1001
1654500 1001
1654510 1001
1654520 1002
1654530 1000
1654540 1000
1654550 1000
1654560 1000
1654570 1000
1654580 997
1654590 999
1654600 999
1654610 1004
1654620 1008
1654630 1008
1654640 1009
1654650 1011
1654660 1011
1654670 1013
1654680 1014
1654690 1014
1654700 1015
1654710 1015
1654720 1017
1654730 1017
1654740 1018
1654750 1020
1654760 1020
1654770 1022
1654780 1016
1654790 1016
1654800 1018
1654810 1020
1654820 1020
1654830 1022
1654840 1025
1654850 1025
1654860 1027
1654870 1029
1654880 1029
1654890 1031
1654900 1032
1654910 1032
1654920 1033
1654930 1032
1654940 1032
1654950 1030
1654960 1026
1654970 1026
1654980 1023
1654990 1020
1655000 1020
1655010 1012
1655020 1002
1655030 1002
1655040 996
1655050 991
1655060 991
1655070 986
1655080 983
1655090 979
1655100 979
1655110 975
1655120 971
1655130 971
1655140 963
1655150 957
1655160 957
1655170 960
1655180 966
1655190 966
1655200 972
1655210 977
1655220 977
1655230 981
1655240 984
1655250 984
1655260 988
1655270 993
1655280 993
1655290 1000
1655300 1008
1655310 1008
1655320 1016
1655330 1022
1655340 1022
1655350 1031
1655360 1040
1655370 1040
1655380 1048
1655390 1056
1655400 1056
1655410 1064
1655420 1073
1655430 1080
1655440 1080
1655450 1086
1655460 1089
1655470 1089
1655480 1093
1655490 1096
1655500 1096
1655510 1098
1655520 1098
1655530 1092
1655540 1091
1655550 1088
1655560 1088
1655570 1085
1655580 1081
1655590 1081
1655600 1077
1655610 1072
1655620 1072
1655630 1067
1655640 1063
1655650 1063
1655660 1057
1655670 1052
1655680 1052
1655690 1045
1655700 1037
1655710 1037
1655720 1030
1655730 1021
1655740 1021
1655750 1014
1655760 1006
1655770 999
1655780 999
1655790 992
1655800 987
1655810 987
1655820 983
1655830 978
1655840 978
1655850 975
1655860 973
1655870 973
1655880 973
1655890 973
1655900 973
1655910 970
1655920 967
1655930 967
1655940 963
1655950 959
1655960 959
1655970 960
1655980 962
1655990 962
1656000 965
1656010 969
1656020 969
1656030 971
1656040 970
1656050 970
1656060 970
1656070 970
1656080 970
1656090 969
1656100 969
1656110 969
1656120 969
1656130 968
1656140 967
1656150 967
1656160 967
1656170 968
1656180 968
1656190 971
1656200 975
1656210 975
1656220 979
1656230 981
1656240 981
1656250 981
1656260 980
1656270 980
1656280 980
1656290 982
1656300 982
1656310 985
1656320 986
1656330 986
1656340 989
1656350 993
1656360 993
1656370 995
1656380 997
1656390 997
1656400 998
1656410 1000
1656420 1000
1656430 1000
1656440 1002
1656450 1003
1656460 1003
1656470 1005
1656480 1006
1656490 1006
1656500 1007
1656510 1010
1656520 1010
1656530 1014
1656540 1018
1656550 1018
1656560 1022
1656570 1026
1656580 1026
1656590 1030
1656600 1034
1656610 1034
1656620 1038
1656630 1042
1656640 1042
1656650 1046
1656660 1051
1656670 1051
1656680 1056
1656690 1061
1656700 1061
1656710 1067
1656720 1072
1656730 1072
1656740 1077
1656750 1083
1656760 1083
1656770 1086
1656780 1092
1656790 1092
1656800 1097
1656810 1102
1656820 1106
1656830 1106
1656840 1111
1656850 1116
1656860 1116
1656870 1122
1656880 1127
1656890 1127
1656900 1133
1656910 1138
1656920 1138
1656930 1142
1656940 1146
1656950 1146
1656960 1150
1656970 1155
1656980 1155
1656990 1160
1657000 1164
1657010 1164
1657020 1171
1657030 1175
1657040 1175
1657050 1180
1657060 1184
1657070 1184
1657080 1189
1657090 1194
1657100 1194
1657110 1199
1657120 1204
1657130 1204
1657140 1208
1657150 1211
1657160 1213
1657170 1213
1657180 1214
1657190 1216
1657200 1216
1657210 1218
1657220 1220
1657230 1220
1657240 1223
1657250 1226
1657260 1226
1657270 1228
1657280 1230
1657290 1230
1657300 1233
1657310 1236
1657320 1236
1657330 1240
1657340 1244
1657350 1244
1657360 1250
1657370 1256
1657380 1256
1657390 1262
1657400 1268
1657410 1268
1657420 1271
1657430 1277
1657440 1277
1657450 1282
1657460 1286
1657470 1286
1657480 1292
1657490 1297
1657500 1303
1657510 1303
1657520 1308
1657530 1313
1657540 1313
1657550 1317
1657560 1321
1657570 1321
1657580 1323
1657590 1323
1657600 1323
1657610 1323
1657620 1322
1657630 1322
1657640 1321
1657650 1320
1657660 1320
1657670 1318
1657680 1315
1657690 1315
1657700 1314
1657710 1314
1657720 1314
1657730 1313
1657740 1312
1657750 1312
1657760 1306
1657770 1304
1657780 1304
1657790 1301
1657800 1294
1657810 1294
1657820 1284
1657830 1278
1657840 1277
1657850 1277
1657860 1277
1657870 1275
1657880 1275
1657890 1272
1657900 1270
1657910 1270
1657920 1268
1657930 1266
1657940 1266
1657950 1262
1657960 1257
1657970 1257
1657980 1253
1657990 1248
1658000 1248
1658010 1243
1658020 1239
1658030 1239
1658040 1235
1658050 1233
1658060 1233
1658070 1231
1658080 1225
1658090 1225
1658100 1218
1658110 1210
1658120 1210
1658130 1202
1658140 1196
1658150 1196
1658160 1193
1658170 1187
1658180 1187
1658190 1180
1658200 1173
1658210 1168
1658220 1168
1658230 1164
1658240 1160
1658250 1160
1658260 1153
1658270 1146
1658280 1146
1658290 1138
1658300 1132
1658310 1132
1658320 1125
1658330 1118
1658340 1118
1658350 1111
1658360 1103
1658370 1103
1658380 1097
1658390 1092
1658400 1092
1658410 1087
1658420 1082
1658430 1082
1658440 1076
1658450 1070
1658460 1070
1658470 1065
1658480 1061
1658490 1056
1658500 1051
1658510 1046
1658520 1046
1658530 1041
1658540 1036
1658550 1030
1658560 1030
1658570 1026
1658580 1022
1658590 1022
1658600 1018
1658610 1016
1658620 1016
1658630 1014
1658640 1011
1658650 1011
1658660 1007
1658670 1000
1658680 1000
1658690 993
1658700 986
1658710 986
1658720 981
1658730 977
1658740 977
1658750 972
1658760 969
1658770 969
1658780 965
1658790 960
1658800 960
1658810 956
1658820 951
1658830 951
1658840 946
1658850 942
1658860 942
1658870 937
1658880 935
1658890 937
1658900 937
1658910 941
1658920 948
1658930 948
1658940 955
1658950 963
1658960 963
1658970 969
1658980 974
1658990 974
1659000 980
1659010 986
1659020 986
1659030 993
1659040 995
1659050 995
1659060 991
1659070 988
1659080 988
1659090 988
1659100 988
1659110 988
1659120 988
1659130 987
1659140 987
1659150 987
1659160 987
1659170 987
1659180 987
1659190 987
1659200 987
1659210 987
1659220 987
1659230 987
1659240 987
1659250 987
1659260 987
1659270 987
1659280 987
1659290 987
1659300 987
1659310 987
1659320 987
1659330 987
1659340 987
1659350 987
1659360 987
1659370 987
1659380 987
1659390 987
1659400 987
1659410 987
1659420 987
1659430 987
1659440 987
1659450 987
1659460 991
1659470 998
1659480 998
1659490 1005
1659500 1012
1659510 1012
1659520 1020
1659530 1023
1659540 1023
1659550 1017
1659560 1009
1659570 1002
1659580 1002
1659590 995
1659600 994
1659610 994
1659620 999
1659630 1006
1659640 1006
1659650 1013
1659660 1020
1659670 1020
1659680 1022
1659690 1022
1659700 1022
1659710 1025
1659720 1029
1659730 1029
1659740 1030
1659750 1030
1659760 1030
1659770 1030
1659780 1030
1659790 1030
1659800 1031
1659810 1031
1659820 1031
1659830 1032
1659840 1032
1659850 1032
1659860 1032
1659870 1032
1659880 1032
1659890 1035
1659900 1037
1659910 1037
1659920 1039
1659930 1039
1659940 1040
1659950 1040
1659960 1048
1659970 1050
1659980 1050
1659990 1053
