1640000 911
1640010 912
1640020 912
1640030 912
1640040 911
1640050 910
1640060 910
1640070 908
1640080 905
1640090 905
1640100 901
1640110 897
1640120 897
1640130 892
1640140 891
1640150 891
1640160 895
1640170 893
1640180 893
1640190 899
1640200 904
1640210 904
1640220 908
1640230 912
1640240 913
1640250 913
1640260 913
1640270 912
1640280 912
1640290 912
1640300 914
1640310 914
1640320 918
1640330 923
1640340 923
1640350 930
1640360 933
1640370 933
1640380 936
1640390 942
1640400 942
1640410 947
1640420 951
1640430 951
1640440 955
1640450 959
1640460 959
1640470 962
1640480 964
1640490 964
1640500 965
1640510 966
1640520 966
1640530 967
1640540 967
1640550 967
1640560 966
1640570 967
1640580 968
1640590 968
1640600 969
1640610 970
1640620 970
1640630 971
1640640 971
1640650 971
1640660 972
1640670 973
1640680 973
1640690 975
1640700 975
1640710 975
1640720 976
1640730 977
1640740 977
1640750 976
1640760 972
1640770 972
1640780 968
1640790 964
1640800 964
1640810 959
1640820 953
1640830 953
1640840 947
1640850 939
1640860 939
1640870 932
1640880 925
1640890 925
1640900 917
1640910 908
1640920 908
1640930 901
1640940 893
1640950 883
1640960 883
1640970 882
1640980 886
1640990 883
1641000 890
1641010 899
1641020 899
1641030 906
1641040 912
1641050 912
1641060 918
1641070 925
1641080 925
1641090 934
1641100 944
1641110 944
1641120 950
1641130 955
1641140 955
1641150 960
1641160 965
1641170 965
1641180 969
1641190 973
1641200 973
1641210 978
1641220 983
1641230 983
1641240 989
1641250 994
1641260 994
1641270 999
1641280 1002
1641290 1003
1641300 1003
1641310 1005
1641320 1009
1641330 1009
1641340 1012
1641350 1015
1641360 1015
1641370 1020
1641380 1024
1641390 1024
1641400 1025
1641410 1025
1641420 1025
1641430 1027
1641440 1028
1641450 1028
1641460 1031
1641470 1035
1641480 1035
1641490 1035
1641500 1036
1641510 1036
1641520 1039
1641530 1040
1641540 1040
1641550 1043
1641560 1044
1641570 1044
1641580 1045
1641590 1048
1641600 1048
1641610 1053
1641620 1058
1641630 1063
1641640 1063
1641650 1068
1641660 1074
1641670 1074
1641680 1083
1641690 1090
1641700 1090
1641710 1098
1641720 1106
1641730 1106
1641740 1115
1641750 1122
1641760 1122
1641770 1130
1641780 1139
1641790 1139
1641800 1147
1641810 1152
1641820 1152
1641830 1161
1641840 1168
1641850 1168
1641860 1175
1641870 1183
1641880 1183
1641890 1189
1641900 1191
1641910 1191
1641920 1195
1641930 1198
1641940 1198
1641950 1199
1641960 1201
1641970 1201
1641980 1205
1641990 1209
1642000 1213
1642010 1213
1642020 1216
1642030 1219
1642040 1219
1642050 1222
1642060 1225
1642070 1225
1642080 1227
1642090 1229
1642100 1229
1642110 1229
1642120 1229
1642130 1229
1642140 1227
1642150 1225
1642160 1225
1642170 1223
1642180 1222
1642190 1222
1642200 1218
1642210 1214
1642220 1214
1642230 1210
1642240 1207
1642250 1207
1642260 1204
1642270 1198
1642280 1198
1642290 1193
1642300 1187
1642310 1187
1642320 1182
1642330 1175
1642340 1168
1642350 1168
1642360 1161
1642370 1153
1642380 1153
1642390 1145
1642400 1138
1642410 1138
1642420 1130
1642430 1122
1642440 1122
1642450 1114
1642460 1109
1642470 1109
1642480 1103
1642490 1098
1642500 1098
1642510 1094
1642520 1091
1642530 1091
1642540 1087
1642550 1085
1642560 1085
1642570 1082
1642580 1080
1642590 1080
1642600 1078
1642610 1077
1642620 1070
1642630 1069
1642640 1069
1642650 1069
1642660 1068
1642670 1066
1642680 1066
1642690 1064
1642700 1063
1642710 1061
1642720 1061
1642730 1059
1642740 1057
1642750 1057
1642760 1054
1642770 1051
1642780 1051
1642790 1047
1642800 1043
1642810 1043
1642820 1040
1642830 1036
1642840 1036
1642850 1033
1642860 1030
1642870 1030
1642880 1024
1642890 1018
1642900 1018
1642910 1012
1642920 1006
1642930 1006
1642940 999
1642950 992
1642960 992
1642970 985
1642980 977
1642990 977
1643000 969
1643010 964
1643020 964
1643030 956
1643040 949
1643050 942
1643060 942
1643070 935
1643080 929
1643090 929
1643100 922
1643110 916
1643120 916
1643130 910
1643140 904
1643150 904
1643160 899
1643170 895
1643180 895
1643190 891
1643200 888
1643210 888
1643220 887
1643230 887
1643240 887
1643250 888
1643260 889
1643270 889
1643280 888
1643290 885
1643300 885
1643310 883
1643320 884
1643330 884
1643340 886
1643350 889
1643360 889
1643370 892
1643380 892
1643390 892
1643400 890
1643410 889
1643420 884
1643430 884
1643440 883
1643450 882
1643460 882
1643470 880
1643480 878
1643490 878
1643500 877
1643510 876
1643520 876
1643530 876
1643540 877
1643550 877
1643560 878
1643570 878
1643580 878
1643590 878
1643600 878
1643610 878
1643620 878
1643630 877
1643640 877
1643650 876
1643660 873
1643670 873
1643680 868
1643690 861
1643700 861
1643710 855
1643720 848
1643730 848
1643740 843
1643750 836
1643760 831
1643770 831
1643780 826
1643790 820
1643800 820
1643810 818
1643820 820
1643830 820
1643840 821
1643850 821
1643860 821
1643870 824
1643880 830
1643890 830
1643900 834
1643910 838
1643920 838
1643930 840
1643940 841
1643950 841
1643960 841
1643970 838
1643980 838
1643990 836
1644000 833
1644010 833
1644020 830
1644030 827
1644040 827
1644050 822
1644060 818
1644070 818
1644080 815
1644090 812
1644100 812
1644110 808
1644120 803
1644130 798
1644140 798
1644150 793
1644160 788
1644170 788
1644180 785
1644190 782
1644200 782
1644210 779
1644220 776
1644230 771
1644240 764
1644250 757
1644260 757
1644270 750
1644280 744
1644290 744
1644300 738
1644310 731
1644320 731
1644330 728
1644340 728
1644350 728
1644360 729
1644370 729
1644380 729
1644390 729
1644400 729
1644410 729
1644420 729
1644430 730
1644440 730
1644450 730
1644460 730
1644470 730
1644480 730
1644490 732
1644500 738
1644510 738
1644520 744
1644530 750
1644540 750
1644550 759
1644560 766
1644570 766
1644580 774
1644590 781
1644600 781
1644610 787
1644620 794
1644630 794
1644640 801
1644650 808
1644660 808
1644670 814
1644680 821
1644690 821
1644700 828
1644710 835
1644720 835
1644730 842
1644740 848
1644750 848
1644760 855
1644770 862
1644780 862
1644790 868
1644800 875
1644810 875
1644820 882
1644830 888
1644840 895
1644850 895
1644860 901
1644870 908
1644880 908
1644890 915
1644900 922
1644910 922
1644920 929
1644930 937
1644940 937
1644950 944
1644960 951
1644970 951
1644980 959
1644990 966
1645000 966
1645010 974
1645020 983
1645030 984
1645040 992
1645050 1000
1645060 1000
1645070 1009
1645080 1016
1645090 1016
1645100 1018
1645110 1018
1645120 1018
1645130 1018
1645140 1019
1645150 1019
1645160 1020
1645170 1022
1645180 1023
1645190 1023
1645200 1025
1645210 1026
1645220 1026
1645230 1028
1645240 1032
1645250 1032
1645260 1035
1645270 1036
1645280 1036
1645290 1037
1645300 1037
1645310 1037
1645320 1038
1645330 1039
1645340 1039
1645350 1039
1645360 1038
1645370 1038
1645380 1039
1645390 1040
1645400 1040
1645410 1042
1645420 1045
1645430 1045
1645440 1049
1645450 1050
1645460 1050
1645470 1048
1645480 1045
1645490 1045
1645500 1040
1645510 1036
1645520 1036
1645530 1032
1645540 1030
1645550 1028
1645560 1028
1645570 1028
1645580 1028
1645590 1028
1645600 1029
1645610 1028
1645620 1028
1645630 1025
1645640 1023
1645650 1023
1645660 1021
1645670 1019
1645680 1019
1645690 1017
1645700 1015
1645710 1015
1645720 1013
1645730 1011
1645740 1011
1645750 1009
1645760 1009
1645770 1009
1645780 1011
1645790 1013
1645800 1013
1645810 1016
1645820 1031
1645830 1031
1645840 1041
1645850 1052
1645860 1052
1645870 1059
1645880 1064
1645890 1065
1645900 1065
1645910 1065
1645920 1068
1645930 1068
1645940 1069
1645950 1071
1645960 1071
1645970 1073
1645980 1076
1645990 1076
1646000 1080
1646010 1085
1646020 1085
1646030 1091
1646040 1097
1646050 1097
1646060 1105
1646070 1113
1646080 1113
1646090 1117
1646100 1120
1646110 1120
1646120 1122
1646130 1123
1646140 1123
1646150 1125
1646160 1128
1646170 1128
1646180 1130
1646190 1133
1646200 1133
1646210 1137
1646220 1139
1646230 1139
1646240 1143
1646250 1147
1646260 1150
1646270 1150
1646280 1154
1646290 1159
1646300 1159
1646310 1165
1646320 1171
1646330 1171
1646340 1177
1646350 1184
1646360 1184
1646370 1190
1646380 1197
1646390 1197
1646400 1204
1646410 1212
1646420 1212
1646430 1220
1646440 1225
1646450 1225
1646460 1230
1646470 1234
1646480 1234
1646490 1238
1646500 1243
1646510 1243
1646520 1246
1646530 1250
1646540 1250
1646550 1253
1646560 1257
1646570 1257
1646580 1260
1646590 1263
1646600 1264
1646610 1264
1646620 1268
1646630 1268
1646640 1268
1646650 1269
1646660 1268
1646670 1268
1646680 1267
1646690 1265
1646700 1265
1646710 1263
1646720 1261
1646730 1261
1646740 1258
1646750 1255
1646760 1255
1646770 1251
1646780 1246
1646790 1246
1646800 1241
1646810 1235
1646820 1235
1646830 1230
1646840 1224
1646850 1224
1646860 1216
1646870 1209
1646880 1209
1646890 1201
1646900 1195
1646910 1195
1646920 1192
1646930 1191
1646940 1191
1646950 1192
1646960 1197
1646970 1200
1646980 1200
1646990 1201
1647000 1204
1647010 1204
1647020 1207
1647030 1209
1647040 1209
1647050 1211
1647060 1214
1647070 1214
1647080 1215
1647090 1216
1647100 1216
1647110 1219
1647120 1219
1647130 1219
1647140 1218
1647150 1219
1647160 1219
1647170 1220
1647180 1222
1647190 1222
1647200 1224
1647210 1226
1647220 1226
1647230 1228
1647240 1231
1647250 1231
1647260 1231
1647270 1236
1647280 1236
1647290 1242
1647300 1245
1647310 1246
1647320 1246
1647330 1249
1647340 1252
1647350 1252
1647360 1256
1647370 1258
1647380 1258
1647390 1261
1647400 1268
1647410 1268
1647420 1270
1647430 1273
1647440 1273
1647450 1273
1647460 1274
1647470 1274
1647480 1277
1647490 1279
1647500 1279
1647510 1278
1647520 1274
1647530 1274
1647540 1274
1647550 1279
1647560 1279
1647570 1286
1647580 1292
1647590 1292
1647600 1298
1647610 1303
1647620 1303
1647630 1309
1647640 1315
1647650 1315
1647660 1320
1647670 1323
1647680 1325
1647690 1325
1647700 1326
1647710 1326
1647720 1326
1647730 1329
1647740 1332
1647750 1332
1647760 1338
1647770 1346
1647780 1346
1647790 1350
1647800 1352
1647810 1352
1647820 1355
1647830 1354
1647840 1354
1647850 1353
1647860 1356
1647870 1356
1647880 1361
1647890 1366
1647900 1366
1647910 1371
1647920 1373
1647930 1373
1647940 1375
1647950 1377
1647960 1377
1647970 1379
1647980 1380
1647990 1380
1648000 1380
1648010 1382
1648020 1384
1648030 1384
1648040 1386
1648050 1389
1648060 1389
1648070 1393
1648080 1399
1648090 1399
1648100 1405
1648110 1410
1648120 1410
1648130 1414
1648140 1418
1648150 1418
1648160 1422
1648170 1425
1648180 1425
1648190 1432
1648200 1435
1648210 1435
1648220 1435
1648230 1439
1648240 1439
1648250 1444
1648260 1445
1648270 1445
1648280 1445
1648290 1448
1648300 1448
1648310 1453
1648320 1459
1648330 1459
1648340 1463
1648350 1466
1648360 1466
1648370 1470
1648380 1479
1648390 1488
1648400 1488
1648410 1495
1648420 1501
1648430 1501
1648440 1508
1648450 1511
1648460 1511
1648470 1514
1648480 1518
1648490 1518
1648500 1521
1648510 1521
1648520 1521
1648530 1521
1648540 1520
1648550 1520
1648560 1520
1648570 1521
1648580 1521
1648590 1523
1648600 1525
1648610 1525
1648620 1526
1648630 1525
1648640 1525
1648650 1523
1648660 1519
1648670 1519
1648680 1518
1648690 1526
1648700 1526
1648710 1534
1648720 1541
1648730 1548
1648740 1548
1648750 1555
1648760 1562
1648770 1562
1648780 1570
1648790 1577
1648800 1577
1648810 1583
1648820 1590
1648830 1590
1648840 1598
1648850 1605
1648860 1605
1648870 1612
1648880 1618
1648890 1618
1648900 1626
1648910 1633
1648920 1633
1648930 1639
1648940 1644
1648950 1644
1648960 1647
1648970 1657
1648980 1657
1648990 1660
1649000 1664
1649010 1664
1649020 1668
1649030 1671
1649040 1671
1649050 1675
1649060 1678
1649070 1678
1649080 1682
1649090 1686
1649100 1691
1649110 1691
1649120 1693
1649130 1684
1649140 1684
1649150 1663
1649160 1642
1649170 1642
1649180 1625
1649190 1615
1649200 1615
1649210 1602
1649220 1592
1649230 1592
1649240 1569
1649250 1550
1649260 1550
1649270 1542
1649280 1537
1649290 1537
1649300 1518
1649310 1502
1649320 1502
1649330 1486
1649340 1473
1649350 1473
1649360 1477
1649370 1508
1649380 1508
1649390 1511
1649400 1499
1649410 1499
1649420 1490
1649430 1481
1649440 1472
1649450 1472
1649460 1463
1649470 1457
1649480 1457
1649490 1452
1649500 1448
1649510 1448
1649520 1445
1649530 1441
1649540 1441
1649550 1436
1649560 1432
1649570 1432
1649580 1429
1649590 1426
1649600 1426
1649610 1423
1649620 1418
1649630 1418
1649640 1413
1649650 1407
1649660 1407
1649670 1402
1649680 1398
1649690 1398
1649700 1392
1649710 1386
1649720 1386
1649730 1380
1649740 1375
1649750 1375
1649760 1369
1649770 1365
1649780 1365
1649790 1360
1649800 1354
1649810 1353
1649820 1353
1649830 1359
1649840 1362
1649850 1362
1649860 1363
1649870 1366
1649880 1366
1649890 1369
1649900 1372
1649910 1372
1649920 1376
1649930 1380
1649940 1380
1649950 1385
1649960 1389
1649970 1389
1649980 1392
1649990 1395
1650000 1395
1650010 1397
1650020 1398
1650030 1398
1650040 1401
1650050 1404
1650060 1404
1650070 1407
1650080 1412
1650090 1412
1650100 1418
1650110 1427
1650120 1427
1650130 1447
1650140 1467
1650150 1484
1650160 1484
1650170 1489
1650180 1474
1650190 1474
1650200 1472
1650210 1482
1650220 1482
1650230 1530
1650240 1583
1650250 1583
1650260 1593
1650270 1598
1650280 1598
1650290 1605
1650300 1620
1650310 1620
1650320 1634
1650330 1632
1650340 1632
1650350 1632
1650360 1635
1650370 1635
1650380 1638
1650390 1643
1650400 1643
1650410 1648
1650420 1648
1650430 1648
1650440 1655
1650450 1663
1650460 1663
1650470 1669
1650480 1675
1650490 1675
1650500 1679
1650510 1684
1650520 1698
1650530 1698
1650540 1710
1650550 1726
1650560 1726
1650570 1753
1650580 1771
1650590 1771
1650600 1773
1650610 1770
1650620 1770
1650630 1769
1650640 1770
1650650 1770
1650660 1768
1650670 1766
1650680 1766
1650690 1766
1650700 1769
1650710 1769
1650720 1774
1650730 1789
1650740 1789
1650750 1793
1650760 1788
1650770 1788
1650780 1775
1650790 1756
1650800 1756
1650810 1739
1650820 1725
1650830 1725
1650840 1715
1650850 1706
1650860 1692
1650870 1692
1650880 1675
1650890 1660
1650900 1660
1650910 1649
1650920 1639
1650930 1639
1650940 1630
1650950 1621
1650960 1621
1650970 1610
1650980 1599
1650990 1599
1651000 1589
1651010 1583
1651020 1583
1651030 1582
1651040 1582
1651050 1582
1651060 1579
1651070 1572
1651080 1572
1651090 1556
1651100 1551
1651110 1551
1651120 1549
1651130 1536
1651140 1536
1651150 1528
1651160 1518
1651170 1518
1651180 1507
1651190 1497
1651200 1497
1651210 1488
1651220 1479
1651230 1470
1651240 1470
1651250 1463
1651260 1457
1651270 1457
1651280 1451
1651290 1445
1651300 1445
1651310 1436
1651320 1427
1651330 1427
1651340 1418
1651350 1407
1651360 1407
1651370 1398
1651380 1391
1651390 1391
1651400 1383
1651410 1373
1651420 1373
1651430 1365
1651440 1357
1651450 1357
1651460 1350
1651470 1344
1651480 1344
1651490 1337
1651500 1330
1651510 1330
1651520 1322
1651530 1315
1651540 1315
1651550 1308
1651560 1301
1651570 1294
1651580 1294
1651590 1287
1651600 1280
1651610 1280
1651620 1272
1651630 1264
1651640 1264
1651650 1258
1651660 1252
1651670 1252
1651680 1247
1651690 1240
1651700 1240
1651710 1235
1651720 1229
1651730 1229
1651740 1224
1651750 1219
1651760 1219
1651770 1212
1651780 1206
1651790 1206
1651800 1199
1651810 1192
1651820 1192
1651830 1186
1651840 1182
1651850 1182
1651860 1181
1651870 1181
1651880 1181
1651890 1179
1651900 1174
1651910 1174
1651920 1166
1651930 1161
1651940 1153
1651950 1153
1651960 1146
1651970 1141
1651980 1141
1651990 1136
1652000 1132
1652010 1132
1652020 1129
1652030 1127
1652040 1127
1652050 1120
1652060 1117
1652070 1117
1652080 1114
1652090 1112
1652100 1112
1652110 1109
1652120 1108
1652130 1108
1652140 1107
1652150 1106
1652160 1106
1652170 1102
1652180 1097
1652190 1097
1652200 1091
1652210 1086
1652220 1086
1652230 1081
1652240 1075
1652250 1075
1652260 1068
1652270 1061
1652280 1056
1652290 1056
1652300 1052
1652310 1054
1652320 1054
1652330 1059
1652340 1059
1652350 1059
1652360 1057
1652370 1056
1652380 1056
1652390 1055
1652400 1053
1652410 1053
1652420 1053
1652430 1052
1652440 1052
1652450 1050
1652460 1047
1652470 1047
1652480 1042
1652490 1046
1652500 1046
1652510 1048
1652520 1048
1652530 1048
1652540 1048
1652550 1047
1652560 1047
1652570 1046
1652580 1045
1652590 1045
1652600 1044
1652610 1043
1652620 1043
1652630 1043
1652640 1043
1652650 1042
1652660 1042
1652670 1043
1652680 1044
1652690 1044
1652700 1040
1652710 1037
1652720 1037
1652730 1043
1652740 1048
1652750 1048
1652760 1052
1652770 1054
1652780 1054
1652790 1056
1652800 1058
1652810 1051
1652820 1051
1652830 1050
1652840 1050
1652850 1050
1652860 1055
1652870 1055
1652880 1061
1652890 1065
1652900 1065
1652910 1068
1652920 1070
1652930 1070
1652940 1072
1652950 1071
1652960 1071
1652970 1076
1652980 1081
1652990 1086
1653000 1086
1653010 1092
1653020 1098
1653030 1098
1653040 1104
1653050 1111
1653060 1111
1653070 1112
1653080 1107
1653090 1107
1653100 1101
1653110 1092
1653120 1092
1653130 1082
1653140 1079
1653150 1079
1653160 1095
1653170 1103
1653180 1103
1653190 1104
1653200 1109
1653210 1109
1653220 1110
1653230 1112
1653240 1112
1653250 1119
1653260 1126
1653270 1126
1653280 1132
1653290 1138
1653300 1138
1653310 1142
1653320 1141
1653330 1141
1653340 1138
1653350 1140
1653360 1147
1653370 1147
1653380 1156
1653390 1163
1653400 1163
1653410 1168
1653420 1167
1653430 1167
1653440 1164
1653450 1165
1653460 1165
1653470 1163
1653480 1156
1653490 1156
1653500 1149
1653510 1140
1653520 1140
1653530 1131
1653540 1123
1653550 1123
1653560 1115
1653570 1104
1653580 1104
1653590 1097
1653600 1100
1653610 1100
1653620 1102
1653630 1103
1653640 1103
1653650 1113
1653660 1123
1653670 1123
1653680 1132
1653690 1141
1653700 1148
1653710 1148
1653720 1154
1653730 1160
1653740 1160
1653750 1167
1653760 1172
1653770 1172
1653780 1177
1653790 1182
1653800 1182
1653810 1187
1653820 1188
1653830 1188
1653840 1188
1653850 1189
1653860 1189
1653870 1187
1653880 1184
1653890 1184
1653900 1181
1653910 1179
1653920 1179
1653930 1178
1653940 1177
1653950 1177
1653960 1176
1653970 1176
1653980 1176
1653990 1177
1654000 1177
1654010 1177
1654020 1175
1654030 1173
1654040 1173
1654050 1173
1654060 1173
1654070 1176
1654080 1176
1654090 1180
1654100 1184
1654110 1184
1654120 1185
1654130 1187
1654140 1187
1654150 1189
1654160 1193
1654170 1193
1654180 1197
1654190 1203
1654200 1203
1654210 1209
1654220 1209
1654230 1209
1654240 1207
1654250 1204
1654260 1204
1654270 1200
1654280 1196
1654290 1196
1654300 1190
1654310 1185
1654320 1182
1654330 1175
1654340 1170
1654350 1170
1654360 1170
1654370 1172
1654380 1172
1654390 1175
1654400 1177
1654410 1177
1654420 1178
1654430 1177
1654440 1175
1654450 1175
1654460 1172
1654470 1167
1654480 1167
1654490 1162
1654500 1157
1654510 1157
1654520 1152
1654530 1146
1654540 1146
1654550 1138
1654560 1133
1654570 1133
1654580 1127
1654590 1119
1654600 1119
1654610 1111
1654620 1104
1654630 1104
1654640 1097
1654650 1089
1654660 1089
1654670 1081
1654680 1072
1654690 1072
1654700 1063
1654710 1054
1654720 1054
1654730 1046
1654740 1038
1654750 1038
1654760 1031
1654770 1028
1654780 1028
1654790 1028
1654800 1031
1654810 1033
1654820 1033
1654830 1035
1654840 1035
1654850 1035
1654860 1036
1654870 1035
1654880 1035
1654890 1033
1654900 1031
1654910 1031
1654920 1030
1654930 1028
1654940 1028
1654950 1027
1654960 1024
1654970 1024
1654980 1022
1654990 1019
1655000 1019
1655010 1017
1655020 1013
1655030 1013
1655040 1009
1655050 1005
1655060 1005
1655070 1001
1655080 994
1655090 994
1655100 997
1655110 1001
1655120 1001
1655130 1004
1655140 1005
1655150 1006
1655160 1006
1655170 1006
1655180 1006
1655190 1006
1655200 1007
1655210 1007
1655220 1007
1655230 1007
1655240 1005
1655250 1005
1655260 1003
1655270 1001
1655280 1001
1655290 998
1655300 994
1655310 994
1655320 990
1655330 984
1655340 984
1655350 976
1655360 976
1655370 976
1655380 978
1655390 980
1655400 980
1655410 980
1655420 978
1655430 978
1655440 974
1655450 970
1655460 970
1655470 967
1655480 969
1655490 972
1655500 972
1655510 980
1655520 989
1655530 989
1655540 997
1655550 1004
1655560 1004
1655570 1011
1655580 1016
1655590 1016
1655600 1020
1655610 1024
1655620 1024
1655630 1026
1655640 1027
1655650 1027
1655660 1026
1655670 1024
1655680 1024
1655690 1021
1655700 1018
1655710 1018
1655720 1015
1655730 1015
1655740 1015
1655750 1022
1655760 1029
1655770 1029
1655780 1033
1655790 1034
1655800 1034
1655810 1037
1655820 1040
1655830 1040
1655840 1045
1655850 1048
1655860 1053
1655870 1053
1655880 1057
1655890 1060
1655900 1060
1655910 1065
1655920 1068
1655930 1068
1655940 1069
1655950 1068
1655960 1068
1655970 1067
1655980 1066
1655990 1066
1656000 1063
1656010 1060
1656020 1060
1656030 1057
1656040 1053
1656050 1053
1656060 1048
1656070 1044
1656080 1044
1656090 1040
1656100 1036
1656110 1036
1656120 1032
1656130 1027
1656140 1027
1656150 1023
1656160 1018
1656170 1018
1656180 1011
1656190 1004
1656200 997
1656210 997
1656220 992
1656230 988
1656240 988
1656250 985
1656260 982
1656270 982
1656280 979
1656290 974
1656300 974
1656310 969
1656320 964
1656330 964
1656340 961
1656350 957
1656360 957
1656370 954
1656380 950
1656390 950
1656400 945
1656410 939
1656420 939
1656430 933
1656440 926
1656450 926
1656460 919
1656470 915
1656480 915
1656490 912
1656500 910
1656510 910
1656520 908
1656530 906
1656540 906
1656550 904
1656560 902
1656570 899
1656580 899
1656590 895
1656600 893
1656610 893
1656620 890
1656630 887
1656640 887
1656650 884
1656660 881
1656670 881
1656680 877
1656690 872
1656700 872
1656710 867
1656720 862
1656730 862
1656740 859
1656750 855
1656760 855
1656770 851
1656780 847
1656790 847
1656800 843
1656810 840
1656820 840
1656830 836
1656840 833
1656850 833
1656860 830
1656870 825
1656880 825
1656890 821
1656900 816
1656910 811
1656920 811
1656930 806
1656940 802
1656950 802
1656960 799
1656970 796
1656980 796
1656990 793
1657000 789
1657010 789
1657020 785
1657030 779
1657040 779
1657050 774
1657060 769
1657070 769
1657080 765
1657090 761
1657100 761
1657110 759
1657120 754
1657130 754
1657140 749
1657150 744
1657160 744
1657170 737
1657180 731
1657190 731
1657200 724
1657210 721
1657220 721
1657230 725
1657240 726
1657250 726
1657260 726
1657270 727
1657280 728
1657290 728
1657300 728
1657310 728
1657320 728
1657330 729
1657340 730
1657350 730
1657360 732
1657370 733
1657380 733
1657390 737
1657400 740
1657410 740
1657420 740
1657430 740
1657440 740
1657450 740
1657460 742
1657470 742
1657480 744
1657490 745
1657500 745
1657510 746
1657520 744
1657530 744
1657540 745
1657550 756
1657560 756
1657570 764
1657580 764
1657590 764
1657600 764
1657610 769
1657620 772
1657630 772
1657640 772
1657650 772
1657660 772
1657670 772
1657680 766
1657690 766
1657700 765
1657710 762
1657720 762
1657730 756
1657740 749
1657750 749
1657760 744
1657770 739
1657780 739
1657790 736
1657800 735
1657810 735
1657820 734
1657830 734
1657840 734
1657850 734
1657860 734
1657870 734
1657880 734
1657890 734
1657900 734
1657910 735
1657920 735
1657930 735
1657940 734
1657950 732
1657960 732
1657970 733
1657980 733
1657990 735
1658000 735
1658010 729
1658020 721
1658030 721
1658040 721
1658050 721
1658060 721
1658070 721
1658080 722
1658090 722
1658100 728
1658110 735
1658120 735
1658130 735
1658140 735
1658150 735
1658160 735
1658170 738
1658180 738
1658190 744
1658200 746
1658210 746
1658220 746
1658230 746
1658240 746
1658250 746
1658260 751
1658270 751
1658280 762
1658290 767
1658300 767
1658310 767
1658320 767
1658330 768
1658340 768
1658350 771
1658360 783
1658370 783
1658380 788
1658390 788
1658400 788
1658410 791
1658420 806
1658430 806
1658440 814
1658450 814
1658460 814
1658470 814
1658480 814
1658490 814
1658500 815
1658510 820
1658520 820
1658530 833
1658540 837
1658550 837
1658560 837
1658570 838
1658580 838
1658590 838
1658600 843
1658610 843
1658620 857
1658630 861
1658640 861
1658650 861
1658660 861
1658670 861
1658680 871
1658690 883
1658700 883
1658710 883
1658720 883
1658730 883
1658740 883
1658750 883
1658760 883
1658770 883
1658780 883
1658790 884
1658800 884
1658810 885
1658820 885
1658830 885
1658840 885
1658850 885
1658860 885
1658870 885
1658880 885
1658890 885
1658900 885
1658910 887
1658920 887
1658930 902
1658940 908
1658950 908
1658960 909
1658970 909
1658980 909
1658990 909
1659000 911
1659010 911
1659020 920
1659030 929
1659040 930
1659050 930
1659060 930
1659070 930
1659080 930
1659090 933
1659100 944
1659110 944
1659120 950
1659130 950
1659140 950
1659150 950
1659160 950
1659170 950
1659180 958
1659190 965
1659200 965
1659210 967
1659220 969
1659230 969
1659240 971
1659250 975
1659260 975
1659270 975
1659280 975
1659290 975
1659300 975
1659310 975
1659320 975
1659330 975
1659340 979
1659350 979
1659360 997
1659370 1000
1659380 1000
1659390 1002
1659400 1015
1659410 1019
1659420 1019
1659430 1020
1659440 1025
1659450 1025
1659460 1034
1659470 1035
1659480 1035
1659490 1036
1659500 1047
1659510 1047
1659520 1053
1659530 1053
1659540 1053
1659550 1054
1659560 1056
1659570 1056
1659580 1057
1659590 1067
1659600 1067
1659610 1069
1659620 1070
1659630 1070
1659640 1070
1659650 1070
1659660 1070
1659670 1079
1659680 1091
1659690 1091
1659700 1092
1659710 1092
1659720 1092
1659730 1092
1659740 1095
1659750 1103
1659760 1103
1659770 1112
1659780 1112
1659790 1112
1659800 1113
1659810 1118
1659820 1118
1659830 1127
1659840 1127
1659850 1127
1659860 1127
1659870 1127
1659880 1127
1659890 1127
1659900 1127
1659910 1127
1659920 1128
1659930 1130
1659940 1130
1659950 1137
1659960 1139
1659970 1139
1659980 1140
1659990 1141
