1640000 871
1640010 872
1640020 873
1640030 873
1640040 873
1640050 872
1640060 872
1640070 871
1640080 869
1640090 869
1640100 867
1640110 863
1640120 859
1640130 857
1640140 862
1640150 862
1640160 868
1640170 872
1640180 872
1640190 876
1640200 878
1640210 878
1640220 880
1640230 880
1640240 880
1640250 881
1640260 886
1640270 886
1640280 890
1640290 892
1640300 892
1640310 895
1640320 896
1640330 897
1640340 897
1640350 897
1640360 898
1640370 898
1640380 900
1640390 905
1640400 905
1640410 909
1640420 912
1640430 912
1640440 914
1640450 916
1640460 916
1640470 917
1640480 921
1640490 921
1640500 924
1640510 926
1640520 926
1640530 927
1640540 930
1640550 930
1640560 932
1640570 934
1640580 934
1640590 935
1640600 937
1640610 937
1640620 938
1640630 940
1640640 940
1640650 941
1640660 942
1640670 942
1640680 942
1640690 943
1640700 944
1640710 944
1640720 946
1640730 945
1640740 945
1640750 945
1640760 944
1640770 944
1640780 942
1640790 940
1640800 940
1640810 939
1640820 938
1640830 938
1640840 934
1640850 928
1640860 928
1640870 922
1640880 915
1640890 915
1640900 906
1640910 897
1640920 897
1640930 887
1640940 876
1640950 876
1640960 866
1640970 863
1640980 863
1640990 866
1641000 873
1641010 873
1641020 881
1641030 887
1641040 893
1641050 893
1641060 898
1641070 905
1641080 905
1641090 913
1641100 921
1641110 921
1641120 927
1641130 932
1641140 932
1641150 936
1641160 940
1641170 940
1641180 945
1641190 949
1641200 949
1641210 953
1641220 956
1641230 956
1641240 958
1641250 961
1641260 961
1641270 963
1641280 966
1641290 966
1641300 968
1641310 970
1641320 970
1641330 972
1641340 972
1641350 972
1641360 974
1641370 975
1641380 975
1641390 976
1641400 977
1641410 980
1641420 980
1641430 982
1641440 983
1641450 983
1641460 986
1641470 989
1641480 989
1641490 996
1641500 1003
1641510 1003
1641520 1008
1641530 1014
1641540 1014
1641550 1022
1641560 1028
1641570 1028
1641580 1034
1641590 1041
1641600 1041
1641610 1047
1641620 1053
1641630 1053
1641640 1060
1641650 1067
1641660 1067
1641670 1076
1641680 1085
1641690 1085
1641700 1096
1641710 1104
1641720 1104
1641730 1112
1641740 1119
1641750 1130
1641760 1130
1641770 1136
1641780 1143
1641790 1143
1641800 1150
1641810 1155
1641820 1155
1641830 1163
1641840 1170
1641850 1170
1641860 1176
1641870 1182
1641880 1182
1641890 1186
1641900 1187
1641910 1187
1641920 1186
1641930 1184
1641940 1184
1641950 1182
1641960 1181
1641970 1181
1641980 1180
1641990 1181
1642000 1181
1642010 1180
1642020 1178
1642030 1178
1642040 1178
1642050 1179
1642060 1179
1642070 1179
1642080 1179
1642090 1179
1642100 1180
1642110 1183
1642120 1186
1642130 1186
1642140 1191
1642150 1195
1642160 1195
1642170 1201
1642180 1203
1642190 1203
1642200 1203
1642210 1202
1642220 1202
1642230 1201
1642240 1198
1642250 1198
1642260 1194
1642270 1189
1642280 1189
1642290 1183
1642300 1177
1642310 1177
1642320 1172
1642330 1167
1642340 1167
1642350 1160
1642360 1153
1642370 1153
1642380 1147
1642390 1141
1642400 1141
1642410 1134
1642420 1126
1642430 1126
1642440 1117
1642450 1111
1642460 1102
1642470 1102
1642480 1095
1642490 1087
1642500 1087
1642510 1081
1642520 1074
1642530 1074
1642540 1068
1642550 1062
1642560 1062
1642570 1056
1642580 1050
1642590 1050
1642600 1046
1642610 1041
1642620 1041
1642630 1038
1642640 1035
1642650 1035
1642660 1032
1642670 1030
1642680 1030
1642690 1029
1642700 1028
1642710 1028
1642720 1027
1642730 1025
1642740 1025
1642750 1023
1642760 1022
1642770 1022
1642780 1020
1642790 1019
1642800 1019
1642810 1017
1642820 1016
1642830 1015
1642840 1015
1642850 1013
1642860 1010
1642870 1010
1642880 1006
1642890 1004
1642900 1004
1642910 1003
1642920 1004
1642930 1004
1642940 1004
1642950 1002
1642960 1002
1642970 997
1642980 991
1642990 991
1643000 984
1643010 977
1643020 977
1643030 971
1643040 963
1643050 963
1643060 958
1643070 951
1643080 951
1643090 943
1643100 937
1643110 937
1643120 930
1643130 923
1643140 923
1643150 917
1643160 911
1643170 904
1643180 904
1643190 898
1643200 891
1643210 891
1643220 885
1643230 878
1643240 878
1643250 872
1643260 867
1643270 867
1643280 863
1643290 862
1643300 862
1643310 861
1643320 863
1643330 863
1643340 866
1643350 867
1643360 867
1643370 861
1643380 862
1643390 862
1643400 862
1643410 863
1643420 863
1643430 862
1643440 861
1643450 861
1643460 859
1643470 857
1643480 857
1643490 855
1643500 851
1643510 851
1643520 849
1643530 848
1643540 849
1643550 849
1643560 850
1643570 851
1643580 851
1643590 852
1643600 854
1643610 854
1643620 856
1643630 857
1643640 857
1643650 858
1643660 858
1643670 858
1643680 856
1643690 852
1643700 852
1643710 847
1643720 842
1643730 842
1643740 837
1643750 830
1643760 830
1643770 825
1643780 819
1643790 819
1643800 813
1643810 807
1643820 807
1643830 798
1643840 799
1643850 799
1643860 800
1643870 801
1643880 804
1643890 804
1643900 808
1643910 812
1643920 812
1643930 815
1643940 816
1643950 816
1643960 814
1643970 811
1643980 811
1643990 806
1644000 802
1644010 802
1644020 799
1644030 796
1644040 796
1644050 793
1644060 790
1644070 790
1644080 787
1644090 784
1644100 784
1644110 781
1644120 781
1644130 781
1644140 779
1644150 776
1644160 776
1644170 766
1644180 760
1644190 760
1644200 752
1644210 743
1644220 743
1644230 735
1644240 728
1644250 726
1644260 726
1644270 725
1644280 726
1644290 726
1644300 726
1644310 725
1644320 725
1644330 726
1644340 726
1644350 726
1644360 727
1644370 728
1644380 728
1644390 728
1644400 728
1644410 728
1644420 728
1644430 729
1644440 729
1644450 736
1644460 744
1644470 744
1644480 751
1644490 757
1644500 757
1644510 762
1644520 768
1644530 768
1644540 774
1644550 781
1644560 781
1644570 787
1644580 794
1644590 800
1644600 800
1644610 807
1644620 814
1644630 814
1644640 821
1644650 827
1644660 827
1644670 834
1644680 840
1644690 840
1644700 847
1644710 853
1644720 853
1644730 860
1644740 867
1644750 867
1644760 873
1644770 879
1644780 879
1644790 886
1644800 893
1644810 893
1644820 900
1644830 907
1644840 907
1644850 915
1644860 923
1644870 923
1644880 930
1644890 937
1644900 937
1644910 945
1644920 953
1644930 953
1644940 961
1644950 969
1644960 977
1644970 978
1644980 986
1644990 992
1645000 992
1645010 996
1645020 997
1645030 997
1645040 997
1645050 997
1645060 997
1645070 997
1645080 997
1645090 997
1645100 995
1645110 994
1645120 994
1645130 993
1645140 993
1645150 993
1645160 993
1645170 994
1645180 994
1645190 996
1645200 999
1645210 999
1645220 1003
1645230 1007
1645240 1007
1645250 1010
1645260 1014
1645270 1014
1645280 1017
1645290 1019
1645300 1021
1645310 1021
1645320 1023
1645330 1024
1645340 1024
1645350 1026
1645360 1029
1645370 1029
1645380 1032
1645390 1035
1645400 1035
1645410 1039
1645420 1043
1645430 1043
1645440 1048
1645450 1052
1645460 1052
1645470 1056
1645480 1059
1645490 1059
1645500 1061
1645510 1062
1645520 1062
1645530 1062
1645540 1062
1645550 1062
1645560 1061
1645570 1061
1645580 1061
1645590 1062
1645600 1061
1645610 1061
1645620 1061
1645630 1060
1645640 1060
1645650 1059
1645660 1058
1645670 1057
1645680 1057
1645690 1056
1645700 1054
1645710 1054
1645720 1053
1645730 1051
1645740 1051
1645750 1050
1645760 1050
1645770 1056
1645780 1058
1645790 1061
1645800 1061
1645810 1068
1645820 1077
1645830 1077
1645840 1089
1645850 1097
1645860 1097
1645870 1102
1645880 1104
1645890 1104
1645900 1106
1645910 1109
1645920 1109
1645930 1112
1645940 1115
1645950 1115
1645960 1117
1645970 1120
1645980 1120
1645990 1123
1646000 1126
1646010 1130
1646020 1130
1646030 1138
1646040 1144
1646050 1144
1646060 1147
1646070 1149
1646080 1149
1646090 1153
1646100 1157
1646110 1157
1646120 1161
1646130 1162
1646140 1162
1646150 1163
1646160 1165
1646170 1165
1646180 1167
1646190 1169
1646200 1169
1646210 1172
1646220 1175
1646230 1175
1646240 1178
1646250 1182
1646260 1182
1646270 1184
1646280 1186
1646290 1186
1646300 1189
1646310 1193
1646320 1193
1646330 1196
1646340 1201
1646350 1201
1646360 1207
1646370 1210
1646380 1213
1646390 1213
1646400 1215
1646410 1219
1646420 1219
1646430 1225
1646440 1231
1646450 1231
1646460 1236
1646470 1240
1646480 1240
1646490 1245
1646500 1249
1646510 1249
1646520 1254
1646530 1259
1646540 1259
1646550 1263
1646560 1269
1646570 1269
1646580 1273
1646590 1277
1646600 1277
1646610 1279
1646620 1281
1646630 1281
1646640 1281
1646650 1281
1646660 1281
1646670 1281
1646680 1280
1646690 1280
1646700 1278
1646710 1276
1646720 1274
1646730 1274
1646740 1269
1646750 1264
1646760 1264
1646770 1260
1646780 1257
1646790 1257
1646800 1254
1646810 1250
1646820 1250
1646830 1245
1646840 1240
1646850 1240
1646860 1236
1646870 1232
1646880 1232
1646890 1229
1646900 1226
1646910 1226
1646920 1220
1646930 1215
1646940 1215
1646950 1213
1646960 1213
1646970 1213
1646980 1217
1646990 1222
1647000 1222
1647010 1226
1647020 1227
1647030 1227
1647040 1229
1647050 1229
1647060 1229
1647070 1232
1647080 1235
1647090 1238
1647100 1238
1647110 1241
1647120 1242
1647130 1242
1647140 1243
1647150 1244
1647160 1244
1647170 1245
1647180 1246
1647190 1246
1647200 1249
1647210 1252
1647220 1252
1647230 1254
1647240 1256
1647250 1256
1647260 1258
1647270 1258
1647280 1258
1647290 1260
1647300 1263
1647310 1263
1647320 1266
1647330 1269
1647340 1269
1647350 1275
1647360 1279
1647370 1279
1647380 1284
1647390 1287
1647400 1287
1647410 1290
1647420 1294
1647430 1297
1647440 1297
1647450 1300
1647460 1303
1647470 1303
1647480 1304
1647490 1306
1647500 1306
1647510 1310
1647520 1313
1647530 1313
1647540 1315
1647550 1315
1647560 1315
1647570 1314
1647580 1310
1647590 1310
1647600 1306
1647610 1308
1647620 1308
1647630 1315
1647640 1323
1647650 1323
1647660 1331
1647670 1338
1647680 1338
1647690 1345
1647700 1350
1647710 1350
1647720 1357
1647730 1361
1647740 1361
1647750 1363
1647760 1366
1647770 1366
1647780 1370
1647790 1373
1647800 1376
1647810 1376
1647820 1377
1647830 1377
1647840 1377
1647850 1378
1647860 1379
1647870 1379
1647880 1381
1647890 1382
1647900 1382
1647910 1384
1647920 1385
1647930 1385
1647940 1390
1647950 1394
1647960 1394
1647970 1399
1647980 1404
1647990 1404
1648000 1408
1648010 1412
1648020 1412
1648030 1414
1648040 1414
1648050 1414
1648060 1415
1648070 1419
1648080 1419
1648090 1423
1648100 1426
1648110 1426
1648120 1431
1648130 1434
1648140 1444
1648150 1444
1648160 1448
1648170 1454
1648180 1454
1648190 1458
1648200 1461
1648210 1461
1648220 1462
1648230 1466
1648240 1466
1648250 1471
1648260 1472
1648270 1472
1648280 1476
1648290 1479
1648300 1479
1648310 1483
1648320 1487
1648330 1487
1648340 1490
1648350 1495
1648360 1495
1648370 1501
1648380 1506
1648390 1506
1648400 1512
1648410 1518
1648420 1518
1648430 1524
1648440 1530
1648450 1530
1648460 1535
1648470 1540
1648480 1540
1648490 1546
1648500 1553
1648510 1558
1648520 1558
1648530 1557
1648540 1556
1648550 1556
1648560 1556
1648570 1557
1648580 1557
1648590 1558
1648600 1559
1648610 1559
1648620 1559
1648630 1559
1648640 1559
1648650 1558
1648660 1557
1648670 1557
1648680 1555
1648690 1551
1648700 1551
1648710 1549
1648720 1549
1648730 1549
1648740 1555
1648750 1565
1648760 1565
1648770 1573
1648780 1582
1648790 1582
1648800 1591
1648810 1607
1648820 1607
1648830 1620
1648840 1619
1648850 1621
1648860 1621
1648870 1628
1648880 1635
1648890 1635
1648900 1642
1648910 1657
1648920 1657
1648930 1667
1648940 1673
1648950 1673
1648960 1679
1648970 1683
1648980 1683
1648990 1687
1649000 1691
1649010 1691
1649020 1695
1649030 1699
1649040 1699
1649050 1702
1649060 1706
1649070 1706
1649080 1709
1649090 1711
1649100 1711
1649110 1705
1649120 1695
1649130 1695
1649140 1687
1649150 1681
1649160 1681
1649170 1677
1649180 1674
1649190 1674
1649200 1643
1649210 1605
1649220 1585
1649230 1585
1649240 1558
1649250 1544
1649260 1544
1649270 1530
1649280 1519
1649290 1519
1649300 1515
1649310 1511
1649320 1511
1649330 1515
1649340 1522
1649350 1522
1649360 1537
1649370 1533
1649380 1533
1649390 1521
1649400 1514
1649410 1514
1649420 1510
1649430 1505
1649440 1505
1649450 1500
1649460 1495
1649470 1495
1649480 1490
1649490 1486
1649500 1486
1649510 1482
1649520 1478
1649530 1478
1649540 1474
1649550 1467
1649560 1463
1649570 1463
1649580 1460
1649590 1457
1649600 1457
1649610 1453
1649620 1448
1649630 1448
1649640 1444
1649650 1441
1649660 1441
1649670 1442
1649680 1445
1649690 1461
1649700 1451
1649710 1444
1649720 1444
1649730 1442
1649740 1437
1649750 1437
1649760 1427
1649770 1417
1649780 1417
1649790 1408
1649800 1403
1649810 1403
1649820 1423
1649830 1436
1649840 1436
1649850 1435
1649860 1429
1649870 1429
1649880 1441
1649890 1443
1649900 1443
1649910 1442
1649920 1442
1649930 1443
1649940 1443
1649950 1448
1649960 1448
1649970 1448
1649980 1442
1649990 1467
1650000 1467
1650010 1494
1650020 1511
1650030 1511
1650040 1518
1650050 1528
1650060 1528
1650070 1536
1650080 1547
1650090 1547
1650100 1563
1650110 1589
1650120 1589
1650130 1607
1650140 1605
1650150 1605
1650160 1592
1650170 1580
1650180 1580
1650190 1581
1650200 1617
1650210 1617
1650220 1672
1650230 1686
1650240 1686
1650250 1679
1650260 1672
1650270 1667
1650280 1667
1650290 1669
1650300 1671
1650310 1671
1650320 1675
1650330 1679
1650340 1679
1650350 1685
1650360 1690
1650370 1690
1650380 1694
1650390 1698
1650400 1698
1650410 1704
1650420 1706
1650430 1706
1650440 1706
1650450 1703
1650460 1703
1650470 1773
1650480 1791
1650490 1791
1650500 1787
1650510 1775
1650520 1775
1650530 1777
1650540 1784
1650550 1784
1650560 1797
1650570 1813
1650580 1813
1650590 1826
1650600 1832
1650610 1832
1650620 1836
1650630 1840
1650640 1850
1650650 1850
1650660 1855
1650670 1847
1650680 1847
1650690 1836
1650700 1825
1650710 1825
1650720 1814
1650730 1803
1650740 1803
1650750 1787
1650760 1772
1650770 1772
1650780 1758
1650790 1747
1650800 1747
1650810 1737
1650820 1724
1650830 1724
1650840 1710
1650850 1684
1650860 1684
1650870 1671
1650880 1659
1650890 1659
1650900 1649
1650910 1639
1650920 1639
1650930 1627
1650940 1616
1650950 1616
1650960 1607
1650970 1598
1650980 1587
1650990 1587
1651000 1576
1651010 1566
1651020 1566
1651030 1558
1651040 1549
1651050 1549
1651060 1542
1651070 1535
1651080 1535
1651090 1528
1651100 1521
1651110 1521
1651120 1514
1651130 1508
1651140 1508
1651150 1500
1651160 1492
1651170 1492
1651180 1483
1651190 1475
1651200 1475
1651210 1469
1651220 1463
1651230 1459
1651240 1453
1651250 1446
1651260 1446
1651270 1437
1651280 1429
1651290 1429
1651300 1420
1651310 1411
1651320 1411
1651330 1402
1651340 1395
1651350 1390
1651360 1390
1651370 1389
1651380 1384
1651390 1384
1651400 1375
1651410 1366
1651420 1366
1651430 1358
1651440 1350
1651450 1350
1651460 1341
1651470 1333
1651480 1333
1651490 1326
1651500 1320
1651510 1320
1651520 1314
1651530 1307
1651540 1307
1651550 1299
1651560 1291
1651570 1291
1651580 1284
1651590 1277
1651600 1277
1651610 1271
1651620 1265
1651630 1265
1651640 1258
1651650 1252
1651660 1252
1651670 1246
1651680 1241
1651690 1241
1651700 1235
1651710 1230
1651720 1226
1651730 1226
1651740 1221
1651750 1216
1651760 1216
1651770 1211
1651780 1205
1651790 1205
1651800 1200
1651810 1195
1651820 1195
1651830 1188
1651840 1181
1651850 1181
1651860 1175
1651870 1171
1651880 1171
1651890 1167
1651900 1162
1651910 1162
1651920 1158
1651930 1154
1651940 1154
1651950 1149
1651960 1143
1651970 1143
1651980 1138
1651990 1133
1652000 1137
1652010 1131
1652020 1126
1652030 1126
1652040 1122
1652050 1118
1652060 1114
1652070 1114
1652080 1111
1652090 1109
1652100 1109
1652110 1106
1652120 1102
1652130 1102
1652140 1095
1652150 1091
1652160 1091
1652170 1090
1652180 1090
1652190 1090
1652200 1088
1652210 1084
1652220 1084
1652230 1079
1652240 1074
1652250 1074
1652260 1070
1652270 1066
1652280 1066
1652290 1063
1652300 1061
1652310 1061
1652320 1058
1652330 1057
1652340 1057
1652350 1055
1652360 1052
1652370 1052
1652380 1049
1652390 1045
1652400 1045
1652410 1042
1652420 1039
1652430 1036
1652440 1036
1652450 1034
1652460 1033
1652470 1033
1652480 1030
1652490 1026
1652500 1026
1652510 1020
1652520 1019
1652530 1019
1652540 1022
1652550 1019
1652560 1019
1652570 1017
1652580 1016
1652590 1016
1652600 1015
1652610 1016
1652620 1016
1652630 1017
1652640 1016
1652650 1016
1652660 1014
1652670 1011
1652680 1011
1652690 1010
1652700 1011
1652710 1011
1652720 1010
1652730 1009
1652740 1009
1652750 1009
1652760 1006
1652770 1006
1652780 1006
1652790 1006
1652800 1007
1652810 1007
1652820 1009
1652830 1008
1652840 1008
1652850 1011
1652860 1016
1652870 1016
1652880 1019
1652890 1022
1652900 1022
1652910 1024
1652920 1027
1652930 1027
1652940 1031
1652950 1035
1652960 1035
1652970 1039
1652980 1043
1652990 1043
1653000 1050
1653010 1053
1653020 1053
1653030 1056
1653040 1060
1653050 1060
1653060 1063
1653070 1062
1653080 1062
1653090 1057
1653100 1053
1653110 1053
1653120 1047
1653130 1055
1653140 1058
1653150 1058
1653160 1054
1653170 1056
1653180 1056
1653190 1063
1653200 1072
1653210 1072
1653220 1079
1653230 1085
1653240 1085
1653250 1091
1653260 1097
1653270 1097
1653280 1099
1653290 1100
1653300 1100
1653310 1096
1653320 1095
1653330 1095
1653340 1102
1653350 1105
1653360 1105
1653370 1113
1653380 1123
1653390 1123
1653400 1132
1653410 1138
1653420 1138
1653430 1134
1653440 1134
1653450 1134
1653460 1132
1653470 1131
1653480 1130
1653490 1130
1653500 1127
1653510 1122
1653520 1117
1653530 1113
1653540 1105
1653550 1105
1653560 1095
1653570 1085
1653580 1085
1653590 1073
1653600 1069
1653610 1069
1653620 1076
1653630 1084
1653640 1084
1653650 1093
1653660 1101
1653670 1101
1653680 1110
1653690 1119
1653700 1119
1653710 1125
1653720 1128
1653730 1128
1653740 1132
1653750 1136
1653760 1136
1653770 1143
1653780 1151
1653790 1151
1653800 1156
1653810 1158
1653820 1158
1653830 1156
1653840 1150
1653850 1145
1653860 1145
1653870 1142
1653880 1137
1653890 1137
1653900 1137
1653910 1136
1653920 1136
1653930 1134
1653940 1133
1653950 1133
1653960 1131
1653970 1134
1653980 1134
1653990 1140
1654000 1145
1654010 1145
1654020 1149
1654030 1153
1654040 1153
1654050 1158
1654060 1161
1654070 1161
1654080 1163
1654090 1167
1654100 1167
1654110 1170
1654120 1177
1654130 1177
1654140 1181
1654150 1183
1654160 1183
1654170 1188
1654180 1193
1654190 1193
1654200 1193
1654210 1189
1654220 1185
1654230 1185
1654240 1180
1654250 1176
1654260 1176
1654270 1172
1654280 1164
1654290 1164
1654300 1162
1654310 1157
1654320 1157
1654330 1154
1654340 1150
1654350 1150
1654360 1145
1654370 1138
1654380 1138
1654390 1138
1654400 1143
1654410 1143
1654420 1146
1654430 1148
1654440 1148
1654450 1149
1654460 1150
1654470 1150
1654480 1151
1654490 1153
1654500 1153
1654510 1153
1654520 1152
1654530 1152
1654540 1149
1654550 1145
1654560 1140
1654570 1140
1654580 1133
1654590 1126
1654600 1126
1654610 1120
1654620 1112
1654630 1112
1654640 1104
1654650 1097
1654660 1097
1654670 1091
1654680 1084
1654690 1084
1654700 1077
1654710 1070
1654720 1070
1654730 1063
1654740 1057
1654750 1057
1654760 1050
1654770 1043
1654780 1043
1654790 1036
1654800 1031
1654810 1031
1654820 1024
1654830 1018
1654840 1018
1654850 1009
1654860 999
1654870 999
1654880 993
1654890 991
1654900 991
1654910 991
1654920 994
1654930 994
1654940 994
1654950 993
1654960 990
1654970 990
1654980 988
1654990 986
1655000 986
1655010 984
1655020 983
1655030 977
1655040 976
1655050 974
1655060 974
1655070 971
1655080 966
1655090 966
1655100 960
1655110 963
1655120 963
1655130 967
1655140 970
1655150 970
1655160 970
1655170 969
1655180 969
1655190 967
1655200 968
1655210 968
1655220 969
1655230 969
1655240 969
1655250 968
1655260 968
1655270 967
1655280 967
1655290 966
1655300 966
1655310 966
1655320 966
1655330 966
1655340 966
1655350 963
1655360 960
1655370 960
1655380 954
1655390 946
1655400 946
1655410 945
1655420 946
1655430 946
1655440 939
1655450 943
1655460 943
1655470 953
1655480 961
1655490 961
1655500 969
1655510 973
1655520 973
1655530 973
1655540 977
1655550 977
1655560 979
1655570 981
1655580 981
1655590 984
1655600 987
1655610 991
1655620 991
1655630 994
1655640 995
1655650 995
1655660 992
1655670 986
1655680 986
1655690 985
1655700 992
1655710 992
1655720 999
1655730 1004
1655740 1004
1655750 1006
1655760 1008
1655770 1008
1655780 1010
1655790 1014
1655800 1014
1655810 1020
1655820 1026
1655830 1026
1655840 1030
1655850 1038
1655860 1038
1655870 1043
1655880 1050
1655890 1050
1655900 1055
1655910 1059
1655920 1059
1655930 1064
1655940 1066
1655950 1066
1655960 1069
1655970 1069
1655980 1068
1655990 1068
1656000 1065
1656010 1063
1656020 1063
1656030 1060
1656040 1057
1656050 1057
1656060 1053
1656070 1049
1656080 1049
1656090 1044
1656100 1040
1656110 1040
1656120 1035
1656130 1030
1656140 1030
1656150 1026
1656160 1021
1656170 1021
1656180 1016
1656190 1011
1656200 1011
1656210 1005
1656220 999
1656230 999
1656240 992
1656250 987
1656260 987
1656270 981
1656280 977
1656290 977
1656300 972
1656310 966
1656320 963
1656330 963
1656340 960
1656350 957
1656360 957
1656370 953
1656380 949
1656390 949
1656400 945
1656410 940
1656420 940
1656430 935
1656440 929
1656450 929
1656460 924
1656470 919
1656480 919
1656490 916
1656500 912
1656510 912
1656520 910
1656530 906
1656540 906
1656550 901
1656560 901
1656570 901
1656580 898
1656590 893
1656600 893
1656610 890
1656620 890
1656630 890
1656640 885
1656650 880
1656660 880
1656670 875
1656680 870
1656690 865
1656700 865
1656710 859
1656720 855
1656730 855
1656740 852
1656750 848
1656760 848
1656770 845
1656780 841
1656790 841
1656800 838
1656810 834
1656820 834
1656830 831
1656840 828
1656850 828
1656860 824
1656870 821
1656880 821
1656890 818
1656900 815
1656910 815
1656920 811
1656930 809
1656940 809
1656950 805
1656960 801
1656970 801
1656980 798
1656990 794
1657000 794
1657010 789
1657020 785
1657030 781
1657040 781
1657050 777
1657060 771
1657070 771
1657080 765
1657090 760
1657100 760
1657110 757
1657120 753
1657130 753
1657140 748
1657150 742
1657160 742
1657170 736
1657180 731
1657190 731
1657200 724
1657210 721
1657220 721
1657230 720
1657240 722
1657250 722
1657260 722
1657270 722
1657280 722
1657290 723
1657300 725
1657310 725
1657320 725
1657330 725
1657340 725
1657350 725
1657360 725
1657370 725
1657380 727
1657390 730
1657400 734
1657410 734
1657420 740
1657430 740
1657440 740
1657450 740
1657460 740
1657470 740
1657480 740
1657490 740
1657500 740
1657510 740
1657520 740
1657530 740
1657540 742
1657550 753
1657560 753
1657570 764
1657580 765
1657590 765
1657600 766
1657610 766
1657620 766
1657630 766
1657640 766
1657650 766
1657660 765
1657670 763
1657680 763
1657690 756
1657700 749
1657710 749
1657720 742
1657730 737
1657740 734
1657750 734
1657760 734
1657770 734
1657780 734
1657790 734
1657800 734
1657810 734
1657820 734
1657830 734
1657840 734
1657850 734
1657860 734
1657870 734
1657880 734
1657890 734
1657900 734
1657910 734
1657920 734
1657930 734
1657940 735
1657950 738
1657960 738
1657970 738
1657980 738
1657990 738
1658000 742
1658010 744
1658020 744
1658030 745
1658040 745
1658050 745
1658060 745
1658070 746
1658080 746
1658090 750
1658100 760
1658110 763
1658120 763
1658130 761
1658140 757
1658150 757
1658160 759
1658170 762
1658180 762
1658190 767
1658200 767
1658210 767
1658220 767
1658230 767
1658240 767
1658250 768
1658260 775
1658270 775
1658280 788
1658290 790
1658300 790
1658310 790
1658320 802
1658330 802
1658340 814
1658350 814
1658360 814
1658370 814
1658380 814
1658390 814
1658400 814
1658410 815
1658420 815
1658430 825
1658440 836
1658450 838
1658460 838
1658470 837
1658480 837
1658490 837
1658500 837
1658510 841
1658520 841
1658530 849
1658540 858
1658550 858
1658560 861
1658570 861
1658580 861
1658590 861
1658600 861
1658610 861
1658620 861
1658630 861
1658640 861
1658650 867
1658660 883
1658670 883
1658680 883
1658690 883
1658700 883
1658710 883
1658720 883
1658730 883
1658740 883
1658750 883
1658760 883
1658770 883
1658780 888
1658790 888
1658800 892
1658810 892
1658820 892
1658830 892
1658840 892
1658850 891
1658860 891
1658870 895
1658880 908
1658890 908
1658900 909
1658910 915
1658920 915
1658930 931
1658940 932
1658950 932
1658960 932
1658970 932
1658980 932
1658990 934
1659000 942
1659010 942
1659020 947
1659030 948
1659040 948
1659050 949
1659060 952
1659070 952
1659080 951
1659090 952
1659100 952
1659110 954
1659120 961
1659130 961
1659140 969
1659150 976
1659160 976
1659170 976
1659180 977
1659190 979
1659200 979
1659210 983
1659220 993
1659230 993
1659240 996
1659250 996
1659260 996
1659270 996
1659280 996
1659290 996
1659300 996
1659310 1001
1659320 1001
1659330 1004
1659340 1004
1659350 1004
1659360 1004
1659370 1006
1659380 1006
1659390 1014
1659400 1018
1659410 1018
1659420 1018
1659430 1023
1659440 1023
1659450 1033
1659460 1034
1659470 1033
1659480 1035
1659490 1048
1659500 1048
1659510 1053
1659520 1053
1659530 1052
1659540 1052
1659550 1052
1659560 1058
1659570 1058
1659580 1060
1659590 1060
1659600 1060
1659610 1064
1659620 1069
1659630 1069
1659640 1068
1659650 1068
1659660 1068
1659670 1074
1659680 1088
1659690 1088
1659700 1091
1659710 1090
1659720 1090
1659730 1090
1659740 1090
1659750 1090
1659760 1094
1659770 1106
1659780 1106
1659790 1113
1659800 1113
1659810 1113
1659820 1113
1659830 1113
1659840 1113
1659850 1113
1659860 1114
1659870 1121
1659880 1121
1659890 1127
1659900 1128
1659910 1128
1659920 1128
1659930 1128
1659940 1128
1659950 1128
1659960 1129
1659970 1129
1659980 1129
1659990 1132
