1640000 959
1640010 959
1640020 953
1640030 946
1640040 946
1640050 935
1640060 926
1640070 926
1640080 919
1640090 917
1640100 918
1640110 918
1640120 923
1640130 929
1640140 929
1640150 931
1640160 934
1640170 934
1640180 936
1640190 938
1640200 938
1640210 940
1640220 942
1640230 942
1640240 943
1640250 944
1640260 944
1640270 948
1640280 950
1640290 950
1640300 949
1640310 947
1640320 947
1640330 946
1640340 944
1640350 944
1640360 943
1640370 941
1640380 941
1640390 938
1640400 933
1640410 933
1640420 933
1640430 932
1640440 930
1640450 930
1640460 927
1640470 925
1640480 925
1640490 922
1640500 920
1640510 922
1640520 920
1640530 918
1640540 918
1640550 915
1640560 911
1640570 911
1640580 908
1640590 904
1640600 904
1640610 902
1640620 901
1640630 901
1640640 902
1640650 899
1640660 899
1640670 895
1640680 892
1640690 892
1640700 890
1640710 887
1640720 887
1640730 885
1640740 881
1640750 881
1640760 877
1640770 872
1640780 872
1640790 868
1640800 865
1640810 861
1640820 861
1640830 855
1640840 848
1640850 848
1640860 842
1640870 839
1640880 839
1640890 836
1640900 833
1640910 833
1640920 829
1640930 827
1640940 827
1640950 824
1640960 820
1640970 820
1640980 816
1640990 813
1641000 813
1641010 812
1641020 811
1641030 811
1641040 809
1641050 807
1641060 807
1641070 804
1641080 801
1641090 801
1641100 797
1641110 794
1641120 794
1641130 788
1641140 779
1641150 779
1641160 774
1641170 772
1641180 767
1641190 767
1641200 763
1641210 758
1641220 758
1641230 754
1641240 749
1641250 749
1641260 745
1641270 743
1641280 743
1641290 741
1641300 738
1641310 738
1641320 741
1641330 738
1641340 738
1641350 735
1641360 733
1641370 733
1641380 733
1641390 732
1641400 732
1641410 732
1641420 732
1641430 732
1641440 732
1641450 732
1641460 732
1641470 732
1641480 731
1641490 731
1641500 731
1641510 731
1641520 730
1641530 730
1641540 731
1641550 730
1641560 730
1641570 730
1641580 730
1641590 730
1641600 729
1641610 729
1641620 729
1641630 728
1641640 726
1641650 726
1641660 726
1641670 727
1641680 727
1641690 728
1641700 729
1641710 729
1641720 729
1641730 729
1641740 729
1641750 728
1641760 728
1641770 728
1641780 730
1641790 733
1641800 733
1641810 735
1641820 737
1641830 737
1641840 738
1641850 739
1641860 739
1641870 742
1641880 743
1641890 741
1641900 741
1641910 741
1641920 742
1641930 742
1641940 745
1641950 746
1641960 746
1641970 747
1641980 750
1641990 750
1642000 752
1642010 753
1642020 753
1642030 755
1642040 756
1642050 756
1642060 756
1642070 757
1642080 757
1642090 759
1642100 761
1642110 761
1642120 763
1642130 764
1642140 760
1642150 761
1642160 761
1642170 761
1642180 762
1642190 763
1642200 763
1642210 764
1642220 765
1642230 766
1642240 766
1642250 766
1642260 767
1642270 767
1642280 769
1642290 771
1642300 771
1642310 773
1642320 774
1642330 774
1642340 776
1642350 777
1642360 777
1642370 779
1642380 781
1642390 781
1642400 784
1642410 787
1642420 787
1642430 788
1642440 787
1642450 787
1642460 787
1642470 790
1642480 790
1642490 797
1642500 805
1642510 805
1642520 810
1642530 814
1642540 814
1642550 818
1642560 820
1642570 820
1642580 823
1642590 824
1642600 823
1642610 823
1642620 821
1642630 817
1642640 817
1642650 811
1642660 809
1642670 809
1642680 814
1642690 821
1642700 821
1642710 831
1642720 839
1642730 839
1642740 845
1642750 850
1642760 850
1642770 853
1642780 857
1642790 857
1642800 861
1642810 864
1642820 864
1642830 867
1642840 870
1642850 870
1642860 873
1642870 876
1642880 876
1642890 877
1642900 875
1642910 875
1642920 872
1642930 868
1642940 868
1642950 861
1642960 857
1642970 853
1642980 853
1642990 848
1643000 843
1643010 843
1643020 838
1643030 833
1643040 833
1643050 827
1643060 823
1643070 823
1643080 820
1643090 816
1643100 816
1643110 811
1643120 807
1643130 807
1643140 802
1643150 796
1643160 796
1643170 790
1643180 784
1643190 784
1643200 780
1643210 775
1643220 775
1643230 770
1643240 765
1643250 765
1643260 760
1643270 755
1643280 755
1643290 748
1643300 742
1643310 736
1643320 736
1643330 730
1643340 726
1643350 726
1643360 720
1643370 716
1643380 716
1643390 712
1643400 707
1643410 707
1643420 702
1643430 699
1643440 699
1643450 697
1643460 696
1643470 696
1643480 696
1643490 696
1643500 696
1643510 696
1643520 696
1643530 696
1643540 695
1643550 695
1643560 695
1643570 695
1643580 695
1643590 695
1643600 694
1643610 704
1643620 704
1643630 713
1643640 722
1643650 722
1643660 730
1643670 737
1643680 745
1643690 745
1643700 753
1643710 760
1643720 760
1643730 768
1643740 774
1643750 777
1643760 783
1643770 790
1643780 790
1643790 796
1643800 802
1643810 802
1643820 807
1643830 809
1643840 809
1643850 810
1643860 811
1643870 811
1643880 811
1643890 811
1643900 811
1643910 809
1643920 807
1643930 807
1643940 804
1643950 802
1643960 802
1643970 800
1643980 797
1643990 797
1644000 793
1644010 789
1644020 785
1644030 785
1644040 781
1644050 778
1644060 778
1644070 775
1644080 773
1644090 773
1644100 772
1644110 770
1644120 770
1644130 769
1644140 768
1644150 768
1644160 771
1644170 774
1644180 774
1644190 778
1644200 784
1644210 784
1644220 790
1644230 797
1644240 797
1644250 804
1644260 810
1644270 810
1644280 817
1644290 822
1644300 822
1644310 829
1644320 835
1644330 835
1644340 841
1644350 848
1644360 848
1644370 855
1644380 861
1644390 868
1644400 868
1644410 874
1644420 880
1644430 880
1644440 887
1644450 892
1644460 892
1644470 900
1644480 903
1644490 903
1644500 911
1644510 918
1644520 918
1644530 926
1644540 934
1644550 934
1644560 939
1644570 946
1644580 946
1644590 953
1644600 959
1644610 959
1644620 964
1644630 968
1644640 968
1644650 972
1644660 976
1644670 976
1644680 980
1644690 984
1644700 984
1644710 987
1644720 991
1644730 991
1644740 993
1644750 995
1644760 997
1644770 997
1644780 1001
1644790 1004
1644800 1004
1644810 1006
1644820 1009
1644830 1009
1644840 1012
1644850 1016
1644860 1016
1644870 1019
1644880 1022
1644890 1022
1644900 1027
1644910 1031
1644920 1031
1644930 1034
1644940 1038
1644950 1038
1644960 1043
1644970 1048
1644980 1048
1644990 1054
1645000 1059
1645010 1059
1645020 1065
1645030 1070
1645040 1070
1645050 1074
1645060 1078
1645070 1078
1645080 1082
1645090 1086
1645100 1089
1645110 1089
1645120 1092
1645130 1095
1645140 1095
1645150 1098
1645160 1101
1645170 1101
1645180 1103
1645190 1105
1645200 1105
1645210 1108
1645220 1110
1645230 1110
1645240 1112
1645250 1114
1645260 1114
1645270 1116
1645280 1118
1645290 1118
1645300 1120
1645310 1122
1645320 1122
1645330 1125
1645340 1126
1645350 1131
1645360 1132
1645370 1132
1645380 1132
1645390 1132
1645400 1132
1645410 1132
1645420 1131
1645430 1130
1645440 1130
1645450 1130
1645460 1129
1645470 1129
1645480 1129
1645490 1128
1645500 1127
1645510 1127
1645520 1126
1645530 1124
1645540 1124
1645550 1122
1645560 1119
1645570 1119
1645580 1123
1645590 1128
1645600 1128
1645610 1133
1645620 1139
1645630 1139
1645640 1145
1645650 1151
1645660 1151
1645670 1158
1645680 1166
1645690 1166
1645700 1173
1645710 1178
1645720 1178
1645730 1185
1645740 1191
1645750 1191
1645760 1197
1645770 1203
1645780 1203
1645790 1209
1645800 1214
1645810 1214
1645820 1215
1645830 1217
1645840 1218
1645850 1218
1645860 1218
1645870 1219
1645880 1219
1645890 1222
1645900 1226
1645910 1226
1645920 1232
1645930 1238
1645940 1238
1645950 1245
1645960 1250
1645970 1250
1645980 1255
1645990 1260
1646000 1260
1646010 1265
1646020 1270
1646030 1270
1646040 1274
1646050 1281
1646060 1281
1646070 1294
1646080 1314
1646090 1314
1646100 1322
1646110 1329
1646120 1329
1646130 1336
1646140 1344
1646150 1346
1646160 1354
1646170 1363
1646180 1372
1646190 1372
1646200 1380
1646210 1388
1646220 1388
1646230 1396
1646240 1405
1646250 1405
1646260 1413
1646270 1420
1646280 1420
1646290 1428
1646300 1435
1646310 1435
1646320 1443
1646330 1451
1646340 1451
1646350 1459
1646360 1467
1646370 1467
1646380 1481
1646390 1541
1646400 1541
1646410 1566
1646420 1556
1646430 1556
1646440 1547
1646450 1546
1646460 1546
1646470 1544
1646480 1544
1646490 1544
1646500 1545
1646510 1546
1646520 1546
1646530 1548
1646540 1550
1646550 1553
1646560 1553
1646570 1558
1646580 1562
1646590 1562
1646600 1566
1646610 1571
1646620 1571
1646630 1576
1646640 1581
1646650 1581
1646660 1586
1646670 1593
1646680 1593
1646690 1601
1646700 1607
1646710 1607
1646720 1611
1646730 1614
1646740 1614
1646750 1612
1646760 1609
1646770 1609
1646780 1605
1646790 1593
1646800 1593
1646810 1582
1646820 1595
1646830 1595
1646840 1603
1646850 1607
1646860 1607
1646870 1615
1646880 1620
1646890 1624
1646900 1624
1646910 1629
1646920 1633
1646930 1633
1646940 1632
1646950 1639
1646960 1639
1646970 1646
1646980 1657
1646990 1657
1647000 1668
1647010 1676
1647020 1676
1647030 1677
1647040 1678
1647050 1678
1647060 1679
1647070 1680
1647080 1680
1647090 1681
1647100 1681
1647110 1681
1647120 1683
1647130 1688
1647140 1688
1647150 1691
1647160 1693
1647170 1693
1647180 1695
1647190 1697
1647200 1697
1647210 1697
1647220 1697
1647230 1697
1647240 1698
1647250 1700
1647260 1703
1647270 1703
1647280 1707
1647290 1712
1647300 1712
1647310 1716
1647320 1721
1647330 1721
1647340 1726
1647350 1731
1647360 1731
1647370 1736
1647380 1740
1647390 1740
1647400 1742
1647410 1745
1647420 1745
1647430 1748
1647440 1748
1647450 1748
1647460 1751
1647470 1755
1647480 1755
1647490 1761
1647500 1768
1647510 1768
1647520 1770
1647530 1770
1647540 1770
1647550 1770
1647560 1774
1647570 1774
1647580 1775
1647590 1782
1647600 1782
1647610 1795
1647620 1825
1647630 1841
1647640 1841
1647650 1841
1647660 1845
1647670 1845
1647680 1848
1647690 1841
1647700 1841
1647710 1832
1647720 1820
1647730 1820
1647740 1810
1647750 1799
1647760 1799
1647770 1786
1647780 1792
1647790 1792
1647800 1866
1647810 1900
1647820 1900
1647830 1902
1647840 1898
1647850 1898
1647860 1894
1647870 1889
1647880 1889
1647890 1881
1647900 1873
1647910 1873
1647920 1867
1647930 1862
1647940 1862
1647950 1860
1647960 1860
1647970 1861
1647980 1861
1647990 1862
1648000 1871
1648010 1871
1648020 1886
1648030 1905
1648040 1905
1648050 1919
1648060 1919
1648070 1919
1648080 1916
1648090 1912
1648100 1912
1648110 1907
1648120 1903
1648130 1903
1648140 1898
1648150 1892
1648160 1892
1648170 1890
1648180 1897
1648190 1897
1648200 1900
1648210 1904
1648220 1904
1648230 1911
1648240 1919
1648250 1919
1648260 1921
1648270 1922
1648280 1922
1648290 1923
1648300 1919
1648310 1919
1648320 1910
1648330 1901
1648340 1891
1648350 1891
1648360 1880
1648370 1872
1648380 1872
1648390 1864
1648400 1853
1648410 1853
1648420 1849
1648430 1847
1648440 1847
1648450 1847
1648460 1862
1648470 1862
1648480 1870
1648490 1875
1648500 1875
1648510 1877
1648520 1881
1648530 1881
1648540 1891
1648550 1891
1648560 1891
1648570 1886
1648580 1897
1648590 1897
1648600 1903
1648610 1910
1648620 1910
1648630 1920
1648640 1932
1648650 1932
1648660 1941
1648670 1973
1648680 1988
1648690 1988
1648700 1989
1648710 1990
1648720 1990
1648730 1985
1648740 1972
1648750 1972
1648760 1965
1648770 1955
1648780 1955
1648790 1957
1648800 1969
1648810 1969
1648820 1967
1648830 1961
1648840 1961
1648850 1953
1648860 1939
1648870 1939
1648880 1938
1648890 1933
1648900 1933
1648910 1925
1648920 1920
1648930 1920
1648940 1922
1648950 1927
1648960 1927
1648970 1924
1648980 1919
1648990 1919
1649000 1925
1649010 1929
1649020 1929
1649030 1929
1649040 1930
1649050 1930
1649060 1930
1649070 1929
1649080 1952
1649090 1952
1649100 1958
1649110 1960
1649120 1960
1649130 1964
1649140 1964
1649150 1964
1649160 1971
1649170 1975
1649180 1975
1649190 1983
1649200 1990
1649210 1990
1649220 2003
1649230 2028
1649240 2028
1649250 2023
1649260 2030
1649270 2030
1649280 2033
1649290 2034
1649300 2034
1649310 2029
1649320 2026
1649330 2026
1649340 2024
1649350 2019
1649360 2019
1649370 2013
1649380 2006
1649390 2006
1649400 1999
1649410 1991
1649420 1980
1649430 1980
1649440 1973
1649450 1965
1649460 1965
1649470 1958
1649480 1950
1649490 1950
1649500 1930
1649510 1894
1649520 1894
1649530 1875
1649540 1868
1649550 1868
1649560 1862
1649570 1855
1649580 1855
1649590 1849
1649600 1842
1649610 1842
1649620 1836
1649630 1830
1649640 1830
1649650 1824
1649660 1819
1649670 1819
1649680 1813
1649690 1809
1649700 1809
1649710 1806
1649720 1803
1649730 1803
1649740 1801
1649750 1803
1649760 1809
1649770 1809
1649780 1814
1649790 1817
1649800 1817
1649810 1817
1649820 1812
1649830 1812
1649840 1809
1649850 1810
1649860 1810
1649870 1809
1649880 1808
1649890 1808
1649900 1809
1649910 1815
1649920 1815
1649930 1820
1649940 1823
1649950 1823
1649960 1829
1649970 1835
1649980 1835
1649990 1840
1650000 1845
1650010 1845
1650020 1851
1650030 1856
1650040 1856
1650050 1860
1650060 1868
1650070 1868
1650080 1874
1650090 1878
1650100 1878
1650110 1883
1650120 1889
1650130 1896
1650140 1896
1650150 1904
1650160 1913
1650170 1913
1650180 1919
1650190 1920
1650200 1920
1650210 1921
1650220 1923
1650230 1923
1650240 1925
1650250 1925
1650260 1925
1650270 1926
1650280 1930
1650290 1930
1650300 1935
1650310 1942
1650320 1942
1650330 1948
1650340 1956
1650350 1956
1650360 1964
1650370 1971
1650380 1971
1650390 1978
1650400 1985
1650410 1985
1650420 1991
1650430 1996
1650440 1996
1650450 2002
1650460 2007
1650470 2007
1650480 2012
1650490 2011
1650500 2001
1650510 2001
1650520 1989
1650530 1975
1650540 1975
1650550 1965
1650560 1950
1650570 1950
1650580 1930
1650590 1908
1650600 1908
1650610 1897
1650620 1886
1650630 1886
1650640 1880
1650650 1873
1650660 1873
1650670 1863
1650680 1850
1650690 1850
1650700 1841
1650710 1834
1650720 1834
1650730 1823
1650740 1813
1650750 1813
1650760 1795
1650770 1786
1650780 1786
1650790 1773
1650800 1760
1650810 1760
1650820 1755
1650830 1739
1650840 1734
1650850 1734
1650860 1728
1650870 1719
1650880 1719
1650890 1712
1650900 1692
1650910 1692
1650920 1681
1650930 1687
1650940 1687
1650950 1696
1650960 1691
1650970 1691
1650980 1682
1650990 1656
1651000 1656
1651010 1582
1651020 1566
1651030 1566
1651040 1556
1651050 1547
1651060 1547
1651070 1537
1651080 1527
1651090 1527
1651100 1519
1651110 1511
1651120 1511
1651130 1502
1651140 1490
1651150 1490
1651160 1476
1651170 1465
1651180 1465
1651190 1454
1651200 1443
1651210 1434
1651220 1434
1651230 1427
1651240 1420
1651250 1420
1651260 1411
1651270 1403
1651280 1403
1651290 1400
1651300 1395
1651310 1395
1651320 1388
1651330 1378
1651340 1378
1651350 1367
1651360 1356
1651370 1356
1651380 1347
1651390 1338
1651400 1338
1651410 1331
1651420 1322
1651430 1322
1651440 1314
1651450 1299
1651460 1299
1651470 1292
1651480 1286
1651490 1286
1651500 1278
1651510 1271
1651520 1271
1651530 1264
1651540 1256
1651550 1256
1651560 1247
1651570 1239
1651580 1234
1651590 1234
1651600 1222
1651610 1198
1651620 1198
1651630 1187
1651640 1180
1651650 1180
1651660 1172
1651670 1166
1651680 1166
1651690 1160
1651700 1155
1651710 1155
1651720 1151
1651730 1147
1651740 1147
1651750 1143
1651760 1140
1651770 1140
1651780 1135
1651790 1131
1651800 1131
1651810 1127
1651820 1125
1651830 1125
1651840 1122
1651850 1118
1651860 1118
1651870 1115
1651880 1111
1651890 1111
1651900 1107
1651910 1102
1651920 1097
1651930 1097
1651940 1093
1651950 1090
1651960 1090
1651970 1089
1651980 1087
1651990 1087
1652000 1087
1652010 1086
1652020 1086
1652030 1085
1652040 1084
1652050 1084
1652060 1082
1652070 1081
1652080 1081
1652090 1081
1652100 1081
1652110 1081
1652120 1080
1652130 1077
1652140 1077
1652150 1072
1652160 1069
1652170 1069
1652180 1067
1652190 1066
1652200 1066
1652210 1064
1652220 1061
1652230 1061
1652240 1057
1652250 1053
1652260 1053
1652270 1049
1652280 1045
1652290 1042
1652300 1042
1652310 1041
1652320 1040
1652330 1040
1652340 1038
1652350 1037
1652360 1035
1652370 1033
1652380 1032
1652390 1032
1652400 1031
1652410 1029
1652420 1029
1652430 1027
1652440 1025
1652450 1025
1652460 1023
1652470 1021
1652480 1021
1652490 1019
1652500 1017
1652510 1017
1652520 1016
1652530 1013
1652540 1013
1652550 1009
1652560 1007
1652570 1007
1652580 1004
1652590 1001
1652600 1001
1652610 998
1652620 994
1652630 989
1652640 989
1652650 985
1652660 982
1652670 982
1652680 978
1652690 975
1652700 975
1652710 973
1652720 970
1652730 970
1652740 968
1652750 963
1652760 963
1652770 958
1652780 951
1652790 951
1652800 946
1652810 942
1652820 942
1652830 939
1652840 935
1652850 935
1652860 932
1652870 927
1652880 927
1652890 923
1652900 920
1652910 920
1652920 917
1652930 913
1652940 913
1652950 908
1652960 904
1652970 904
1652980 900
1652990 896
1653000 892
1653010 892
1653020 889
1653030 884
1653040 884
1653050 880
1653060 875
1653070 875
1653080 871
1653090 867
1653100 867
1653110 864
1653120 860
1653130 860
1653140 857
1653150 854
1653160 854
1653170 852
1653180 851
1653190 851
1653200 851
1653210 852
1653220 852
1653230 852
1653240 852
1653250 852
1653260 851
1653270 850
1653280 850
1653290 850
1653300 850
1653310 850
1653320 850
1653330 850
1653340 850
1653350 850
1653360 851
1653370 851
1653380 851
1653390 850
1653400 849
1653410 849
1653420 849
1653430 850
1653440 850
1653450 850
1653460 849
1653470 849
1653480 849
1653490 849
1653500 849
1653510 849
1653520 850
1653530 850
1653540 850
1653550 851
1653560 851
1653570 852
1653580 854
1653590 854
1653600 856
1653610 857
1653620 857
1653630 859
1653640 860
1653650 860
1653660 861
1653670 863
1653680 863
1653690 863
1653700 860
1653710 859
1653720 859
1653730 864
1653740 867
1653750 867
1653760 872
1653770 878
1653780 878
1653790 882
1653800 886
1653810 886
1653820 890
1653830 893
1653840 893
1653850 895
1653860 896
1653870 896
1653880 895
1653890 899
1653900 899
1653910 901
1653920 903
1653930 903
1653940 908
1653950 913
1653960 913
1653970 916
1653980 919
1653990 919
1654000 922
1654010 924
1654020 924
1654030 927
1654040 929
1654050 929
1654060 933
1654070 938
1654080 943
1654090 943
1654100 945
1654110 947
1654120 947
1654130 948
1654140 951
1654150 951
1654160 955
1654170 958
1654180 958
1654190 961
1654200 965
1654210 965
1654220 970
1654230 975
1654240 975
1654250 980
1654260 985
1654270 985
1654280 992
1654290 999
1654300 999
1654310 1006
1654320 1013
1654330 1013
1654340 1020
1654350 1028
1654360 1028
1654370 1037
1654380 1045
1654390 1045
1654400 1053
1654410 1062
1654420 1062
1654430 1069
1654440 1076
1654450 1082
1654460 1082
1654470 1087
1654480 1091
1654490 1091
1654500 1096
1654510 1103
1654520 1103
1654530 1105
1654540 1107
1654550 1107
1654560 1109
1654570 1110
1654580 1110
1654590 1112
1654600 1112
1654610 1112
1654620 1112
1654630 1109
1654640 1109
1654650 1106
1654660 1104
1654670 1104
1654680 1102
1654690 1101
1654700 1101
1654710 1099
1654720 1097
1654730 1097
1654740 1094
1654750 1091
1654760 1091
1654770 1089
1654780 1086
1654790 1084
1654800 1084
1654810 1082
1654820 1079
1654830 1079
1654840 1075
1654850 1072
1654860 1072
1654870 1068
1654880 1063
1654890 1063
1654900 1060
1654910 1055
1654920 1055
1654930 1051
1654940 1048
1654950 1048
1654960 1044
1654970 1041
1654980 1041
1654990 1038
1655000 1035
1655010 1035
1655020 1033
1655030 1029
1655040 1029
1655050 1026
1655060 1023
1655070 1023
1655080 1020
1655090 1016
1655100 1016
1655110 1011
1655120 1007
1655130 1007
1655140 1002
1655150 997
1655160 990
1655170 990
1655180 986
1655190 981
1655200 981
1655210 976
1655220 969
1655230 969
1655240 965
1655250 962
1655260 962
1655270 960
1655280 957
1655290 957
1655300 954
1655310 949
1655320 949
1655330 943
1655340 938
1655350 938
1655360 936
1655370 932
1655380 932
1655390 928
1655400 923
1655410 923
1655420 919
1655430 915
1655440 915
1655450 911
1655460 907
1655470 907
1655480 903
1655490 899
1655500 899
1655510 895
1655520 889
1655530 883
1655540 883
1655550 876
1655560 871
1655570 871
1655580 865
1655590 859
1655600 859
1655610 852
1655620 845
1655630 845
1655640 838
1655650 830
1655660 830
1655670 823
1655680 817
1655690 817
1655700 811
1655710 806
1655720 806
1655730 800
1655740 794
1655750 794
1655760 787
1655770 779
1655780 779
1655790 771
1655800 766
1655810 766
1655820 764
1655830 764
1655840 764
1655850 764
1655860 764
1655870 762
1655880 762
1655890 758
1655900 759
1655910 759
1655920 764
1655930 769
1655940 769
1655950 773
1655960 775
1655970 775
1655980 778
1655990 781
1656000 781
1656010 784
1656020 785
1656030 785
1656040 788
1656050 790
1656060 790
1656070 792
1656080 793
1656090 793
1656100 795
1656110 800
1656120 800
1656130 799
1656140 804
1656150 804
1656160 808
1656170 810
1656180 810
1656190 811
1656200 813
1656210 813
1656220 814
1656230 815
1656240 818
1656250 818
1656260 821
1656270 826
1656280 826
1656290 830
1656300 835
1656310 835
1656320 839
1656330 844
1656340 844
1656350 847
1656360 848
1656370 848
1656380 848
1656390 847
1656400 847
1656410 845
1656420 842
1656430 842
1656440 840
1656450 837
1656460 837
1656470 834
1656480 831
1656490 831
1656500 828
1656510 824
1656520 824
1656530 819
1656540 814
1656550 814
1656560 808
1656570 803
1656580 803
1656590 801
1656600 800
1656610 800
1656620 800
1656630 800
1656640 798
1656650 798
1656660 796
1656670 793
1656680 793
1656690 791
1656700 790
1656710 790
1656720 786
1656730 784
1656740 784
1656750 781
1656760 782
1656770 782
1656780 784
1656790 788
1656800 788
1656810 792
1656820 794
1656830 794
1656840 795
1656850 795
1656860 795
1656870 789
1656880 786
1656890 786
1656900 785
1656910 782
1656920 782
1656930 778
1656940 773
1656950 768
1656960 768
1656970 764
1656980 761
1656990 761
1657000 760
1657010 758
1657020 758
1657030 757
1657040 756
1657050 756
1657060 756
1657070 756
1657080 756
1657090 757
1657100 757
1657110 757
1657120 757
1657130 752
1657140 752
1657150 742
1657160 733
1657170 733
1657180 726
1657190 719
1657200 719
1657210 710
1657220 702
1657230 702
1657240 702
1657250 704
1657260 704
1657270 704
1657280 705
1657290 705
1657300 706
1657310 706
1657320 706
1657330 706
1657340 707
1657350 710
1657360 710
1657370 712
1657380 712
1657390 712
1657400 712
1657410 712
1657420 712
1657430 713
1657440 714
1657450 714
1657460 718
1657470 722
1657480 722
1657490 728
1657500 732
1657510 732
1657520 738
1657530 745
1657540 745
1657550 751
1657560 757
1657570 757
1657580 763
1657590 769
1657600 769
1657610 773
1657620 778
1657630 778
1657640 780
1657650 781
1657660 782
1657670 782
1657680 782
1657690 781
1657700 781
1657710 780
1657720 779
1657730 779
1657740 778
1657750 777
1657760 777
1657770 775
1657780 773
1657790 773
1657800 772
1657810 771
1657820 771
1657830 771
1657840 770
1657850 770
1657860 766
1657870 764
1657880 764
1657890 764
1657900 762
1657910 762
1657920 759
1657930 757
1657940 757
1657950 756
1657960 755
1657970 755
1657980 754
1657990 754
1658000 754
1658010 754
1658020 752
1658030 752
1658040 752
1658050 749
1658060 748
1658070 748
1658080 750
1658090 751
1658100 751
1658110 751
1658120 750
1658130 750
1658140 749
1658150 749
1658160 749
1658170 749
1658180 749
1658190 749
1658200 748
1658210 747
1658220 747
1658230 745
1658240 742
1658250 742
1658260 741
1658270 741
1658280 741
1658290 740
1658300 738
1658310 738
1658320 737
1658330 736
1658340 736
1658350 733
1658360 733
1658370 733
1658380 733
1658390 734
1658400 735
1658410 735
1658420 735
1658430 736
1658440 736
1658450 741
1658460 746
1658470 746
1658480 749
1658490 751
1658500 751
1658510 753
1658520 754
1658530 754
1658540 756
1658550 759
1658560 759
1658570 760
1658580 760
1658590 760
1658600 761
1658610 760
1658620 760
1658630 763
1658640 766
1658650 766
1658660 767
1658670 768
1658680 768
1658690 769
1658700 769
1658710 769
1658720 769
1658730 768
1658740 766
1658750 766
1658760 765
1658770 765
1658780 765
1658790 764
1658800 763
1658810 763
1658820 766
1658830 768
1658840 768
1658850 768
1658860 770
1658870 770
1658880 771
1658890 771
1658900 771
1658910 771
1658920 772
1658930 772
1658940 772
1658950 772
1658960 772
1658970 772
1658980 772
1658990 772
1659000 772
1659010 773
1659020 773
1659030 774
1659040 775
1659050 775
1659060 777
1659070 778
1659080 778
1659090 775
1659100 775
1659110 775
1659120 775
1659130 774
1659140 773
1659150 773
1659160 772
1659170 772
1659180 772
1659190 774
1659200 775
1659210 775
1659220 776
1659230 776
1659240 776
1659250 775
1659260 777
1659270 777
1659280 778
1659290 780
1659300 780
1659310 782
1659320 783
1659330 783
1659340 785
1659350 788
1659360 788
1659370 791
1659380 794
1659390 794
1659400 798
1659410 802
1659420 802
1659430 806
1659440 809
1659450 809
1659460 812
1659470 814
1659480 817
1659490 817
1659500 821
1659510 825
1659520 825
1659530 828
1659540 830
1659550 830
1659560 832
1659570 833
1659580 833
1659590 833
1659600 834
1659610 834
1659620 833
1659630 833
1659640 833
1659650 833
1659660 831
1659670 831
1659680 828
1659690 829
1659700 829
1659710 827
1659720 826
1659730 826
1659740 825
1659750 824
1659760 824
1659770 824
1659780 823
1659790 823
1659800 824
1659810 824
1659820 815
1659830 815
1659840 811
1659850 811
1659860 811
1659870 813
1659880 813
1659890 813
1659900 812
1659910 811
1659920 811
1659930 809
1659940 810
1659950 810
1659960 809
1659970 808
1659980 808
1659990 810
