1640000 1173
1640010 1168
1640020 1163
1640030 1157
1640040 1157
1640050 1151
1640060 1146
1640070 1146
1640080 1141
1640090 1138
1640100 1138
1640110 1134
1640120 1129
1640130 1129
1640140 1125
1640150 1113
1640160 1113
1640170 1108
1640180 1105
1640190 1105
1640200 1101
1640210 1097
1640220 1097
1640230 1092
1640240 1087
1640250 1087
1640260 1083
1640270 1079
1640280 1079
1640290 1073
1640300 1066
1640310 1066
1640320 1061
1640330 1056
1640340 1056
1640350 1052
1640360 1049
1640370 1049
1640380 1046
1640390 1044
1640400 1040
1640410 1040
1640420 1035
1640430 1030
1640440 1030
1640450 1026
1640460 1021
1640470 1021
1640480 1014
1640490 1006
1640500 1006
1640510 998
1640520 990
1640530 990
1640540 985
1640550 982
1640560 982
1640570 979
1640580 976
1640590 976
1640600 972
1640610 968
1640620 968
1640630 963
1640640 961
1640650 961
1640660 958
1640670 954
1640680 954
1640690 949
1640700 943
1640710 943
1640720 942
1640730 944
1640740 944
1640750 947
1640760 950
1640770 952
1640780 952
1640790 955
1640800 959
1640810 959
1640820 961
1640830 961
1640840 961
1640850 962
1640860 964
1640870 964
1640880 965
1640890 968
1640900 968
1640910 965
1640920 956
1640930 956
1640940 957
1640950 964
1640960 964
1640970 979
1640980 984
1640990 984
1641000 989
1641010 989
1641020 989
1641030 987
1641040 988
1641050 988
1641060 989
1641070 990
1641080 990
1641090 990
1641100 990
1641110 990
1641120 990
1641130 989
1641140 991
1641150 991
1641160 995
1641170 995
1641180 995
1641190 990
1641200 982
1641210 982
1641220 974
1641230 969
1641240 969
1641250 968
1641260 973
1641270 973
1641280 979
1641290 986
1641300 986
1641310 992
1641320 998
1641330 998
1641340 1001
1641350 1003
1641360 1003
1641370 1004
1641380 1004
1641390 1004
1641400 1004
1641410 1003
1641420 1003
1641430 1001
1641440 998
1641450 998
1641460 995
1641470 990
1641480 988
1641490 988
1641500 996
1641510 1002
1641520 1002
1641530 1008
1641540 1011
1641550 1011
1641560 1014
1641570 1015
1641580 1015
1641590 1016
1641600 1016
1641610 1016
1641620 1017
1641630 1019
1641640 1019
1641650 1020
1641660 1023
1641670 1023
1641680 1026
1641690 1028
1641700 1028
1641710 1029
1641720 1031
1641730 1031
1641740 1033
1641750 1034
1641760 1034
1641770 1036
1641780 1038
1641790 1044
1641800 1042
1641810 1037
1641820 1037
1641830 1032
1641840 1030
1641850 1027
1641860 1027
1641870 1026
1641880 1025
1641890 1025
1641900 1024
1641910 1024
1641920 1024
1641930 1025
1641940 1025
1641950 1025
1641960 1025
1641970 1023
1641980 1023
1641990 1020
1642000 1017
1642010 1017
1642020 1016
1642030 1013
1642040 1013
1642050 1009
1642060 1004
1642070 1004
1642080 1000
1642090 997
1642100 997
1642110 992
1642120 988
1642130 988
1642140 983
1642150 979
1642160 979
1642170 972
1642180 966
1642190 966
1642200 959
1642210 953
1642220 947
1642230 947
1642240 942
1642250 938
1642260 938
1642270 934
1642280 929
1642290 929
1642300 922
1642310 916
1642320 916
1642330 910
1642340 908
1642350 908
1642360 903
1642370 895
1642380 895
1642390 887
1642400 879
1642410 879
1642420 872
1642430 865
1642440 865
1642450 858
1642460 851
1642470 851
1642480 847
1642490 839
1642500 839
1642510 832
1642520 825
1642530 825
1642540 819
1642550 811
1642560 803
1642570 803
1642580 802
1642590 801
1642600 802
1642610 802
1642620 802
1642630 802
1642640 803
1642650 806
1642660 806
1642670 808
1642680 809
1642690 809
1642700 809
1642710 807
1642720 807
1642730 804
1642740 800
1642750 800
1642760 796
1642770 792
1642780 792
1642790 788
1642800 785
1642810 785
1642820 781
1642830 776
1642840 776
1642850 772
1642860 768
1642870 768
1642880 764
1642890 760
1642900 760
1642910 755
1642920 751
1642930 747
1642940 747
1642950 743
1642960 739
1642970 739
1642980 736
1642990 733
1643000 733
1643010 730
1643020 727
1643030 727
1643040 725
1643050 724
1643060 724
1643070 724
1643080 725
1643090 725
1643100 726
1643110 725
1643120 725
1643130 723
1643140 721
1643150 721
1643160 720
1643170 719
1643180 719
1643190 717
1643200 715
1643210 715
1643220 713
1643230 710
1643240 710
1643250 706
1643260 700
1643270 700
1643280 695
1643290 690
1643300 688
1643310 688
1643320 684
1643330 682
1643340 682
1643350 681
1643360 680
1643370 680
1643380 679
1643390 680
1643400 680
1643410 680
1643420 680
1643430 680
1643440 678
1643450 678
1643460 678
1643470 678
1643480 678
1643490 678
1643500 678
1643510 676
1643520 676
1643530 675
1643540 675
1643550 675
1643560 674
1643570 675
1643580 675
1643590 675
1643600 680
1643610 680
1643620 687
1643630 696
1643640 704
1643650 704
1643660 711
1643670 716
1643680 716
1643690 719
1643700 722
1643710 722
1643720 725
1643730 727
1643740 727
1643750 729
1643760 731
1643770 731
1643780 733
1643790 734
1643800 734
1643810 735
1643820 736
1643830 736
1643840 736
1643850 737
1643860 737
1643870 736
1643880 738
1643890 738
1643900 745
1643910 751
1643920 751
1643930 755
1643940 760
1643950 760
1643960 766
1643970 772
1643980 772
1643990 777
1644000 781
1644010 785
1644020 785
1644030 789
1644040 792
1644050 792
1644060 795
1644070 800
1644080 800
1644090 804
1644100 807
1644110 807
1644120 810
1644130 814
1644140 814
1644150 818
1644160 821
1644170 821
1644180 825
1644190 827
1644200 827
1644210 824
1644220 825
1644230 825
1644240 827
1644250 827
1644260 827
1644270 827
1644280 827
1644290 827
1644300 830
1644310 831
1644320 831
1644330 837
1644340 844
1644350 844
1644360 846
1644370 847
1644380 850
1644390 850
1644400 855
1644410 860
1644420 860
1644430 864
1644440 869
1644450 869
1644460 875
1644470 881
1644480 881
1644490 888
1644500 895
1644510 895
1644520 900
1644530 907
1644540 907
1644550 915
1644560 922
1644570 922
1644580 929
1644590 937
1644600 937
1644610 945
1644620 951
1644630 951
1644640 956
1644650 961
1644660 961
1644670 965
1644680 970
1644690 970
1644700 975
1644710 981
1644720 981
1644730 987
1644740 994
1644750 1002
1644760 1002
1644770 1010
1644780 1018
1644790 1018
1644800 1026
1644810 1032
1644820 1032
1644830 1034
1644840 1035
1644850 1035
1644860 1037
1644870 1038
1644880 1038
1644890 1039
1644900 1040
1644910 1040
1644920 1041
1644930 1044
1644940 1044
1644950 1045
1644960 1046
1644970 1046
1644980 1049
1644990 1049
1645000 1049
1645010 1042
1645020 1045
1645030 1045
1645040 1051
1645050 1056
1645060 1056
1645070 1059
1645080 1063
1645090 1069
1645100 1069
1645110 1075
1645120 1080
1645130 1080
1645140 1085
1645150 1090
1645160 1090
1645170 1095
1645180 1099
1645190 1099
1645200 1103
1645210 1107
1645220 1107
1645230 1113
1645240 1120
1645250 1120
1645260 1126
1645270 1133
1645280 1133
1645290 1145
1645300 1166
1645310 1166
1645320 1185
1645330 1200
1645340 1200
1645350 1221
1645360 1242
1645370 1242
1645380 1256
1645390 1271
1645400 1271
1645410 1277
1645420 1315
1645430 1315
1645440 1353
1645450 1370
1645460 1380
1645470 1380
1645480 1387
1645490 1391
1645500 1391
1645510 1396
1645520 1402
1645530 1402
1645540 1402
1645550 1396
1645560 1396
1645570 1395
1645580 1396
1645590 1396
1645600 1397
1645610 1399
1645620 1399
1645630 1401
1645640 1402
1645650 1402
1645660 1404
1645670 1404
1645680 1404
1645690 1405
1645700 1406
1645710 1406
1645720 1408
1645730 1410
1645740 1410
1645750 1411
1645760 1413
1645770 1413
1645780 1414
1645790 1415
1645800 1415
1645810 1422
1645820 1424
1645830 1425
1645840 1425
1645850 1427
1645860 1428
1645870 1428
1645880 1431
1645890 1433
1645900 1433
1645910 1436
1645920 1440
1645930 1440
1645940 1444
1645950 1447
1645960 1447
1645970 1451
1645980 1454
1645990 1454
1646000 1458
1646010 1461
1646020 1461
1646030 1465
1646040 1470
1646050 1470
1646060 1473
1646070 1477
1646080 1477
1646090 1480
1646100 1484
1646110 1484
1646120 1487
1646130 1491
1646140 1491
1646150 1495
1646160 1498
1646170 1498
1646180 1501
1646190 1505
1646200 1508
1646210 1508
1646220 1510
1646230 1510
1646240 1510
1646250 1505
1646260 1500
1646270 1500
1646280 1494
1646290 1489
1646300 1489
1646310 1483
1646320 1478
1646330 1478
1646340 1472
1646350 1467
1646360 1467
1646370 1461
1646380 1456
1646390 1456
1646400 1451
1646410 1446
1646420 1446
1646430 1442
1646440 1438
1646450 1438
1646460 1433
1646470 1427
1646480 1427
1646490 1420
1646500 1411
1646510 1411
1646520 1392
1646530 1343
1646540 1322
1646550 1322
1646560 1311
1646570 1304
1646580 1304
1646590 1298
1646600 1288
1646610 1288
1646620 1282
1646630 1275
1646640 1275
1646650 1270
1646660 1265
1646670 1265
1646680 1260
1646690 1256
1646700 1256
1646710 1252
1646720 1248
1646730 1248
1646740 1241
1646750 1234
1646760 1234
1646770 1226
1646780 1218
1646790 1218
1646800 1211
1646810 1204
1646820 1204
1646830 1197
1646840 1189
1646850 1189
1646860 1182
1646870 1175
1646880 1175
1646890 1168
1646900 1161
1646910 1152
1646920 1152
1646930 1144
1646940 1135
1646950 1135
1646960 1124
1646970 1116
1646980 1116
1646990 1119
1647000 1121
1647010 1121
1647020 1115
1647030 1105
1647040 1105
1647050 1096
1647060 1089
1647070 1089
1647080 1082
1647090 1085
1647100 1085
1647110 1095
1647120 1102
1647130 1102
1647140 1117
1647150 1148
1647160 1148
1647170 1167
1647180 1166
1647190 1166
1647200 1162
1647210 1150
1647220 1150
1647230 1146
1647240 1152
1647250 1152
1647260 1156
1647270 1160
1647280 1178
1647290 1178
1647300 1179
1647310 1171
1647320 1171
1647330 1166
1647340 1162
1647350 1162
1647360 1156
1647370 1172
1647380 1172
1647390 1187
1647400 1182
1647410 1182
1647420 1174
1647430 1170
1647440 1170
1647450 1161
1647460 1147
1647470 1147
1647480 1147
1647490 1145
1647500 1145
1647510 1141
1647520 1139
1647530 1139
1647540 1132
1647550 1121
1647560 1121
1647570 1132
1647580 1150
1647590 1150
1647600 1159
1647610 1166
1647620 1165
1647630 1165
1647640 1158
1647650 1148
1647660 1148
1647670 1139
1647680 1130
1647690 1130
1647700 1120
1647710 1104
1647720 1104
1647730 1090
1647740 1082
1647750 1082
1647760 1081
1647770 1097
1647780 1097
1647790 1102
1647800 1100
1647810 1100
1647820 1087
1647830 1079
1647840 1079
1647850 1078
1647860 1089
1647870 1089
1647880 1095
1647890 1107
1647900 1107
1647910 1117
1647920 1127
1647930 1127
1647940 1135
1647950 1144
1647960 1144
1647970 1155
1647980 1170
1647990 1194
1648000 1194
1648010 1208
1648020 1208
1648030 1208
1648040 1201
1648050 1204
1648060 1204
1648070 1203
1648080 1213
1648090 1213
1648100 1220
1648110 1218
1648120 1218
1648130 1221
1648140 1227
1648150 1227
1648160 1238
1648170 1256
1648180 1256
1648190 1267
1648200 1269
1648210 1269
1648220 1265
1648230 1260
1648240 1260
1648250 1260
1648260 1260
1648270 1260
1648280 1266
1648290 1275
1648300 1275
1648310 1288
1648320 1304
1648330 1304
1648340 1316
1648350 1324
1648360 1335
1648370 1335
1648380 1354
1648390 1364
1648400 1364
1648410 1365
1648420 1357
1648430 1357
1648440 1356
1648450 1370
1648460 1370
1648470 1377
1648480 1380
1648490 1380
1648500 1381
1648510 1381
1648520 1381
1648530 1384
1648540 1388
1648550 1388
1648560 1394
1648570 1403
1648580 1403
1648590 1410
1648600 1417
1648610 1417
1648620 1423
1648630 1430
1648640 1430
1648650 1436
1648660 1442
1648670 1442
1648680 1448
1648690 1454
1648700 1454
1648710 1460
1648720 1471
1648730 1484
1648740 1484
1648750 1494
1648760 1505
1648770 1505
1648780 1516
1648790 1529
1648800 1529
1648810 1538
1648820 1545
1648830 1545
1648840 1555
1648850 1576
1648860 1576
1648870 1594
1648880 1604
1648890 1604
1648900 1611
1648910 1623
1648920 1623
1648930 1637
1648940 1645
1648950 1642
1648960 1649
1648970 1655
1648980 1655
1648990 1663
1649000 1671
1649010 1671
1649020 1702
1649030 1720
1649040 1720
1649050 1722
1649060 1725
1649070 1728
1649080 1728
1649090 1729
1649100 1730
1649110 1730
1649120 1729
1649130 1729
1649140 1729
1649150 1728
1649160 1729
1649170 1729
1649180 1730
1649190 1732
1649200 1732
1649210 1733
1649220 1734
1649230 1734
1649240 1736
1649250 1737
1649260 1737
1649270 1739
1649280 1742
1649290 1742
1649300 1745
1649310 1749
1649320 1749
1649330 1753
1649340 1760
1649350 1760
1649360 1767
1649370 1774
1649380 1774
1649390 1782
1649400 1790
1649410 1790
1649420 1797
1649430 1805
1649440 1817
1649450 1817
1649460 1825
1649470 1834
1649480 1834
1649490 1844
1649500 1852
1649510 1852
1649520 1860
1649530 1867
1649540 1867
1649550 1874
1649560 1880
1649570 1880
1649580 1884
1649590 1884
1649600 1884
1649610 1885
1649620 1889
1649630 1889
1649640 1893
1649650 1898
1649660 1898
1649670 1901
1649680 1902
1649690 1902
1649700 1904
1649710 1909
1649720 1909
1649730 1923
1649740 1929
1649750 1929
1649760 1933
1649770 1938
1649780 1938
1649790 1946
1649800 1955
1649810 1969
1649820 1969
1649830 1976
1649840 1982
1649850 1982
1649860 1988
1649870 1995
1649880 1995
1649890 1999
1649900 1993
1649910 1993
1649920 1985
1649930 1977
1649940 1977
1649950 1971
1649960 1964
1649970 1964
1649980 1957
1649990 1948
1650000 1948
1650010 1940
1650020 1932
1650030 1932
1650040 1927
1650050 1923
1650060 1923
1650070 1919
1650080 1915
1650090 1915
1650100 1912
1650110 1910
1650120 1910
1650130 1910
1650140 1910
1650150 1910
1650160 1909
1650170 1912
1650180 1912
1650190 1912
1650200 1913
1650210 1916
1650220 1916
1650230 1914
1650240 1911
1650250 1911
1650260 1908
1650270 1906
1650280 1906
1650290 1903
1650300 1901
1650310 1901
1650320 1898
1650330 1893
1650340 1893
1650350 1887
1650360 1882
1650370 1882
1650380 1881
1650390 1880
1650400 1880
1650410 1880
1650420 1879
1650430 1879
1650440 1879
1650450 1880
1650460 1880
1650470 1881
1650480 1881
1650490 1881
1650500 1875
1650510 1874
1650520 1872
1650530 1872
1650540 1871
1650550 1868
1650560 1868
1650570 1865
1650580 1859
1650590 1859
1650600 1855
1650610 1854
1650620 1854
1650630 1858
1650640 1860
1650650 1860
1650660 1854
1650670 1843
1650680 1843
1650690 1831
1650700 1821
1650710 1821
1650720 1810
1650730 1798
1650740 1798
1650750 1788
1650760 1779
1650770 1779
1650780 1772
1650790 1765
1650800 1765
1650810 1758
1650820 1746
1650830 1746
1650840 1737
1650850 1730
1650860 1730
1650870 1721
1650880 1707
1650890 1688
1650900 1688
1650910 1673
1650920 1661
1650930 1661
1650940 1651
1650950 1639
1650960 1639
1650970 1627
1650980 1617
1650990 1617
1651000 1609
1651010 1601
1651020 1601
1651030 1589
1651040 1583
1651050 1583
1651060 1576
1651070 1567
1651080 1567
1651090 1559
1651100 1550
1651110 1550
1651120 1543
1651130 1536
1651140 1536
1651150 1533
1651160 1533
1651170 1533
1651180 1531
1651190 1529
1651200 1529
1651210 1524
1651220 1519
1651230 1519
1651240 1512
1651250 1509
1651260 1504
1651270 1508
1651280 1506
1651290 1503
1651300 1503
1651310 1497
1651320 1496
1651330 1496
1651340 1495
1651350 1494
1651360 1494
1651370 1486
1651380 1465
1651390 1465
1651400 1466
1651410 1468
1651420 1468
1651430 1467
1651440 1465
1651450 1465
1651460 1463
1651470 1460
1651480 1460
1651490 1456
1651500 1454
1651510 1454
1651520 1452
1651530 1449
1651540 1449
1651550 1447
1651560 1444
1651570 1444
1651580 1442
1651590 1440
1651600 1440
1651610 1438
1651620 1435
1651630 1433
1651640 1433
1651650 1432
1651660 1435
1651670 1435
1651680 1437
1651690 1439
1651700 1439
1651710 1442
1651720 1446
1651730 1446
1651740 1451
1651750 1450
1651760 1450
1651770 1443
1651780 1437
1651790 1437
1651800 1430
1651810 1427
1651820 1427
1651830 1427
1651840 1428
1651850 1428
1651860 1427
1651870 1423
1651880 1423
1651890 1418
1651900 1412
1651910 1412
1651920 1408
1651930 1402
1651940 1402
1651950 1393
1651960 1382
1651970 1373
1651980 1373
1651990 1376
1652000 1373
1652010 1373
1652020 1366
1652030 1365
1652040 1365
1652050 1359
1652060 1355
1652070 1355
1652080 1351
1652090 1347
1652100 1347
1652110 1338
1652120 1331
1652130 1331
1652140 1324
1652150 1318
1652160 1318
1652170 1313
1652180 1309
1652190 1309
1652200 1302
1652210 1295
1652220 1295
1652230 1287
1652240 1279
1652250 1279
1652260 1271
1652270 1265
1652280 1265
1652290 1261
1652300 1256
1652310 1256
1652320 1251
1652330 1245
1652340 1239
1652350 1239
1652360 1233
1652370 1228
1652380 1228
1652390 1225
1652400 1222
1652410 1222
1652420 1218
1652430 1214
1652440 1214
1652450 1211
1652460 1206
1652470 1206
1652480 1199
1652490 1193
1652500 1193
1652510 1186
1652520 1180
1652530 1180
1652540 1175
1652550 1169
1652560 1169
1652570 1163
1652580 1158
1652590 1158
1652600 1153
1652610 1147
1652620 1147
1652630 1142
1652640 1137
1652650 1137
1652660 1131
1652670 1128
1652680 1128
1652690 1124
1652700 1121
1652710 1118
1652720 1118
1652730 1116
1652740 1113
1652750 1113
1652760 1111
1652770 1108
1652780 1108
1652790 1104
1652800 1104
1652810 1104
1652820 1099
1652830 1094
1652840 1094
1652850 1090
1652860 1086
1652870 1086
1652880 1083
1652890 1078
1652900 1078
1652910 1073
1652920 1068
1652930 1068
1652940 1064
1652950 1060
1652960 1060
1652970 1056
1652980 1052
1652990 1052
1653000 1047
1653010 1043
1653020 1043
1653030 1040
1653040 1036
1653050 1036
1653060 1033
1653070 1028
1653080 1022
1653090 1022
1653100 1016
1653110 1009
1653120 1009
1653130 1002
1653140 994
1653150 994
1653160 990
1653170 986
1653180 986
1653190 982
1653200 979
1653210 979
1653220 976
1653230 971
1653240 971
1653250 966
1653260 962
1653270 962
1653280 958
1653290 953
1653300 953
1653310 947
1653320 940
1653330 940
1653340 933
1653350 926
1653360 926
1653370 918
1653380 911
1653390 911
1653400 905
1653410 899
1653420 893
1653430 893
1653440 888
1653450 882
1653460 882
1653470 876
1653480 871
1653490 871
1653500 865
1653510 859
1653520 859
1653530 853
1653540 847
1653550 847
1653560 834
1653570 829
1653580 829
1653590 826
1653600 822
1653610 822
1653620 818
1653630 816
1653640 816
1653650 815
1653660 814
1653670 814
1653680 811
1653690 807
1653700 807
1653710 802
1653720 797
1653730 797
1653740 792
1653750 788
1653760 788
1653770 785
1653780 784
1653790 781
1653800 781
1653810 777
1653820 773
1653830 773
1653840 770
1653850 765
1653860 765
1653870 762
1653880 760
1653890 760
1653900 759
1653910 762
1653920 762
1653930 766
1653940 769
1653950 769
1653960 770
1653970 772
1653980 772
1653990 780
1654000 787
1654010 787
1654020 790
1654030 790
1654040 790
1654050 788
1654060 787
1654070 787
1654080 788
1654090 787
1654100 787
1654110 785
1654120 782
1654130 782
1654140 781
1654150 782
1654160 784
1654170 784
1654180 787
1654190 791
1654200 791
1654210 794
1654220 799
1654230 799
1654240 802
1654250 804
1654260 804
1654270 804
1654280 803
1654290 803
1654300 801
1654310 799
1654320 799
1654330 800
1654340 803
1654350 803
1654360 807
1654370 811
1654380 811
1654390 815
1654400 818
1654410 818
1654420 823
1654430 827
1654440 827
1654450 831
1654460 836
1654470 836
1654480 841
1654490 846
1654500 846
1654510 851
1654520 857
1654530 861
1654540 861
1654550 864
1654560 866
1654570 866
1654580 865
1654590 863
1654600 863
1654610 862
1654620 861
1654630 861
1654640 861
1654650 860
1654660 860
1654670 861
1654680 863
1654690 863
1654700 865
1654710 867
1654720 867
1654730 868
1654740 870
1654750 870
1654760 872
1654770 874
1654780 874
1654790 876
1654800 879
1654810 879
1654820 882
1654830 884
1654840 884
1654850 887
1654860 889
1654870 891
1654880 891
1654890 892
1654900 895
1654910 895
1654920 897
1654930 899
1654940 899
1654950 901
1654960 903
1654970 903
1654980 905
1654990 906
1655000 906
1655010 909
1655020 913
1655030 913
1655040 918
1655050 922
1655060 920
1655070 924
1655080 928
1655090 928
1655100 931
1655110 932
1655120 932
1655130 932
1655140 932
1655150 932
1655160 930
1655170 928
1655180 928
1655190 927
1655200 923
1655210 923
1655220 917
1655230 910
1655240 903
1655250 903
1655260 897
1655270 890
1655280 890
1655290 883
1655300 877
1655310 877
1655320 871
1655330 866
1655340 866
1655350 862
1655360 857
1655370 857
1655380 853
1655390 846
1655400 846
1655410 838
1655420 835
1655430 835
1655440 841
1655450 844
1655460 844
1655470 847
1655480 850
1655490 850
1655500 853
1655510 857
1655520 857
1655530 861
1655540 864
1655550 864
1655560 866
1655570 869
1655580 869
1655590 871
1655600 873
1655610 876
1655620 876
1655630 877
1655640 877
1655650 877
1655660 876
1655670 874
1655680 874
1655690 868
1655700 863
1655710 863
1655720 858
1655730 852
1655740 852
1655750 846
1655760 840
1655770 840
1655780 834
1655790 829
1655800 829
1655810 819
1655820 816
1655830 816
1655840 814
1655850 812
1655860 812
1655870 808
1655880 803
1655890 803
1655900 799
1655910 795
1655920 795
1655930 791
1655940 786
1655950 786
1655960 781
1655970 776
1655980 772
1655990 772
1656000 766
1656010 761
1656020 761
1656030 756
1656040 749
1656050 749
1656060 745
1656070 742
1656080 742
1656090 738
1656100 733
1656110 733
1656120 729
1656130 723
1656140 723
1656150 717
1656160 709
1656170 709
1656180 703
1656190 698
1656200 698
1656210 694
1656220 691
1656230 691
1656240 691
1656250 691
1656260 691
1656270 691
1656280 691
1656290 691
1656300 692
1656310 691
1656320 691
1656330 691
1656340 690
1656350 688
1656360 688
1656370 686
1656380 687
1656390 687
1656400 687
1656410 687
1656420 687
1656430 687
1656440 686
1656450 686
1656460 685
1656470 687
1656480 687
1656490 687
1656500 688
1656510 688
1656520 688
1656530 688
1656540 688
1656550 688
1656560 688
1656570 688
1656580 688
1656590 688
1656600 688
1656610 688
1656620 690
1656630 690
1656640 695
1656650 697
1656660 697
1656670 698
1656680 698
1656690 699
1656700 699
1656710 699
1656720 699
1656730 699
1656740 700
1656750 700
1656760 700
1656770 700
1656780 701
1656790 701
1656800 701
1656810 702
1656820 702
1656830 702
1656840 702
1656850 702
1656860 703
1656870 703
1656880 703
1656890 704
1656900 705
1656910 705
1656920 708
1656930 713
1656940 713
1656950 718
1656960 722
1656970 722
1656980 726
1656990 730
1657000 730
1657010 734
1657020 737
1657030 737
1657040 740
1657050 743
1657060 745
1657070 745
1657080 748
1657090 751
1657100 751
1657110 755
1657120 760
1657130 760
1657140 764
1657150 768
1657160 768
1657170 772
1657180 774
1657190 774
1657200 777
1657210 780
1657220 780
1657230 782
1657240 785
1657250 785
1657260 788
1657270 792
1657280 792
1657290 795
1657300 801
1657310 801
1657320 803
1657330 804
1657340 804
1657350 804
1657360 804
1657370 804
1657380 804
1657390 800
1657400 798
1657410 798
1657420 797
1657430 793
1657440 793
1657450 788
1657460 786
1657470 786
1657480 786
1657490 784
1657500 784
1657510 781
1657520 778
1657530 778
1657540 775
1657550 773
1657560 773
1657570 772
1657580 773
1657590 773
1657600 773
1657610 772
1657620 772
1657630 771
1657640 770
1657650 770
1657660 770
1657670 770
1657680 770
1657690 771
1657700 771
1657710 771
1657720 771
1657730 773
1657740 773
1657750 774
1657760 774
1657770 775
1657780 775
1657790 776
1657800 775
1657810 775
1657820 775
1657830 775
1657840 775
1657850 776
1657860 776
1657870 776
1657880 776
1657890 777
1657900 777
1657910 773
1657920 771
1657930 771
1657940 776
1657950 781
1657960 781
1657970 784
1657980 789
1657990 789
1658000 793
1658010 796
1658020 796
1658030 797
1658040 802
1658050 802
1658060 804
1658070 806
1658080 806
1658090 807
1658100 808
1658110 808
1658120 809
1658130 811
1658140 812
1658150 812
1658160 813
1658170 814
1658180 814
1658190 815
1658200 815
1658210 815
1658220 815
1658230 816
1658240 816
1658250 817
1658260 817
1658270 817
1658280 817
1658290 819
1658300 819
1658310 820
1658320 821
1658330 821
1658340 821
1658350 823
1658360 823
1658370 825
1658380 827
1658390 827
1658400 828
1658410 829
1658420 829
1658430 830
1658440 831
1658450 831
1658460 832
1658470 833
1658480 833
1658490 835
1658500 836
1658510 837
1658520 837
1658530 839
1658540 840
1658550 840
1658560 841
1658570 842
1658580 842
1658590 843
1658600 845
1658610 845
1658620 848
1658630 849
1658640 849
1658650 854
1658660 861
1658670 861
1658680 868
1658690 876
1658700 876
1658710 885
1658720 892
1658730 892
1658740 897
1658750 903
1658760 903
1658770 907
1658780 912
1658790 912
1658800 917
1658810 920
1658820 920
1658830 923
1658840 926
1658850 929
1658860 929
1658870 934
1658880 939
1658890 939
1658900 943
1658910 948
1658920 948
1658930 953
1658940 959
1658950 959
1658960 962
1658970 963
1658980 963
1658990 963
1659000 964
1659010 964
1659020 964
1659030 964
1659040 964
1659050 963
1659060 962
1659070 962
1659080 962
1659090 961
1659100 961
1659110 960
1659120 958
1659130 958
1659140 956
1659150 953
1659160 953
1659170 950
1659180 945
1659190 945
1659200 941
1659210 936
1659220 932
1659230 932
1659240 930
1659250 929
1659260 929
1659270 927
1659280 923
1659290 923
1659300 919
1659310 914
1659320 914
1659330 908
1659340 903
1659350 903
1659360 898
1659370 894
1659380 894
1659390 888
1659400 886
1659410 886
1659420 896
1659430 903
1659440 903
1659450 910
1659460 917
1659470 917
1659480 923
1659490 927
1659500 927
1659510 932
1659520 933
1659530 933
1659540 934
1659550 934
1659560 934
1659570 934
1659580 933
1659590 929
1659600 929
1659610 923
1659620 918
1659630 918
1659640 916
1659650 916
1659660 916
1659670 916
1659680 916
1659690 916
1659700 917
1659710 918
1659720 918
1659730 921
1659740 924
1659750 924
1659760 924
1659770 923
1659780 923
1659790 921
1659800 921
1659810 921
1659820 920
1659830 919
1659840 919
1659850 918
1659860 917
1659870 917
1659880 914
1659890 915
1659900 915
1659910 918
1659920 921
1659930 921
1659940 926
1659950 926
1659960 923
1659970 923
1659980 917
1659990 913
