1640000 1120
1640010 1116
1640020 1112
1640030 1112
1640040 1108
1640050 1104
1640060 1104
1640070 1100
1640080 1094
1640090 1094
1640100 1090
1640110 1085
1640120 1085
1640130 1080
1640140 1075
1640150 1075
1640160 1068
1640170 1060
1640180 1060
1640190 1053
1640200 1048
1640210 1048
1640220 1049
1640230 1050
1640240 1050
1640250 1047
1640260 1043
1640270 1043
1640280 1035
1640290 1028
1640300 1025
1640310 1025
1640320 1027
1640330 1025
1640340 1025
1640350 1024
1640360 1023
1640370 1023
1640380 1019
1640390 1014
1640400 1014
1640410 1013
1640420 1016
1640430 1016
1640440 1019
1640450 1021
1640460 1021
1640470 1023
1640480 1020
1640490 1020
1640500 1018
1640510 1018
1640520 1018
1640530 1018
1640540 1017
1640550 1017
1640560 1017
1640570 1017
1640580 1017
1640590 1017
1640600 1017
1640610 1017
1640620 1018
1640630 1018
1640640 1018
1640650 1018
1640660 1020
1640670 1023
1640680 1023
1640690 1026
1640700 1030
1640710 1030
1640720 1032
1640730 1034
1640740 1034
1640750 1036
1640760 1034
1640770 1034
1640780 1032
1640790 1031
1640800 1031
1640810 1034
1640820 1037
1640830 1037
1640840 1039
1640850 1041
1640860 1041
1640870 1041
1640880 1042
1640890 1042
1640900 1041
1640910 1037
1640920 1037
1640930 1031
1640940 1031
1640950 1031
1640960 1038
1640970 1044
1640980 1044
1640990 1047
1641000 1051
1641010 1055
1641020 1055
1641030 1057
1641040 1061
1641050 1061
1641060 1064
1641070 1064
1641080 1064
1641090 1063
1641100 1061
1641110 1061
1641120 1059
1641130 1061
1641140 1061
1641150 1060
1641160 1060
1641170 1060
1641180 1059
1641190 1059
1641200 1059
1641210 1059
1641220 1062
1641230 1062
1641240 1062
1641250 1061
1641260 1061
1641270 1060
1641280 1059
1641290 1059
1641300 1059
1641310 1058
1641320 1058
1641330 1055
1641340 1054
1641350 1054
1641360 1052
1641370 1049
1641380 1047
1641390 1047
1641400 1045
1641410 1042
1641420 1042
1641430 1041
1641440 1043
1641450 1043
1641460 1043
1641470 1044
1641480 1044
1641490 1045
1641500 1045
1641510 1045
1641520 1044
1641530 1044
1641540 1044
1641550 1046
1641560 1051
1641570 1051
1641580 1056
1641590 1060
1641600 1060
1641610 1062
1641620 1064
1641630 1064
1641640 1066
1641650 1067
1641660 1067
1641670 1069
1641680 1070
1641690 1070
1641700 1072
1641710 1073
1641720 1073
1641730 1073
1641740 1074
1641750 1073
1641760 1073
1641770 1070
1641780 1067
1641790 1067
1641800 1066
1641810 1066
1641820 1066
1641830 1064
1641840 1063
1641850 1063
1641860 1061
1641870 1059
1641880 1059
1641890 1057
1641900 1056
1641910 1056
1641920 1056
1641930 1055
1641940 1055
1641950 1056
1641960 1055
1641970 1055
1641980 1053
1641990 1050
1642000 1050
1642010 1048
1642020 1050
1642030 1050
1642040 1049
1642050 1043
1642060 1043
1642070 1036
1642080 1029
1642090 1023
1642100 1023
1642110 1016
1642120 1008
1642130 1008
1642140 1000
1642150 995
1642160 995
1642170 990
1642180 983
1642190 983
1642200 977
1642210 971
1642220 971
1642230 965
1642240 959
1642250 959
1642260 956
1642270 953
1642280 953
1642290 947
1642300 940
1642310 940
1642320 934
1642330 927
1642340 927
1642350 921
1642360 915
1642370 915
1642380 909
1642390 903
1642400 903
1642410 898
1642420 895
1642430 895
1642440 894
1642450 893
1642460 891
1642470 891
1642480 888
1642490 886
1642500 886
1642510 882
1642520 879
1642530 879
1642540 874
1642550 868
1642560 868
1642570 865
1642580 858
1642590 858
1642600 853
1642610 848
1642620 848
1642630 842
1642640 834
1642650 834
1642660 827
1642670 819
1642680 819
1642690 811
1642700 805
1642710 805
1642720 797
1642730 789
1642740 789
1642750 781
1642760 779
1642770 779
1642780 781
1642790 785
1642800 785
1642810 786
1642820 788
1642830 789
1642840 789
1642850 790
1642860 788
1642870 788
1642880 786
1642890 784
1642900 784
1642910 781
1642920 777
1642930 777
1642940 774
1642950 769
1642960 769
1642970 765
1642980 762
1642990 762
1643000 758
1643010 754
1643020 754
1643030 749
1643040 744
1643050 744
1643060 739
1643070 734
1643080 734
1643090 728
1643100 722
1643110 722
1643120 717
1643130 712
1643140 712
1643150 710
1643160 710
1643170 708
1643180 708
1643190 706
1643200 704
1643210 704
1643220 702
1643230 700
1643240 700
1643250 698
1643260 697
1643270 697
1643280 696
1643290 694
1643300 694
1643310 693
1643320 691
1643330 691
1643340 689
1643350 689
1643360 689
1643370 687
1643380 686
1643390 686
1643400 685
1643410 684
1643420 684
1643430 683
1643440 683
1643450 683
1643460 683
1643470 682
1643480 682
1643490 681
1643500 681
1643510 681
1643520 679
1643530 679
1643540 679
1643550 679
1643560 679
1643570 679
1643580 679
1643590 679
1643600 679
1643610 679
1643620 677
1643630 675
1643640 675
1643650 674
1643660 674
1643670 674
1643680 673
1643690 673
1643700 673
1643710 673
1643720 672
1643730 672
1643740 672
1643750 672
1643760 672
1643770 674
1643780 678
1643790 678
1643800 687
1643810 700
1643820 700
1643830 710
1643840 715
1643850 715
1643860 719
1643870 723
1643880 723
1643890 725
1643900 727
1643910 729
1643920 729
1643930 732
1643940 736
1643950 736
1643960 740
1643970 745
1643980 745
1643990 749
1644000 752
1644010 752
1644020 753
1644030 749
1644040 749
1644050 748
1644060 744
1644070 744
1644080 744
1644090 742
1644100 742
1644110 743
1644120 750
1644130 750
1644140 757
1644150 762
1644160 762
1644170 764
1644180 766
1644190 766
1644200 767
1644210 771
1644220 771
1644230 769
1644240 767
1644250 767
1644260 766
1644270 764
1644280 767
1644290 767
1644300 774
1644310 782
1644320 782
1644330 788
1644340 794
1644350 794
1644360 800
1644370 801
1644380 801
1644390 807
1644400 813
1644410 813
1644420 819
1644430 826
1644440 826
1644450 833
1644460 840
1644470 840
1644480 848
1644490 855
1644500 855
1644510 862
1644520 870
1644530 870
1644540 879
1644550 885
1644560 885
1644570 893
1644580 901
1644590 901
1644600 908
1644610 915
1644620 915
1644630 921
1644640 925
1644650 930
1644660 930
1644670 934
1644680 936
1644690 936
1644700 936
1644710 935
1644720 935
1644730 935
1644740 935
1644750 935
1644760 936
1644770 937
1644780 937
1644790 936
1644800 936
1644810 936
1644820 936
1644830 937
1644840 937
1644850 938
1644860 938
1644870 938
1644880 939
1644890 940
1644900 940
1644910 943
1644920 947
1644930 947
1644940 953
1644950 958
1644960 958
1644970 963
1644980 968
1644990 971
1645000 971
1645010 977
1645020 983
1645030 983
1645040 988
1645050 994
1645060 994
1645070 1001
1645080 1007
1645090 1007
1645100 1014
1645110 1020
1645120 1020
1645130 1027
1645140 1033
1645150 1033
1645160 1041
1645170 1047
1645180 1047
1645190 1054
1645200 1061
1645210 1061
1645220 1068
1645230 1073
1645240 1073
1645250 1077
1645260 1085
1645270 1085
1645280 1106
1645290 1119
1645300 1119
1645310 1128
1645320 1143
1645330 1143
1645340 1153
1645350 1174
1645360 1199
1645370 1199
1645380 1227
1645390 1255
1645400 1255
1645410 1268
1645420 1276
1645430 1276
1645440 1280
1645450 1282
1645460 1282
1645470 1286
1645480 1304
1645490 1304
1645500 1343
1645510 1350
1645520 1350
1645530 1348
1645540 1350
1645550 1350
1645560 1356
1645570 1369
1645580 1369
1645590 1395
1645600 1418
1645610 1418
1645620 1425
1645630 1434
1645640 1434
1645650 1445
1645660 1452
1645670 1452
1645680 1463
1645690 1471
1645700 1471
1645710 1473
1645720 1472
1645730 1477
1645740 1477
1645750 1501
1645760 1515
1645770 1515
1645780 1519
1645790 1520
1645800 1520
1645810 1520
1645820 1519
1645830 1519
1645840 1518
1645850 1516
1645860 1516
1645870 1514
1645880 1514
1645890 1514
1645900 1516
1645910 1518
1645920 1518
1645930 1520
1645940 1523
1645950 1523
1645960 1531
1645970 1534
1645980 1534
1645990 1537
1646000 1538
1646010 1538
1646020 1540
1646030 1543
1646040 1543
1646050 1546
1646060 1549
1646070 1551
1646080 1551
1646090 1553
1646100 1555
1646110 1555
1646120 1555
1646130 1552
1646140 1552
1646150 1547
1646160 1541
1646170 1541
1646180 1535
1646190 1528
1646200 1528
1646210 1522
1646220 1515
1646230 1515
1646240 1508
1646250 1502
1646260 1502
1646270 1496
1646280 1490
1646290 1490
1646300 1483
1646310 1478
1646320 1478
1646330 1472
1646340 1467
1646350 1467
1646360 1461
1646370 1456
1646380 1456
1646390 1450
1646400 1444
1646410 1444
1646420 1438
1646430 1433
1646440 1429
1646450 1429
1646460 1424
1646470 1419
1646480 1419
1646490 1414
1646500 1410
1646510 1410
1646520 1404
1646530 1397
1646540 1397
1646550 1392
1646560 1387
1646570 1387
1646580 1386
1646590 1387
1646600 1387
1646610 1376
1646620 1359
1646630 1359
1646640 1332
1646650 1321
1646660 1321
1646670 1335
1646680 1333
1646690 1333
1646700 1324
1646710 1313
1646720 1313
1646730 1269
1646740 1233
1646750 1238
1646760 1222
1646770 1201
1646780 1201
1646790 1177
1646800 1166
1646810 1158
1646820 1158
1646830 1151
1646840 1144
1646850 1144
1646860 1136
1646870 1128
1646880 1128
1646890 1121
1646900 1116
1646910 1116
1646920 1109
1646930 1101
1646940 1101
1646950 1093
1646960 1086
1646970 1086
1646980 1080
1646990 1074
1647000 1074
1647010 1068
1647020 1061
1647030 1061
1647040 1057
1647050 1052
1647060 1052
1647070 1048
1647080 1042
1647090 1042
1647100 1025
1647110 1009
1647120 1009
1647130 1010
1647140 1029
1647150 1029
1647160 1045
1647170 1063
1647180 1073
1647190 1073
1647200 1084
1647210 1093
1647220 1093
1647230 1086
1647240 1076
1647250 1076
1647260 1068
1647270 1062
1647280 1062
1647290 1057
1647300 1051
1647310 1051
1647320 1043
1647330 1034
1647340 1034
1647350 1030
1647360 1032
1647370 1032
1647380 1038
1647390 1047
1647400 1047
1647410 1045
1647420 1043
1647430 1043
1647440 1049
1647450 1043
1647460 1043
1647470 1041
1647480 1036
1647490 1036
1647500 1025
1647510 1017
1647520 1012
1647530 1012
1647540 1003
1647550 1000
1647560 1000
1647570 998
1647580 996
1647590 996
1647600 998
1647610 996
1647620 996
1647630 996
1647640 997
1647650 997
1647660 999
1647670 999
1647680 999
1647690 1003
1647700 1006
1647710 1006
1647720 1012
1647730 1022
1647740 1022
1647750 1027
1647760 1037
1647770 1037
1647780 1059
1647790 1069
1647800 1069
1647810 1070
1647820 1074
1647830 1074
1647840 1086
1647850 1100
1647860 1100
1647870 1114
1647880 1124
1647890 1131
1647900 1131
1647910 1143
1647920 1153
1647930 1153
1647940 1163
1647950 1172
1647960 1172
1647970 1179
1647980 1176
1647990 1176
1648000 1177
1648010 1181
1648020 1181
1648030 1180
1648040 1175
1648050 1175
1648060 1179
1648070 1173
1648080 1173
1648090 1165
1648100 1161
1648110 1161
1648120 1166
1648130 1175
1648140 1175
1648150 1187
1648160 1202
1648170 1202
1648180 1219
1648190 1227
1648200 1227
1648210 1238
1648220 1247
1648230 1247
1648240 1267
1648250 1280
1648260 1290
1648270 1290
1648280 1299
1648290 1305
1648300 1305
1648310 1311
1648320 1316
1648330 1320
1648340 1327
1648350 1335
1648360 1335
1648370 1343
1648380 1350
1648390 1350
1648400 1356
1648410 1359
1648420 1359
1648430 1362
1648440 1366
1648450 1366
1648460 1374
1648470 1397
1648480 1397
1648490 1398
1648500 1412
1648510 1412
1648520 1435
1648530 1452
1648540 1452
1648550 1459
1648560 1465
1648570 1465
1648580 1479
1648590 1488
1648600 1488
1648610 1496
1648620 1499
1648630 1498
1648640 1498
1648650 1498
1648660 1504
1648670 1504
1648680 1507
1648690 1517
1648700 1517
1648710 1532
1648720 1542
1648730 1542
1648740 1550
1648750 1556
1648760 1556
1648770 1563
1648780 1571
1648790 1571
1648800 1577
1648810 1585
1648820 1585
1648830 1592
1648840 1598
1648850 1598
1648860 1604
1648870 1613
1648880 1613
1648890 1641
1648900 1676
1648910 1676
1648920 1685
1648930 1688
1648940 1688
1648950 1689
1648960 1690
1648970 1691
1648980 1691
1648990 1694
1649000 1698
1649010 1698
1649020 1701
1649030 1704
1649040 1704
1649050 1708
1649060 1712
1649070 1712
1649080 1719
1649090 1725
1649100 1725
1649110 1738
1649120 1750
1649130 1750
1649140 1760
1649150 1770
1649160 1770
1649170 1779
1649180 1783
1649190 1783
1649200 1787
1649210 1790
1649220 1790
1649230 1799
1649240 1800
1649250 1800
1649260 1803
1649270 1816
1649280 1816
1649290 1829
1649300 1835
1649310 1835
1649320 1841
1649330 1845
1649340 1846
1649350 1846
1649360 1847
1649370 1848
1649380 1848
1649390 1848
1649400 1847
1649410 1847
1649420 1846
1649430 1848
1649440 1848
1649450 1852
1649460 1856
1649470 1856
1649480 1861
1649490 1866
1649500 1866
1649510 1870
1649520 1874
1649530 1874
1649540 1877
1649550 1880
1649560 1880
1649570 1883
1649580 1890
1649590 1890
1649600 1896
1649610 1901
1649620 1901
1649630 1906
1649640 1911
1649650 1911
1649660 1921
1649670 1930
1649680 1930
1649690 1937
1649700 1944
1649710 1950
1649720 1950
1649730 1955
1649740 1961
1649750 1961
1649760 1966
1649770 1972
1649780 1972
1649790 1977
1649800 1973
1649810 1973
1649820 1965
1649830 1956
1649840 1956
1649850 1944
1649860 1937
1649870 1937
1649880 1925
1649890 1923
1649900 1923
1649910 1919
1649920 1916
1649930 1916
1649940 1914
1649950 1906
1649960 1906
1649970 1896
1649980 1889
1649990 1889
1650000 1884
1650010 1877
1650020 1877
1650030 1869
1650040 1861
1650050 1861
1650060 1854
1650070 1849
1650080 1844
1650090 1844
1650100 1839
1650110 1834
1650120 1834
1650130 1830
1650140 1825
1650150 1825
1650160 1822
1650170 1818
1650180 1818
1650190 1814
1650200 1810
1650210 1810
1650220 1809
1650230 1810
1650240 1810
1650250 1809
1650260 1810
1650270 1810
1650280 1809
1650290 1808
1650300 1808
1650310 1807
1650320 1806
1650330 1806
1650340 1803
1650350 1802
1650360 1802
1650370 1803
1650380 1805
1650390 1805
1650400 1808
1650410 1810
1650420 1811
1650430 1811
1650440 1812
1650450 1813
1650460 1813
1650470 1811
1650480 1810
1650490 1810
1650500 1811
1650510 1813
1650520 1813
1650530 1815
1650540 1815
1650550 1815
1650560 1814
1650570 1816
1650580 1816
1650590 1820
1650600 1823
1650610 1823
1650620 1820
1650630 1820
1650640 1820
1650650 1818
1650660 1818
1650670 1818
1650680 1820
1650690 1826
1650700 1826
1650710 1833
1650720 1842
1650730 1842
1650740 1850
1650750 1845
1650760 1845
1650770 1829
1650780 1819
1650790 1811
1650800 1811
1650810 1803
1650820 1795
1650830 1795
1650840 1786
1650850 1777
1650860 1777
1650870 1767
1650880 1760
1650890 1760
1650900 1750
1650910 1742
1650920 1742
1650930 1733
1650940 1724
1650950 1724
1650960 1715
1650970 1706
1650980 1706
1650990 1700
1651000 1695
1651010 1695
1651020 1690
1651030 1683
1651040 1683
1651050 1674
1651060 1666
1651070 1666
1651080 1659
1651090 1653
1651100 1653
1651110 1643
1651120 1631
1651130 1631
1651140 1622
1651150 1616
1651160 1614
1651170 1614
1651180 1612
1651190 1606
1651200 1606
1651210 1601
1651220 1601
1651230 1601
1651240 1598
1651250 1591
1651260 1591
1651270 1593
1651280 1588
1651290 1588
1651300 1582
1651310 1582
1651320 1582
1651330 1570
1651340 1574
1651350 1574
1651360 1577
1651370 1581
1651380 1581
1651390 1586
1651400 1589
1651410 1589
1651420 1604
1651430 1613
1651440 1613
1651450 1614
1651460 1604
1651470 1604
1651480 1590
1651490 1583
1651500 1583
1651510 1582
1651520 1573
1651530 1567
1651540 1567
1651550 1562
1651560 1558
1651570 1558
1651580 1552
1651590 1547
1651600 1547
1651610 1547
1651620 1549
1651630 1549
1651640 1546
1651650 1539
1651660 1539
1651670 1534
1651680 1528
1651690 1528
1651700 1520
1651710 1513
1651720 1513
1651730 1506
1651740 1500
1651750 1500
1651760 1495
1651770 1490
1651780 1490
1651790 1484
1651800 1476
1651810 1476
1651820 1466
1651830 1454
1651840 1454
1651850 1444
1651860 1442
1651870 1442
1651880 1438
1651890 1424
1651900 1407
1651910 1407
1651920 1396
1651930 1391
1651940 1391
1651950 1389
1651960 1383
1651970 1383
1651980 1381
1651990 1378
1652000 1378
1652010 1371
1652020 1361
1652030 1361
1652040 1354
1652050 1347
1652060 1347
1652070 1341
1652080 1335
1652090 1335
1652100 1331
1652110 1326
1652120 1326
1652130 1317
1652140 1308
1652150 1308
1652160 1299
1652170 1291
1652180 1291
1652190 1281
1652200 1271
1652210 1271
1652220 1260
1652230 1253
1652240 1248
1652250 1248
1652260 1246
1652270 1245
1652280 1245
1652290 1241
1652300 1236
1652310 1236
1652320 1229
1652330 1219
1652340 1219
1652350 1213
1652360 1208
1652370 1208
1652380 1206
1652390 1203
1652400 1203
1652410 1202
1652420 1199
1652430 1199
1652440 1193
1652450 1190
1652460 1190
1652470 1188
1652480 1187
1652490 1187
1652500 1186
1652510 1181
1652520 1181
1652530 1175
1652540 1172
1652550 1172
1652560 1170
1652570 1166
1652580 1166
1652590 1164
1652600 1161
1652610 1158
1652620 1158
1652630 1155
1652640 1152
1652650 1152
1652660 1149
1652670 1145
1652680 1145
1652690 1141
1652700 1137
1652710 1137
1652720 1134
1652730 1130
1652740 1130
1652750 1125
1652760 1122
1652770 1122
1652780 1118
1652790 1114
1652800 1114
1652810 1110
1652820 1107
1652830 1107
1652840 1104
1652850 1101
1652860 1101
1652870 1098
1652880 1094
1652890 1094
1652900 1091
1652910 1088
1652920 1088
1652930 1083
1652940 1080
1652950 1079
1652960 1075
1652970 1072
1652980 1069
1652990 1069
1653000 1065
1653010 1063
1653020 1063
1653030 1061
1653040 1059
1653050 1059
1653060 1056
1653070 1052
1653080 1052
1653090 1046
1653100 1040
1653110 1040
1653120 1033
1653130 1024
1653140 1024
1653150 1018
1653160 1013
1653170 1013
1653180 1010
1653190 1005
1653200 1005
1653210 999
1653220 992
1653230 992
1653240 987
1653250 984
1653260 984
1653270 978
1653280 972
1653290 972
1653300 965
1653310 957
1653320 957
1653330 951
1653340 945
1653350 945
1653360 945
1653370 945
1653380 942
1653390 942
1653400 939
1653410 937
1653420 937
1653430 934
1653440 931
1653450 931
1653460 924
1653470 917
1653480 917
1653490 909
1653500 902
1653510 902
1653520 896
1653530 893
1653540 893
1653550 887
1653560 881
1653570 881
1653580 878
1653590 879
1653600 879
1653610 878
1653620 876
1653630 876
1653640 872
1653650 868
1653660 868
1653670 863
1653680 858
1653690 853
1653700 858
1653710 852
1653720 847
1653730 847
1653740 841
1653750 836
1653760 836
1653770 830
1653780 824
1653790 824
1653800 818
1653810 811
1653820 811
1653830 805
1653840 799
1653850 799
1653860 793
1653870 787
1653880 787
1653890 782
1653900 774
1653910 774
1653920 766
1653930 760
1653940 760
1653950 756
1653960 752
1653970 752
1653980 749
1653990 748
1654000 748
1654010 747
1654020 748
1654030 748
1654040 754
1654050 760
1654060 770
1654070 770
1654080 774
1654090 774
1654100 774
1654110 774
1654120 773
1654130 773
1654140 774
1654150 776
1654160 776
1654170 777
1654180 776
1654190 776
1654200 775
1654210 775
1654220 775
1654230 775
1654240 776
1654250 776
1654260 775
1654270 776
1654280 776
1654290 776
1654300 773
1654310 773
1654320 770
1654330 767
1654340 767
1654350 769
1654360 772
1654370 772
1654380 776
1654390 779
1654400 779
1654410 783
1654420 787
1654430 791
1654440 791
1654450 795
1654460 796
1654470 796
1654480 801
1654490 804
1654500 804
1654510 810
1654520 815
1654530 815
1654540 818
1654550 822
1654560 822
1654570 824
1654580 825
1654590 825
1654600 827
1654610 827
1654620 827
1654630 828
1654640 830
1654650 830
1654660 834
1654670 839
1654680 839
1654690 842
1654700 844
1654710 844
1654720 844
1654730 845
1654740 845
1654750 846
1654760 846
1654770 846
1654780 846
1654790 847
1654800 849
1654810 849
1654820 851
1654830 853
1654840 853
1654850 854
1654860 856
1654870 856
1654880 858
1654890 860
1654900 860
1654910 862
1654920 864
1654930 864
1654940 866
1654950 868
1654960 868
1654970 870
1654980 872
1654990 872
1655000 876
1655010 877
1655020 877
1655030 882
1655040 886
1655050 886
1655060 888
1655070 889
1655080 889
1655090 890
1655100 890
1655110 890
1655120 889
1655130 888
1655140 887
1655150 887
1655160 886
1655170 884
1655180 884
1655190 881
1655200 878
1655210 873
1655220 871
1655230 871
1655240 871
1655250 872
1655260 874
1655270 874
1655280 874
1655290 874
1655300 874
1655310 872
1655320 867
1655330 867
1655340 861
1655350 854
1655360 854
1655370 849
1655380 843
1655390 843
1655400 837
1655410 831
1655420 831
1655430 825
1655440 820
1655450 820
1655460 813
1655470 807
1655480 807
1655490 800
1655500 793
1655510 786
1655520 786
1655530 781
1655540 782
1655550 782
1655560 786
1655570 789
1655580 789
1655590 791
1655600 794
1655610 794
1655620 798
1655630 801
1655640 801
1655650 804
1655660 805
1655670 805
1655680 806
1655690 808
1655700 808
1655710 809
1655720 810
1655730 810
1655740 809
1655750 804
1655760 804
1655770 799
1655780 793
1655790 793
1655800 787
1655810 781
1655820 781
1655830 777
1655840 770
1655850 770
1655860 765
1655870 760
1655880 755
1655890 755
1655900 749
1655910 743
1655920 743
1655930 737
1655940 731
1655950 731
1655960 720
1655970 719
1655980 719
1655990 717
1656000 713
1656010 713
1656020 709
1656030 704
1656040 704
1656050 697
1656060 691
1656070 691
1656080 689
1656090 691
1656100 691
1656110 691
1656120 691
1656130 691
1656140 690
1656150 690
1656160 690
1656170 688
1656180 684
1656190 684
1656200 683
1656210 683
1656220 683
1656230 683
1656240 683
1656250 683
1656260 683
1656270 683
1656280 683
1656290 683
1656300 684
1656310 684
1656320 684
1656330 684
1656340 683
1656350 683
1656360 685
1656370 686
1656380 686
1656390 686
1656400 686
1656410 686
1656420 686
1656430 686
1656440 686
1656450 686
1656460 688
1656470 688
1656480 692
1656490 693
1656500 693
1656510 694
1656520 695
1656530 695
1656540 695
1656550 695
1656560 695
1656570 696
1656580 696
1656590 696
1656600 697
1656610 698
1656620 700
1656630 700
1656640 700
1656650 700
1656660 700
1656670 701
1656680 702
1656690 702
1656700 709
1656710 711
1656720 711
1656730 713
1656740 716
1656750 716
1656760 719
1656770 722
1656780 722
1656790 725
1656800 729
1656810 729
1656820 733
1656830 736
1656840 736
1656850 740
1656860 744
1656870 744
1656880 748
1656890 752
1656900 752
1656910 756
1656920 760
1656930 760
1656940 765
1656950 769
1656960 774
1656970 774
1656980 778
1656990 782
1657000 782
1657010 786
1657020 790
1657030 790
1657040 794
1657050 797
1657060 797
1657070 800
1657080 804
1657090 804
1657100 809
1657110 812
1657120 812
1657130 815
1657140 820
1657150 820
1657160 824
1657170 828
1657180 828
1657190 832
1657200 836
1657210 836
1657220 839
1657230 841
1657240 841
1657250 844
1657260 846
1657270 846
1657280 847
1657290 847
1657300 847
1657310 847
1657320 848
1657330 848
1657340 848
1657350 848
1657360 849
1657370 849
1657380 849
1657390 850
1657400 850
1657410 849
1657420 850
1657430 850
1657440 849
1657450 854
1657460 854
1657470 853
1657480 852
1657490 852
1657500 851
1657510 848
1657520 848
1657530 845
1657540 842
1657550 842
1657560 839
1657570 837
1657580 837
1657590 834
1657600 831
1657610 831
1657620 828
1657630 826
1657640 826
1657650 825
1657660 823
1657670 823
1657680 821
1657690 818
1657700 816
1657710 816
1657720 814
1657730 813
1657740 813
1657750 811
1657760 808
1657770 808
1657780 804
1657790 799
1657800 799
1657810 795
1657820 793
1657830 793
1657840 793
1657850 794
1657860 794
1657870 794
1657880 794
1657890 794
1657900 794
1657910 794
1657920 794
1657930 793
1657940 792
1657950 792
1657960 792
1657970 797
1657980 797
1657990 803
1658000 809
1658010 809
1658020 816
1658030 823
1658040 823
1658050 830
1658060 837
1658070 844
1658080 844
1658090 850
1658100 857
1658110 857
1658120 863
1658130 870
1658140 870
1658150 876
1658160 883
1658170 883
1658180 893
1658190 900
1658200 900
1658210 904
1658220 906
1658230 906
1658240 908
1658250 909
1658260 909
1658270 911
1658280 911
1658290 911
1658300 910
1658310 906
1658320 906
1658330 902
1658340 900
1658350 900
1658360 898
1658370 897
1658380 897
1658390 894
1658400 891
1658410 888
1658420 888
1658430 884
1658440 881
1658450 881
1658460 878
1658470 874
1658480 874
1658490 870
1658500 865
1658510 865
1658520 861
1658530 859
1658540 859
1658550 858
1658560 859
1658570 859
1658580 860
1658590 862
1658600 862
1658610 861
1658620 863
1658630 863
1658640 865
1658650 867
1658660 867
1658670 869
1658680 870
1658690 870
1658700 872
1658710 873
1658720 873
1658730 875
1658740 877
1658750 877
1658760 880
1658770 883
1658780 886
1658790 886
1658800 893
1658810 899
1658820 899
1658830 905
1658840 910
1658850 910
1658860 915
1658870 920
1658880 920
1658890 924
1658900 930
1658910 930
1658920 932
1658930 935
1658940 935
1658950 938
1658960 943
1658970 943
1658980 948
1658990 954
1659000 954
1659010 960
1659020 967
1659030 967
1659040 975
1659050 983
1659060 983
1659070 990
1659080 996
1659090 996
1659100 1001
1659110 1004
1659120 1004
1659130 1003
1659140 1002
1659150 1001
1659160 1001
1659170 1000
1659180 999
1659190 999
1659200 998
1659210 996
1659220 996
1659230 994
1659240 992
1659250 992
1659260 989
1659270 987
1659280 987
1659290 984
1659300 982
1659310 982
1659320 980
1659330 976
1659340 976
1659350 972
1659360 967
1659370 967
1659380 962
1659390 959
1659400 959
1659410 953
1659420 947
1659430 947
1659440 942
1659450 939
1659460 939
1659470 936
1659480 932
1659490 932
1659500 935
1659510 941
1659520 946
1659530 946
1659540 952
1659550 958
1659560 958
1659570 962
1659580 965
1659590 965
1659600 967
1659610 970
1659620 970
1659630 973
1659640 975
1659650 979
1659660 983
1659670 986
1659680 986
1659690 988
1659700 990
1659710 990
1659720 993
1659730 996
1659740 996
1659750 998
1659760 1000
1659770 1000
1659780 1002
1659790 1002
1659800 1002
1659810 1003
1659820 1003
1659830 1003
1659840 1002
1659850 999
1659860 995
1659870 995
1659880 991
1659890 988
1659900 988
1659910 985
1659920 984
1659930 984
1659940 986
1659950 989
1659960 989
1659970 989
1659980 988
1659990 988
