1640000 1254
1640010 1249
1640020 1249
1640030 1243
1640040 1237
1640050 1237
1640060 1231
1640070 1225
1640080 1225
1640090 1219
1640100 1212
1640110 1212
1640120 1206
1640130 1200
1640140 1200
1640150 1193
1640160 1187
1640170 1187
1640180 1179
1640190 1170
1640200 1170
1640210 1165
1640220 1163
1640230 1163
1640240 1161
1640250 1161
1640260 1161
1640270 1163
1640280 1165
1640290 1165
1640300 1167
1640310 1166
1640320 1166
1640330 1166
1640340 1160
1640350 1162
1640360 1162
1640370 1163
1640380 1165
1640390 1165
1640400 1166
1640410 1168
1640420 1168
1640430 1171
1640440 1174
1640450 1174
1640460 1174
1640470 1172
1640480 1172
1640490 1170
1640500 1172
1640510 1172
1640520 1175
1640530 1176
1640540 1176
1640550 1177
1640560 1175
1640570 1175
1640580 1174
1640590 1174
1640600 1174
1640610 1173
1640620 1171
1640630 1171
1640640 1170
1640650 1168
1640660 1168
1640670 1164
1640680 1162
1640690 1162
1640700 1160
1640710 1158
1640720 1158
1640730 1158
1640740 1157
1640750 1155
1640760 1155
1640770 1153
1640780 1151
1640790 1151
1640800 1149
1640810 1148
1640820 1148
1640830 1149
1640840 1148
1640850 1148
1640860 1147
1640870 1145
1640880 1145
1640890 1144
1640900 1143
1640910 1143
1640920 1142
1640930 1142
1640940 1142
1640950 1140
1640960 1137
1640970 1137
1640980 1131
1640990 1125
1641000 1125
1641010 1118
1641020 1112
1641030 1112
1641040 1113
1641050 1114
1641060 1114
1641070 1115
1641080 1115
1641090 1120
1641100 1120
1641110 1127
1641120 1132
1641130 1132
1641140 1135
1641150 1136
1641160 1130
1641170 1136
1641180 1141
1641190 1141
1641200 1145
1641210 1147
1641220 1147
1641230 1151
1641240 1156
1641250 1156
1641260 1163
1641270 1168
1641280 1168
1641290 1171
1641300 1174
1641310 1174
1641320 1181
1641330 1190
1641340 1190
1641350 1194
1641360 1198
1641370 1198
1641380 1199
1641390 1203
1641400 1203
1641410 1207
1641420 1212
1641430 1212
1641440 1218
1641450 1225
1641460 1232
1641470 1232
1641480 1240
1641490 1251
1641500 1251
1641510 1274
1641520 1286
1641530 1286
1641540 1289
1641550 1295
1641560 1295
1641570 1302
1641580 1309
1641590 1309
1641600 1316
1641610 1324
1641620 1324
1641630 1332
1641640 1341
1641650 1341
1641660 1355
1641670 1367
1641680 1367
1641690 1373
1641700 1380
1641710 1380
1641720 1388
1641730 1395
1641740 1395
1641750 1401
1641760 1408
1641770 1408
1641780 1415
1641790 1422
1641800 1422
1641810 1428
1641820 1434
1641830 1440
1641840 1440
1641850 1447
1641860 1455
1641870 1455
1641880 1465
1641890 1476
1641900 1476
1641910 1483
1641920 1491
1641930 1491
1641940 1500
1641950 1506
1641960 1506
1641970 1511
1641980 1517
1641990 1517
1642000 1519
1642010 1519
1642020 1519
1642030 1517
1642040 1512
1642050 1512
1642060 1507
1642070 1504
1642080 1504
1642090 1498
1642100 1495
1642110 1495
1642120 1497
1642130 1496
1642140 1496
1642150 1499
1642160 1497
1642170 1497
1642180 1488
1642190 1480
1642200 1476
1642210 1476
1642220 1471
1642230 1472
1642240 1472
1642250 1470
1642260 1458
1642270 1458
1642280 1449
1642290 1453
1642300 1453
1642310 1462
1642320 1460
1642330 1460
1642340 1451
1642350 1438
1642360 1438
1642370 1429
1642380 1421
1642390 1421
1642400 1428
1642410 1442
1642420 1442
1642430 1427
1642440 1406
1642450 1406
1642460 1401
1642470 1403
1642480 1403
1642490 1399
1642500 1406
1642510 1406
1642520 1407
1642530 1388
1642540 1388
1642550 1375
1642560 1368
1642570 1364
1642580 1364
1642590 1360
1642600 1357
1642610 1357
1642620 1356
1642630 1355
1642640 1355
1642650 1357
1642660 1355
1642670 1355
1642680 1349
1642690 1345
1642700 1345
1642710 1344
1642720 1343
1642730 1343
1642740 1341
1642750 1341
1642760 1341
1642770 1339
1642780 1335
1642790 1342
1642800 1337
1642810 1335
1642820 1335
1642830 1335
1642840 1337
1642850 1337
1642860 1342
1642870 1348
1642880 1348
1642890 1355
1642900 1362
1642910 1362
1642920 1368
1642930 1371
1642940 1369
1642950 1369
1642960 1363
1642970 1356
1642980 1356
1642990 1348
1643000 1339
1643010 1339
1643020 1331
1643030 1325
1643040 1325
1643050 1318
1643060 1312
1643070 1312
1643080 1306
1643090 1299
1643100 1299
1643110 1294
1643120 1289
1643130 1289
1643140 1284
1643150 1279
1643160 1279
1643170 1275
1643180 1269
1643190 1269
1643200 1263
1643210 1258
1643220 1258
1643230 1252
1643240 1248
1643250 1248
1643260 1244
1643270 1241
1643280 1241
1643290 1236
1643300 1231
1643310 1224
1643320 1224
1643330 1218
1643340 1212
1643350 1212
1643360 1206
1643370 1201
1643380 1201
1643390 1198
1643400 1195
1643410 1195
1643420 1192
1643430 1188
1643440 1188
1643450 1185
1643460 1184
1643470 1184
1643480 1184
1643490 1185
1643500 1185
1643510 1187
1643520 1192
1643530 1192
1643540 1196
1643550 1199
1643560 1199
1643570 1203
1643580 1207
1643590 1207
1643600 1218
1643610 1221
1643620 1221
1643630 1223
1643640 1223
1643650 1223
1643660 1225
1643670 1227
1643680 1226
1643690 1226
1643700 1223
1643710 1219
1643720 1219
1643730 1216
1643740 1213
1643750 1213
1643760 1211
1643770 1210
1643780 1210
1643790 1209
1643800 1210
1643810 1210
1643820 1212
1643830 1214
1643840 1214
1643850 1211
1643860 1200
1643870 1200
1643880 1191
1643890 1183
1643900 1183
1643910 1176
1643920 1169
1643930 1169
1643940 1161
1643950 1154
1643960 1154
1643970 1147
1643980 1139
1643990 1139
1644000 1132
1644010 1126
1644020 1126
1644030 1122
1644040 1118
1644050 1112
1644060 1112
1644070 1104
1644080 1097
1644090 1097
1644100 1093
1644110 1087
1644120 1087
1644130 1084
1644140 1081
1644150 1081
1644160 1077
1644170 1072
1644180 1072
1644190 1072
1644200 1075
1644210 1075
1644220 1077
1644230 1078
1644240 1078
1644250 1098
1644260 1114
1644270 1114
1644280 1120
1644290 1127
1644300 1127
1644310 1151
1644320 1166
1644330 1166
1644340 1177
1644350 1182
1644360 1182
1644370 1182
1644380 1178
1644390 1178
1644400 1155
1644410 1148
1644420 1141
1644430 1141
1644440 1135
1644450 1129
1644460 1129
1644470 1123
1644480 1117
1644490 1117
1644500 1111
1644510 1099
1644520 1099
1644530 1088
1644540 1077
1644550 1077
1644560 1070
1644570 1062
1644580 1062
1644590 1053
1644600 1046
1644610 1046
1644620 1039
1644630 1031
1644640 1031
1644650 1023
1644660 1016
1644670 1016
1644680 1010
1644690 1004
1644700 1004
1644710 996
1644720 987
1644730 987
1644740 980
1644750 974
1644760 974
1644770 967
1644780 961
1644790 955
1644800 955
1644810 950
1644820 944
1644830 944
1644840 939
1644850 933
1644860 933
1644870 927
1644880 920
1644890 920
1644900 912
1644910 903
1644920 903
1644930 894
1644940 885
1644950 885
1644960 877
1644970 869
1644980 869
1644990 866
1645000 853
1645010 853
1645020 838
1645030 826
1645040 826
1645050 806
1645060 790
1645070 790
1645080 776
1645090 761
1645100 761
1645110 746
1645120 714
1645130 714
1645140 681
1645150 636
1645160 624
1645170 624
1645180 626
1645190 623
1645200 611
1645210 601
1645220 597
1645230 597
1645240 599
1645250 601
1645260 601
1645270 605
1645280 611
1645290 611
1645300 617
1645310 623
1645320 623
1645330 629
1645340 636
1645350 636
1645360 642
1645370 647
1645380 647
1645390 652
1645400 658
1645410 658
1645420 665
1645430 671
1645440 671
1645450 678
1645460 685
1645470 685
1645480 692
1645490 698
1645500 698
1645510 705
1645520 710
1645530 714
1645540 714
1645550 717
1645560 719
1645570 719
1645580 721
1645590 723
1645600 723
1645610 725
1645620 727
1645630 727
1645640 731
1645650 736
1645660 736
1645670 741
1645680 746
1645690 746
1645700 750
1645710 753
1645720 753
1645730 756
1645740 759
1645750 759
1645760 764
1645770 769
1645780 769
1645790 773
1645800 777
1645810 777
1645820 780
1645830 784
1645840 784
1645850 787
1645860 789
1645870 789
1645880 792
1645890 794
1645900 796
1645910 796
1645920 799
1645930 801
1645940 801
1645950 804
1645960 806
1645970 806
1645980 808
1645990 817
1646000 817
1646010 819
1646020 823
1646030 823
1646040 831
1646050 836
1646060 836
1646070 841
1646080 850
1646090 850
1646100 858
1646110 866
1646120 866
1646130 876
1646140 889
1646150 889
1646160 900
1646170 909
1646180 909
1646190 918
1646200 930
1646210 930
1646220 947
1646230 960
1646240 960
1646250 970
1646260 978
1646270 984
1646280 984
1646290 990
1646300 998
1646310 998
1646320 1004
1646330 1010
1646340 1010
1646350 1019
1646360 1028
1646370 1028
1646380 1037
1646390 1045
1646400 1045
1646410 1053
1646420 1067
1646430 1067
1646440 1081
1646450 1101
1646460 1101
1646470 1118
1646480 1147
1646490 1147
1646500 1168
1646510 1174
1646520 1174
1646530 1178
1646540 1183
1646550 1183
1646560 1188
1646570 1195
1646580 1195
1646590 1201
1646600 1208
1646610 1208
1646620 1215
1646630 1221
1646640 1228
1646650 1228
1646660 1237
1646670 1243
1646680 1243
1646690 1252
1646700 1257
1646710 1257
1646720 1263
1646730 1270
1646740 1270
1646750 1277
1646760 1282
1646770 1282
1646780 1287
1646790 1293
1646800 1293
1646810 1300
1646820 1307
1646830 1307
1646840 1313
1646850 1321
1646860 1321
1646870 1332
1646880 1339
1646890 1339
1646900 1344
1646910 1345
1646920 1345
1646930 1337
1646940 1327
1646950 1327
1646960 1321
1646970 1313
1646980 1313
1646990 1300
1647000 1292
1647010 1285
1647020 1285
1647030 1280
1647040 1277
1647050 1277
1647060 1273
1647070 1268
1647080 1268
1647090 1264
1647100 1260
1647110 1260
1647120 1258
1647130 1256
1647140 1256
1647150 1252
1647160 1248
1647170 1248
1647180 1251
1647190 1251
1647200 1251
1647210 1250
1647220 1248
1647230 1248
1647240 1246
1647250 1246
1647260 1246
1647270 1246
1647280 1247
1647290 1247
1647300 1247
1647310 1248
1647320 1248
1647330 1250
1647340 1251
1647350 1251
1647360 1248
1647370 1238
1647380 1232
1647390 1232
1647400 1226
1647410 1220
1647420 1220
1647430 1214
1647440 1208
1647450 1208
1647460 1204
1647470 1200
1647480 1200
1647490 1198
1647500 1195
1647510 1195
1647520 1193
1647530 1189
1647540 1189
1647550 1186
1647560 1182
1647570 1178
1647580 1174
1647590 1166
1647600 1166
1647610 1151
1647620 1142
1647630 1142
1647640 1135
1647650 1127
1647660 1127
1647670 1119
1647680 1111
1647690 1111
1647700 1103
1647710 1096
1647720 1096
1647730 1089
1647740 1084
1647750 1084
1647760 1078
1647770 1072
1647780 1065
1647790 1065
1647800 1053
1647810 1042
1647820 1042
1647830 1033
1647840 1030
1647850 1030
1647860 1038
1647870 1049
1647880 1049
1647890 1061
1647900 1069
1647910 1069
1647920 1075
1647930 1082
1647940 1082
1647950 1091
1647960 1099
1647970 1099
1647980 1107
1647990 1114
1648000 1114
1648010 1122
1648020 1134
1648030 1134
1648040 1147
1648050 1159
1648060 1159
1648070 1171
1648080 1178
1648090 1178
1648100 1184
1648110 1191
1648120 1191
1648130 1196
1648140 1200
1648150 1196
1648160 1196
1648170 1187
1648180 1178
1648190 1178
1648200 1171
1648210 1166
1648220 1166
1648230 1162
1648240 1157
1648250 1157
1648260 1155
1648270 1153
1648280 1153
1648290 1152
1648300 1152
1648310 1152
1648320 1152
1648330 1153
1648340 1153
1648350 1156
1648360 1153
1648370 1153
1648380 1157
1648390 1162
1648400 1162
1648410 1166
1648420 1169
1648430 1169
1648440 1176
1648450 1177
1648460 1177
1648470 1178
1648480 1177
1648490 1177
1648500 1174
1648510 1173
1648520 1176
1648530 1176
1648540 1178
1648550 1177
1648560 1177
1648570 1178
1648580 1179
1648590 1179
1648600 1181
1648610 1184
1648620 1184
1648630 1187
1648640 1191
1648650 1191
1648660 1194
1648670 1199
1648680 1199
1648690 1203
1648700 1207
1648710 1207
1648720 1211
1648730 1216
1648740 1216
1648750 1221
1648760 1227
1648770 1227
1648780 1233
1648790 1238
1648800 1238
1648810 1242
1648820 1248
1648830 1248
1648840 1255
1648850 1261
1648860 1261
1648870 1266
1648880 1272
1648890 1278
1648900 1278
1648910 1285
1648920 1291
1648930 1291
1648940 1297
1648950 1304
1648960 1304
1648970 1311
1648980 1318
1648990 1318
1649000 1325
1649010 1332
1649020 1332
1649030 1339
1649040 1345
1649050 1345
1649060 1352
1649070 1360
1649080 1360
1649090 1367
1649100 1375
1649110 1375
1649120 1382
1649130 1391
1649140 1392
1649150 1399
1649160 1408
1649170 1408
1649180 1417
1649190 1428
1649200 1428
1649210 1436
1649220 1446
1649230 1446
1649240 1454
1649250 1464
1649260 1471
1649270 1471
1649280 1469
1649290 1463
1649300 1463
1649310 1455
1649320 1446
1649330 1446
1649340 1424
1649350 1415
1649360 1415
1649370 1395
1649380 1400
1649390 1400
1649400 1413
1649410 1411
1649420 1411
1649430 1403
1649440 1402
1649450 1402
1649460 1402
1649470 1395
1649480 1395
1649490 1368
1649500 1363
1649510 1363
1649520 1359
1649530 1348
1649540 1348
1649550 1330
1649560 1309
1649570 1309
1649580 1294
1649590 1284
1649600 1284
1649610 1264
1649620 1239
1649630 1229
1649640 1229
1649650 1220
1649660 1210
1649670 1210
1649680 1202
1649690 1193
1649700 1193
1649710 1184
1649720 1179
1649730 1179
1649740 1179
1649750 1173
1649760 1173
1649770 1158
1649780 1147
1649790 1147
1649800 1133
1649810 1122
1649820 1122
1649830 1107
1649840 1088
1649850 1088
1649860 1074
1649870 1066
1649880 1066
1649890 1060
1649900 1055
1649910 1050
1649920 1050
1649930 1051
1649940 1051
1649950 1046
1649960 1042
1649970 1042
1649980 1038
1649990 1030
1650000 1023
1650010 1023
1650020 1019
1650030 1019
1650040 1019
1650050 1020
1650060 1012
1650070 1012
1650080 1013
1650090 1014
1650100 1014
1650110 1011
1650120 1012
1650130 1012
1650140 1014
1650150 1013
1650160 1013
1650170 1011
1650180 1007
1650190 1007
1650200 1002
1650210 996
1650220 996
1650230 989
1650240 983
1650250 983
1650260 978
1650270 970
1650280 970
1650290 968
1650300 963
1650310 963
1650320 957
1650330 950
1650340 950
1650350 943
1650360 937
1650370 930
1650380 930
1650390 924
1650400 919
1650410 919
1650420 910
1650430 907
1650440 907
1650450 915
1650460 916
1650470 916
1650480 916
1650490 917
1650500 917
1650510 917
1650520 919
1650530 919
1650540 919
1650550 921
1650560 921
1650570 924
1650580 927
1650590 927
1650600 932
1650610 940
1650620 940
1650630 951
1650640 961
1650650 961
1650660 969
1650670 974
1650680 976
1650690 982
1650700 988
1650710 988
1650720 996
1650730 1006
1650740 1016
1650750 1016
1650760 1027
1650770 1037
1650780 1037
1650790 1047
1650800 1059
1650810 1059
1650820 1072
1650830 1084
1650840 1084
1650850 1093
1650860 1095
1650870 1095
1650880 1100
1650890 1109
1650900 1109
1650910 1118
1650920 1128
1650930 1128
1650940 1139
1650950 1151
1650960 1151
1650970 1159
1650980 1165
1650990 1165
1651000 1174
1651010 1182
1651020 1182
1651030 1188
1651040 1194
1651050 1194
1651060 1201
1651070 1208
1651080 1208
1651090 1215
1651100 1221
1651110 1228
1651120 1228
1651130 1235
1651140 1242
1651150 1242
1651160 1249
1651170 1256
1651180 1256
1651190 1263
1651200 1269
1651210 1269
1651220 1276
1651230 1284
1651240 1284
1651250 1292
1651260 1300
1651270 1300
1651280 1308
1651290 1316
1651300 1316
1651310 1324
1651320 1332
1651330 1332
1651340 1341
1651350 1349
1651360 1349
1651370 1364
1651380 1383
1651390 1383
1651400 1390
1651410 1400
1651420 1400
1651430 1403
1651440 1402
1651450 1392
1651460 1395
1651470 1395
1651480 1396
1651490 1396
1651500 1397
1651510 1397
1651520 1397
1651530 1395
1651540 1394
1651550 1394
1651560 1395
1651570 1397
1651580 1397
1651590 1399
1651600 1401
1651610 1401
1651620 1403
1651630 1405
1651640 1405
1651650 1406
1651660 1408
1651670 1408
1651680 1413
1651690 1418
1651700 1418
1651710 1424
1651720 1429
1651730 1429
1651740 1434
1651750 1440
1651760 1440
1651770 1446
1651780 1452
1651790 1452
1651800 1457
1651810 1461
1651820 1461
1651830 1463
1651840 1461
1651850 1447
1651860 1447
1651870 1434
1651880 1425
1651890 1425
1651900 1413
1651910 1401
1651920 1401
1651930 1390
1651940 1381
1651950 1381
1651960 1372
1651970 1362
1651980 1362
1651990 1355
1652000 1347
1652010 1347
1652020 1335
1652030 1324
1652040 1324
1652050 1311
1652060 1297
1652070 1297
1652080 1281
1652090 1265
1652100 1265
1652110 1255
1652120 1243
1652130 1243
1652140 1234
1652150 1227
1652160 1227
1652170 1222
1652180 1217
1652190 1217
1652200 1206
1652210 1194
1652220 1173
1652230 1173
1652240 1160
1652250 1153
1652260 1153
1652270 1149
1652280 1147
1652290 1147
1652300 1144
1652310 1140
1652320 1140
1652330 1138
1652340 1126
1652350 1126
1652360 1101
1652370 1094
1652380 1094
1652390 1091
1652400 1086
1652410 1086
1652420 1082
1652430 1080
1652440 1080
1652450 1077
1652460 1060
1652470 1060
1652480 1040
1652490 1030
1652500 1030
1652510 1021
1652520 1012
1652530 1012
1652540 1006
1652550 1005
1652560 1005
1652570 999
1652580 986
1652590 967
1652600 967
1652610 957
1652620 948
1652630 948
1652640 939
1652650 930
1652660 930
1652670 919
1652680 910
1652690 910
1652700 904
1652710 897
1652720 897
1652730 891
1652740 886
1652750 886
1652760 884
1652770 882
1652780 882
1652790 878
1652800 874
1652810 874
1652820 870
1652830 865
1652840 865
1652850 862
1652860 861
1652870 861
1652880 861
1652890 860
1652900 860
1652910 860
1652920 858
1652930 858
1652940 853
1652950 849
1652960 844
1652970 844
1652980 833
1652990 829
1653000 829
1653010 823
1653020 816
1653030 816
1653040 810
1653050 804
1653060 804
1653070 797
1653080 792
1653090 792
1653100 786
1653110 780
1653120 780
1653130 774
1653140 767
1653150 767
1653160 761
1653170 755
1653180 755
1653190 748
1653200 741
1653210 741
1653220 735
1653230 729
1653240 729
1653250 724
1653260 721
1653270 721
1653280 718
1653290 716
1653300 716
1653310 713
1653320 710
1653330 707
1653340 707
1653350 704
1653360 701
1653370 701
1653380 699
1653390 695
1653400 695
1653410 692
1653420 688
1653430 688
1653440 686
1653450 683
1653460 683
1653470 681
1653480 679
1653490 679
1653500 676
1653510 673
1653520 673
1653530 670
1653540 668
1653550 668
1653560 666
1653570 664
1653580 664
1653590 663
1653600 660
1653610 660
1653620 658
1653630 656
1653640 656
1653650 654
1653660 651
1653670 651
1653680 650
1653690 650
1653700 649
1653710 649
1653720 649
1653730 646
1653740 646
1653750 642
1653760 641
1653770 641
1653780 641
1653790 641
1653800 641
1653810 642
1653820 642
1653830 642
1653840 642
1653850 642
1653860 642
1653870 642
1653880 645
1653890 645
1653900 647
1653910 646
1653920 646
1653930 647
1653940 648
1653950 648
1653960 649
1653970 647
1653980 647
1653990 647
1654000 645
1654010 645
1654020 644
1654030 643
1654040 643
1654050 643
1654060 644
1654070 643
1654080 643
1654090 641
1654100 640
1654110 640
1654120 642
1654130 645
1654140 645
1654150 647
1654160 648
1654170 648
1654180 651
1654190 656
1654200 656
1654210 661
1654220 669
1654230 669
1654240 676
1654250 682
1654260 682
1654270 688
1654280 693
1654290 693
1654300 699
1654310 704
1654320 704
1654330 710
1654340 713
1654350 713
1654360 717
1654370 720
1654380 720
1654390 723
1654400 726
1654410 726
1654420 729
1654430 731
1654440 731
1654450 732
1654460 734
1654470 736
1654480 736
1654490 740
1654500 742
1654510 742
1654520 744
1654530 746
1654540 746
1654550 748
1654560 750
1654570 750
1654580 752
1654590 755
1654600 755
1654610 756
1654620 758
1654630 758
1654640 760
1654650 761
1654660 761
1654670 763
1654680 764
1654690 764
1654700 766
1654710 767
1654720 767
1654730 769
1654740 772
1654750 772
1654760 773
1654770 775
1654780 775
1654790 778
1654800 781
1654810 781
1654820 784
1654830 786
1654840 789
1654850 789
1654860 792
1654870 795
1654880 795
1654890 797
1654900 800
1654910 800
1654920 803
1654930 805
1654940 805
1654950 807
1654960 807
1654970 807
1654980 808
1654990 808
1655000 808
1655010 809
1655020 810
1655030 810
1655040 812
1655050 814
1655060 814
1655070 814
1655080 811
1655090 811
1655100 808
1655110 804
1655120 804
1655130 801
1655140 798
1655150 798
1655160 796
1655170 794
1655180 794
1655190 792
1655200 790
1655210 788
1655220 788
1655230 785
1655240 781
1655250 781
1655260 780
1655270 779
1655280 779
1655290 777
1655300 777
1655310 777
1655320 779
1655330 780
1655340 780
1655350 781
1655360 782
1655370 782
1655380 781
1655390 780
1655400 780
1655410 781
1655420 778
1655430 778
1655440 774
1655450 770
1655460 770
1655470 768
1655480 765
1655490 765
1655500 764
1655510 763
1655520 763
1655530 763
1655540 762
1655550 762
1655560 761
1655570 758
1655580 756
1655590 756
1655600 754
1655610 751
1655620 751
1655630 747
1655640 744
1655650 744
1655660 741
1655670 738
1655680 738
1655690 734
1655700 732
1655710 732
1655720 730
1655730 727
1655740 727
1655750 725
1655760 724
1655770 724
1655780 723
1655790 721
1655800 721
1655810 719
1655820 717
1655830 717
1655840 715
1655850 712
1655860 712
1655870 711
1655880 709
1655890 709
1655900 707
1655910 705
1655920 705
1655930 703
1655940 702
1655950 700
1655960 700
1655970 699
1655980 697
1655990 691
1656000 690
1656010 688
1656020 688
1656030 685
1656040 683
1656050 683
1656060 680
1656070 678
1656080 678
1656090 677
1656100 678
1656110 678
1656120 677
1656130 677
1656140 677
1656150 677
1656160 677
1656170 677
1656180 677
1656190 676
1656200 676
1656210 676
1656220 676
1656230 676
1656240 676
1656250 677
1656260 677
1656270 677
1656280 677
1656290 677
1656300 676
1656310 675
1656320 674
1656330 674
1656340 674
1656350 675
1656360 675
1656370 677
1656380 677
1656390 677
1656400 676
1656410 674
1656420 674
1656430 677
1656440 679
1656450 679
1656460 680
1656470 681
1656480 681
1656490 681
1656500 682
1656510 682
1656520 683
1656530 683
1656540 683
1656550 684
1656560 688
1656570 688
1656580 691
1656590 694
1656600 694
1656610 696
1656620 697
1656630 697
1656640 694
1656650 696
1656660 696
1656670 700
1656680 702
1656690 705
1656700 705
1656710 708
1656720 711
1656730 711
1656740 706
1656750 707
1656760 707
1656770 708
1656780 710
1656790 710
1656800 711
1656810 713
1656820 713
1656830 714
1656840 717
1656850 717
1656860 718
1656870 719
1656880 719
1656890 721
1656900 722
1656910 722
1656920 723
1656930 725
1656940 725
1656950 728
1656960 730
1656970 730
1656980 731
1656990 733
1657000 733
1657010 735
1657020 737
1657030 737
1657040 741
1657050 744
1657060 748
1657070 748
1657080 751
1657090 753
1657100 753
1657110 756
1657120 760
1657130 760
1657140 764
1657150 767
1657160 767
1657170 771
1657180 775
1657190 775
1657200 780
1657210 785
1657220 785
1657230 790
1657240 795
1657250 795
1657260 793
1657270 787
1657280 787
1657290 782
1657300 781
1657310 781
1657320 782
1657330 784
1657340 784
1657350 787
1657360 790
1657370 790
1657380 792
1657390 795
1657400 795
1657410 797
1657420 800
1657430 802
1657440 802
1657450 804
1657460 805
1657470 805
1657480 801
1657490 801
1657500 801
1657510 800
1657520 800
1657530 800
1657540 801
1657550 803
1657560 803
1657570 807
1657580 811
1657590 811
1657600 815
1657610 819
1657620 819
1657630 823
1657640 826
1657650 826
1657660 827
1657670 830
1657680 830
1657690 834
1657700 839
1657710 839
1657720 842
1657730 841
1657740 841
1657750 841
1657760 842
1657770 842
1657780 842
1657790 844
1657800 846
1657810 846
1657820 846
1657830 843
1657840 843
1657850 838
1657860 831
1657870 831
1657880 826
1657890 822
1657900 822
1657910 822
1657920 827
1657930 827
1657940 830
1657950 836
1657960 836
1657970 845
1657980 853
1657990 853
1658000 876
1658010 888
1658020 888
1658030 898
1658040 905
1658050 905
1658060 907
1658070 910
1658080 910
1658090 917
1658100 920
1658110 920
1658120 922
1658130 925
1658140 925
1658150 931
1658160 938
1658170 948
1658180 948
1658190 961
1658200 984
1658210 984
1658220 1015
1658230 1026
1658240 1026
1658250 1037
1658260 1048
1658270 1048
1658280 1056
1658290 1063
1658300 1063
1658310 1069
1658320 1076
1658330 1076
1658340 1084
1658350 1090
1658360 1090
1658370 1097
1658380 1104
1658390 1104
1658400 1110
1658410 1117
1658420 1117
1658430 1124
1658440 1132
1658450 1132
1658460 1140
1658470 1150
1658480 1150
1658490 1160
1658500 1166
1658510 1166
1658520 1173
1658530 1179
1658540 1186
1658550 1186
1658560 1192
1658570 1198
1658580 1198
1658590 1204
1658600 1209
1658610 1209
1658620 1216
1658630 1222
1658640 1222
1658650 1229
1658660 1237
1658670 1237
1658680 1245
1658690 1252
1658700 1252
1658710 1259
1658720 1267
1658730 1267
1658740 1275
1658750 1283
1658760 1283
1658770 1291
1658780 1298
1658790 1298
1658800 1304
1658810 1311
1658820 1311
1658830 1318
1658840 1324
1658850 1324
1658860 1331
1658870 1338
1658880 1338
1658890 1344
1658900 1349
1658910 1354
1658920 1354
1658930 1359
1658940 1364
1658950 1368
1658960 1371
1658970 1375
1658980 1375
1658990 1378
1659000 1381
1659010 1381
1659020 1384
1659030 1386
1659040 1386
1659050 1389
1659060 1391
1659070 1391
1659080 1394
1659090 1398
1659100 1398
1659110 1402
1659120 1405
1659130 1405
1659140 1410
1659150 1414
1659160 1414
1659170 1419
1659180 1424
1659190 1424
1659200 1429
1659210 1434
1659220 1434
1659230 1440
1659240 1446
1659250 1446
1659260 1451
1659270 1457
1659280 1462
1659290 1462
1659300 1468
1659310 1474
1659320 1474
1659330 1480
1659340 1486
1659350 1486
1659360 1492
1659370 1498
1659380 1498
1659390 1503
1659400 1508
1659410 1508
1659420 1513
1659430 1515
1659440 1515
1659450 1513
1659460 1515
1659470 1515
1659480 1517
1659490 1517
1659500 1517
1659510 1519
1659520 1518
1659530 1518
1659540 1509
1659550 1506
1659560 1506
1659570 1496
1659580 1491
1659590 1491
1659600 1487
1659610 1480
1659620 1480
1659630 1479
1659640 1479
1659650 1478
1659660 1478
1659670 1477
1659680 1476
1659690 1471
1659700 1479
1659710 1489
1659720 1489
1659730 1493
1659740 1496
1659750 1496
1659760 1501
1659770 1506
1659780 1506
1659790 1514
1659800 1521
1659810 1521
1659820 1529
1659830 1537
1659840 1537
1659850 1544
1659860 1551
1659870 1551
1659880 1550
1659890 1544
1659900 1544
1659910 1536
1659920 1527
1659930 1527
1659940 1518
1659950 1512
1659960 1512
1659970 1510
1659980 1502
1659990 1502
