1640000 1004
1640010 1006
1640020 1009
1640030 1009
1640040 1012
1640050 1016
1640060 1016
1640070 1019
1640080 1022
1640090 1022
1640100 1027
1640110 1030
1640120 1030
1640130 1032
1640140 1034
1640150 1034
1640160 1035
1640170 1040
1640180 1040
1640190 1045
1640200 1049
1640210 1049
1640220 1053
1640230 1057
1640240 1057
1640250 1061
1640260 1065
1640270 1065
1640280 1069
1640290 1073
1640300 1073
1640310 1077
1640320 1082
1640330 1082
1640340 1086
1640350 1090
1640360 1090
1640370 1094
1640380 1098
1640390 1102
1640400 1102
1640410 1106
1640420 1111
1640430 1111
1640440 1115
1640450 1119
1640460 1119
1640470 1123
1640480 1127
1640490 1127
1640500 1130
1640510 1135
1640520 1135
1640530 1140
1640540 1144
1640550 1144
1640560 1148
1640570 1152
1640580 1152
1640590 1157
1640600 1161
1640610 1161
1640620 1164
1640630 1167
1640640 1167
1640650 1170
1640660 1173
1640670 1173
1640680 1177
1640690 1180
1640700 1180
1640710 1184
1640720 1187
1640730 1187
1640740 1190
1640750 1193
1640760 1193
1640770 1193
1640780 1191
1640790 1192
1640800 1192
1640810 1197
1640820 1188
1640830 1188
1640840 1207
1640850 1211
1640860 1211
1640870 1212
1640880 1214
1640890 1214
1640900 1240
1640910 1252
1640920 1252
1640930 1252
1640940 1252
1640950 1252
1640960 1252
1640970 1254
1640980 1254
1640990 1258
1641000 1268
1641010 1268
1641020 1276
1641030 1279
1641040 1279
1641050 1276
1641060 1275
1641070 1275
1641080 1276
1641090 1275
1641100 1275
1641110 1278
1641120 1280
1641130 1287
1641140 1287
1641150 1288
1641160 1292
1641170 1292
1641180 1294
1641190 1302
1641200 1302
1641210 1314
1641220 1322
1641230 1322
1641240 1323
1641250 1325
1641260 1325
1641270 1332
1641280 1338
1641290 1338
1641300 1338
1641310 1331
1641320 1331
1641330 1319
1641340 1298
1641350 1298
1641360 1273
1641370 1246
1641380 1246
1641390 1213
1641400 1152
1641410 1152
1641420 1127
1641430 1117
1641440 1117
1641450 1109
1641460 1101
1641470 1101
1641480 1093
1641490 1085
1641500 1085
1641510 1078
1641520 1070
1641530 1062
1641540 1062
1641550 1054
1641560 1047
1641570 1047
1641580 1039
1641590 1032
1641600 1032
1641610 1025
1641620 1018
1641630 1018
1641640 1011
1641650 1004
1641660 1004
1641670 996
1641680 988
1641690 988
1641700 980
1641710 972
1641720 972
1641730 965
1641740 957
1641750 957
1641760 950
1641770 943
1641780 943
1641790 935
1641800 928
1641810 928
1641820 920
1641830 913
1641840 913
1641850 906
1641860 899
1641870 899
1641880 892
1641890 885
1641900 878
1641910 878
1641920 870
1641930 864
1641940 864
1641950 858
1641960 852
1641970 852
1641980 846
1641990 840
1642000 840
1642010 834
1642020 828
1642030 828
1642040 823
1642050 817
1642060 817
1642070 812
1642080 807
1642090 807
1642100 802
1642110 797
1642120 797
1642130 793
1642140 788
1642150 788
1642160 783
1642170 778
1642180 778
1642190 772
1642200 767
1642210 767
1642220 763
1642230 758
1642240 758
1642250 754
1642260 750
1642270 746
1642280 746
1642290 742
1642300 739
1642310 739
1642320 735
1642330 731
1642340 731
1642350 727
1642360 723
1642370 723
1642380 720
1642390 716
1642400 716
1642410 713
1642420 709
1642430 709
1642440 705
1642450 701
1642460 702
1642470 697
1642480 693
1642490 693
1642500 690
1642510 687
1642520 687
1642530 684
1642540 682
1642550 682
1642560 679
1642570 676
1642580 676
1642590 674
1642600 672
1642610 672
1642620 670
1642630 670
1642640 670
1642650 671
1642660 670
1642670 668
1642680 668
1642690 668
1642700 667
1642710 667
1642720 666
1642730 666
1642740 666
1642750 661
1642760 657
1642770 657
1642780 652
1642790 646
1642800 646
1642810 640
1642820 634
1642830 634
1642840 627
1642850 622
1642860 622
1642870 619
1642880 615
1642890 615
1642900 611
1642910 607
1642920 607
1642930 603
1642940 599
1642950 599
1642960 595
1642970 592
1642980 592
1642990 591
1643000 590
1643010 590
1643020 589
1643030 587
1643040 586
1643050 586
1643060 585
1643070 585
1643080 585
1643090 584
1643100 584
1643110 584
1643120 585
1643130 584
1643140 584
1643150 579
1643160 575
1643170 575
1643180 573
1643190 573
1643200 573
1643210 572
1643220 572
1643230 572
1643240 571
1643250 570
1643260 570
1643270 569
1643280 568
1643290 568
1643300 567
1643310 567
1643320 567
1643330 566
1643340 562
1643350 562
1643360 556
1643370 551
1643380 551
1643390 547
1643400 542
1643410 542
1643420 541
1643430 540
1643440 541
1643450 541
1643460 542
1643470 542
1643480 542
1643490 542
1643500 543
1643510 543
1643520 550
1643530 558
1643540 558
1643550 568
1643560 582
1643570 582
1643580 588
1643590 585
1643600 585
1643610 587
1643620 592
1643630 592
1643640 597
1643650 604
1643660 604
1643670 614
1643680 621
1643690 621
1643700 623
1643710 622
1643720 622
1643730 616
1643740 615
1643750 615
1643760 623
1643770 630
1643780 630
1643790 632
1643800 637
1643810 643
1643820 643
1643830 649
1643840 654
1643850 654
1643860 658
1643870 663
1643880 663
1643890 671
1643900 679
1643910 679
1643920 689
1643930 698
1643940 698
1643950 697
1643960 697
1643970 697
1643980 701
1643990 703
1644000 703
1644010 708
1644020 714
1644030 714
1644040 721
1644050 727
1644060 727
1644070 741
1644080 747
1644090 747
1644100 749
1644110 756
1644120 756
1644130 762
1644140 767
1644150 767
1644160 775
1644170 789
1644180 798
1644190 798
1644200 806
1644210 815
1644220 815
1644230 823
1644240 824
1644250 824
1644260 821
1644270 815
1644280 815
1644290 810
1644300 809
1644310 809
1644320 812
1644330 818
1644340 818
1644350 826
1644360 832
1644370 832
1644380 832
1644390 827
1644400 827
1644410 821
1644420 815
1644430 815
1644440 807
1644450 798
1644460 798
1644470 789
1644480 781
1644490 781
1644500 774
1644510 767
1644520 767
1644530 761
1644540 755
1644550 755
1644560 750
1644570 744
1644580 738
1644590 738
1644600 731
1644610 725
1644620 725
1644630 720
1644640 715
1644650 715
1644660 710
1644670 705
1644680 705
1644690 700
1644700 695
1644710 695
1644720 688
1644730 681
1644740 681
1644750 674
1644760 667
1644770 667
1644780 660
1644790 654
1644800 654
1644810 650
1644820 647
1644830 647
1644840 645
1644850 644
1644860 644
1644870 639
1644880 637
1644890 637
1644900 636
1644910 636
1644920 636
1644930 635
1644940 634
1644950 635
1644960 635
1644970 637
1644980 639
1644990 639
1645000 641
1645010 642
1645020 642
1645030 644
1645040 645
1645050 645
1645060 641
1645070 638
1645080 638
1645090 638
1645100 638
1645110 638
1645120 638
1645130 638
1645140 638
1645150 639
1645160 640
1645170 640
1645180 641
1645190 642
1645200 642
1645210 642
1645220 643
1645230 643
1645240 647
1645250 651
1645260 651
1645270 656
1645280 661
1645290 661
1645300 665
1645310 669
1645320 671
1645330 671
1645340 670
1645350 671
1645360 671
1645370 674
1645380 680
1645390 680
1645400 682
1645410 681
1645420 681
1645430 679
1645440 676
1645450 676
1645460 670
1645470 664
1645480 664
1645490 658
1645500 659
1645510 659
1645520 659
1645530 656
1645540 656
1645550 651
1645560 643
1645570 643
1645580 635
1645590 630
1645600 630
1645610 624
1645620 620
1645630 620
1645640 619
1645650 613
1645660 613
1645670 614
1645680 624
1645690 624
1645700 631
1645710 639
1645720 650
1645730 650
1645740 662
1645750 677
1645760 677
1645770 687
1645780 703
1645790 703
1645800 722
1645810 734
1645820 734
1645830 744
1645840 747
1645850 747
1645860 752
1645870 755
1645880 755
1645890 755
1645900 754
1645910 754
1645920 748
1645930 738
1645940 738
1645950 732
1645960 726
1645970 726
1645980 720
1645990 716
1646000 716
1646010 709
1646020 693
1646030 693
1646040 674
1646050 669
1646060 669
1646070 664
1646080 669
1646090 675
1646100 675
1646110 673
1646120 666
1646130 666
1646140 660
1646150 650
1646160 650
1646170 643
1646180 639
1646190 639
1646200 635
1646210 633
1646220 633
1646230 633
1646240 634
1646250 634
1646260 634
1646270 636
1646280 636
1646290 638
1646300 641
1646310 641
1646320 646
1646330 652
1646340 652
1646350 659
1646360 666
1646370 666
1646380 674
1646390 682
1646400 682
1646410 688
1646420 692
1646430 692
1646440 696
1646450 698
1646460 692
1646470 694
1646480 696
1646490 697
1646500 697
1646510 701
1646520 705
1646530 705
1646540 708
1646550 711
1646560 711
1646570 713
1646580 714
1646590 714
1646600 717
1646610 719
1646620 719
1646630 721
1646640 723
1646650 723
1646660 724
1646670 726
1646680 726
1646690 729
1646700 731
1646710 731
1646720 734
1646730 731
1646740 731
1646750 722
1646760 713
1646770 713
1646780 703
1646790 694
1646800 694
1646810 684
1646820 676
1646830 676
1646840 671
1646850 663
1646860 657
1646870 657
1646880 651
1646890 645
1646900 645
1646910 639
1646920 635
1646930 635
1646940 631
1646950 628
1646960 628
1646970 626
1646980 625
1646990 625
1647000 624
1647010 624
1647020 624
1647030 623
1647040 623
1647050 623
1647060 622
1647070 621
1647080 621
1647090 620
1647100 619
1647110 619
1647120 618
1647130 617
1647140 617
1647150 616
1647160 611
1647170 611
1647180 608
1647190 607
1647200 607
1647210 609
1647220 612
1647230 612
1647240 612
1647250 614
1647260 620
1647270 620
1647280 625
1647290 629
1647300 629
1647310 634
1647320 639
1647330 639
1647340 644
1647350 649
1647360 649
1647370 655
1647380 662
1647390 662
1647400 669
1647410 674
1647420 674
1647430 678
1647440 680
1647450 680
1647460 681
1647470 681
1647480 681
1647490 682
1647500 686
1647510 686
1647520 691
1647530 695
1647540 695
1647550 698
1647560 701
1647570 701
1647580 705
1647590 709
1647600 709
1647610 712
1647620 715
1647630 718
1647640 718
1647650 720
1647660 724
1647670 724
1647680 727
1647690 731
1647700 731
1647710 735
1647720 740
1647730 740
1647740 745
1647750 751
1647760 751
1647770 756
1647780 762
1647790 762
1647800 769
1647810 775
1647820 775
1647830 781
1647840 787
1647850 787
1647860 794
1647870 799
1647880 799
1647890 803
1647900 807
1647910 807
1647920 811
1647930 816
1647940 816
1647950 822
1647960 825
1647970 825
1647980 827
1647990 830
1648000 834
1648010 834
1648020 838
1648030 841
1648040 838
1648050 841
1648060 843
1648070 843
1648080 846
1648090 848
1648100 848
1648110 851
1648120 857
1648130 857
1648140 861
1648150 865
1648160 865
1648170 869
1648180 874
1648190 874
1648200 878
1648210 879
1648220 879
1648230 880
1648240 880
1648250 880
1648260 879
1648270 879
1648280 879
1648290 877
1648300 875
1648310 875
1648320 872
1648330 867
1648340 867
1648350 859
1648360 851
1648370 851
1648380 843
1648390 837
1648400 830
1648410 830
1648420 824
1648430 821
1648440 821
1648450 818
1648460 815
1648470 815
1648480 812
1648490 808
1648500 808
1648510 804
1648520 797
1648530 797
1648540 790
1648550 783
1648560 783
1648570 776
1648580 769
1648590 769
1648600 763
1648610 756
1648620 756
1648630 749
1648640 738
1648650 738
1648660 727
1648670 731
1648680 731
1648690 737
1648700 740
1648710 740
1648720 741
1648730 742
1648740 742
1648750 741
1648760 740
1648770 742
1648780 742
1648790 746
1648800 750
1648810 750
1648820 748
1648830 753
1648840 753
1648850 760
1648860 766
1648870 766
1648880 763
1648890 768
1648900 768
1648910 775
1648920 779
1648930 779
1648940 781
1648950 785
1648960 785
1648970 785
1648980 779
1648990 779
1649000 775
1649010 766
1649020 766
1649030 759
1649040 757
1649050 757
1649060 760
1649070 763
1649080 763
1649090 763
1649100 765
1649110 765
1649120 769
1649130 773
1649140 770
1649150 770
1649160 767
1649170 769
1649180 769
1649190 774
1649200 775
1649210 775
1649220 775
1649230 776
1649240 776
1649250 774
1649260 771
1649270 771
1649280 768
1649290 764
1649300 764
1649310 761
1649320 758
1649330 758
1649340 757
1649350 755
1649360 755
1649370 756
1649380 759
1649390 759
1649400 759
1649410 757
1649420 757
1649430 750
1649440 737
1649450 737
1649460 718
1649470 700
1649480 700
1649490 688
1649500 680
1649510 680
1649520 673
1649530 667
1649540 662
1649550 662
1649560 657
1649570 653
1649580 653
1649590 649
1649600 642
1649610 642
1649620 640
1649630 636
1649640 636
1649650 636
1649660 639
1649670 639
1649680 638
1649690 636
1649700 636
1649710 634
1649720 633
1649730 633
1649740 632
1649750 631
1649760 631
1649770 630
1649780 630
1649790 630
1649800 629
1649810 628
1649820 628
1649830 629
1649840 631
1649850 631
1649860 633
1649870 636
1649880 636
1649890 637
1649900 636
1649910 632
1649920 632
1649930 628
1649940 623
1649950 623
1649960 618
1649970 614
1649980 614
1649990 611
1650000 609
1650010 609
1650020 606
1650030 602
1650040 602
1650050 596
1650060 593
1650070 593
1650080 590
1650090 589
1650100 589
1650110 587
1650120 587
1650130 587
1650140 590
1650150 597
1650160 597
1650170 603
1650180 602
1650190 602
1650200 601
1650210 601
1650220 601
1650230 602
1650240 604
1650250 604
1650260 606
1650270 607
1650280 607
1650290 609
1650300 613
1650310 619
1650320 619
1650330 626
1650340 633
1650350 633
1650360 641
1650370 650
1650380 650
1650390 659
1650400 673
1650410 673
1650420 684
1650430 690
1650440 690
1650450 696
1650460 703
1650470 703
1650480 707
1650490 711
1650500 711
1650510 719
1650520 732
1650530 732
1650540 744
1650550 752
1650560 752
1650570 759
1650580 766
1650590 766
1650600 772
1650610 780
1650620 780
1650630 787
1650640 794
1650650 794
1650660 800
1650670 805
1650680 811
1650690 811
1650700 815
1650710 819
1650720 819
1650730 822
1650740 825
1650750 825
1650760 832
1650770 837
1650780 837
1650790 841
1650800 839
1650810 839
1650820 840
1650830 846
1650840 846
1650850 853
1650860 862
1650870 862
1650880 883
1650890 903
1650900 903
1650910 917
1650920 934
1650930 934
1650940 949
1650950 964
1650960 964
1650970 965
1650980 966
1650990 966
1651000 967
1651010 968
1651020 968
1651030 968
1651040 972
1651050 978
1651060 978
1651070 986
1651080 993
1651090 993
1651100 1001
1651110 1008
1651120 1008
1651130 1015
1651140 1022
1651150 1022
1651160 1028
1651170 1035
1651180 1035
1651190 1042
1651200 1049
1651210 1049
1651220 1056
1651230 1064
1651240 1064
1651250 1073
1651260 1080
1651270 1080
1651280 1088
1651290 1097
1651300 1097
1651310 1106
1651320 1122
1651330 1122
1651340 1140
1651350 1160
1651360 1160
1651370 1171
1651380 1174
1651390 1174
1651400 1181
1651410 1191
1651420 1191
1651430 1199
1651440 1205
1651450 1211
1651460 1211
1651470 1219
1651480 1226
1651490 1226
1651500 1235
1651510 1243
1651520 1243
1651530 1247
1651540 1248
1651550 1248
1651560 1251
1651570 1255
1651580 1255
1651590 1260
1651600 1266
1651610 1266
1651620 1272
1651630 1279
1651640 1279
1651650 1287
1651660 1294
1651670 1294
1651680 1301
1651690 1308
1651700 1308
1651710 1315
1651720 1322
1651730 1322
1651740 1330
1651750 1338
1651760 1338
1651770 1346
1651780 1354
1651790 1354
1651800 1362
1651810 1368
1651820 1375
1651830 1375
1651840 1382
1651850 1390
1651860 1390
1651870 1398
1651880 1406
1651890 1406
1651900 1414
1651910 1421
1651920 1421
1651930 1419
1651940 1418
1651950 1418
1651960 1417
1651970 1416
1651980 1416
1651990 1416
1652000 1416
1652010 1416
1652020 1416
1652030 1417
1652040 1417
1652050 1417
1652060 1419
1652070 1419
1652080 1420
1652090 1422
1652100 1422
1652110 1423
1652120 1425
1652130 1425
1652140 1426
1652150 1428
1652160 1428
1652170 1430
1652180 1432
1652190 1433
1652200 1433
1652210 1436
1652220 1438
1652230 1438
1652240 1441
1652250 1445
1652260 1445
1652270 1447
1652280 1450
1652290 1450
1652300 1453
1652310 1455
1652320 1455
1652330 1457
1652340 1458
1652350 1458
1652360 1459
1652370 1462
1652380 1462
1652390 1463
1652400 1467
1652410 1467
1652420 1470
1652430 1466
1652440 1466
1652450 1454
1652460 1447
1652470 1447
1652480 1441
1652490 1435
1652500 1435
1652510 1430
1652520 1425
1652530 1425
1652540 1421
1652550 1416
1652560 1416
1652570 1412
1652580 1408
1652590 1405
1652600 1405
1652610 1403
1652620 1401
1652630 1401
1652640 1399
1652650 1397
1652660 1397
1652670 1403
1652680 1402
1652690 1402
1652700 1401
1652710 1402
1652720 1402
1652730 1403
1652740 1403
1652750 1403
1652760 1403
1652770 1400
1652780 1400
1652790 1400
1652800 1400
1652810 1400
1652820 1401
1652830 1403
1652840 1403
1652850 1413
1652860 1405
1652870 1405
1652880 1388
1652890 1388
1652900 1388
1652910 1394
1652920 1386
1652930 1386
1652940 1384
1652950 1374
1652960 1367
1652970 1367
1652980 1365
1652990 1363
1653000 1363
1653010 1355
1653020 1352
1653030 1352
1653040 1348
1653050 1346
1653060 1346
1653070 1347
1653080 1354
1653090 1354
1653100 1361
1653110 1376
1653120 1376
1653130 1388
1653140 1393
1653150 1393
1653160 1399
1653170 1406
1653180 1406
1653190 1408
1653200 1418
1653210 1418
1653220 1429
1653230 1431
1653240 1431
1653250 1428
1653260 1423
1653270 1423
1653280 1423
1653290 1427
1653300 1427
1653310 1429
1653320 1431
1653330 1431
1653340 1431
1653350 1422
1653360 1395
1653370 1395
1653380 1372
1653390 1365
1653400 1365
1653410 1365
1653420 1367
1653430 1378
1653440 1367
1653450 1362
1653460 1362
1653470 1362
1653480 1362
1653490 1362
1653500 1351
1653510 1345
1653520 1345
1653530 1361
1653540 1383
1653550 1383
1653560 1404
1653570 1422
1653580 1422
1653590 1459
1653600 1480
1653610 1480
1653620 1553
1653630 1575
1653640 1575
1653650 1577
1653660 1577
1653670 1577
1653680 1575
1653690 1584
1653700 1584
1653710 1585
1653720 1582
1653730 1580
1653740 1580
1653750 1578
1653760 1577
1653770 1577
1653780 1572
1653790 1564
1653800 1564
1653810 1561
1653820 1558
1653830 1558
1653840 1555
1653850 1553
1653860 1553
1653870 1552
1653880 1551
1653890 1551
1653900 1549
1653910 1549
1653920 1549
1653930 1547
1653940 1544
1653950 1544
1653960 1542
1653970 1540
1653980 1540
1653990 1537
1654000 1534
1654010 1534
1654020 1530
1654030 1526
1654040 1526
1654050 1524
1654060 1520
1654070 1520
1654080 1516
1654090 1513
1654100 1511
1654110 1511
1654120 1508
1654130 1504
1654140 1504
1654150 1498
1654160 1492
1654170 1492
1654180 1484
1654190 1482
1654200 1482
1654210 1480
1654220 1479
1654230 1479
1654240 1476
1654250 1473
1654260 1473
1654270 1474
1654280 1474
1654290 1474
1654300 1478
1654310 1483
1654320 1483
1654330 1486
1654340 1486
1654350 1486
1654360 1488
1654370 1486
1654380 1486
1654390 1486
1654400 1486
1654410 1486
1654420 1484
1654430 1486
1654440 1486
1654450 1486
1654460 1483
1654470 1483
1654480 1482
1654490 1480
1654500 1477
1654510 1477
1654520 1473
1654530 1469
1654540 1469
1654550 1460
1654560 1452
1654570 1452
1654580 1448
1654590 1446
1654600 1446
1654610 1444
1654620 1442
1654630 1442
1654640 1441
1654650 1441
1654660 1441
1654670 1439
1654680 1436
1654690 1436
1654700 1431
1654710 1428
1654720 1428
1654730 1429
1654740 1431
1654750 1431
1654760 1428
1654770 1426
1654780 1426
1654790 1424
1654800 1424
1654810 1424
1654820 1421
1654830 1421
1654840 1421
1654850 1418
1654860 1415
1654870 1412
1654880 1412
1654890 1412
1654900 1414
1654910 1414
1654920 1414
1654930 1413
1654940 1419
1654950 1420
1654960 1421
1654970 1421
1654980 1420
1654990 1418
1655000 1418
1655010 1415
1655020 1412
1655030 1412
1655040 1409
1655050 1404
1655060 1404
1655070 1398
1655080 1390
1655090 1390
1655100 1383
1655110 1377
1655120 1377
1655130 1371
1655140 1367
1655150 1367
1655160 1362
1655170 1357
1655180 1357
1655190 1354
1655200 1351
1655210 1351
1655220 1348
1655230 1347
1655240 1347
1655250 1349
1655260 1352
1655270 1354
1655280 1354
1655290 1354
1655300 1354
1655310 1354
1655320 1352
1655330 1350
1655340 1350
1655350 1350
1655360 1349
1655370 1349
1655380 1346
1655390 1346
1655400 1346
1655410 1349
1655420 1350
1655430 1350
1655440 1351
1655450 1353
1655460 1353
1655470 1353
1655480 1353
1655490 1353
1655500 1350
1655510 1349
1655520 1349
1655530 1350
1655540 1350
1655550 1350
1655560 1349
1655570 1347
1655580 1347
1655590 1345
1655600 1344
1655610 1344
1655620 1342
1655630 1340
1655640 1338
1655650 1338
1655660 1338
1655670 1337
1655680 1337
1655690 1332
1655700 1329
1655710 1329
1655720 1325
1655730 1319
1655740 1319
1655750 1312
1655760 1307
1655770 1307
1655780 1301
1655790 1295
1655800 1295
1655810 1288
1655820 1282
1655830 1282
1655840 1276
1655850 1270
1655860 1270
1655870 1265
1655880 1263
1655890 1263
1655900 1258
1655910 1253
1655920 1253
1655930 1250
1655940 1248
1655950 1248
1655960 1246
1655970 1245
1655980 1245
1655990 1244
1656000 1243
1656010 1240
1656020 1240
1656030 1237
1656040 1231
1656050 1231
1656060 1226
1656070 1221
1656080 1221
1656090 1217
1656100 1213
1656110 1213
1656120 1209
1656130 1206
1656140 1206
1656150 1204
1656160 1201
1656170 1201
1656180 1198
1656190 1193
1656200 1193
1656210 1188
1656220 1182
1656230 1182
1656240 1174
1656250 1167
1656260 1167
1656270 1163
1656280 1160
1656290 1160
1656300 1155
1656310 1150
1656320 1150
1656330 1146
1656340 1148
1656350 1148
1656360 1151
1656370 1147
1656380 1147
1656390 1141
1656400 1134
1656410 1131
1656420 1131
1656430 1129
1656440 1121
1656450 1121
1656460 1117
1656470 1113
1656480 1113
1656490 1107
1656500 1102
1656510 1102
1656520 1095
1656530 1086
1656540 1086
1656550 1078
1656560 1071
1656570 1071
1656580 1064
1656590 1056
1656600 1056
1656610 1052
1656620 1050
1656630 1050
1656640 1048
1656650 1042
1656660 1042
1656670 1038
1656680 1034
1656690 1034
1656700 1033
1656710 1041
1656720 1041
1656730 1046
1656740 1046
1656750 1046
1656760 1043
1656770 1038
1656780 1019
1656790 1019
1656800 992
1656810 976
1656820 976
1656830 968
1656840 960
1656850 960
1656860 946
1656870 938
1656880 938
1656890 932
1656900 926
1656910 926
1656920 920
1656930 914
1656940 914
1656950 908
1656960 902
1656970 902
1656980 896
1656990 891
1657000 891
1657010 885
1657020 880
1657030 880
1657040 875
1657050 871
1657060 871
1657070 868
1657080 864
1657090 864
1657100 859
1657110 855
1657120 855
1657130 851
1657140 843
1657150 843
1657160 846
1657170 849
1657180 855
1657190 855
1657200 858
1657210 860
1657220 860
1657230 862
1657240 865
1657250 865
1657260 867
1657270 870
1657280 870
1657290 873
1657300 875
1657310 875
1657320 879
1657330 882
1657340 882
1657350 886
1657360 890
1657370 890
1657380 894
1657390 898
1657400 898
1657410 903
1657420 910
1657430 910
1657440 920
1657450 927
1657460 927
1657470 929
1657480 926
1657490 926
1657500 924
1657510 924
1657520 924
1657530 925
1657540 931
1657550 920
1657560 920
1657570 912
1657580 909
1657590 909
1657600 905
1657610 901
1657620 901
1657630 899
1657640 894
1657650 894
1657660 886
1657670 878
1657680 878
1657690 872
1657700 867
1657710 867
1657720 863
1657730 856
1657740 856
1657750 851
1657760 848
1657770 848
1657780 846
1657790 841
1657800 841
1657810 835
1657820 831
1657830 831
1657840 826
1657850 821
1657860 821
1657870 816
1657880 812
1657890 812
1657900 807
1657910 804
1657920 806
1657930 806
1657940 804
1657950 801
1657960 801
1657970 799
1657980 796
1657990 796
1658000 792
1658010 788
1658020 788
1658030 782
1658040 776
1658050 776
1658060 771
1658070 775
1658080 775
1658090 784
1658100 789
1658110 789
1658120 793
1658130 797
1658140 797
1658150 804
1658160 810
1658170 810
1658180 817
1658190 826
1658200 826
1658210 842
1658220 849
1658230 849
1658240 853
1658250 857
1658260 857
1658270 863
1658280 871
1658290 871
1658300 878
1658310 883
1658320 890
1658330 890
1658340 896
1658350 900
1658360 900
1658370 904
1658380 909
1658390 909
1658400 913
1658410 918
1658420 918
1658430 922
1658440 925
1658450 925
1658460 928
1658470 933
1658480 933
1658490 937
1658500 940
1658510 940
1658520 939
1658530 942
1658540 942
1658550 943
1658560 944
1658570 944
1658580 945
1658590 946
1658600 946
1658610 946
1658620 946
1658630 946
1658640 945
1658650 942
1658660 945
1658670 941
1658680 937
1658690 931
1658700 931
1658710 926
1658720 921
1658730 921
1658740 916
1658750 910
1658760 910
1658770 904
1658780 899
1658790 899
1658800 893
1658810 889
1658820 889
1658830 886
1658840 882
1658850 882
1658860 878
1658870 873
1658880 873
1658890 867
1658900 861
1658910 861
1658920 852
1658930 840
1658940 840
1658950 831
1658960 826
1658970 826
1658980 826
1658990 823
1659000 823
1659010 819
1659020 815
1659030 815
1659040 807
1659050 798
1659060 798
1659070 798
1659080 807
1659090 817
1659100 817
1659110 828
1659120 838
1659130 838
1659140 838
1659150 833
1659160 833
1659170 828
1659180 825
1659190 825
1659200 822
1659210 822
1659220 822
1659230 824
1659240 827
1659250 827
1659260 832
1659270 836
1659280 836
1659290 839
1659300 843
1659310 843
1659320 846
1659330 849
1659340 849
1659350 855
1659360 863
1659370 863
1659380 869
1659390 876
1659400 876
1659410 881
1659420 887
1659430 887
1659440 893
1659450 900
1659460 908
1659470 908
1659480 916
1659490 924
1659500 924
1659510 931
1659520 936
1659530 936
1659540 941
1659550 946
1659560 946
1659570 952
1659580 957
1659590 957
1659600 964
1659610 973
1659620 973
1659630 983
1659640 991
1659650 991
1659660 1000
1659670 1011
1659680 1011
1659690 1019
1659700 1027
1659710 1027
1659720 1034
1659730 1042
1659740 1042
1659750 1051
1659760 1060
1659770 1060
1659780 1074
1659790 1085
1659800 1085
1659810 1099
1659820 1107
1659830 1113
1659840 1113
1659850 1117
1659860 1118
1659870 1118
1659880 1120
1659890 1121
1659900 1121
1659910 1123
1659920 1125
1659930 1125
1659940 1128
1659950 1130
1659960 1130
1659970 1136
1659980 1136
1659990 1136
