1640000 779
1640010 779
1640020 779
1640030 778
1640040 778
1640050 775
1640060 772
1640070 772
1640080 770
1640090 767
1640100 767
1640110 764
1640120 761
1640130 761
1640140 759
1640150 754
1640160 754
1640170 749
1640180 749
1640190 749
1640200 749
1640210 750
1640220 751
1640230 751
1640240 752
1640250 752
1640260 752
1640270 747
1640280 743
1640290 743
1640300 740
1640310 738
1640320 738
1640330 735
1640340 732
1640350 732
1640360 729
1640370 725
1640380 725
1640390 721
1640400 714
1640410 714
1640420 706
1640430 696
1640440 696
1640450 683
1640460 668
1640470 668
1640480 658
1640490 650
1640500 650
1640510 643
1640520 638
1640530 638
1640540 636
1640550 633
1640560 631
1640570 631
1640580 628
1640590 626
1640600 626
1640610 625
1640620 629
1640630 629
1640640 631
1640650 633
1640660 633
1640670 634
1640680 636
1640690 636
1640700 638
1640710 641
1640720 641
1640730 644
1640740 649
1640750 649
1640760 654
1640770 656
1640780 656
1640790 661
1640800 666
1640810 666
1640820 671
1640830 673
1640840 673
1640850 676
1640860 678
1640870 678
1640880 682
1640890 688
1640900 688
1640910 695
1640920 699
1640930 699
1640940 699
1640950 701
1640960 702
1640970 699
1640980 700
1640990 705
1641000 705
1641010 710
1641020 717
1641030 717
1641040 726
1641050 731
1641060 731
1641070 736
1641080 737
1641090 737
1641100 738
1641110 739
1641120 739
1641130 739
1641140 739
1641150 739
1641160 739
1641170 739
1641180 739
1641190 739
1641200 739
1641210 739
1641220 737
1641230 736
1641240 736
1641250 734
1641260 734
1641270 734
1641280 734
1641290 733
1641300 733
1641310 731
1641320 726
1641330 723
1641340 723
1641350 721
1641360 723
1641370 723
1641380 721
1641390 722
1641400 722
1641410 724
1641420 724
1641430 724
1641440 724
1641450 724
1641460 724
1641470 724
1641480 724
1641490 724
1641500 724
1641510 724
1641520 724
1641530 725
1641540 725
1641550 725
1641560 726
1641570 725
1641580 725
1641590 725
1641600 726
1641610 726
1641620 729
1641630 733
1641640 733
1641650 739
1641660 746
1641670 746
1641680 751
1641690 750
1641700 750
1641710 751
1641720 755
1641730 761
1641740 761
1641750 764
1641760 764
1641770 764
1641780 765
1641790 757
1641800 757
1641810 759
1641820 764
1641830 764
1641840 772
1641850 780
1641860 780
1641870 777
1641880 768
1641890 768
1641900 757
1641910 749
1641920 749
1641930 742
1641940 736
1641950 736
1641960 730
1641970 720
1641980 720
1641990 710
1642000 702
1642010 702
1642020 694
1642030 687
1642040 687
1642050 680
1642060 672
1642070 672
1642080 662
1642090 655
1642100 649
1642110 649
1642120 643
1642130 637
1642140 637
1642150 631
1642160 626
1642170 626
1642180 618
1642190 608
1642200 608
1642210 592
1642220 582
1642230 582
1642240 586
1642250 585
1642260 585
1642270 576
1642280 563
1642290 563
1642300 539
1642310 521
1642320 521
1642330 513
1642340 509
1642350 509
1642360 510
1642370 514
1642380 514
1642390 516
1642400 521
1642410 521
1642420 525
1642430 531
1642440 531
1642450 537
1642460 543
1642470 543
1642480 547
1642490 559
1642500 568
1642510 568
1642520 576
1642530 588
1642540 588
1642550 600
1642560 597
1642570 597
1642580 588
1642590 603
1642600 606
1642610 629
1642620 637
1642630 637
1642640 637
1642650 642
1642660 642
1642670 650
1642680 653
1642690 653
1642700 659
1642710 662
1642720 662
1642730 667
1642740 676
1642750 676
1642760 684
1642770 679
1642780 679
1642790 678
1642800 679
1642810 679
1642820 680
1642830 688
1642840 688
1642850 697
1642860 704
1642870 700
1642880 700
1642890 683
1642900 676
1642910 676
1642920 678
1642930 688
1642940 688
1642950 712
1642960 709
1642970 709
1642980 698
1642990 691
1643000 691
1643010 684
1643020 678
1643030 678
1643040 671
1643050 664
1643060 664
1643070 658
1643080 652
1643090 652
1643100 647
1643110 641
1643120 641
1643130 636
1643140 631
1643150 631
1643160 625
1643170 621
1643180 621
1643190 616
1643200 612
1643210 612
1643220 607
1643230 603
1643240 603
1643250 600
1643260 595
1643270 592
1643280 592
1643290 589
1643300 586
1643310 586
1643320 584
1643330 583
1643340 583
1643350 582
1643360 580
1643370 580
1643380 579
1643390 579
1643400 579
1643410 581
1643420 581
1643430 581
1643440 580
1643450 580
1643460 580
1643470 581
1643480 582
1643490 582
1643500 583
1643510 584
1643520 584
1643530 583
1643540 582
1643550 582
1643560 581
1643570 581
1643580 581
1643590 581
1643600 583
1643610 583
1643620 586
1643630 588
1643640 589
1643650 589
1643660 588
1643670 587
1643680 587
1643690 587
1643700 587
1643710 587
1643720 587
1643730 589
1643740 589
1643750 590
1643760 592
1643770 592
1643780 593
1643790 593
1643800 593
1643810 594
1643820 596
1643830 596
1643840 598
1643850 600
1643860 600
1643870 601
1643880 603
1643890 603
1643900 606
1643910 609
1643920 609
1643930 612
1643940 615
1643950 615
1643960 616
1643970 616
1643980 616
1643990 615
1644000 612
1644010 612
1644020 617
1644030 623
1644040 627
1644050 627
1644060 632
1644070 638
1644080 638
1644090 642
1644100 643
1644110 643
1644120 640
1644130 640
1644140 640
1644150 644
1644160 648
1644170 648
1644180 649
1644190 650
1644200 650
1644210 651
1644220 656
1644230 656
1644240 657
1644250 658
1644260 658
1644270 660
1644280 662
1644290 662
1644300 663
1644310 662
1644320 662
1644330 662
1644340 666
1644350 666
1644360 669
1644370 671
1644380 671
1644390 672
1644400 671
1644410 669
1644420 669
1644430 670
1644440 671
1644450 671
1644460 668
1644470 665
1644480 665
1644490 664
1644500 667
1644510 667
1644520 669
1644530 672
1644540 672
1644550 673
1644560 674
1644570 674
1644580 674
1644590 674
1644600 674
1644610 674
1644620 675
1644630 675
1644640 676
1644650 675
1644660 675
1644670 675
1644680 676
1644690 676
1644700 678
1644710 681
1644720 681
1644730 685
1644740 689
1644750 689
1644760 693
1644770 698
1644780 698
1644790 703
1644800 709
1644810 710
1644820 710
1644830 696
1644840 687
1644850 687
1644860 679
1644870 673
1644880 673
1644890 666
1644900 660
1644910 660
1644920 654
1644930 648
1644940 648
1644950 643
1644960 640
1644970 640
1644980 635
1644990 635
1645000 635
1645010 639
1645020 646
1645030 646
1645040 650
1645050 654
1645060 654
1645070 656
1645080 653
1645090 653
1645100 647
1645110 638
1645120 638
1645130 636
1645140 637
1645150 637
1645160 640
1645170 644
1645180 646
1645190 646
1645200 647
1645210 651
1645220 651
1645230 657
1645240 659
1645250 659
1645260 655
1645270 650
1645280 650
1645290 645
1645300 649
1645310 649
1645320 658
1645330 666
1645340 666
1645350 674
1645360 681
1645370 681
1645380 685
1645390 690
1645400 690
1645410 694
1645420 700
1645430 700
1645440 706
1645450 712
1645460 712
1645470 718
1645480 723
1645490 723
1645500 728
1645510 733
1645520 733
1645530 737
1645540 739
1645550 739
1645560 741
1645570 737
1645580 731
1645590 731
1645600 725
1645610 719
1645620 719
1645630 712
1645640 706
1645650 706
1645660 699
1645670 693
1645680 693
1645690 687
1645700 682
1645710 682
1645720 677
1645730 672
1645740 672
1645750 668
1645760 664
1645770 664
1645780 661
1645790 658
1645800 658
1645810 657
1645820 652
1645830 652
1645840 651
1645850 649
1645860 649
1645870 646
1645880 643
1645890 643
1645900 641
1645910 638
1645920 638
1645930 635
1645940 631
1645950 625
1645960 625
1645970 618
1645980 611
1645990 611
1646000 604
1646010 597
1646020 597
1646030 590
1646040 585
1646050 585
1646060 588
1646070 595
1646080 595
1646090 598
1646100 603
1646110 603
1646120 609
1646130 614
1646140 614
1646150 620
1646160 626
1646170 626
1646180 632
1646190 638
1646200 638
1646210 643
1646220 649
1646230 649
1646240 654
1646250 658
1646260 658
1646270 663
1646280 668
1646290 668
1646300 673
1646310 679
1646320 679
1646330 683
1646340 689
1646350 694
1646360 694
1646370 699
1646380 704
1646390 704
1646400 709
1646410 713
1646420 713
1646430 718
1646440 722
1646450 722
1646460 725
1646470 721
1646480 721
1646490 712
1646500 704
1646510 704
1646520 696
1646530 688
1646540 688
1646550 681
1646560 673
1646570 673
1646580 664
1646590 658
1646600 658
1646610 662
1646620 660
1646630 660
1646640 658
1646650 656
1646660 656
1646670 653
1646680 650
1646690 650
1646700 649
1646710 647
1646720 645
1646730 645
1646740 644
1646750 641
1646760 641
1646770 639
1646780 636
1646790 636
1646800 634
1646810 633
1646820 633
1646830 633
1646840 632
1646850 632
1646860 630
1646870 628
1646880 628
1646890 626
1646900 626
1646910 626
1646920 625
1646930 624
1646940 624
1646950 625
1646960 626
1646970 626
1646980 626
1646990 626
1647000 626
1647010 625
1647020 623
1647030 623
1647040 624
1647050 626
1647060 626
1647070 628
1647080 631
1647090 631
1647100 632
1647110 633
1647120 633
1647130 633
1647140 635
1647150 636
1647160 636
1647170 638
1647180 640
1647190 640
1647200 639
1647210 637
1647220 637
1647230 635
1647240 634
1647250 634
1647260 633
1647270 634
1647280 634
1647290 633
1647300 630
1647310 630
1647320 633
1647330 638
1647340 638
1647350 641
1647360 641
1647370 641
1647380 642
1647390 645
1647400 652
1647410 656
1647420 658
1647430 658
1647440 661
1647450 665
1647460 665
1647470 665
1647480 661
1647490 656
1647500 656
1647510 650
1647520 647
1647530 647
1647540 643
1647550 639
1647560 639
1647570 639
1647580 638
1647590 638
1647600 636
1647610 636
1647620 636
1647630 635
1647640 636
1647650 636
1647660 635
1647670 635
1647680 635
1647690 635
1647700 636
1647710 636
1647720 638
1647730 639
1647740 639
1647750 640
1647760 641
1647770 641
1647780 641
1647790 642
1647800 642
1647810 641
1647820 641
1647830 641
1647840 642
1647850 641
1647860 641
1647870 641
1647880 642
1647890 643
1647900 643
1647910 645
1647920 647
1647930 647
1647940 649
1647950 651
1647960 651
1647970 652
1647980 653
1647990 653
1648000 654
1648010 654
1648020 654
1648030 655
1648040 655
1648050 655
1648060 658
1648070 663
1648080 663
1648090 668
1648100 673
1648110 673
1648120 677
1648130 683
1648140 683
1648150 691
1648160 700
1648170 700
1648180 708
1648190 716
1648200 716
1648210 723
1648220 722
1648230 722
1648240 716
1648250 710
1648260 703
1648270 703
1648280 696
1648290 687
1648300 687
1648310 682
1648320 675
1648330 675
1648340 667
1648350 661
1648360 661
1648370 654
1648380 647
1648390 647
1648400 639
1648410 633
1648420 633
1648430 631
1648440 634
1648450 634
1648460 640
1648470 648
1648480 648
1648490 655
1648500 661
1648510 661
1648520 667
1648530 673
1648540 673
1648550 679
1648560 685
1648570 685
1648580 693
1648590 706
1648600 706
1648610 715
1648620 719
1648630 719
1648640 724
1648650 728
1648660 733
1648670 733
1648680 738
1648690 743
1648700 743
1648710 750
1648720 759
1648730 759
1648740 771
1648750 787
1648760 787
1648770 798
1648780 805
1648790 805
1648800 816
1648810 821
1648820 821
1648830 826
1648840 831
1648850 831
1648860 845
1648870 852
1648880 852
1648890 855
1648900 854
1648910 854
1648920 854
1648930 851
1648940 851
1648950 849
1648960 844
1648970 844
1648980 846
1648990 848
1649000 848
1649010 849
1649020 851
1649030 854
1649040 854
1649050 857
1649060 860
1649070 860
1649080 863
1649090 867
1649100 867
1649110 870
1649120 872
1649130 872
1649140 874
1649150 876
1649160 876
1649170 878
1649180 880
1649190 880
1649200 883
1649210 887
1649220 887
1649230 891
1649240 895
1649250 895
1649260 897
1649270 901
1649280 901
1649290 905
1649300 909
1649310 909
1649320 913
1649330 916
1649340 916
1649350 918
1649360 918
1649370 918
1649380 920
1649390 921
1649400 921
1649410 923
1649420 925
1649430 927
1649440 927
1649450 930
1649460 933
1649470 933
1649480 938
1649490 942
1649500 942
1649510 948
1649520 953
1649530 953
1649540 958
1649550 964
1649560 964
1649570 968
1649580 973
1649590 973
1649600 978
1649610 982
1649620 982
1649630 987
1649640 990
1649650 990
1649660 993
1649670 997
1649680 997
1649690 1000
1649700 1004
1649710 1004
1649720 1008
1649730 1012
1649740 1012
1649750 1017
1649760 1020
1649770 1020
1649780 1024
1649790 1027
1649800 1027
1649810 1030
1649820 1035
1649830 1040
1649840 1040
1649850 1045
1649860 1050
1649870 1050
1649880 1057
1649890 1061
1649900 1061
1649910 1061
1649920 1058
1649930 1058
1649940 1050
1649950 1049
1649960 1049
1649970 1056
1649980 1055
1649990 1055
1650000 1061
1650010 1068
1650020 1068
1650030 1070
1650040 1075
1650050 1075
1650060 1077
1650070 1078
1650080 1078
1650090 1077
1650100 1072
1650110 1072
1650120 1066
1650130 1063
1650140 1063
1650150 1060
1650160 1057
1650170 1057
1650180 1055
1650190 1052
1650200 1049
1650210 1049
1650220 1049
1650230 1051
1650240 1051
1650250 1058
1650260 1062
1650270 1062
1650280 1068
1650290 1075
1650300 1075
1650310 1071
1650320 1069
1650330 1069
1650340 1070
1650350 1068
1650360 1068
1650370 1068
1650380 1068
1650390 1068
1650400 1068
1650410 1068
1650420 1068
1650430 1071
1650440 1075
1650450 1075
1650460 1074
1650470 1073
1650480 1073
1650490 1082
1650500 1092
1650510 1099
1650520 1100
1650530 1101
1650540 1101
1650550 1102
1650560 1103
1650570 1103
1650580 1106
1650590 1108
1650600 1109
1650610 1109
1650620 1111
1650630 1116
1650640 1116
1650650 1121
1650660 1124
1650670 1124
1650680 1121
1650690 1114
1650700 1114
1650710 1109
1650720 1116
1650730 1116
1650740 1116
1650750 1115
1650760 1115
1650770 1130
1650780 1166
1650790 1166
1650800 1163
1650810 1156
1650820 1156
1650830 1153
1650840 1152
1650850 1152
1650860 1156
1650870 1165
1650880 1165
1650890 1172
1650900 1179
1650910 1179
1650920 1188
1650930 1196
1650940 1196
1650950 1204
1650960 1211
1650970 1219
1650980 1219
1650990 1227
1651000 1236
1651010 1236
1651020 1240
1651030 1241
1651040 1241
1651050 1241
1651060 1241
1651070 1241
1651080 1243
1651090 1243
1651100 1243
1651110 1244
1651120 1247
1651130 1247
1651140 1247
1651150 1248
1651160 1248
1651170 1252
1651180 1258
1651190 1258
1651200 1264
1651210 1277
1651220 1277
1651230 1288
1651240 1295
1651250 1295
1651260 1301
1651270 1304
1651280 1314
1651290 1316
1651300 1318
1651310 1318
1651320 1327
1651330 1341
1651340 1341
1651350 1368
1651360 1381
1651370 1387
1651380 1387
1651390 1385
1651400 1382
1651410 1382
1651420 1377
1651430 1373
1651440 1373
1651450 1369
1651460 1364
1651470 1364
1651480 1358
1651490 1352
1651500 1352
1651510 1361
1651520 1378
1651530 1378
1651540 1375
1651550 1380
1651560 1380
1651570 1373
1651580 1367
1651590 1367
1651600 1359
1651610 1353
1651620 1353
1651630 1352
1651640 1357
1651650 1357
1651660 1361
1651670 1357
1651680 1357
1651690 1353
1651700 1354
1651710 1354
1651720 1361
1651730 1374
1651740 1377
1651750 1377
1651760 1386
1651770 1403
1651780 1403
1651790 1419
1651800 1421
1651810 1421
1651820 1420
1651830 1423
1651840 1423
1651850 1430
1651860 1438
1651870 1438
1651880 1445
1651890 1450
1651900 1450
1651910 1454
1651920 1457
1651930 1457
1651940 1459
1651950 1463
1651960 1463
1651970 1467
1651980 1470
1651990 1470
1652000 1473
1652010 1474
1652020 1474
1652030 1472
1652040 1471
1652050 1472
1652060 1471
1652070 1470
1652080 1470
1652090 1470
1652100 1470
1652110 1470
1652120 1471
1652130 1469
1652140 1461
1652150 1461
1652160 1446
1652170 1436
1652180 1436
1652190 1417
1652200 1387
1652210 1387
1652220 1367
1652230 1359
1652240 1359
1652250 1355
1652260 1352
1652270 1352
1652280 1349
1652290 1345
1652300 1345
1652310 1343
1652320 1340
1652330 1340
1652340 1336
1652350 1335
1652360 1335
1652370 1336
1652380 1336
1652390 1336
1652400 1333
1652410 1333
1652420 1333
1652430 1335
1652440 1336
1652450 1336
1652460 1339
1652470 1342
1652480 1342
1652490 1346
1652500 1348
1652510 1350
1652520 1350
1652530 1352
1652540 1357
1652550 1357
1652560 1361
1652570 1365
1652580 1365
1652590 1370
1652600 1374
1652610 1374
1652620 1380
1652630 1386
1652640 1386
1652650 1393
1652660 1400
1652670 1400
1652680 1409
1652690 1433
1652700 1433
1652710 1446
1652720 1455
1652730 1455
1652740 1468
1652750 1475
1652760 1475
1652770 1476
1652780 1477
1652790 1477
1652800 1476
1652810 1471
1652820 1471
1652830 1468
1652840 1464
1652850 1464
1652860 1459
1652870 1454
1652880 1454
1652890 1451
1652900 1450
1652910 1450
1652920 1450
1652930 1452
1652940 1454
1652950 1454
1652960 1457
1652970 1461
1652980 1461
1652990 1461
1653000 1461
1653010 1461
1653020 1461
1653030 1461
1653040 1461
1653050 1462
1653060 1462
1653070 1462
1653080 1461
1653090 1460
1653100 1460
1653110 1458
1653120 1458
1653130 1458
1653140 1456
1653150 1454
1653160 1454
1653170 1452
1653180 1454
1653190 1454
1653200 1454
1653210 1454
1653220 1454
1653230 1454
1653240 1455
1653250 1455
1653260 1455
1653270 1456
1653280 1457
1653290 1457
1653300 1457
1653310 1458
1653320 1458
1653330 1459
1653340 1461
1653350 1461
1653360 1465
1653370 1468
1653380 1468
1653390 1472
1653400 1475
1653410 1475
1653420 1479
1653430 1483
1653440 1483
1653450 1488
1653460 1494
1653470 1494
1653480 1500
1653490 1504
1653500 1504
1653510 1511
1653520 1517
1653530 1517
1653540 1522
1653550 1526
1653560 1526
1653570 1534
1653580 1539
1653590 1539
1653600 1545
1653610 1552
1653620 1552
1653630 1557
1653640 1563
1653650 1563
1653660 1568
1653670 1573
1653680 1578
1653690 1578
1653700 1583
1653710 1587
1653720 1587
1653730 1591
1653740 1595
1653750 1595
1653760 1598
1653770 1600
1653780 1600
1653790 1602
1653800 1603
1653810 1603
1653820 1604
1653830 1606
1653840 1606
1653850 1607
1653860 1609
1653870 1609
1653880 1611
1653890 1612
1653900 1612
1653910 1613
1653920 1614
1653930 1614
1653940 1616
1653950 1617
1653960 1617
1653970 1620
1653980 1622
1653990 1622
1654000 1625
1654010 1628
1654020 1628
1654030 1630
1654040 1630
1654050 1631
1654060 1631
1654070 1634
1654080 1640
1654090 1640
1654100 1645
1654110 1651
1654120 1651
1654130 1658
1654140 1665
1654150 1665
1654160 1667
1654170 1666
1654180 1666
1654190 1666
1654200 1666
1654210 1666
1654220 1665
1654230 1665
1654240 1665
1654250 1665
1654260 1663
1654270 1663
1654280 1662
1654290 1663
1654300 1663
1654310 1664
1654320 1663
1654330 1658
1654340 1658
1654350 1660
1654360 1660
1654370 1664
1654380 1667
1654390 1667
1654400 1671
1654410 1674
1654420 1674
1654430 1673
1654440 1670
1654450 1665
1654460 1665
1654470 1660
1654480 1654
1654490 1654
1654500 1647
1654510 1641
1654520 1641
1654530 1635
1654540 1629
1654550 1629
1654560 1622
1654570 1616
1654580 1616
1654590 1609
1654600 1603
1654610 1603
1654620 1598
1654630 1593
1654640 1593
1654650 1589
1654660 1585
1654670 1585
1654680 1579
1654690 1575
1654700 1575
1654710 1574
1654720 1572
1654730 1572
1654740 1570
1654750 1566
1654760 1566
1654770 1562
1654780 1559
1654790 1559
1654800 1554
1654810 1549
1654820 1544
1654830 1544
1654840 1539
1654850 1535
1654860 1535
1654870 1530
1654880 1525
1654890 1525
1654900 1519
1654910 1515
1654920 1515
1654930 1511
1654940 1507
1654950 1507
1654960 1503
1654970 1499
1654980 1499
1654990 1497
1655000 1495
1655010 1495
1655020 1493
1655030 1489
1655040 1489
1655050 1484
1655060 1478
1655070 1478
1655080 1473
1655090 1469
1655100 1469
1655110 1465
1655120 1461
1655130 1461
1655140 1460
1655150 1460
1655160 1460
1655170 1458
1655180 1453
1655190 1453
1655200 1444
1655210 1438
1655220 1433
1655230 1433
1655240 1426
1655250 1421
1655260 1421
1655270 1415
1655280 1408
1655290 1408
1655300 1401
1655310 1394
1655320 1394
1655330 1387
1655340 1380
1655350 1380
1655360 1375
1655370 1369
1655380 1369
1655390 1361
1655400 1354
1655410 1354
1655420 1347
1655430 1342
1655440 1342
1655450 1336
1655460 1330
1655470 1330
1655480 1323
1655490 1318
1655500 1318
1655510 1314
1655520 1310
1655530 1310
1655540 1306
1655550 1301
1655560 1301
1655570 1297
1655580 1293
1655590 1290
1655600 1290
1655610 1287
1655620 1286
1655630 1286
1655640 1286
1655650 1285
1655660 1285
1655670 1284
1655680 1282
1655690 1282
1655700 1279
1655710 1277
1655720 1277
1655730 1277
1655740 1277
1655750 1277
1655760 1275
1655770 1273
1655780 1273
1655790 1271
1655800 1269
1655810 1269
1655820 1265
1655830 1270
1655840 1270
1655850 1267
1655860 1265
1655870 1265
1655880 1262
1655890 1265
1655900 1265
1655910 1268
1655920 1270
1655930 1270
1655940 1270
1655950 1267
1655960 1267
1655970 1267
1655980 1269
1655990 1269
1656000 1269
1656010 1272
1656020 1270
1656030 1270
1656040 1267
1656050 1266
1656060 1266
1656070 1266
1656080 1264
1656090 1264
1656100 1264
1656110 1262
1656120 1262
1656130 1259
1656140 1255
1656150 1255
1656160 1255
1656170 1253
1656180 1253
1656190 1252
1656200 1251
1656210 1251
1656220 1250
1656230 1246
1656240 1246
1656250 1237
1656260 1232
1656270 1232
1656280 1228
1656290 1227
1656300 1227
1656310 1229
1656320 1237
1656330 1237
1656340 1245
1656350 1249
1656360 1249
1656370 1250
1656380 1250
1656390 1251
1656400 1251
1656410 1251
1656420 1249
1656430 1249
1656440 1240
1656450 1233
1656460 1233
1656470 1227
1656480 1224
1656490 1224
1656500 1222
1656510 1219
1656520 1219
1656530 1215
1656540 1211
1656550 1211
1656560 1207
1656570 1205
1656580 1209
1656590 1207
1656600 1205
1656610 1205
1656620 1203
1656630 1201
1656640 1201
1656650 1200
1656660 1197
1656670 1197
1656680 1194
1656690 1189
1656700 1189
1656710 1190
1656720 1192
1656730 1192
1656740 1187
1656750 1182
1656760 1180
1656770 1180
1656780 1178
1656790 1175
1656800 1175
1656810 1172
1656820 1169
1656830 1169
1656840 1167
1656850 1165
1656860 1165
1656870 1162
1656880 1164
1656890 1164
1656900 1165
1656910 1163
1656920 1163
1656930 1164
1656940 1164
1656950 1164
1656960 1163
1656970 1162
1656980 1162
1656990 1158
1657000 1152
1657010 1152
1657020 1145
1657030 1137
1657040 1137
1657050 1130
1657060 1122
1657070 1122
1657080 1115
1657090 1109
1657100 1109
1657110 1104
1657120 1101
1657130 1101
1657140 1098
1657150 1097
1657160 1094
1657170 1094
1657180 1089
1657190 1084
1657200 1084
1657210 1079
1657220 1075
1657230 1075
1657240 1071
1657250 1068
1657260 1068
1657270 1061
1657280 1051
1657290 1051
1657300 1043
1657310 1035
1657320 1039
1657330 1033
1657340 1028
1657350 1028
1657360 1022
1657370 1014
1657380 1014
1657390 1008
1657400 1004
1657410 1004
1657420 997
1657430 994
1657440 994
1657450 1001
1657460 1009
1657470 1009
1657480 1014
1657490 1017
1657500 1017
1657510 1020
1657520 1023
1657530 1025
1657540 1025
1657550 1027
1657560 1027
1657570 1027
1657580 1025
1657590 1024
1657600 1024
1657610 1021
1657620 1019
1657630 1019
1657640 1021
1657650 1025
1657660 1025
1657670 1026
1657680 1027
1657690 1027
1657700 1034
1657710 1051
1657720 1051
1657730 1059
1657740 1064
1657750 1064
1657760 1068
1657770 1067
1657780 1067
1657790 1059
1657800 1054
1657810 1054
1657820 1052
1657830 1053
1657840 1053
1657850 1053
1657860 1050
1657870 1050
1657880 1047
1657890 1038
1657900 1038
1657910 1031
1657920 1029
1657930 1025
1657940 1025
1657950 1022
1657960 1022
1657970 1022
1657980 1017
1657990 1010
1658000 1010
1658010 1005
1658020 1007
1658030 1007
1658040 1008
1658050 1013
1658060 1020
1658070 1025
1658080 1029
1658090 1029
1658100 1033
1658110 1034
1658120 1034
1658130 1031
1658140 1028
1658150 1028
1658160 1022
1658170 1012
1658180 1012
1658190 1003
1658200 993
1658210 993
1658220 989
1658230 987
1658240 987
1658250 989
1658260 994
1658270 994
1658280 1001
1658290 1006
1658300 1008
1658310 1008
1658320 1006
1658330 1001
1658340 1001
1658350 999
1658360 999
1658370 999
1658380 1001
1658390 1006
1658400 1006
1658410 1012
1658420 1017
1658430 1017
1658440 1018
1658450 1018
1658460 1018
1658470 1022
1658480 1025
1658490 1025
1658500 1029
1658510 1032
1658520 1032
1658530 1034
1658540 1037
1658550 1037
1658560 1039
1658570 1041
1658580 1041
1658590 1042
1658600 1038
1658610 1038
1658620 1036
1658630 1040
1658640 1040
1658650 1043
1658660 1041
1658670 1041
1658680 1042
1658690 1044
1658700 1048
1658710 1048
1658720 1053
1658730 1058
1658740 1058
1658750 1064
1658760 1071
1658770 1071
1658780 1080
1658790 1088
1658800 1089
1658810 1098
1658820 1106
1658830 1106
1658840 1114
1658850 1123
1658860 1123
1658870 1132
1658880 1141
1658890 1141
1658900 1149
1658910 1161
1658920 1161
1658930 1171
1658940 1182
1658950 1182
1658960 1185
1658970 1186
1658980 1186
1658990 1193
1659000 1200
1659010 1200
1659020 1199
1659030 1197
1659040 1197
1659050 1198
1659060 1199
1659070 1193
1659080 1193
1659090 1189
1659100 1185
1659110 1185
1659120 1186
1659130 1188
1659140 1188
1659150 1180
1659160 1170
1659170 1170
1659180 1156
1659190 1134
1659200 1134
1659210 1128
1659220 1132
1659230 1132
1659240 1128
1659250 1128
1659260 1128
1659270 1128
1659280 1115
1659290 1115
1659300 1098
1659310 1083
1659320 1083
1659330 1068
1659340 1049
1659350 1049
1659360 1034
1659370 1025
1659380 1025
1659390 1017
1659400 1009
1659410 1009
1659420 1002
1659430 994
1659440 994
1659450 988
1659460 981
1659470 974
1659480 974
1659490 967
1659500 960
1659510 960
1659520 962
1659530 970
1659540 970
1659550 970
1659560 970
1659570 970
1659580 971
1659590 972
1659600 972
1659610 973
1659620 975
1659630 975
1659640 975
1659650 975
1659660 975
1659670 973
1659680 970
1659690 970
1659700 966
1659710 968
1659720 968
1659730 972
1659740 978
1659750 978
1659760 985
1659770 991
1659780 991
1659790 992
1659800 992
1659810 992
1659820 996
1659830 1000
1659840 1003
1659850 1003
1659860 1001
1659870 999
1659880 999
1659890 1000
1659900 1001
1659910 1001
1659920 1007
1659930 1012
1659940 1012
1659950 1018
1659960 1028
1659970 1028
1659980 1039
1659990 1050
