1640000 773
1640010 773
1640020 771
1640030 769
1640040 769
1640050 768
1640060 766
1640070 766
1640080 764
1640090 762
1640100 762
1640110 760
1640120 757
1640130 757
1640140 752
1640150 749
1640160 749
1640170 749
1640180 749
1640190 749
1640200 750
1640210 752
1640220 752
1640230 752
1640240 751
1640250 749
1640260 749
1640270 749
1640280 748
1640290 748
1640300 747
1640310 747
1640320 747
1640330 746
1640340 742
1640350 742
1640360 737
1640370 733
1640380 733
1640390 728
1640400 722
1640410 726
1640420 720
1640430 715
1640440 715
1640450 710
1640460 703
1640470 703
1640480 685
1640490 665
1640500 665
1640510 659
1640520 655
1640530 655
1640540 654
1640550 656
1640560 656
1640570 650
1640580 642
1640590 642
1640600 635
1640610 629
1640620 624
1640630 624
1640640 621
1640650 618
1640660 618
1640670 619
1640680 624
1640690 624
1640700 628
1640710 632
1640720 632
1640730 636
1640740 640
1640750 640
1640760 642
1640770 646
1640780 646
1640790 650
1640800 653
1640810 653
1640820 659
1640830 662
1640840 662
1640850 664
1640860 670
1640870 670
1640880 677
1640890 683
1640900 683
1640910 684
1640920 685
1640930 685
1640940 688
1640950 690
1640960 690
1640970 692
1640980 694
1640990 698
1641000 698
1641010 705
1641020 712
1641030 712
1641040 718
1641050 724
1641060 724
1641070 730
1641080 732
1641090 732
1641100 733
1641110 733
1641120 733
1641130 733
1641140 733
1641150 733
1641160 733
1641170 732
1641180 732
1641190 732
1641200 731
1641210 731
1641220 726
1641230 723
1641240 723
1641250 722
1641260 721
1641270 721
1641280 721
1641290 720
1641300 720
1641310 719
1641320 720
1641330 720
1641340 717
1641350 715
1641360 715
1641370 713
1641380 713
1641390 714
1641400 714
1641410 714
1641420 710
1641430 710
1641440 709
1641450 709
1641460 709
1641470 710
1641480 711
1641490 711
1641500 711
1641510 709
1641520 709
1641530 708
1641540 709
1641550 709
1641560 709
1641570 708
1641580 708
1641590 707
1641600 706
1641610 706
1641620 707
1641630 711
1641640 711
1641650 715
1641660 719
1641670 719
1641680 723
1641690 726
1641700 726
1641710 728
1641720 731
1641730 731
1641740 736
1641750 739
1641760 738
1641770 738
1641780 735
1641790 738
1641800 738
1641810 743
1641820 749
1641830 749
1641840 755
1641850 762
1641860 762
1641870 766
1641880 763
1641890 763
1641900 752
1641910 744
1641920 744
1641930 737
1641940 725
1641950 725
1641960 714
1641970 708
1641980 708
1641990 701
1642000 694
1642010 694
1642020 686
1642030 678
1642040 676
1642050 668
1642060 660
1642070 660
1642080 653
1642090 646
1642100 646
1642110 639
1642120 632
1642130 632
1642140 625
1642150 619
1642160 613
1642170 613
1642180 605
1642190 597
1642200 597
1642210 589
1642220 576
1642230 576
1642240 557
1642250 545
1642260 545
1642270 540
1642280 523
1642290 523
1642300 513
1642310 508
1642320 508
1642330 511
1642340 514
1642350 514
1642360 517
1642370 521
1642380 521
1642390 524
1642400 530
1642410 530
1642420 535
1642430 545
1642440 545
1642450 572
1642460 581
1642470 581
1642480 576
1642490 603
1642500 603
1642510 620
1642520 628
1642530 630
1642540 630
1642550 631
1642560 631
1642570 631
1642580 632
1642590 633
1642600 633
1642610 644
1642620 656
1642630 656
1642640 671
1642650 684
1642660 684
1642670 691
1642680 699
1642690 699
1642700 710
1642710 715
1642720 715
1642730 731
1642740 746
1642750 746
1642760 747
1642770 737
1642780 737
1642790 729
1642800 716
1642810 716
1642820 714
1642830 719
1642840 719
1642850 740
1642860 736
1642870 736
1642880 736
1642890 749
1642900 749
1642910 756
1642920 752
1642930 744
1642940 744
1642950 736
1642960 727
1642970 727
1642980 718
1642990 706
1643000 706
1643010 697
1643020 690
1643030 690
1643040 684
1643050 678
1643060 678
1643070 673
1643080 667
1643090 667
1643100 661
1643110 656
1643120 656
1643130 650
1643140 644
1643150 644
1643160 638
1643170 633
1643180 633
1643190 629
1643200 625
1643210 625
1643220 620
1643230 616
1643240 616
1643250 612
1643260 608
1643270 608
1643280 604
1643290 602
1643300 599
1643310 599
1643320 596
1643330 594
1643340 594
1643350 591
1643360 588
1643370 588
1643380 587
1643390 587
1643400 587
1643410 587
1643420 586
1643430 586
1643440 585
1643450 585
1643460 585
1643470 586
1643480 588
1643490 588
1643500 590
1643510 591
1643520 591
1643530 590
1643540 589
1643550 589
1643560 588
1643570 587
1643580 587
1643590 589
1643600 592
1643610 592
1643620 593
1643630 594
1643640 594
1643650 595
1643660 599
1643670 599
1643680 601
1643690 602
1643700 603
1643710 603
1643720 604
1643730 605
1643740 605
1643750 607
1643760 608
1643770 608
1643780 610
1643790 612
1643800 612
1643810 614
1643820 615
1643830 615
1643840 615
1643850 616
1643860 616
1643870 617
1643880 619
1643890 619
1643900 622
1643910 626
1643920 626
1643930 630
1643940 634
1643950 634
1643960 636
1643970 637
1643980 637
1643990 636
1644000 635
1644010 635
1644020 633
1644030 635
1644040 635
1644050 641
1644060 646
1644070 646
1644080 650
1644090 653
1644100 656
1644110 656
1644120 657
1644130 656
1644140 656
1644150 656
1644160 661
1644170 661
1644180 662
1644190 663
1644200 663
1644210 664
1644220 663
1644230 663
1644240 665
1644250 667
1644260 667
1644270 669
1644280 670
1644290 670
1644300 672
1644310 672
1644320 672
1644330 670
1644340 672
1644350 672
1644360 676
1644370 678
1644380 678
1644390 679
1644400 677
1644410 677
1644420 678
1644430 680
1644440 680
1644450 681
1644460 680
1644470 675
1644480 675
1644490 677
1644500 682
1644510 682
1644520 683
1644530 684
1644540 684
1644550 688
1644560 690
1644570 690
1644580 691
1644590 691
1644600 691
1644610 692
1644620 692
1644630 692
1644640 692
1644650 690
1644660 690
1644670 691
1644680 692
1644690 692
1644700 692
1644710 692
1644720 692
1644730 691
1644740 693
1644750 693
1644760 698
1644770 703
1644780 703
1644790 707
1644800 713
1644810 713
1644820 717
1644830 710
1644840 710
1644850 699
1644860 690
1644870 682
1644880 682
1644890 675
1644900 668
1644910 668
1644920 663
1644930 658
1644940 658
1644950 654
1644960 652
1644970 652
1644980 649
1644990 649
1645000 649
1645010 651
1645020 654
1645030 654
1645040 657
1645050 657
1645060 657
1645070 655
1645080 651
1645090 651
1645100 645
1645110 643
1645120 643
1645130 645
1645140 644
1645150 644
1645160 645
1645170 650
1645180 650
1645190 653
1645200 654
1645210 654
1645220 657
1645230 663
1645240 667
1645250 667
1645260 671
1645270 670
1645280 670
1645290 665
1645300 659
1645310 659
1645320 655
1645330 658
1645340 658
1645350 668
1645360 676
1645370 676
1645380 683
1645390 690
1645400 690
1645410 696
1645420 703
1645430 703
1645440 710
1645450 717
1645460 717
1645470 724
1645480 730
1645490 730
1645500 736
1645510 741
1645520 741
1645530 746
1645540 749
1645550 749
1645560 748
1645570 744
1645580 744
1645590 738
1645600 732
1645610 732
1645620 725
1645630 719
1645640 712
1645650 712
1645660 706
1645670 701
1645680 701
1645690 695
1645700 690
1645710 690
1645720 685
1645730 681
1645740 681
1645750 677
1645760 672
1645770 672
1645780 668
1645790 665
1645800 665
1645810 661
1645820 657
1645830 657
1645840 656
1645850 653
1645860 653
1645870 651
1645880 648
1645890 648
1645900 645
1645910 642
1645920 642
1645930 638
1645940 633
1645950 633
1645960 627
1645970 621
1645980 621
1645990 615
1646000 609
1646010 603
1646020 603
1646030 596
1646040 587
1646050 587
1646060 587
1646070 589
1646080 589
1646090 596
1646100 602
1646110 602
1646120 609
1646130 616
1646140 616
1646150 623
1646160 629
1646170 629
1646180 635
1646190 630
1646200 630
1646210 628
1646220 632
1646230 632
1646240 636
1646250 644
1646260 644
1646270 652
1646280 658
1646290 658
1646300 662
1646310 667
1646320 667
1646330 672
1646340 678
1646350 678
1646360 684
1646370 690
1646380 690
1646390 696
1646400 701
1646410 705
1646420 705
1646430 710
1646440 713
1646450 713
1646460 717
1646470 722
1646480 722
1646490 724
1646500 718
1646510 718
1646520 708
1646530 702
1646540 702
1646550 696
1646560 693
1646570 693
1646580 688
1646590 684
1646600 684
1646610 679
1646620 677
1646630 677
1646640 675
1646650 673
1646660 673
1646670 670
1646680 667
1646690 667
1646700 663
1646710 661
1646720 661
1646730 658
1646740 656
1646750 656
1646760 654
1646770 651
1646780 649
1646790 649
1646800 648
1646810 647
1646820 647
1646830 647
1646840 645
1646850 651
1646860 648
1646870 646
1646880 646
1646890 645
1646900 644
1646910 644
1646920 643
1646930 642
1646940 642
1646950 642
1646960 642
1646970 642
1646980 642
1646990 642
1647000 642
1647010 641
1647020 641
1647030 641
1647040 642
1647050 644
1647060 644
1647070 645
1647080 647
1647090 647
1647100 649
1647110 650
1647120 650
1647130 651
1647140 653
1647150 653
1647160 658
1647170 662
1647180 663
1647190 663
1647200 662
1647210 659
1647220 659
1647230 656
1647240 654
1647250 654
1647260 651
1647270 650
1647280 650
1647290 652
1647300 651
1647310 651
1647320 649
1647330 652
1647340 652
1647350 655
1647360 657
1647370 657
1647380 661
1647390 664
1647400 664
1647410 669
1647420 674
1647430 674
1647440 679
1647450 679
1647460 679
1647470 676
1647480 672
1647490 672
1647500 667
1647510 663
1647520 663
1647530 658
1647540 653
1647550 650
1647560 650
1647570 649
1647580 647
1647590 647
1647600 645
1647610 643
1647620 643
1647630 642
1647640 646
1647650 646
1647660 644
1647670 646
1647680 646
1647690 647
1647700 648
1647710 648
1647720 650
1647730 652
1647740 652
1647750 651
1647760 653
1647770 653
1647780 654
1647790 654
1647800 654
1647810 654
1647820 653
1647830 653
1647840 653
1647850 653
1647860 653
1647870 653
1647880 654
1647890 654
1647900 655
1647910 656
1647920 656
1647930 658
1647940 660
1647950 662
1647960 662
1647970 663
1647980 665
1647990 665
1648000 666
1648010 667
1648020 667
1648030 668
1648040 669
1648050 669
1648060 672
1648070 676
1648080 676
1648090 682
1648100 688
1648110 688
1648120 693
1648130 697
1648140 697
1648150 699
1648160 705
1648170 705
1648180 713
1648190 721
1648200 721
1648210 727
1648220 724
1648230 724
1648240 716
1648250 709
1648260 709
1648270 701
1648280 694
1648290 694
1648300 686
1648310 680
1648320 672
1648330 672
1648340 665
1648350 658
1648360 658
1648370 651
1648380 642
1648390 642
1648400 634
1648410 632
1648420 633
1648430 634
1648440 636
1648450 636
1648460 641
1648470 647
1648480 647
1648490 654
1648500 660
1648510 660
1648520 667
1648530 674
1648540 674
1648550 682
1648560 689
1648570 689
1648580 695
1648590 701
1648600 701
1648610 707
1648620 713
1648630 713
1648640 719
1648650 724
1648660 724
1648670 728
1648680 733
1648690 733
1648700 739
1648710 745
1648720 751
1648730 751
1648740 758
1648750 769
1648760 769
1648770 776
1648780 778
1648790 778
1648800 780
1648810 783
1648820 783
1648830 792
1648840 799
1648850 799
1648860 805
1648870 809
1648880 809
1648890 814
1648900 822
1648910 822
1648920 827
1648930 832
1648940 832
1648950 833
1648960 834
1648970 834
1648980 836
1648990 839
1649000 839
1649010 842
1649020 844
1649030 844
1649040 847
1649050 850
1649060 850
1649070 854
1649080 858
1649090 861
1649100 861
1649110 864
1649120 867
1649130 867
1649140 870
1649150 871
1649160 871
1649170 873
1649180 876
1649190 876
1649200 877
1649210 880
1649220 880
1649230 885
1649240 889
1649250 889
1649260 892
1649270 895
1649280 895
1649290 899
1649300 902
1649310 902
1649320 905
1649330 908
1649340 908
1649350 910
1649360 912
1649370 912
1649380 914
1649390 917
1649400 917
1649410 919
1649420 921
1649430 921
1649440 924
1649450 927
1649460 927
1649470 931
1649480 935
1649490 939
1649500 939
1649510 944
1649520 949
1649530 949
1649540 954
1649550 959
1649560 959
1649570 964
1649580 970
1649590 970
1649600 974
1649610 980
1649620 980
1649630 984
1649640 987
1649650 987
1649660 991
1649670 996
1649680 996
1649690 1000
1649700 1004
1649710 1004
1649720 1007
1649730 1011
1649740 1011
1649750 1015
1649760 1019
1649770 1019
1649780 1022
1649790 1025
1649800 1025
1649810 1028
1649820 1031
1649830 1031
1649840 1035
1649850 1038
1649860 1038
1649870 1043
1649880 1047
1649890 1052
1649900 1052
1649910 1054
1649920 1055
1649930 1055
1649940 1057
1649950 1059
1649960 1059
1649970 1062
1649980 1061
1649990 1061
1650000 1063
1650010 1065
1650020 1065
1650030 1069
1650040 1073
1650050 1073
1650060 1075
1650070 1076
1650080 1076
1650090 1079
1650100 1080
1650110 1080
1650120 1081
1650130 1080
1650140 1080
1650150 1078
1650160 1077
1650170 1077
1650180 1077
1650190 1077
1650200 1077
1650210 1075
1650220 1075
1650230 1075
1650240 1077
1650250 1080
1650260 1084
1650270 1084
1650280 1086
1650290 1085
1650300 1085
1650310 1086
1650320 1089
1650330 1089
1650340 1092
1650350 1093
1650360 1093
1650370 1093
1650380 1093
1650390 1093
1650400 1093
1650410 1094
1650420 1094
1650430 1096
1650440 1098
1650450 1098
1650460 1100
1650470 1100
1650480 1100
1650490 1101
1650500 1109
1650510 1109
1650520 1116
1650530 1118
1650540 1118
1650550 1122
1650560 1122
1650570 1122
1650580 1124
1650590 1126
1650600 1126
1650610 1126
1650620 1127
1650630 1127
1650640 1130
1650650 1133
1650660 1137
1650670 1137
1650680 1139
1650690 1138
1650700 1138
1650710 1142
1650720 1141
1650730 1141
1650740 1140
1650750 1144
1650760 1144
1650770 1150
1650780 1177
1650790 1177
1650800 1189
1650810 1192
1650820 1192
1650830 1185
1650840 1181
1650850 1181
1650860 1183
1650870 1187
1650880 1187
1650890 1195
1650900 1206
1650910 1206
1650920 1215
1650930 1219
1650940 1219
1650950 1224
1650960 1228
1650970 1228
1650980 1234
1650990 1244
1651000 1244
1651010 1253
1651020 1262
1651030 1268
1651040 1268
1651050 1269
1651060 1270
1651070 1270
1651080 1269
1651090 1270
1651100 1270
1651110 1271
1651120 1270
1651130 1270
1651140 1271
1651150 1276
1651160 1276
1651170 1282
1651180 1294
1651190 1294
1651200 1304
1651210 1308
1651220 1308
1651230 1313
1651240 1318
1651250 1318
1651260 1323
1651270 1329
1651280 1329
1651290 1334
1651300 1338
1651310 1338
1651320 1355
1651330 1379
1651340 1379
1651350 1385
1651360 1392
1651370 1392
1651380 1397
1651390 1397
1651400 1397
1651410 1394
1651420 1393
1651430 1388
1651440 1388
1651450 1382
1651460 1377
1651470 1377
1651480 1373
1651490 1381
1651500 1381
1651510 1406
1651520 1418
1651530 1418
1651540 1413
1651550 1405
1651560 1405
1651570 1396
1651580 1391
1651590 1391
1651600 1386
1651610 1381
1651620 1381
1651630 1387
1651640 1390
1651650 1390
1651660 1397
1651670 1404
1651680 1404
1651690 1408
1651700 1413
1651710 1413
1651720 1418
1651730 1428
1651740 1428
1651750 1427
1651760 1425
1651770 1425
1651780 1421
1651790 1432
1651800 1447
1651810 1447
1651820 1449
1651830 1447
1651840 1447
1651850 1444
1651860 1444
1651870 1444
1651880 1449
1651890 1452
1651900 1452
1651910 1457
1651920 1460
1651930 1460
1651940 1463
1651950 1466
1651960 1466
1651970 1469
1651980 1471
1651990 1471
1652000 1474
1652010 1476
1652020 1476
1652030 1475
1652040 1473
1652050 1473
1652060 1471
1652070 1469
1652080 1469
1652090 1469
1652100 1470
1652110 1470
1652120 1471
1652130 1470
1652140 1470
1652150 1468
1652160 1465
1652170 1465
1652180 1459
1652190 1453
1652200 1443
1652210 1443
1652220 1419
1652230 1404
1652240 1404
1652250 1388
1652260 1373
1652270 1373
1652280 1377
1652290 1365
1652300 1365
1652310 1361
1652320 1358
1652330 1358
1652340 1355
1652350 1354
1652360 1354
1652370 1354
1652380 1353
1652390 1353
1652400 1352
1652410 1352
1652420 1352
1652430 1353
1652440 1354
1652450 1354
1652460 1353
1652470 1354
1652480 1354
1652490 1353
1652500 1351
1652510 1351
1652520 1350
1652530 1349
1652540 1349
1652550 1350
1652560 1355
1652570 1360
1652580 1360
1652590 1365
1652600 1371
1652610 1371
1652620 1377
1652630 1383
1652640 1383
1652650 1392
1652660 1402
1652670 1402
1652680 1412
1652690 1421
1652700 1421
1652710 1435
1652720 1448
1652730 1448
1652740 1460
1652750 1463
1652760 1463
1652770 1466
1652780 1468
1652790 1468
1652800 1470
1652810 1467
1652820 1467
1652830 1462
1652840 1458
1652850 1458
1652860 1454
1652870 1449
1652880 1449
1652890 1446
1652900 1445
1652910 1445
1652920 1445
1652930 1445
1652940 1445
1652950 1447
1652960 1449
1652970 1453
1652980 1453
1652990 1455
1653000 1456
1653010 1456
1653020 1453
1653030 1453
1653040 1453
1653050 1446
1653060 1444
1653070 1444
1653080 1445
1653090 1447
1653100 1447
1653110 1446
1653120 1447
1653130 1447
1653140 1448
1653150 1449
1653160 1449
1653170 1450
1653180 1450
1653190 1450
1653200 1451
1653210 1452
1653220 1452
1653230 1453
1653240 1453
1653250 1453
1653260 1454
1653270 1455
1653280 1455
1653290 1455
1653300 1456
1653310 1456
1653320 1458
1653330 1459
1653340 1461
1653350 1461
1653360 1464
1653370 1467
1653380 1467
1653390 1471
1653400 1474
1653410 1474
1653420 1477
1653430 1481
1653440 1481
1653450 1487
1653460 1494
1653470 1494
1653480 1500
1653490 1506
1653500 1506
1653510 1512
1653520 1518
1653530 1518
1653540 1524
1653550 1530
1653560 1530
1653570 1536
1653580 1541
1653590 1541
1653600 1547
1653610 1552
1653620 1552
1653630 1558
1653640 1563
1653650 1563
1653660 1568
1653670 1572
1653680 1572
1653690 1575
1653700 1578
1653710 1578
1653720 1581
1653730 1582
1653740 1584
1653750 1584
1653760 1585
1653770 1586
1653780 1586
1653790 1587
1653800 1589
1653810 1582
1653820 1583
1653830 1585
1653840 1585
1653850 1587
1653860 1589
1653870 1589
1653880 1590
1653890 1591
1653900 1591
1653910 1591
1653920 1593
1653930 1593
1653940 1594
1653950 1597
1653960 1597
1653970 1600
1653980 1603
1653990 1603
1654000 1606
1654010 1607
1654020 1607
1654030 1607
1654040 1609
1654050 1609
1654060 1614
1654070 1620
1654080 1620
1654090 1626
1654100 1632
1654110 1639
1654120 1639
1654130 1643
1654140 1645
1654150 1645
1654160 1648
1654170 1648
1654180 1648
1654190 1648
1654200 1648
1654210 1648
1654220 1648
1654230 1648
1654240 1648
1654250 1648
1654260 1648
1654270 1648
1654280 1646
1654290 1646
1654300 1646
1654310 1647
1654320 1649
1654330 1649
1654340 1653
1654350 1657
1654360 1657
1654370 1660
1654380 1665
1654390 1665
1654400 1668
1654410 1671
1654420 1671
1654430 1671
1654440 1669
1654450 1669
1654460 1665
1654470 1660
1654480 1660
1654490 1655
1654500 1650
1654510 1645
1654520 1645
1654530 1638
1654540 1629
1654550 1629
1654560 1624
1654570 1617
1654580 1617
1654590 1611
1654600 1605
1654610 1605
1654620 1599
1654630 1594
1654640 1594
1654650 1589
1654660 1584
1654670 1584
1654680 1579
1654690 1574
1654700 1574
1654710 1569
1654720 1567
1654730 1567
1654740 1564
1654750 1562
1654760 1562
1654770 1560
1654780 1557
1654790 1557
1654800 1552
1654810 1547
1654820 1547
1654830 1545
1654840 1543
1654850 1543
1654860 1538
1654870 1533
1654880 1527
1654890 1527
1654900 1520
1654910 1514
1654920 1514
1654930 1510
1654940 1507
1654950 1507
1654960 1503
1654970 1500
1654980 1500
1654990 1498
1655000 1496
1655010 1496
1655020 1493
1655030 1491
1655040 1491
1655050 1486
1655060 1482
1655070 1482
1655080 1478
1655090 1473
1655100 1473
1655110 1470
1655120 1467
1655130 1467
1655140 1466
1655150 1463
1655160 1463
1655170 1462
1655180 1457
1655190 1457
1655200 1451
1655210 1443
1655220 1443
1655230 1438
1655240 1431
1655250 1431
1655260 1424
1655270 1417
1655280 1411
1655290 1411
1655300 1403
1655310 1397
1655320 1397
1655330 1390
1655340 1383
1655350 1383
1655360 1377
1655370 1371
1655380 1371
1655390 1365
1655400 1360
1655410 1360
1655420 1353
1655430 1347
1655440 1347
1655450 1341
1655460 1336
1655470 1336
1655480 1331
1655490 1326
1655500 1326
1655510 1322
1655520 1318
1655530 1318
1655540 1315
1655550 1313
1655560 1313
1655570 1311
1655580 1309
1655590 1309
1655600 1308
1655610 1307
1655620 1307
1655630 1305
1655640 1304
1655650 1300
1655660 1300
1655670 1300
1655680 1298
1655690 1298
1655700 1294
1655710 1294
1655720 1294
1655730 1296
1655740 1295
1655750 1295
1655760 1294
1655770 1292
1655780 1292
1655790 1289
1655800 1285
1655810 1285
1655820 1282
1655830 1283
1655840 1283
1655850 1282
1655860 1280
1655870 1280
1655880 1276
1655890 1272
1655900 1272
1655910 1275
1655920 1279
1655930 1279
1655940 1279
1655950 1278
1655960 1278
1655970 1275
1655980 1278
1655990 1278
1656000 1281
1656010 1283
1656020 1283
1656030 1281
1656040 1279
1656050 1278
1656060 1284
1656070 1283
1656080 1282
1656090 1282
1656100 1279
1656110 1275
1656120 1275
1656130 1271
1656140 1273
1656150 1273
1656160 1272
1656170 1271
1656180 1271
1656190 1269
1656200 1265
1656210 1265
1656220 1260
1656230 1255
1656240 1255
1656250 1254
1656260 1256
1656270 1256
1656280 1256
1656290 1255
1656300 1255
1656310 1256
1656320 1260
1656330 1260
1656340 1262
1656350 1264
1656360 1264
1656370 1266
1656380 1265
1656390 1265
1656400 1261
1656410 1256
1656420 1256
1656430 1251
1656440 1247
1656450 1244
1656460 1244
1656470 1242
1656480 1238
1656490 1238
1656500 1233
1656510 1229
1656520 1229
1656530 1227
1656540 1224
1656550 1224
1656560 1220
1656570 1217
1656580 1217
1656590 1215
1656600 1213
1656610 1213
1656620 1212
1656630 1210
1656640 1210
1656650 1208
1656660 1203
1656670 1203
1656680 1199
1656690 1202
1656700 1202
1656710 1203
1656720 1199
1656730 1199
1656740 1194
1656750 1191
1656760 1191
1656770 1188
1656780 1186
1656790 1186
1656800 1190
1656810 1187
1656820 1183
1656830 1183
1656840 1179
1656850 1174
1656860 1174
1656870 1173
1656880 1178
1656890 1178
1656900 1178
1656910 1176
1656920 1176
1656930 1175
1656940 1176
1656950 1176
1656960 1176
1656970 1167
1656980 1167
1656990 1158
1657000 1150
1657010 1150
1657020 1141
1657030 1134
1657040 1134
1657050 1128
1657060 1121
1657070 1121
1657080 1115
1657090 1109
1657100 1109
1657110 1104
1657120 1099
1657130 1099
1657140 1095
1657150 1091
1657160 1091
1657170 1087
1657180 1085
1657190 1085
1657200 1082
1657210 1079
1657220 1077
1657230 1077
1657240 1078
1657250 1077
1657260 1077
1657270 1072
1657280 1064
1657290 1064
1657300 1055
1657310 1047
1657320 1047
1657330 1040
1657340 1031
1657350 1031
1657360 1024
1657370 1018
1657380 1018
1657390 1013
1657400 1007
1657410 1007
1657420 1002
1657430 1004
1657440 1004
1657450 1007
1657460 1013
1657470 1013
1657480 1021
1657490 1027
1657500 1027
1657510 1032
1657520 1035
1657530 1035
1657540 1037
1657550 1045
1657560 1045
1657570 1045
1657580 1047
1657590 1045
1657600 1045
1657610 1037
1657620 1040
1657630 1040
1657640 1047
1657650 1051
1657660 1051
1657670 1054
1657680 1059
1657690 1059
1657700 1070
1657710 1083
1657720 1083
1657730 1107
1657740 1130
1657750 1130
1657760 1141
1657770 1142
1657780 1142
1657790 1133
1657800 1123
1657810 1123
1657820 1104
1657830 1092
1657840 1092
1657850 1089
1657860 1084
1657870 1084
1657880 1074
1657890 1065
1657900 1065
1657910 1060
1657920 1053
1657930 1053
1657940 1049
1657950 1044
1657960 1044
1657970 1041
1657980 1036
1657990 1029
1658000 1029
1658010 1024
1658020 1026
1658030 1026
1658040 1029
1658050 1032
1658060 1032
1658070 1038
1658080 1042
1658090 1042
1658100 1044
1658110 1042
1658120 1042
1658130 1038
1658140 1032
1658150 1032
1658160 1023
1658170 1013
1658180 1013
1658190 1005
1658200 1005
1658210 1005
1658220 1003
1658230 1002
1658240 1002
1658250 1004
1658260 1009
1658270 1009
1658280 1014
1658290 1022
1658300 1022
1658310 1018
1658320 1015
1658330 1015
1658340 1014
1658350 1011
1658360 1010
1658370 1010
1658380 1012
1658390 1019
1658400 1019
1658410 1026
1658420 1031
1658430 1031
1658440 1031
1658450 1031
1658460 1031
1658470 1034
1658480 1037
1658490 1037
1658500 1040
1658510 1045
1658520 1045
1658530 1050
1658540 1054
1658550 1054
1658560 1057
1658570 1059
1658580 1059
1658590 1060
1658600 1055
1658610 1055
1658620 1051
1658630 1055
1658640 1055
1658650 1061
1658660 1062
1658670 1062
1658680 1062
1658690 1062
1658700 1062
1658710 1061
1658720 1062
1658730 1062
1658740 1066
1658750 1071
1658760 1076
1658770 1076
1658780 1083
1658790 1091
1658800 1091
1658810 1101
1658820 1111
1658830 1111
1658840 1118
1658850 1123
1658860 1123
1658870 1129
1658880 1136
1658890 1136
1658900 1144
1658910 1153
1658920 1153
1658930 1162
1658940 1172
1658950 1172
1658960 1183
1658970 1193
1658980 1193
1658990 1202
1659000 1207
1659010 1207
1659020 1207
1659030 1209
1659040 1209
1659050 1210
1659060 1212
1659070 1212
1659080 1212
1659090 1212
1659100 1212
1659110 1211
1659120 1210
1659130 1203
1659140 1203
1659150 1192
1659160 1185
1659170 1185
1659180 1184
1659190 1184
1659200 1184
1659210 1182
1659220 1185
1659230 1185
1659240 1179
1659250 1166
1659260 1166
1659270 1155
1659280 1139
1659290 1139
1659300 1124
1659310 1097
1659320 1097
1659330 1063
1659340 1050
1659350 1050
1659360 1032
1659370 1022
1659380 1022
1659390 1014
1659400 1007
1659410 1007
1659420 999
1659430 993
1659440 993
1659450 989
1659460 982
1659470 982
1659480 975
1659490 970
1659500 970
1659510 972
1659520 976
1659530 978
1659540 978
1659550 979
1659560 979
1659570 979
1659580 980
1659590 981
1659600 981
1659610 982
1659620 983
1659630 983
1659640 985
1659650 984
1659660 984
1659670 981
1659680 976
1659690 976
1659700 974
1659710 971
1659720 971
1659730 974
1659740 979
1659750 980
1659760 987
1659770 994
1659780 994
1659790 1002
1659800 1007
1659810 1007
1659820 1010
1659830 1015
1659840 1015
1659850 1021
1659860 1026
1659870 1026
1659880 1028
1659890 1028
1659900 1028
1659910 1028
1659920 1034
1659930 1043
1659940 1043
1659950 1055
1659960 1064
1659970 1064
1659980 1075
1659990 1084
