1640000 562
1640010 562
1640020 562
1640030 562
1640040 562
1640050 562
1640060 562
1640070 562
1640080 562
1640090 562
1640100 562
1640110 562
1640120 562
1640130 562
1640140 562
1640150 562
1640160 562
1640170 562
1640180 562
1640190 562
1640200 562
1640210 562
1640220 562
1640230 562
1640240 562
1640250 562
1640260 562
1640270 562
1640280 562
1640290 562
1640300 562
1640310 562
1640320 562
1640330 562
1640340 562
1640350 562
1640360 562
1640370 562
1640380 562
1640390 562
1640400 562
1640410 562
1640420 562
1640430 562
1640440 562
1640450 562
1640460 562
1640470 563
1640480 564
1640490 564
1640500 565
1640510 565
1640520 565
1640530 566
1640540 566
1640550 566
1640560 566
1640570 566
1640580 566
1640590 565
1640600 564
1640610 564
1640620 563
1640630 562
1640640 562
1640650 564
1640660 562
1640670 562
1640680 561
1640690 561
1640700 561
1640710 561
1640720 561
1640730 561
1640740 562
1640750 564
1640760 564
1640770 565
1640780 565
1640790 565
1640800 565
1640810 565
1640820 565
1640830 565
1640840 565
1640850 565
1640860 565
1640870 565
1640880 565
1640890 565
1640900 565
1640910 564
1640920 564
1640930 563
1640940 562
1640950 562
1640960 562
1640970 561
1640980 561
1640990 559
1641000 557
1641010 557
1641020 556
1641030 557
1641040 557
1641050 557
1641060 557
1641070 557
1641080 557
1641090 556
1641100 556
1641110 556
1641120 555
1641130 555
1641140 555
1641150 555
1641160 555
1641170 555
1641180 555
1641190 555
1641200 555
1641210 554
1641220 554
1641230 552
1641240 543
1641250 536
1641260 536
1641270 530
1641280 525
1641290 525
1641300 521
1641310 518
1641320 518
1641330 515
1641340 510
1641350 510
1641360 506
1641370 502
1641380 502
1641390 499
1641400 496
1641410 496
1641420 493
1641430 493
1641440 493
1641450 493
1641460 493
1641470 493
1641480 493
1641490 493
1641500 493
1641510 493
1641520 493
1641530 493
1641540 493
1641550 493
1641560 493
1641570 490
1641580 489
1641590 489
1641600 489
1641610 487
1641620 487
1641630 488
1641640 490
1641650 490
1641660 490
1641670 491
1641680 492
1641690 492
1641700 492
1641710 492
1641720 492
1641730 494
1641740 496
1641750 496
1641760 498
1641770 501
1641780 501
1641790 505
1641800 509
1641810 509
1641820 512
1641830 514
1641840 514
1641850 517
1641860 521
1641870 521
1641880 525
1641890 530
1641900 530
1641910 532
1641920 533
1641930 533
1641940 535
1641950 535
1641960 535
1641970 535
1641980 536
1641990 536
1642000 538
1642010 539
1642020 539
1642030 540
1642040 541
1642050 542
1642060 542
1642070 544
1642080 545
1642090 545
1642100 546
1642110 547
1642120 547
1642130 548
1642140 549
1642150 549
1642160 551
1642170 553
1642180 553
1642190 555
1642200 558
1642210 558
1642220 561
1642230 564
1642240 564
1642250 567
1642260 570
1642270 570
1642280 573
1642290 577
1642300 577
1642310 580
1642320 582
1642330 582
1642340 585
1642350 588
1642360 588
1642370 591
1642380 593
1642390 593
1642400 594
1642410 596
1642420 600
1642430 600
1642440 602
1642450 604
1642460 604
1642470 606
1642480 610
1642490 610
1642500 614
1642510 618
1642520 618
1642530 622
1642540 625
1642550 625
1642560 628
1642570 631
1642580 631
1642590 634
1642600 636
1642610 636
1642620 639
1642630 642
1642640 642
1642650 645
1642660 648
1642670 648
1642680 651
1642690 653
1642700 653
1642710 657
1642720 659
1642730 659
1642740 660
1642750 663
1642760 663
1642770 665
1642780 666
1642790 666
1642800 666
1642810 667
1642820 671
1642830 671
1642840 674
1642850 678
1642860 678
1642870 682
1642880 684
1642890 684
1642900 687
1642910 690
1642920 690
1642930 693
1642940 698
1642950 698
1642960 701
1642970 705
1642980 705
1642990 705
1643000 706
1643010 706
1643020 709
1643030 712
1643040 712
1643050 713
1643060 714
1643070 714
1643080 716
1643090 718
1643100 720
1643110 722
1643120 725
1643130 725
1643140 728
1643150 731
1643160 731
1643170 731
1643180 732
1643190 732
1643200 735
1643210 738
1643220 740
1643230 740
1643240 741
1643250 742
1643260 742
1643270 747
1643280 751
1643290 751
1643300 756
1643310 759
1643320 759
1643330 760
1643340 761
1643350 761
1643360 765
1643370 768
1643380 768
1643390 769
1643400 770
1643410 770
1643420 773
1643430 777
1643440 777
1643450 784
1643460 793
1643470 793
1643480 797
1643490 799
1643500 799
1643510 803
1643520 806
1643530 806
1643540 809
1643550 811
1643560 811
1643570 810
1643580 810
1643590 810
1643600 812
1643610 818
1643620 825
1643630 825
1643640 832
1643650 840
1643660 840
1643670 849
1643680 857
1643690 857
1643700 869
1643710 878
1643720 878
1643730 885
1643740 893
1643750 893
1643760 900
1643770 908
1643780 908
1643790 914
1643800 921
1643810 921
1643820 927
1643830 934
1643840 934
1643850 937
1643860 938
1643870 938
1643880 937
1643890 935
1643900 935
1643910 932
1643920 931
1643930 931
1643940 930
1643950 930
1643960 930
1643970 929
1643980 929
1643990 928
1644000 928
1644010 928
1644020 927
1644030 927
1644040 926
1644050 928
1644060 928
1644070 929
1644080 930
1644090 930
1644100 931
1644110 934
1644120 934
1644130 938
1644140 941
1644150 941
1644160 944
1644170 946
1644180 946
1644190 949
1644200 951
1644210 951
1644220 952
1644230 953
1644240 953
1644250 953
1644260 952
1644270 952
1644280 950
1644290 948
1644300 948
1644310 947
1644320 946
1644330 946
1644340 947
1644350 949
1644360 949
1644370 953
1644380 956
1644390 959
1644400 959
1644410 961
1644420 963
1644430 963
1644440 965
1644450 967
1644460 967
1644470 967
1644480 968
1644490 968
1644500 970
1644510 972
1644520 972
1644530 975
1644540 978
1644550 978
1644560 979
1644570 980
1644580 980
1644590 982
1644600 985
1644610 985
1644620 987
1644630 988
1644640 988
1644650 989
1644660 989
1644670 989
1644680 989
1644690 989
1644700 989
1644710 994
1644720 993
1644730 993
1644740 994
1644750 995
1644760 995
1644770 996
1644780 999
1644790 1002
1644800 1002
1644810 1004
1644820 1005
1644830 1005
1644840 1007
1644850 1010
1644860 1010
1644870 1012
1644880 1014
1644890 1014
1644900 1017
1644910 1018
1644920 1018
1644930 1019
1644940 1021
1644950 1021
1644960 1022
1644970 1024
1644980 1024
1644990 1026
1645000 1028
1645010 1028
1645020 1029
1645030 1031
1645040 1031
1645050 1033
1645060 1035
1645070 1035
1645080 1037
1645090 1038
1645100 1038
1645110 1040
1645120 1042
1645130 1042
1645140 1043
1645150 1044
1645160 1044
1645170 1045
1645180 1046
1645190 1046
1645200 1046
1645210 1049
1645220 1051
1645230 1051
1645240 1053
1645250 1055
1645260 1055
1645270 1057
1645280 1058
1645290 1058
1645300 1059
1645310 1060
1645320 1060
1645330 1060
1645340 1060
1645350 1060
1645360 1059
1645370 1058
1645380 1058
1645390 1059
1645400 1059
1645410 1059
1645420 1059
1645430 1059
1645440 1059
1645450 1060
1645460 1058
1645470 1058
1645480 1054
1645490 1055
1645500 1055
1645510 1059
1645520 1059
1645530 1059
1645540 1057
1645550 1055
1645560 1052
1645570 1052
1645580 1048
1645590 1046
1645600 1046
1645610 1044
1645620 1042
1645630 1042
1645640 1040
1645650 1038
1645660 1038
1645670 1036
1645680 1034
1645690 1034
1645700 1032
1645710 1029
1645720 1029
1645730 1026
1645740 1023
1645750 1023
1645760 1021
1645770 1018
1645780 1018
1645790 1016
1645800 1015
1645810 1015
1645820 1012
1645830 1010
1645840 1010
1645850 1008
1645860 1007
1645870 1007
1645880 1007
1645890 1005
1645900 1005
1645910 1003
1645920 1001
1645930 1001
1645940 999
1645950 997
1645960 994
1645970 994
1645980 991
1645990 987
1646000 987
1646010 984
1646020 983
1646030 983
1646040 984
1646050 984
1646060 984
1646070 982
1646080 978
1646090 978
1646100 974
1646110 969
1646120 969
1646130 963
1646140 958
1646150 958
1646160 955
1646170 951
1646180 951
1646190 949
1646200 946
1646210 946
1646220 942
1646230 940
1646240 940
1646250 938
1646260 939
1646270 939
1646280 937
1646290 932
1646300 936
1646310 932
1646320 928
1646330 928
1646340 924
1646350 921
1646360 919
1646370 919
1646380 918
1646390 914
1646400 914
1646410 909
1646420 905
1646430 905
1646440 902
1646450 899
1646460 899
1646470 897
1646480 894
1646490 894
1646500 890
1646510 887
1646520 887
1646530 886
1646540 885
1646550 885
1646560 882
1646570 880
1646580 880
1646590 878
1646600 875
1646610 875
1646620 872
1646630 868
1646640 868
1646650 866
1646660 864
1646670 864
1646680 862
1646690 859
1646700 859
1646710 856
1646720 854
1646730 854
1646740 852
1646750 851
1646760 848
1646770 848
1646780 846
1646790 844
1646800 844
1646810 842
1646820 838
1646830 838
1646840 834
1646850 834
1646860 834
1646870 835
1646880 831
1646890 831
1646900 826
1646910 829
1646920 829
1646930 831
1646940 832
1646950 832
1646960 835
1646970 836
1646980 836
1646990 837
1647000 839
1647010 839
1647020 843
1647030 846
1647040 846
1647050 848
1647060 849
1647070 849
1647080 852
1647090 854
1647100 854
1647110 854
1647120 855
1647130 855
1647140 858
1647150 860
1647160 861
1647170 861
1647180 862
1647190 863
1647200 863
1647210 863
1647220 863
1647230 863
1647240 864
1647250 864
1647260 864
1647270 865
1647280 866
1647290 866
1647300 868
1647310 868
1647320 868
1647330 870
1647340 872
1647350 872
1647360 874
1647370 876
1647380 876
1647390 878
1647400 880
1647410 880
1647420 882
1647430 884
1647440 884
1647450 884
1647460 883
1647470 883
1647480 881
1647490 879
1647500 879
1647510 878
1647520 878
1647530 877
1647540 877
1647550 878
1647560 878
1647570 878
1647580 879
1647590 878
1647600 878
1647610 878
1647620 877
1647630 877
1647640 876
1647650 876
1647660 876
1647670 875
1647680 873
1647690 873
1647700 871
1647710 870
1647720 870
1647730 870
1647740 872
1647750 872
1647760 875
1647770 877
1647780 877
1647790 879
1647800 878
1647810 878
1647820 880
1647830 882
1647840 882
1647850 883
1647860 885
1647870 885
1647880 887
1647890 887
1647900 887
1647910 887
1647920 887
1647930 888
1647940 888
1647950 888
1647960 888
1647970 888
1647980 886
1647990 885
1648000 885
1648010 885
1648020 886
1648030 886
1648040 886
1648050 886
1648060 886
1648070 887
1648080 887
1648090 887
1648100 888
1648110 887
1648120 887
1648130 887
1648140 887
1648150 887
1648160 887
1648170 887
1648180 887
1648190 888
1648200 890
1648210 890
1648220 892
1648230 896
1648240 896
1648250 900
1648260 904
1648270 904
1648280 904
1648290 900
1648300 900
1648310 896
1648320 892
1648330 892
1648340 892
1648350 890
1648360 888
1648370 888
1648380 890
1648390 894
1648400 894
1648410 896
1648420 898
1648430 898
1648440 899
1648450 901
1648460 901
1648470 904
1648480 906
1648490 906
1648500 906
1648510 907
1648520 907
1648530 909
1648540 910
1648550 910
1648560 910
1648570 911
1648580 911
1648590 912
1648600 915
1648610 915
1648620 913
1648630 911
1648640 911
1648650 911
1648660 913
1648670 913
1648680 913
1648690 914
1648700 914
1648710 917
1648720 920
1648730 925
1648740 925
1648750 927
1648760 928
1648770 928
1648780 929
1648790 931
1648800 931
1648810 933
1648820 934
1648830 934
1648840 936
1648850 937
1648860 937
1648870 937
1648880 937
1648890 937
1648900 937
1648910 938
1648920 938
1648930 940
1648940 942
1648950 942
1648960 944
1648970 945
1648980 945
1648990 949
1649000 954
1649010 954
1649020 956
1649030 959
1649040 959
1649050 964
1649060 968
1649070 968
1649080 972
1649090 976
1649100 976
1649110 980
1649120 984
1649130 990
1649140 990
1649150 996
1649160 1002
1649170 1002
1649180 1006
1649190 1011
1649200 1011
1649210 1017
1649220 1022
1649230 1022
1649240 1026
1649250 1029
1649260 1029
1649270 1032
1649280 1036
1649290 1036
1649300 1038
1649310 1040
1649320 1040
1649330 1043
1649340 1045
1649350 1045
1649360 1047
1649370 1047
1649380 1047
1649390 1046
1649400 1046
1649410 1046
1649420 1047
1649430 1049
1649440 1048
1649450 1051
1649460 1053
1649470 1053
1649480 1055
1649490 1059
1649500 1065
1649510 1065
1649520 1069
1649530 1073
1649540 1073
1649550 1077
1649560 1079
1649570 1079
1649580 1082
1649590 1084
1649600 1084
1649610 1086
1649620 1086
1649630 1086
1649640 1088
1649650 1091
1649660 1091
1649670 1095
1649680 1096
1649690 1096
1649700 1097
1649710 1099
1649720 1099
1649730 1101
1649740 1101
1649750 1101
1649760 1101
1649770 1101
1649780 1101
1649790 1101
1649800 1102
1649810 1102
1649820 1104
1649830 1107
1649840 1107
1649850 1110
1649860 1113
1649870 1113
1649880 1115
1649890 1118
1649900 1120
1649910 1120
1649920 1121
1649930 1124
1649940 1124
1649950 1127
1649960 1127
1649970 1127
1649980 1124
1649990 1120
1650000 1120
1650010 1117
1650020 1110
1650030 1110
1650040 1108
1650050 1109
1650060 1109
1650070 1109
1650080 1109
1650090 1109
1650100 1108
1650110 1107
1650120 1107
1650130 1107
1650140 1108
1650150 1108
1650160 1110
1650170 1111
1650180 1111
1650190 1112
1650200 1112
1650210 1112
1650220 1120
1650230 1121
1650240 1121
1650250 1124
1650260 1127
1650270 1127
1650280 1131
1650290 1134
1650300 1136
1650310 1136
1650320 1134
1650330 1131
1650340 1131
1650350 1127
1650360 1125
1650370 1125
1650380 1126
1650390 1125
1650400 1125
1650410 1124
1650420 1124
1650430 1124
1650440 1125
1650450 1128
1650460 1128
1650470 1132
1650480 1136
1650490 1136
1650500 1133
1650510 1127
1650520 1127
1650530 1123
1650540 1120
1650550 1120
1650560 1118
1650570 1118
1650580 1118
1650590 1118
1650600 1120
1650610 1120
1650620 1122
1650630 1122
1650640 1122
1650650 1124
1650660 1128
1650670 1128
1650680 1131
1650690 1132
1650700 1130
1650710 1130
1650720 1127
1650730 1125
1650740 1125
1650750 1122
1650760 1121
1650770 1121
1650780 1120
1650790 1120
1650800 1120
1650810 1121
1650820 1121
1650830 1121
1650840 1121
1650850 1122
1650860 1122
1650870 1123
1650880 1125
1650890 1125
1650900 1125
1650910 1125
1650920 1125
1650930 1128
1650940 1131
1650950 1131
1650960 1135
1650970 1138
1650980 1138
1650990 1147
1651000 1151
1651010 1151
1651020 1155
1651030 1160
1651040 1160
1651050 1166
1651060 1168
1651070 1171
1651080 1171
1651090 1172
1651100 1173
1651110 1173
1651120 1175
1651130 1176
1651140 1176
1651150 1178
1651160 1179
1651170 1179
1651180 1182
1651190 1185
1651200 1185
1651210 1188
1651220 1192
1651230 1192
1651240 1196
1651250 1199
1651260 1199
1651270 1201
1651280 1201
1651290 1201
1651300 1201
1651310 1201
1651320 1201
1651330 1201
1651340 1201
1651350 1201
1651360 1200
1651370 1199
1651380 1199
1651390 1197
1651400 1195
1651410 1195
1651420 1194
1651430 1193
1651440 1193
1651450 1193
1651460 1195
1651470 1199
1651480 1199
1651490 1204
1651500 1209
1651510 1209
1651520 1213
1651530 1217
1651540 1217
1651550 1221
1651560 1225
1651570 1225
1651580 1228
1651590 1232
1651600 1232
1651610 1234
1651620 1237
1651630 1237
1651640 1240
1651650 1244
1651660 1244
1651670 1247
1651680 1251
1651690 1251
1651700 1254
1651710 1258
1651720 1258
1651730 1263
1651740 1268
1651750 1268
1651760 1272
1651770 1278
1651780 1278
1651790 1284
1651800 1290
1651810 1290
1651820 1297
1651830 1303
1651840 1303
1651850 1310
1651860 1316
1651870 1323
1651880 1323
1651890 1329
1651900 1334
1651910 1334
1651920 1340
1651930 1344
1651940 1344
1651950 1348
1651960 1349
1651970 1349
1651980 1350
1651990 1350
1652000 1350
1652010 1348
1652020 1345
1652030 1345
1652040 1340
1652050 1335
1652060 1335
1652070 1330
1652080 1326
1652090 1326
1652100 1321
1652110 1316
1652120 1316
1652130 1312
1652140 1308
1652150 1308
1652160 1303
1652170 1297
1652180 1297
1652190 1293
1652200 1289
1652210 1289
1652220 1284
1652230 1279
1652240 1279
1652250 1273
1652260 1266
1652270 1259
1652280 1259
1652290 1253
1652300 1247
1652310 1247
1652320 1242
1652330 1239
1652340 1239
1652350 1236
1652360 1234
1652370 1234
1652380 1232
1652390 1229
1652400 1229
1652410 1223
1652420 1217
1652430 1217
1652440 1213
1652450 1208
1652460 1208
1652470 1201
1652480 1195
1652490 1195
1652500 1189
1652510 1183
1652520 1174
1652530 1169
1652540 1168
1652550 1168
1652560 1170
1652570 1170
1652580 1170
1652590 1164
1652600 1160
1652610 1160
1652620 1159
1652630 1163
1652640 1159
1652650 1159
1652660 1161
1652670 1167
1652680 1167
1652690 1168
1652700 1167
1652710 1167
1652720 1164
1652730 1158
1652740 1158
1652750 1150
1652760 1142
1652770 1142
1652780 1139
1652790 1143
1652800 1143
1652810 1147
1652820 1144
1652830 1144
1652840 1143
1652850 1138
1652860 1138
1652870 1128
1652880 1119
1652890 1119
1652900 1083
1652910 1058
1652920 1058
1652930 1054
1652940 1049
1652950 1049
1652960 1044
1652970 1040
1652980 1040
1652990 1035
1653000 1031
1653010 1031
1653020 1026
1653030 1021
1653040 1015
1653050 1015
1653060 1010
1653070 1005
1653080 1005
1653090 997
1653100 993
1653110 993
1653120 1002
1653130 1009
1653140 1009
1653150 1015
1653160 1022
1653170 1022
1653180 1028
1653190 1035
1653200 1035
1653210 1042
1653220 1049
1653230 1049
1653240 1057
1653250 1072
1653260 1072
1653270 1092
1653280 1106
1653290 1106
1653300 1131
1653310 1147
1653320 1147
1653330 1161
1653340 1171
1653350 1171
1653360 1184
1653370 1194
1653380 1194
1653390 1200
1653400 1205
1653410 1205
1653420 1211
1653430 1219
1653440 1226
1653450 1226
1653460 1233
1653470 1239
1653480 1239
1653490 1246
1653500 1252
1653510 1252
1653520 1257
1653530 1262
1653540 1262
1653550 1265
1653560 1268
1653570 1268
1653580 1270
1653590 1272
1653600 1272
1653610 1274
1653620 1275
1653630 1275
1653640 1275
1653650 1276
1653660 1276
1653670 1275
1653680 1275
1653690 1275
1653700 1275
1653710 1273
1653720 1273
1653730 1271
1653740 1271
1653750 1271
1653760 1270
1653770 1270
1653780 1270
1653790 1267
1653800 1259
1653810 1259
1653820 1253
1653830 1253
1653840 1256
1653850 1256
1653860 1248
1653870 1245
1653880 1245
1653890 1244
1653900 1242
1653910 1242
1653920 1242
1653930 1244
1653940 1244
1653950 1243
1653960 1242
1653970 1242
1653980 1242
1653990 1243
1654000 1243
1654010 1244
1654020 1247
1654030 1247
1654040 1247
1654050 1247
1654060 1247
1654070 1243
1654080 1245
1654090 1245
1654100 1251
1654110 1255
1654120 1255
1654130 1257
1654140 1259
1654150 1259
1654160 1260
1654170 1260
1654180 1260
1654190 1259
1654200 1258
1654210 1258
1654220 1257
1654230 1256
1654240 1258
1654250 1258
1654260 1257
1654270 1255
1654280 1255
1654290 1256
1654300 1256
1654310 1256
1654320 1256
1654330 1259
1654340 1259
1654350 1263
1654360 1267
1654370 1267
1654380 1273
1654390 1280
1654400 1280
1654410 1286
1654420 1292
1654430 1292
1654440 1297
1654450 1303
1654460 1303
1654470 1313
1654480 1321
1654490 1321
1654500 1329
1654510 1336
1654520 1336
1654530 1341
1654540 1348
1654550 1348
1654560 1354
1654570 1360
1654580 1360
1654590 1367
1654600 1375
1654610 1382
1654620 1382
1654630 1386
1654640 1388
1654650 1388
1654660 1390
1654670 1390
1654680 1390
1654690 1390
1654700 1391
1654710 1391
1654720 1393
1654730 1394
1654740 1394
1654750 1396
1654760 1400
1654770 1400
1654780 1404
1654790 1404
1654800 1404
1654810 1408
1654820 1410
1654830 1410
1654840 1414
1654850 1418
1654860 1418
1654870 1423
1654880 1427
1654890 1427
1654900 1432
1654910 1439
1654920 1439
1654930 1450
1654940 1455
1654950 1455
1654960 1458
1654970 1459
1654980 1459
1654990 1459
1655000 1463
1655010 1468
1655020 1468
1655030 1472
1655040 1475
1655050 1475
1655060 1476
1655070 1479
1655080 1479
1655090 1481
1655100 1485
1655110 1485
1655120 1489
1655130 1494
1655140 1494
1655150 1499
1655160 1505
1655170 1505
1655180 1510
1655190 1516
1655200 1516
1655210 1520
1655220 1522
1655230 1522
1655240 1519
1655250 1516
1655260 1516
1655270 1514
1655280 1513
1655290 1513
1655300 1514
1655310 1515
1655320 1515
1655330 1515
1655340 1514
1655350 1514
1655360 1520
1655370 1526
1655380 1526
1655390 1531
1655400 1535
1655410 1538
1655420 1538
1655430 1542
1655440 1547
1655450 1547
1655460 1550
1655470 1554
1655480 1554
1655490 1557
1655500 1561
1655510 1561
1655520 1563
1655530 1565
1655540 1560
1655550 1563
1655560 1566
1655570 1566
1655580 1567
1655590 1567
1655600 1567
1655610 1571
1655620 1583
1655630 1583
1655640 1630
1655650 1656
1655660 1656
1655670 1677
1655680 1698
1655690 1698
1655700 1708
1655710 1703
1655720 1703
1655730 1697
1655740 1700
1655750 1700
1655760 1706
1655770 1700
1655780 1700
1655790 1694
1655800 1681
1655810 1677
1655820 1677
1655830 1679
1655840 1686
1655850 1686
1655860 1686
1655870 1688
1655880 1688
1655890 1685
1655900 1695
1655910 1695
1655920 1712
1655930 1717
1655940 1717
1655950 1727
1655960 1741
1655970 1741
1655980 1736
1655990 1728
1656000 1728
1656010 1729
1656020 1736
1656030 1736
1656040 1745
1656050 1754
1656060 1754
1656070 1751
1656080 1747
1656090 1747
1656100 1745
1656110 1762
1656120 1762
1656130 1776
1656140 1775
1656150 1775
1656160 1762
1656170 1757
1656180 1757
1656190 1764
1656200 1768
1656210 1773
1656220 1773
1656230 1778
1656240 1779
1656250 1779
1656260 1782
1656270 1785
1656280 1785
1656290 1786
1656300 1792
1656310 1792
1656320 1800
1656330 1814
1656340 1814
1656350 1817
1656360 1815
1656370 1815
1656380 1819
1656390 1830
1656400 1830
1656410 1833
1656420 1841
1656430 1841
1656440 1843
1656450 1836
1656460 1836
1656470 1819
1656480 1781
1656490 1781
1656500 1739
1656510 1717
1656520 1717
1656530 1699
1656540 1690
1656550 1690
1656560 1688
1656570 1688
1656580 1706
1656590 1706
1656600 1709
1656610 1689
1656620 1689
1656630 1689
1656640 1692
1656650 1692
1656660 1700
1656670 1698
1656680 1698
1656690 1696
1656700 1697
1656710 1697
1656720 1699
1656730 1703
1656740 1703
1656750 1717
1656760 1740
1656770 1740
1656780 1744
1656790 1744
1656800 1744
1656810 1754
1656820 1768
1656830 1768
1656840 1775
1656850 1780
1656860 1780
1656870 1786
1656880 1786
1656890 1786
1656900 1792
1656910 1796
1656920 1796
1656930 1797
1656940 1798
1656950 1798
1656960 1803
1656970 1797
1656980 1790
1656990 1790
1657000 1788
1657010 1789
1657020 1789
1657030 1791
1657040 1777
1657050 1777
1657060 1759
1657070 1746
1657080 1746
1657090 1735
1657100 1735
1657110 1735
1657120 1736
1657130 1735
1657140 1735
1657150 1726
1657160 1727
1657170 1727
1657180 1740
1657190 1747
1657200 1747
1657210 1753
1657220 1747
1657230 1747
1657240 1744
1657250 1738
1657260 1738
1657270 1731
1657280 1731
1657290 1731
1657300 1740
1657310 1750
1657320 1750
1657330 1759
1657340 1764
1657350 1764
1657360 1764
1657370 1767
1657380 1768
1657390 1768
1657400 1763
1657410 1759
1657420 1759
1657430 1755
1657440 1752
1657450 1752
1657460 1749
1657470 1745
1657480 1745
1657490 1741
1657500 1737
1657510 1737
1657520 1733
1657530 1730
1657540 1730
1657550 1726
1657560 1722
1657570 1722
1657580 1718
1657590 1714
1657600 1714
1657610 1712
1657620 1712
1657630 1712
1657640 1708
1657650 1706
1657660 1706
1657670 1703
1657680 1698
1657690 1698
1657700 1695
1657710 1692
1657720 1692
1657730 1688
1657740 1684
1657750 1684
1657760 1679
1657770 1674
1657780 1665
1657790 1665
1657800 1661
1657810 1659
1657820 1659
1657830 1661
1657840 1664
1657850 1664
1657860 1663
1657870 1664
1657880 1664
1657890 1667
1657900 1672
1657910 1672
1657920 1676
1657930 1680
1657940 1680
1657950 1685
1657960 1690
1657970 1690
1657980 1695
1657990 1700
1658000 1700
1658010 1706
1658020 1711
1658030 1711
1658040 1715
1658050 1719
1658060 1719
1658070 1723
1658080 1726
1658090 1726
1658100 1728
1658110 1729
1658120 1729
1658130 1729
1658140 1731
1658150 1733
1658160 1733
1658170 1734
1658180 1736
1658190 1736
1658200 1739
1658210 1741
1658220 1741
1658230 1744
1658240 1747
1658250 1747
1658260 1750
1658270 1752
1658280 1752
1658290 1754
1658300 1755
1658310 1755
1658320 1756
1658330 1756
1658340 1756
1658350 1752
1658360 1750
1658370 1750
1658380 1745
1658390 1742
1658400 1742
1658410 1736
1658420 1741
1658430 1741
1658440 1747
1658450 1748
1658460 1748
1658470 1751
1658480 1754
1658490 1754
1658500 1756
1658510 1754
1658520 1754
1658530 1755
1658540 1755
1658550 1755
1658560 1755
1658570 1758
1658580 1759
1658590 1759
1658600 1759
1658610 1759
1658620 1759
1658630 1760
1658640 1761
1658650 1761
1658660 1762
1658670 1763
1658680 1763
1658690 1762
1658700 1759
1658710 1759
1658720 1761
1658730 1763
1658740 1763
1658750 1766
1658760 1768
1658770 1768
1658780 1770
1658790 1772
1658800 1772
1658810 1772
1658820 1769
1658830 1769
1658840 1761
1658850 1753
1658860 1753
1658870 1748
1658880 1744
1658890 1744
1658900 1742
1658910 1740
1658920 1740
1658930 1738
1658940 1738
1658950 1741
1658960 1741
1658970 1746
1658980 1750
1658990 1750
1659000 1751
1659010 1745
1659020 1745
1659030 1726
1659040 1706
1659050 1706
1659060 1699
1659070 1692
1659080 1692
1659090 1683
1659100 1670
1659110 1670
1659120 1651
1659130 1641
1659140 1641
1659150 1634
1659160 1627
1659170 1627
1659180 1620
1659190 1613
1659200 1613
1659210 1606
1659220 1599
1659230 1599
1659240 1593
1659250 1589
1659260 1589
1659270 1584
1659280 1579
1659290 1579
1659300 1574
1659310 1571
1659320 1571
1659330 1567
1659340 1562
1659350 1562
1659360 1562
1659370 1560
1659380 1558
1659390 1558
1659400 1558
1659410 1560
1659420 1560
1659430 1560
1659440 1559
1659450 1559
1659460 1555
1659470 1555
1659480 1555
1659490 1559
1659500 1561
1659510 1561
1659520 1559
1659530 1558
1659540 1558
1659550 1559
1659560 1561
1659570 1561
1659580 1563
1659590 1564
1659600 1564
1659610 1566
1659620 1567
1659630 1567
1659640 1567
1659650 1567
1659660 1567
1659670 1565
1659680 1563
1659690 1563
1659700 1563
1659710 1564
1659720 1564
1659730 1564
1659740 1564
1659750 1564
1659760 1564
1659770 1564
1659780 1563
1659790 1563
1659800 1561
1659810 1560
1659820 1560
1659830 1558
1659840 1557
1659850 1557
1659860 1557
1659870 1558
1659880 1558
1659890 1561
1659900 1563
1659910 1563
1659920 1563
1659930 1565
1659940 1565
1659950 1566
1659960 1565
1659970 1565
1659980 1566
1659990 1564
