1640000 1216
1640010 1217
1640020 1217
1640030 1220
1640040 1219
1640050 1219
1640060 1217
1640070 1216
1640080 1216
1640090 1216
1640100 1213
1640110 1213
1640120 1213
1640130 1214
1640140 1214
1640150 1212
1640160 1211
1640170 1211
1640180 1210
1640190 1204
1640200 1204
1640210 1204
1640220 1204
1640230 1204
1640240 1197
1640250 1189
1640260 1187
1640270 1187
1640280 1189
1640290 1189
1640300 1189
1640310 1184
1640320 1184
1640330 1184
1640340 1185
1640350 1187
1640360 1187
1640370 1193
1640380 1197
1640390 1197
1640400 1193
1640410 1182
1640420 1182
1640430 1174
1640440 1174
1640450 1174
1640460 1173
1640470 1171
1640480 1171
1640490 1170
1640500 1169
1640510 1169
1640520 1166
1640530 1164
1640540 1164
1640550 1162
1640560 1161
1640570 1161
1640580 1162
1640590 1163
1640600 1163
1640610 1159
1640620 1153
1640630 1153
1640640 1149
1640650 1147
1640660 1138
1640670 1138
1640680 1139
1640690 1138
1640700 1138
1640710 1133
1640720 1125
1640730 1125
1640740 1117
1640750 1116
1640760 1116
1640770 1112
1640780 1109
1640790 1109
1640800 1113
1640810 1109
1640820 1109
1640830 1101
1640840 1090
1640850 1090
1640860 1077
1640870 1067
1640880 1067
1640890 1058
1640900 1044
1640910 1044
1640920 1034
1640930 1027
1640940 1027
1640950 1021
1640960 1020
1640970 1020
1640980 1020
1640990 1011
1641000 1011
1641010 996
1641020 977
1641030 977
1641040 966
1641050 959
1641060 952
1641070 952
1641080 945
1641090 938
1641100 938
1641110 930
1641120 923
1641130 923
1641140 917
1641150 910
1641160 910
1641170 903
1641180 896
1641190 896
1641200 890
1641210 883
1641220 883
1641230 876
1641240 870
1641250 870
1641260 863
1641270 856
1641280 856
1641290 848
1641300 841
1641310 841
1641320 835
1641330 829
1641340 829
1641350 822
1641360 814
1641370 814
1641380 807
1641390 798
1641400 798
1641410 791
1641420 785
1641430 785
1641440 780
1641450 775
1641460 769
1641470 769
1641480 761
1641490 754
1641500 754
1641510 747
1641520 741
1641530 741
1641540 735
1641550 730
1641560 730
1641570 724
1641580 717
1641590 717
1641600 712
1641610 708
1641620 708
1641630 704
1641640 701
1641650 701
1641660 699
1641670 699
1641680 699
1641690 696
1641700 692
1641710 692
1641720 691
1641730 691
1641740 691
1641750 692
1641760 690
1641770 690
1641780 688
1641790 686
1641800 686
1641810 686
1641820 685
1641830 685
1641840 684
1641850 683
1641860 683
1641870 683
1641880 685
1641890 688
1641900 688
1641910 690
1641920 690
1641930 690
1641940 689
1641950 689
1641960 689
1641970 690
1641980 694
1641990 694
1642000 698
1642010 708
1642020 708
1642030 715
1642040 720
1642050 720
1642060 725
1642070 728
1642080 728
1642090 724
1642100 713
1642110 713
1642120 707
1642130 706
1642140 706
1642150 709
1642160 711
1642170 711
1642180 708
1642190 696
1642200 696
1642210 686
1642220 681
1642230 681
1642240 678
1642250 676
1642260 676
1642270 674
1642280 675
1642290 683
1642300 683
1642310 685
1642320 687
1642330 687
1642340 690
1642350 694
1642360 694
1642370 698
1642380 688
1642390 688
1642400 672
1642410 662
1642420 662
1642430 655
1642440 645
1642450 645
1642460 634
1642470 628
1642480 628
1642490 623
1642500 617
1642510 617
1642520 613
1642530 607
1642540 607
1642550 602
1642560 591
1642570 591
1642580 577
1642590 569
1642600 569
1642610 567
1642620 566
1642630 566
1642640 562
1642650 557
1642660 557
1642670 553
1642680 552
1642690 552
1642700 552
1642710 556
1642720 564
1642730 564
1642740 570
1642750 567
1642760 567
1642770 540
1642780 528
1642790 528
1642800 524
1642810 512
1642820 512
1642830 505
1642840 511
1642850 511
1642860 505
1642870 496
1642880 496
1642890 490
1642900 484
1642910 484
1642920 481
1642930 480
1642940 480
1642950 479
1642960 474
1642970 474
1642980 466
1642990 462
1643000 462
1643010 461
1643020 461
1643030 461
1643040 471
1643050 496
1643060 496
1643070 514
1643080 527
1643090 527
1643100 540
1643110 564
1643120 577
1643130 577
1643140 589
1643150 601
1643160 601
1643170 616
1643180 630
1643190 630
1643200 631
1643210 623
1643220 623
1643230 619
1643240 614
1643250 614
1643260 620
1643270 632
1643280 632
1643290 649
1643300 675
1643310 675
1643320 712
1643330 747
1643340 747
1643350 743
1643360 721
1643370 721
1643380 709
1643390 704
1643400 704
1643410 722
1643420 740
1643430 740
1643440 737
1643450 731
1643460 731
1643470 718
1643480 708
1643490 708
1643500 708
1643510 711
1643520 717
1643530 717
1643540 721
1643550 721
1643560 721
1643570 724
1643580 727
1643590 727
1643600 729
1643610 731
1643620 731
1643630 734
1643640 736
1643650 736
1643660 740
1643670 744
1643680 744
1643690 745
1643700 745
1643710 745
1643720 744
1643730 742
1643740 742
1643750 740
1643760 736
1643770 736
1643780 732
1643790 725
1643800 725
1643810 722
1643820 720
1643830 720
1643840 718
1643850 717
1643860 717
1643870 716
1643880 715
1643890 715
1643900 713
1643910 710
1643920 708
1643930 708
1643940 704
1643950 701
1643960 701
1643970 702
1643980 702
1643990 702
1644000 703
1644010 704
1644020 704
1644030 704
1644040 703
1644050 703
1644060 700
1644070 696
1644080 696
1644090 691
1644100 685
1644110 685
1644120 679
1644130 674
1644140 674
1644150 668
1644160 662
1644170 662
1644180 656
1644190 649
1644200 649
1644210 642
1644220 636
1644230 636
1644240 629
1644250 623
1644260 623
1644270 618
1644280 613
1644290 613
1644300 609
1644310 606
1644320 602
1644330 602
1644340 599
1644350 597
1644360 597
1644370 594
1644380 591
1644390 591
1644400 588
1644410 586
1644420 586
1644430 584
1644440 581
1644450 581
1644460 579
1644470 577
1644480 577
1644490 575
1644500 573
1644510 573
1644520 572
1644530 570
1644540 570
1644550 570
1644560 569
1644570 569
1644580 564
1644590 560
1644600 560
1644610 558
1644620 554
1644630 554
1644640 552
1644650 551
1644660 551
1644670 550
1644680 549
1644690 549
1644700 549
1644710 532
1644720 532
1644730 528
1644740 522
1644750 518
1644760 518
1644770 518
1644780 520
1644790 520
1644800 523
1644810 530
1644820 530
1644830 537
1644840 545
1644850 545
1644860 550
1644870 556
1644880 556
1644890 559
1644900 562
1644910 562
1644920 565
1644930 569
1644940 569
1644950 572
1644960 575
1644970 575
1644980 578
1644990 581
1645000 581
1645010 584
1645020 587
1645030 587
1645040 590
1645050 592
1645060 592
1645070 596
1645080 601
1645090 601
1645100 606
1645110 610
1645120 610
1645130 613
1645140 618
1645150 624
1645160 624
1645170 629
1645180 634
1645190 634
1645200 639
1645210 643
1645220 643
1645230 648
1645240 652
1645250 652
1645260 654
1645270 657
1645280 657
1645290 662
1645300 669
1645310 669
1645320 675
1645330 682
1645340 682
1645350 689
1645360 695
1645370 695
1645380 700
1645390 704
1645400 704
1645410 708
1645420 712
1645430 712
1645440 718
1645450 724
1645460 724
1645470 731
1645480 745
1645490 745
1645500 752
1645510 779
1645520 779
1645530 789
1645540 799
1645550 804
1645560 804
1645570 811
1645580 823
1645590 823
1645600 838
1645610 841
1645620 841
1645630 836
1645640 829
1645650 829
1645660 825
1645670 823
1645680 823
1645690 823
1645700 828
1645710 828
1645720 825
1645730 820
1645740 820
1645750 813
1645760 808
1645770 808
1645780 808
1645790 808
1645800 808
1645810 809
1645820 811
1645830 811
1645840 811
1645850 811
1645860 811
1645870 811
1645880 812
1645890 812
1645900 813
1645910 814
1645920 814
1645930 814
1645940 815
1645950 815
1645960 817
1645970 820
1645980 824
1645990 824
1646000 829
1646010 833
1646020 833
1646030 836
1646040 839
1646050 839
1646060 842
1646070 843
1646080 843
1646090 845
1646100 846
1646110 846
1646120 847
1646130 848
1646140 848
1646150 849
1646160 849
1646170 849
1646180 849
1646190 849
1646200 849
1646210 851
1646220 860
1646230 860
1646240 874
1646250 877
1646260 877
1646270 866
1646280 863
1646290 863
1646300 861
1646310 871
1646320 871
1646330 885
1646340 900
1646350 900
1646360 914
1646370 920
1646380 913
1646390 913
1646400 918
1646410 923
1646420 923
1646430 928
1646440 933
1646450 933
1646460 935
1646470 936
1646480 936
1646490 936
1646500 933
1646510 933
1646520 931
1646530 939
1646540 939
1646550 935
1646560 922
1646570 922
1646580 921
1646590 932
1646600 932
1646610 941
1646620 947
1646630 947
1646640 955
1646650 968
1646660 968
1646670 976
1646680 977
1646690 977
1646700 970
1646710 965
1646720 965
1646730 948
1646740 940
1646750 940
1646760 944
1646770 961
1646780 967
1646790 967
1646800 971
1646810 974
1646820 974
1646830 982
1646840 983
1646850 983
1646860 968
1646870 956
1646880 956
1646890 949
1646900 937
1646910 937
1646920 918
1646930 908
1646940 908
1646950 904
1646960 902
1646970 902
1646980 900
1646990 897
1647000 897
1647010 895
1647020 894
1647030 894
1647040 893
1647050 893
1647060 893
1647070 893
1647080 892
1647090 892
1647100 900
1647110 898
1647120 898
1647130 896
1647140 886
1647150 886
1647160 881
1647170 879
1647180 879
1647190 879
1647200 877
1647210 876
1647220 876
1647230 874
1647240 872
1647250 872
1647260 873
1647270 873
1647280 873
1647290 865
1647300 858
1647310 858
1647320 851
1647330 848
1647340 848
1647350 849
1647360 861
1647370 861
1647380 870
1647390 862
1647400 862
1647410 860
1647420 875
1647430 875
1647440 893
1647450 894
1647460 894
1647470 893
1647480 893
1647490 893
1647500 895
1647510 903
1647520 903
1647530 914
1647540 920
1647550 920
1647560 928
1647570 924
1647580 924
1647590 918
1647600 913
1647610 908
1647620 908
1647630 908
1647640 912
1647650 912
1647660 914
1647670 911
1647680 911
1647690 905
1647700 898
1647710 898
1647720 890
1647730 888
1647740 888
1647750 891
1647760 893
1647770 893
1647780 890
1647790 884
1647800 884
1647810 886
1647820 891
1647830 891
1647840 895
1647850 902
1647860 902
1647870 909
1647880 920
1647890 920
1647900 927
1647910 935
1647920 935
1647930 942
1647940 947
1647950 947
1647960 950
1647970 945
1647980 945
1647990 938
1648000 933
1648010 930
1648020 930
1648030 925
1648040 924
1648050 924
1648060 922
1648070 917
1648080 917
1648090 915
1648100 915
1648110 915
1648120 914
1648130 908
1648140 908
1648150 904
1648160 900
1648170 900
1648180 897
1648190 896
1648200 896
1648210 892
1648220 887
1648230 887
1648240 885
1648250 883
1648260 883
1648270 880
1648280 877
1648290 877
1648300 873
1648310 870
1648320 870
1648330 867
1648340 862
1648350 862
1648360 857
1648370 851
1648380 851
1648390 846
1648400 843
1648410 843
1648420 840
1648430 836
1648440 833
1648450 833
1648460 830
1648470 827
1648480 827
1648490 824
1648500 821
1648510 821
1648520 817
1648530 813
1648540 813
1648550 809
1648560 806
1648570 806
1648580 802
1648590 798
1648600 798
1648610 795
1648620 796
1648630 796
1648640 799
1648650 801
1648660 801
1648670 805
1648680 808
1648690 808
1648700 812
1648710 816
1648720 816
1648730 821
1648740 826
1648750 826
1648760 832
1648770 839
1648780 839
1648790 847
1648800 851
1648810 851
1648820 855
1648830 861
1648840 867
1648850 867
1648860 873
1648870 880
1648880 880
1648890 885
1648900 886
1648910 886
1648920 885
1648930 884
1648940 884
1648950 883
1648960 882
1648970 882
1648980 878
1648990 874
1649000 874
1649010 869
1649020 865
1649030 865
1649040 864
1649050 864
1649060 864
1649070 863
1649080 862
1649090 862
1649100 861
1649110 860
1649120 860
1649130 859
1649140 860
1649150 860
1649160 861
1649170 861
1649180 861
1649190 857
1649200 853
1649210 853
1649220 849
1649230 843
1649240 837
1649250 837
1649260 832
1649270 826
1649280 826
1649290 820
1649300 815
1649310 815
1649320 812
1649330 811
1649340 811
1649350 811
1649360 814
1649370 814
1649380 816
1649390 814
1649400 814
1649410 813
1649420 814
1649430 814
1649440 819
1649450 823
1649460 823
1649470 827
1649480 835
1649490 835
1649500 852
1649510 861
1649520 861
1649530 867
1649540 869
1649550 869
1649560 869
1649570 868
1649580 868
1649590 866
1649600 862
1649610 862
1649620 857
1649630 856
1649640 856
1649650 859
1649660 865
1649670 871
1649680 871
1649690 877
1649700 879
1649710 879
1649720 878
1649730 874
1649740 874
1649750 873
1649760 874
1649770 874
1649780 873
1649790 876
1649800 876
1649810 879
1649820 880
1649830 880
1649840 880
1649850 879
1649860 879
1649870 880
1649880 882
1649890 882
1649900 884
1649910 886
1649920 886
1649930 885
1649940 880
1649950 880
1649960 878
1649970 877
1649980 877
1649990 878
1650000 882
1650010 882
1650020 884
1650030 884
1650040 884
1650050 884
1650060 884
1650070 883
1650080 883
1650090 883
1650100 884
1650110 884
1650120 889
1650130 895
1650140 895
1650150 901
1650160 907
1650170 907
1650180 912
1650190 920
1650200 920
1650210 926
1650220 924
1650230 924
1650240 928
1650250 934
1650260 934
1650270 940
1650280 944
1650290 944
1650300 949
1650310 951
1650320 951
1650330 953
1650340 955
1650350 955
1650360 957
1650370 960
1650380 960
1650390 963
1650400 967
1650410 967
1650420 971
1650430 975
1650440 975
1650450 979
1650460 982
1650470 986
1650480 986
1650490 989
1650500 993
1650510 993
1650520 996
1650530 998
1650540 998
1650550 1002
1650560 1005
1650570 1005
1650580 1008
1650590 1011
1650600 1011
1650610 1013
1650620 1015
1650630 1015
1650640 1017
1650650 1020
1650660 1020
1650670 1023
1650680 1026
1650690 1026
1650700 1028
1650710 1030
1650720 1030
1650730 1032
1650740 1032
1650750 1032
1650760 1031
1650770 1030
1650780 1030
1650790 1030
1650800 1034
1650810 1034
1650820 1040
1650830 1047
1650840 1047
1650850 1052
1650860 1058
1650870 1062
1650880 1062
1650890 1066
1650900 1069
1650910 1069
1650920 1071
1650930 1073
1650940 1073
1650950 1073
1650960 1073
1650970 1073
1650980 1074
1650990 1075
1651000 1075
1651010 1080
1651020 1085
1651030 1085
1651040 1090
1651050 1094
1651060 1094
1651070 1099
1651080 1103
1651090 1103
1651100 1106
1651110 1109
1651120 1109
1651130 1111
1651140 1113
1651150 1113
1651160 1113
1651170 1113
1651180 1113
1651190 1111
1651200 1107
1651210 1107
1651220 1104
1651230 1101
1651240 1101
1651250 1100
1651260 1101
1651270 1101
1651280 1101
1651290 1100
1651300 1098
1651310 1098
1651320 1094
1651330 1090
1651340 1090
1651350 1085
1651360 1081
1651370 1081
1651380 1077
1651390 1076
1651400 1076
1651410 1075
1651420 1074
1651430 1074
1651440 1069
1651450 1065
1651460 1065
1651470 1066
1651480 1069
1651490 1069
1651500 1073
1651510 1076
1651520 1076
1651530 1080
1651540 1084
1651550 1084
1651560 1088
1651570 1091
1651580 1091
1651590 1096
1651600 1100
1651610 1100
1651620 1105
1651630 1110
1651640 1110
1651650 1115
1651660 1119
1651670 1119
1651680 1123
1651690 1128
1651700 1133
1651710 1133
1651720 1138
1651730 1143
1651740 1143
1651750 1148
1651760 1154
1651770 1154
1651780 1159
1651790 1165
1651800 1165
1651810 1171
1651820 1178
1651830 1178
1651840 1186
1651850 1193
1651860 1193
1651870 1199
1651880 1205
1651890 1205
1651900 1211
1651910 1216
1651920 1216
1651930 1222
1651940 1228
1651950 1228
1651960 1234
1651970 1239
1651980 1239
1651990 1244
1652000 1250
1652010 1250
1652020 1256
1652030 1261
1652040 1261
1652050 1266
1652060 1271
1652070 1271
1652080 1277
1652090 1283
1652100 1287
1652110 1287
1652120 1292
1652130 1295
1652140 1295
1652150 1297
1652160 1300
1652170 1300
1652180 1303
1652190 1308
1652200 1308
1652210 1313
1652220 1318
1652230 1318
1652240 1323
1652250 1329
1652260 1329
1652270 1333
1652280 1337
1652290 1337
1652300 1341
1652310 1346
1652320 1346
1652330 1350
1652340 1355
1652350 1355
1652360 1360
1652370 1364
1652380 1364
1652390 1369
1652400 1374
1652410 1374
1652420 1379
1652430 1384
1652440 1384
1652450 1388
1652460 1393
1652470 1393
1652480 1397
1652490 1401
1652500 1401
1652510 1405
1652520 1409
1652530 1410
1652540 1410
1652550 1414
1652560 1418
1652570 1418
1652580 1422
1652590 1426
1652600 1426
1652610 1429
1652620 1430
1652630 1430
1652640 1430
1652650 1428
1652660 1428
1652670 1428
1652680 1429
1652690 1429
1652700 1433
1652710 1438
1652720 1438
1652730 1441
1652740 1438
1652750 1438
1652760 1434
1652770 1433
1652780 1433
1652790 1434
1652800 1433
1652810 1433
1652820 1434
1652830 1435
1652840 1435
1652850 1440
1652860 1444
1652870 1444
1652880 1444
1652890 1446
1652900 1446
1652910 1450
1652920 1454
1652930 1456
1652940 1456
1652950 1460
1652960 1464
1652970 1464
1652980 1468
1652990 1471
1653000 1471
1653010 1473
1653020 1475
1653030 1475
1653040 1476
1653050 1478
1653060 1478
1653070 1480
1653080 1483
1653090 1483
1653100 1486
1653110 1489
1653120 1489
1653130 1493
1653140 1497
1653150 1497
1653160 1501
1653170 1505
1653180 1505
1653190 1508
1653200 1510
1653210 1510
1653220 1510
1653230 1510
1653240 1510
1653250 1512
1653260 1513
1653270 1513
1653280 1515
1653290 1518
1653300 1518
1653310 1519
1653320 1521
1653330 1522
1653340 1522
1653350 1522
1653360 1523
1653370 1523
1653380 1523
1653390 1522
1653400 1522
1653410 1521
1653420 1521
1653430 1521
1653440 1522
1653450 1522
1653460 1522
1653470 1523
1653480 1524
1653490 1524
1653500 1524
1653510 1523
1653520 1523
1653530 1523
1653540 1522
1653550 1522
1653560 1520
1653570 1517
1653580 1517
1653590 1516
1653600 1514
1653610 1514
1653620 1513
1653630 1512
1653640 1512
1653650 1509
1653660 1506
1653670 1506
1653680 1504
1653690 1501
1653700 1501
1653710 1498
1653720 1494
1653730 1494
1653740 1491
1653750 1491
1653760 1490
1653770 1490
1653780 1488
1653790 1486
1653800 1486
1653810 1486
1653820 1485
1653830 1485
1653840 1482
1653850 1481
1653860 1481
1653870 1479
1653880 1475
1653890 1475
1653900 1472
1653910 1467
1653920 1467
1653930 1464
1653940 1458
1653950 1458
1653960 1451
1653970 1443
1653980 1443
1653990 1436
1654000 1430
1654010 1430
1654020 1423
1654030 1417
1654040 1422
1654050 1416
1654060 1412
1654070 1412
1654080 1407
1654090 1406
1654100 1406
1654110 1405
1654120 1403
1654130 1403
1654140 1403
1654150 1405
1654160 1408
1654170 1408
1654180 1411
1654190 1411
1654200 1411
1654210 1410
1654220 1406
1654230 1406
1654240 1402
1654250 1396
1654260 1396
1654270 1392
1654280 1392
1654290 1392
1654300 1392
1654310 1391
1654320 1391
1654330 1387
1654340 1387
1654350 1387
1654360 1391
1654370 1394
1654380 1394
1654390 1397
1654400 1404
1654410 1404
1654420 1401
1654430 1399
1654440 1399
1654450 1400
1654460 1402
1654470 1402
1654480 1397
1654490 1391
1654500 1391
1654510 1387
1654520 1381
1654530 1381
1654540 1379
1654550 1378
1654560 1377
1654570 1377
1654580 1379
1654590 1384
1654600 1384
1654610 1382
1654620 1380
1654630 1380
1654640 1379
1654650 1378
1654660 1378
1654670 1378
1654680 1379
1654690 1379
1654700 1378
1654710 1372
1654720 1372
1654730 1373
1654740 1369
1654750 1369
1654760 1359
1654770 1348
1654780 1348
1654790 1342
1654800 1351
1654810 1351
1654820 1345
1654830 1340
1654840 1340
1654850 1335
1654860 1329
1654870 1329
1654880 1325
1654890 1319
1654900 1319
1654910 1312
1654920 1306
1654930 1306
1654940 1302
1654950 1298
1654960 1298
1654970 1293
1654980 1288
1654990 1281
1655000 1281
1655010 1274
1655020 1269
1655030 1269
1655040 1266
1655050 1266
1655060 1266
1655070 1263
1655080 1254
1655090 1254
1655100 1243
1655110 1236
1655120 1236
1655130 1234
1655140 1226
1655150 1226
1655160 1223
1655170 1224
1655180 1224
1655190 1227
1655200 1233
1655210 1233
1655220 1235
1655230 1232
1655240 1232
1655250 1228
1655260 1225
1655270 1225
1655280 1217
1655290 1211
1655300 1211
1655310 1204
1655320 1209
1655330 1209
1655340 1214
1655350 1223
1655360 1223
1655370 1233
1655380 1237
1655390 1238
1655400 1238
1655410 1240
1655420 1249
1655430 1249
1655440 1260
1655450 1271
1655460 1271
1655470 1286
1655480 1303
1655490 1303
1655500 1316
1655510 1325
1655520 1325
1655530 1332
1655540 1341
1655550 1340
1655560 1347
1655570 1355
1655580 1355
1655590 1361
1655600 1365
1655610 1365
1655620 1369
1655630 1373
1655640 1373
1655650 1377
1655660 1382
1655670 1382
1655680 1387
1655690 1393
1655700 1393
1655710 1398
1655720 1403
1655730 1403
1655740 1407
1655750 1409
1655760 1409
1655770 1409
1655780 1407
1655790 1405
1655800 1405
1655810 1405
1655820 1405
1655830 1405
1655840 1405
1655850 1404
1655860 1404
1655870 1405
1655880 1406
1655890 1406
1655900 1407
1655910 1407
1655920 1407
1655930 1408
1655940 1409
1655950 1409
1655960 1409
1655970 1408
1655980 1408
1655990 1409
1656000 1412
1656010 1412
1656020 1414
1656030 1415
1656040 1415
1656050 1417
1656060 1418
1656070 1418
1656080 1417
1656090 1419
1656100 1419
1656110 1420
1656120 1421
1656130 1421
1656140 1421
1656150 1420
1656160 1420
1656170 1419
1656180 1417
1656190 1417
1656200 1415
1656210 1414
1656220 1414
1656230 1414
1656240 1414
1656250 1414
1656260 1414
1656270 1415
1656280 1415
1656290 1415
1656300 1416
1656310 1415
1656320 1415
1656330 1415
1656340 1414
1656350 1414
1656360 1412
1656370 1404
1656380 1404
1656390 1391
1656400 1381
1656410 1381
1656420 1373
1656430 1366
1656440 1366
1656450 1358
1656460 1351
1656470 1351
1656480 1345
1656490 1340
1656500 1340
1656510 1337
1656520 1338
1656530 1338
1656540 1335
1656550 1333
1656560 1333
1656570 1336
1656580 1337
1656590 1337
1656600 1333
1656610 1327
1656620 1325
1656630 1325
1656640 1321
1656650 1316
1656660 1316
1656670 1315
1656680 1307
1656690 1307
1656700 1298
1656710 1284
1656720 1284
1656730 1271
1656740 1261
1656750 1261
1656760 1253
1656770 1243
1656780 1243
1656790 1234
1656800 1230
1656810 1230
1656820 1229
1656830 1230
1656840 1230
1656850 1233
1656860 1233
1656870 1233
1656880 1236
1656890 1243
1656900 1243
1656910 1251
1656920 1257
1656930 1257
1656940 1260
1656950 1264
1656960 1264
1656970 1271
1656980 1272
1656990 1272
1657000 1270
1657010 1268
1657020 1266
1657030 1266
1657040 1259
1657050 1262
1657060 1262
1657070 1266
1657080 1267
1657090 1267
1657100 1268
1657110 1269
1657120 1269
1657130 1270
1657140 1269
1657150 1269
1657160 1266
1657170 1261
1657180 1261
1657190 1256
1657200 1254
1657210 1254
1657220 1256
1657230 1256
1657240 1256
1657250 1253
1657260 1249
1657270 1249
1657280 1245
1657290 1241
1657300 1241
1657310 1236
1657320 1231
1657330 1231
1657340 1228
1657350 1227
1657360 1227
1657370 1225
1657380 1219
1657390 1219
1657400 1213
1657410 1208
1657420 1208
1657430 1206
1657440 1201
1657450 1198
1657460 1198
1657470 1199
1657480 1196
1657490 1196
1657500 1190
1657510 1183
1657520 1183
1657530 1176
1657540 1170
1657550 1170
1657560 1167
1657570 1166
1657580 1166
1657590 1167
1657600 1166
1657610 1166
1657620 1165
1657630 1167
1657640 1167
1657650 1170
1657660 1172
1657670 1172
1657680 1175
1657690 1177
1657700 1177
1657710 1180
1657720 1182
1657730 1182
1657740 1185
1657750 1187
1657760 1187
1657770 1189
1657780 1192
1657790 1186
1657800 1190
1657810 1195
1657820 1195
1657830 1197
1657840 1202
1657850 1210
1657860 1210
1657870 1217
1657880 1223
1657890 1223
1657900 1227
1657910 1232
1657920 1232
1657930 1235
1657940 1241
1657950 1241
1657960 1248
1657970 1255
1657980 1255
1657990 1262
1658000 1270
1658010 1270
1658020 1278
1658030 1285
1658040 1285
1658050 1295
1658060 1305
1658070 1305
1658080 1306
1658090 1299
1658100 1299
1658110 1292
1658120 1283
1658130 1283
1658140 1276
1658150 1270
1658160 1270
1658170 1267
1658180 1267
1658190 1267
1658200 1265
1658210 1262
1658220 1262
1658230 1261
1658240 1260
1658250 1254
1658260 1254
1658270 1241
1658280 1232
1658290 1232
1658300 1231
1658310 1229
1658320 1229
1658330 1224
1658340 1217
1658350 1217
1658360 1217
1658370 1210
1658380 1210
1658390 1202
1658400 1196
1658410 1196
1658420 1193
1658430 1189
1658440 1189
1658450 1185
1658460 1180
1658470 1180
1658480 1175
1658490 1169
1658500 1169
1658510 1163
1658520 1155
1658530 1155
1658540 1150
1658550 1144
1658560 1144
1658570 1140
1658580 1138
1658590 1138
1658600 1139
1658610 1140
1658620 1140
1658630 1139
1658640 1136
1658650 1134
1658660 1134
1658670 1132
1658680 1129
1658690 1129
1658700 1125
1658710 1119
1658720 1119
1658730 1120
1658740 1124
1658750 1124
1658760 1129
1658770 1134
1658780 1134
1658790 1138
1658800 1143
1658810 1143
1658820 1145
1658830 1145
1658840 1145
1658850 1146
1658860 1149
1658870 1149
1658880 1152
1658890 1156
1658900 1156
1658910 1160
1658920 1166
1658930 1166
1658940 1172
1658950 1176
1658960 1176
1658970 1177
1658980 1181
1658990 1181
1659000 1185
1659010 1188
1659020 1188
1659030 1191
1659040 1196
1659050 1196
1659060 1201
1659070 1208
1659080 1214
1659090 1214
1659100 1220
1659110 1226
1659120 1226
1659130 1231
1659140 1236
1659150 1236
1659160 1240
1659170 1244
1659180 1244
1659190 1249
1659200 1254
1659210 1254
1659220 1264
1659230 1277
1659240 1277
1659250 1290
1659260 1288
1659270 1288
1659280 1299
1659290 1309
1659300 1309
1659310 1327
1659320 1338
1659330 1338
1659340 1345
1659350 1366
1659360 1366
1659370 1374
1659380 1384
1659390 1384
1659400 1394
1659410 1405
1659420 1405
1659430 1410
1659440 1421
1659450 1421
1659460 1423
1659470 1434
1659480 1443
1659490 1443
1659500 1452
1659510 1457
1659520 1457
1659530 1458
1659540 1459
1659550 1459
1659560 1444
1659570 1437
1659580 1437
1659590 1441
1659600 1451
1659610 1451
1659620 1451
1659630 1451
1659640 1451
1659650 1450
1659660 1448
1659670 1448
1659680 1444
1659690 1432
1659700 1432
1659710 1420
1659720 1416
1659730 1416
1659740 1413
1659750 1415
1659760 1415
1659770 1427
1659780 1441
1659790 1441
1659800 1446
1659810 1447
1659820 1447
1659830 1428
1659840 1420
1659850 1420
1659860 1421
1659870 1424
1659880 1427
1659890 1427
1659900 1424
1659910 1420
1659920 1420
1659930 1421
1659940 1421
1659950 1421
1659960 1422
1659970 1422
1659980 1422
1659990 1414
