1640000 959
1640010 956
1640020 956
1640030 953
1640040 950
1640050 950
1640060 946
1640070 942
1640080 942
1640090 939
1640100 934
1640110 934
1640120 928
1640130 923
1640140 923
1640150 919
1640160 916
1640170 916
1640180 913
1640190 912
1640200 912
1640210 910
1640220 908
1640230 908
1640240 906
1640250 905
1640260 905
1640270 903
1640280 900
1640290 900
1640300 895
1640310 889
1640320 889
1640330 885
1640340 882
1640350 880
1640360 880
1640370 879
1640380 877
1640390 877
1640400 875
1640410 874
1640420 874
1640430 873
1640440 871
1640450 871
1640460 870
1640470 868
1640480 868
1640490 866
1640500 864
1640510 864
1640520 863
1640530 862
1640540 862
1640550 862
1640560 862
1640570 862
1640580 864
1640590 866
1640600 866
1640610 867
1640620 866
1640630 866
1640640 865
1640650 864
1640660 864
1640670 860
1640680 856
1640690 856
1640700 851
1640710 846
1640720 846
1640730 844
1640740 843
1640750 842
1640760 839
1640770 838
1640780 837
1640790 837
1640800 835
1640810 834
1640820 834
1640830 832
1640840 829
1640850 829
1640860 823
1640870 821
1640880 821
1640890 820
1640900 820
1640910 820
1640920 819
1640930 819
1640940 819
1640950 818
1640960 818
1640970 818
1640980 816
1640990 813
1641000 813
1641010 810
1641020 807
1641030 807
1641040 802
1641050 796
1641060 796
1641070 790
1641080 785
1641090 785
1641100 780
1641110 776
1641120 776
1641130 773
1641140 772
1641150 772
1641160 771
1641170 771
1641180 771
1641190 771
1641200 771
1641210 772
1641220 772
1641230 772
1641240 771
1641250 771
1641260 768
1641270 770
1641280 770
1641290 772
1641300 771
1641310 771
1641320 770
1641330 770
1641340 770
1641350 770
1641360 770
1641370 770
1641380 769
1641390 770
1641400 770
1641410 770
1641420 772
1641430 772
1641440 775
1641450 778
1641460 778
1641470 780
1641480 782
1641490 782
1641500 784
1641510 786
1641520 786
1641530 787
1641540 789
1641550 789
1641560 792
1641570 795
1641580 792
1641590 792
1641600 795
1641610 799
1641620 799
1641630 804
1641640 808
1641650 808
1641660 812
1641670 814
1641680 814
1641690 816
1641700 819
1641710 819
1641720 821
1641730 823
1641740 823
1641750 826
1641760 828
1641770 828
1641780 831
1641790 833
1641800 833
1641810 836
1641820 839
1641830 839
1641840 841
1641850 843
1641860 843
1641870 845
1641880 849
1641890 849
1641900 850
1641910 852
1641920 852
1641930 854
1641940 857
1641950 857
1641960 859
1641970 860
1641980 861
1641990 861
1642000 861
1642010 862
1642020 862
1642030 861
1642040 863
1642050 863
1642060 864
1642070 866
1642080 866
1642090 866
1642100 865
1642110 865
1642120 864
1642130 864
1642140 864
1642150 863
1642160 860
1642170 860
1642180 855
1642190 851
1642200 851
1642210 847
1642220 841
1642230 841
1642240 834
1642250 829
1642260 829
1642270 826
1642280 824
1642290 824
1642300 821
1642310 817
1642320 817
1642330 811
1642340 805
1642350 805
1642360 798
1642370 789
1642380 789
1642390 780
1642400 764
1642410 752
1642420 752
1642430 741
1642440 731
1642450 731
1642460 722
1642470 712
1642480 712
1642490 703
1642500 695
1642510 695
1642520 687
1642530 679
1642540 679
1642550 672
1642560 665
1642570 665
1642580 659
1642590 653
1642600 653
1642610 646
1642620 640
1642630 640
1642640 635
1642650 633
1642660 633
1642670 628
1642680 622
1642690 622
1642700 618
1642710 611
1642720 611
1642730 606
1642740 603
1642750 603
1642760 598
1642770 593
1642780 593
1642790 586
1642800 578
1642810 571
1642820 571
1642830 563
1642840 556
1642850 556
1642860 548
1642870 540
1642880 540
1642890 531
1642900 523
1642910 523
1642920 515
1642930 506
1642940 506
1642950 494
1642960 484
1642970 484
1642980 478
1642990 471
1643000 471
1643010 468
1643020 462
1643030 462
1643040 459
1643050 459
1643060 459
1643070 459
1643080 460
1643090 460
1643100 462
1643110 468
1643120 468
1643130 472
1643140 477
1643150 477
1643160 488
1643170 499
1643180 499
1643190 505
1643200 507
1643210 507
1643220 509
1643230 511
1643240 511
1643250 511
1643260 512
1643270 512
1643280 512
1643290 512
1643300 513
1643310 513
1643320 513
1643330 513
1643340 513
1643350 513
1643360 513
1643370 513
1643380 513
1643390 514
1643400 514
1643410 515
1643420 518
1643430 518
1643440 522
1643450 529
1643460 529
1643470 532
1643480 533
1643490 533
1643500 535
1643510 538
1643520 538
1643530 540
1643540 540
1643550 540
1643560 539
1643570 538
1643580 538
1643590 537
1643600 537
1643610 537
1643620 537
1643630 537
1643640 538
1643650 538
1643660 539
1643670 539
1643680 539
1643690 540
1643700 540
1643710 540
1643720 540
1643730 540
1643740 540
1643750 539
1643760 539
1643770 539
1643780 539
1643790 539
1643800 539
1643810 539
1643820 539
1643830 539
1643840 538
1643850 538
1643860 538
1643870 537
1643880 534
1643890 534
1643900 527
1643910 524
1643920 524
1643930 519
1643940 514
1643950 514
1643960 509
1643970 506
1643980 506
1643990 503
1644000 500
1644010 493
1644020 492
1644030 492
1644040 492
1644050 494
1644060 496
1644070 501
1644080 501
1644090 502
1644100 504
1644110 504
1644120 510
1644130 516
1644140 516
1644150 521
1644160 522
1644170 522
1644180 522
1644190 523
1644200 523
1644210 524
1644220 526
1644230 526
1644240 528
1644250 531
1644260 531
1644270 536
1644280 540
1644290 540
1644300 544
1644310 546
1644320 546
1644330 547
1644340 548
1644350 548
1644360 551
1644370 553
1644380 553
1644390 553
1644400 554
1644410 554
1644420 556
1644430 561
1644440 561
1644450 565
1644460 571
1644470 577
1644480 577
1644490 588
1644500 600
1644510 600
1644520 606
1644530 608
1644540 608
1644550 611
1644560 615
1644570 615
1644580 624
1644590 634
1644600 634
1644610 647
1644620 652
1644630 652
1644640 658
1644650 663
1644660 663
1644670 667
1644680 671
1644690 671
1644700 674
1644710 679
1644720 679
1644730 683
1644740 688
1644750 688
1644760 694
1644770 700
1644780 700
1644790 707
1644800 713
1644810 707
1644820 711
1644830 719
1644840 719
1644850 734
1644860 746
1644870 752
1644880 752
1644890 761
1644900 768
1644910 768
1644920 777
1644930 786
1644940 786
1644950 796
1644960 804
1644970 804
1644980 807
1644990 809
1645000 809
1645010 813
1645020 814
1645030 814
1645040 818
1645050 827
1645060 827
1645070 835
1645080 844
1645090 844
1645100 850
1645110 854
1645120 854
1645130 860
1645140 864
1645150 864
1645160 865
1645170 869
1645180 869
1645190 873
1645200 877
1645210 877
1645220 880
1645230 883
1645240 883
1645250 889
1645260 892
1645270 892
1645280 897
1645290 901
1645300 904
1645310 904
1645320 907
1645330 910
1645340 910
1645350 913
1645360 918
1645370 918
1645380 924
1645390 931
1645400 931
1645410 938
1645420 946
1645430 946
1645440 952
1645450 958
1645460 958
1645470 965
1645480 972
1645490 972
1645500 978
1645510 984
1645520 984
1645530 987
1645540 992
1645550 992
1645560 998
1645570 1007
1645580 1007
1645590 1016
1645600 1022
1645610 1012
1645620 1010
1645630 1012
1645640 1012
1645650 1020
1645660 1027
1645670 1027
1645680 1034
1645690 1039
1645700 1042
1645710 1042
1645720 1046
1645730 1052
1645740 1052
1645750 1056
1645760 1058
1645770 1058
1645780 1059
1645790 1063
1645800 1063
1645810 1071
1645820 1079
1645830 1079
1645840 1083
1645850 1086
1645860 1086
1645870 1088
1645880 1091
1645890 1091
1645900 1102
1645910 1109
1645920 1109
1645930 1108
1645940 1111
1645950 1111
1645960 1114
1645970 1120
1645980 1120
1645990 1126
1646000 1134
1646010 1134
1646020 1141
1646030 1147
1646040 1147
1646050 1154
1646060 1161
1646070 1161
1646080 1169
1646090 1174
1646100 1174
1646110 1181
1646120 1188
1646130 1194
1646140 1194
1646150 1200
1646160 1205
1646170 1205
1646180 1210
1646190 1216
1646200 1216
1646210 1221
1646220 1226
1646230 1226
1646240 1230
1646250 1234
1646260 1234
1646270 1239
1646280 1244
1646290 1244
1646300 1249
1646310 1253
1646320 1253
1646330 1257
1646340 1261
1646350 1261
1646360 1265
1646370 1268
1646380 1268
1646390 1271
1646400 1274
1646410 1271
1646420 1272
1646430 1274
1646440 1274
1646450 1275
1646460 1277
1646470 1277
1646480 1279
1646490 1280
1646500 1280
1646510 1281
1646520 1279
1646530 1272
1646540 1272
1646550 1265
1646560 1259
1646570 1259
1646580 1250
1646590 1243
1646600 1243
1646610 1236
1646620 1228
1646630 1228
1646640 1222
1646650 1216
1646660 1216
1646670 1210
1646680 1204
1646690 1204
1646700 1198
1646710 1193
1646720 1193
1646730 1188
1646740 1183
1646750 1183
1646760 1179
1646770 1173
1646780 1173
1646790 1168
1646800 1163
1646810 1163
1646820 1159
1646830 1155
1646840 1155
1646850 1153
1646860 1151
1646870 1151
1646880 1149
1646890 1146
1646900 1146
1646910 1142
1646920 1137
1646930 1131
1646940 1131
1646950 1126
1646960 1121
1646970 1121
1646980 1117
1646990 1113
1647000 1113
1647010 1110
1647020 1107
1647030 1107
1647040 1103
1647050 1099
1647060 1099
1647070 1095
1647080 1091
1647090 1091
1647100 1089
1647110 1085
1647120 1085
1647130 1081
1647140 1076
1647150 1076
1647160 1073
1647170 1070
1647180 1070
1647190 1068
1647200 1063
1647210 1063
1647220 1060
1647230 1056
1647240 1056
1647250 1053
1647260 1051
1647270 1051
1647280 1049
1647290 1047
1647300 1047
1647310 1045
1647320 1042
1647330 1042
1647340 1039
1647350 1038
1647360 1035
1647370 1035
1647380 1031
1647390 1028
1647400 1028
1647410 1024
1647420 1019
1647430 1019
1647440 1016
1647450 1013
1647460 1013
1647470 1011
1647480 1010
1647490 1010
1647500 1009
1647510 1008
1647520 1008
1647530 1006
1647540 1005
1647550 1005
1647560 1004
1647570 1004
1647580 1004
1647590 1004
1647600 1004
1647610 1004
1647620 1005
1647630 1006
1647640 1006
1647650 1008
1647660 1010
1647670 1010
1647680 1010
1647690 1012
1647700 1012
1647710 1013
1647720 1014
1647730 1014
1647740 1014
1647750 1015
1647760 1016
1647770 1016
1647780 1018
1647790 1019
1647800 1019
1647810 1021
1647820 1021
1647830 1021
1647840 1021
1647850 1019
1647860 1019
1647870 1012
1647880 1000
1647890 1000
1647900 992
1647910 985
1647920 985
1647930 977
1647940 970
1647950 970
1647960 964
1647970 960
1647980 960
1647990 956
1648000 950
1648010 950
1648020 946
1648030 944
1648040 944
1648050 944
1648060 946
1648070 946
1648080 947
1648090 947
1648100 947
1648110 946
1648120 947
1648130 947
1648140 947
1648150 945
1648160 945
1648170 941
1648180 942
1648190 947
1648200 947
1648210 954
1648220 960
1648230 960
1648240 965
1648250 968
1648260 968
1648270 968
1648280 967
1648290 967
1648300 966
1648310 966
1648320 966
1648330 965
1648340 966
1648350 966
1648360 967
1648370 968
1648380 968
1648390 969
1648400 969
1648410 969
1648420 968
1648430 968
1648440 968
1648450 967
1648460 966
1648470 966
1648480 965
1648490 963
1648500 963
1648510 962
1648520 959
1648530 959
1648540 956
1648550 951
1648560 951
1648570 945
1648580 938
1648590 933
1648600 933
1648610 926
1648620 927
1648630 927
1648640 932
1648650 933
1648660 933
1648670 931
1648680 930
1648690 930
1648700 929
1648710 925
1648720 925
1648730 928
1648740 929
1648750 929
1648760 936
1648770 934
1648780 934
1648790 933
1648800 932
1648810 932
1648820 931
1648830 930
1648840 930
1648850 928
1648860 928
1648870 928
1648880 927
1648890 927
1648900 927
1648910 927
1648920 928
1648930 928
1648940 929
1648950 929
1648960 929
1648970 930
1648980 931
1648990 931
1649000 932
1649010 932
1649020 933
1649030 933
1649040 937
1649050 940
1649060 940
1649070 944
1649080 947
1649090 947
1649100 949
1649110 951
1649120 951
1649130 956
1649140 962
1649150 962
1649160 963
1649170 961
1649180 961
1649190 957
1649200 953
1649210 953
1649220 948
1649230 944
1649240 944
1649250 941
1649260 946
1649270 946
1649280 953
1649290 960
1649300 960
1649310 966
1649320 974
1649330 974
1649340 983
1649350 995
1649360 995
1649370 1004
1649380 1010
1649390 1010
1649400 1014
1649410 1018
1649420 1021
1649430 1021
1649440 1024
1649450 1027
1649460 1027
1649470 1028
1649480 1029
1649490 1029
1649500 1032
1649510 1034
1649520 1034
1649530 1037
1649540 1043
1649550 1043
1649560 1046
1649570 1050
1649580 1050
1649590 1052
1649600 1054
1649610 1054
1649620 1058
1649630 1061
1649640 1061
1649650 1064
1649660 1067
1649670 1067
1649680 1070
1649690 1073
1649700 1073
1649710 1074
1649720 1071
1649730 1071
1649740 1068
1649750 1067
1649760 1067
1649770 1066
1649780 1063
1649790 1063
1649800 1060
1649810 1058
1649820 1057
1649830 1057
1649840 1059
1649850 1061
1649860 1061
1649870 1063
1649880 1066
1649890 1066
1649900 1069
1649910 1070
1649920 1070
1649930 1069
1649940 1067
1649950 1067
1649960 1065
1649970 1063
1649980 1063
1649990 1060
1650000 1056
1650010 1056
1650020 1053
1650030 1049
1650040 1049
1650050 1048
1650060 1052
1650070 1052
1650080 1056
1650090 1055
1650100 1055
1650110 1054
1650120 1054
1650130 1054
1650140 1054
1650150 1055
1650160 1055
1650170 1057
1650180 1059
1650190 1059
1650200 1063
1650210 1067
1650220 1067
1650230 1074
1650240 1081
1650250 1088
1650260 1088
1650270 1096
1650280 1102
1650290 1102
1650300 1110
1650310 1117
1650320 1115
1650330 1124
1650340 1134
1650350 1134
1650360 1141
1650370 1147
1650380 1147
1650390 1152
1650400 1156
1650410 1156
1650420 1159
1650430 1159
1650440 1159
1650450 1160
1650460 1159
1650470 1159
1650480 1158
1650490 1159
1650500 1159
1650510 1161
1650520 1166
1650530 1166
1650540 1170
1650550 1174
1650560 1174
1650570 1179
1650580 1184
1650590 1184
1650600 1189
1650610 1193
1650620 1193
1650630 1196
1650640 1196
1650650 1191
1650660 1191
1650670 1184
1650680 1177
1650690 1177
1650700 1170
1650710 1165
1650720 1165
1650730 1161
1650740 1157
1650750 1157
1650760 1150
1650770 1143
1650780 1143
1650790 1138
1650800 1137
1650810 1137
1650820 1137
1650830 1135
1650840 1135
1650850 1128
1650860 1129
1650870 1129
1650880 1133
1650890 1134
1650900 1134
1650910 1132
1650920 1128
1650930 1128
1650940 1122
1650950 1119
1650960 1119
1650970 1118
1650980 1118
1650990 1118
1651000 1116
1651010 1115
1651020 1115
1651030 1112
1651040 1109
1651050 1109
1651060 1104
1651070 1100
1651080 1096
1651090 1102
1651100 1099
1651110 1100
1651120 1100
1651130 1100
1651140 1102
1651150 1102
1651160 1106
1651170 1112
1651180 1112
1651190 1117
1651200 1120
1651210 1120
1651220 1125
1651230 1132
1651240 1132
1651250 1138
1651260 1143
1651270 1143
1651280 1150
1651290 1156
1651300 1156
1651310 1161
1651320 1166
1651330 1166
1651340 1172
1651350 1178
1651360 1178
1651370 1183
1651380 1189
1651390 1189
1651400 1195
1651410 1199
1651420 1199
1651430 1204
1651440 1207
1651450 1207
1651460 1208
1651470 1206
1651480 1204
1651490 1204
1651500 1203
1651510 1201
1651520 1201
1651530 1199
1651540 1197
1651550 1197
1651560 1194
1651570 1191
1651580 1191
1651590 1190
1651600 1187
1651610 1187
1651620 1186
1651630 1186
1651640 1186
1651650 1189
1651660 1191
1651670 1191
1651680 1194
1651690 1196
1651700 1196
1651710 1199
1651720 1202
1651730 1202
1651740 1205
1651750 1207
1651760 1207
1651770 1207
1651780 1207
1651790 1207
1651800 1208
1651810 1208
1651820 1208
1651830 1208
1651840 1204
1651850 1204
1651860 1186
1651870 1177
1651880 1177
1651890 1172
1651900 1168
1651910 1161
1651920 1161
1651930 1157
1651940 1153
1651950 1153
1651960 1147
1651970 1142
1651980 1142
1651990 1137
1652000 1131
1652010 1131
1652020 1126
1652030 1122
1652040 1122
1652050 1116
1652060 1113
1652070 1113
1652080 1109
1652090 1104
1652100 1104
1652110 1098
1652120 1095
1652130 1095
1652140 1093
1652150 1091
1652160 1091
1652170 1089
1652180 1090
1652190 1090
1652200 1092
1652210 1092
1652220 1092
1652230 1092
1652240 1091
1652250 1091
1652260 1090
1652270 1089
1652280 1089
1652290 1086
1652300 1085
1652310 1087
1652320 1087
1652330 1089
1652340 1092
1652350 1092
1652360 1094
1652370 1096
1652380 1096
1652390 1097
1652400 1098
1652410 1098
1652420 1093
1652430 1084
1652440 1084
1652450 1074
1652460 1074
1652470 1074
1652480 1081
1652490 1085
1652500 1085
1652510 1086
1652520 1092
1652530 1092
1652540 1099
1652550 1102
1652560 1102
1652570 1105
1652580 1111
1652590 1111
1652600 1112
1652610 1112
1652620 1105
1652630 1103
1652640 1100
1652650 1100
1652660 1104
1652670 1112
1652680 1112
1652690 1123
1652700 1132
1652710 1138
1652720 1138
1652730 1143
1652740 1149
1652750 1149
1652760 1155
1652770 1160
1652780 1160
1652790 1166
1652800 1172
1652810 1172
1652820 1178
1652830 1182
1652840 1182
1652850 1184
1652860 1187
1652870 1187
1652880 1189
1652890 1188
1652900 1188
1652910 1189
1652920 1192
1652930 1192
1652940 1197
1652950 1202
1652960 1202
1652970 1205
1652980 1209
1652990 1209
1653000 1211
1653010 1214
1653020 1214
1653030 1219
1653040 1223
1653050 1223
1653060 1227
1653070 1232
1653080 1232
1653090 1237
1653100 1244
1653110 1244
1653120 1250
1653130 1255
1653140 1257
1653150 1257
1653160 1257
1653170 1257
1653180 1257
1653190 1259
1653200 1261
1653210 1261
1653220 1263
1653230 1267
1653240 1267
1653250 1272
1653260 1279
1653270 1279
1653280 1288
1653290 1294
1653300 1294
1653310 1302
1653320 1308
1653330 1308
1653340 1311
1653350 1316
1653360 1316
1653370 1321
1653380 1328
1653390 1328
1653400 1331
1653410 1340
1653420 1340
1653430 1346
1653440 1344
1653450 1344
1653460 1335
1653470 1328
1653480 1328
1653490 1320
1653500 1313
1653510 1313
1653520 1306
1653530 1301
1653540 1296
1653550 1296
1653560 1292
1653570 1287
1653580 1287
1653590 1284
1653600 1281
1653610 1281
1653620 1278
1653630 1277
1653640 1277
1653650 1275
1653660 1273
1653670 1273
1653680 1271
1653690 1270
1653700 1270
1653710 1270
1653720 1268
1653730 1268
1653740 1268
1653750 1277
1653760 1277
1653770 1279
1653780 1285
1653790 1285
1653800 1292
1653810 1298
1653820 1298
1653830 1304
1653840 1310
1653850 1310
1653860 1316
1653870 1322
1653880 1322
1653890 1326
1653900 1327
1653910 1327
1653920 1329
1653930 1329
1653940 1329
1653950 1329
1653960 1329
1653970 1330
1653980 1330
1653990 1332
1654000 1336
1654010 1336
1654020 1341
1654030 1344
1654040 1344
1654050 1347
1654060 1349
1654070 1349
1654080 1352
1654090 1356
1654100 1356
1654110 1361
1654120 1366
1654130 1366
1654140 1369
1654150 1371
1654160 1371
1654170 1373
1654180 1367
1654190 1367
1654200 1362
1654210 1357
1654220 1357
1654230 1351
1654240 1342
1654250 1342
1654260 1336
1654270 1329
1654280 1329
1654290 1323
1654300 1317
1654310 1317
1654320 1311
1654330 1305
1654340 1305
1654350 1299
1654360 1294
1654370 1290
1654380 1290
1654390 1286
1654400 1281
1654410 1281
1654420 1276
1654430 1271
1654440 1271
1654450 1267
1654460 1264
1654470 1264
1654480 1261
1654490 1258
1654500 1258
1654510 1253
1654520 1244
1654530 1244
1654540 1239
1654550 1240
1654560 1240
1654570 1245
1654580 1244
1654590 1244
1654600 1237
1654610 1239
1654620 1239
1654630 1247
1654640 1253
1654650 1253
1654660 1255
1654670 1255
1654680 1255
1654690 1257
1654700 1259
1654710 1259
1654720 1261
1654730 1264
1654740 1264
1654750 1265
1654760 1266
1654770 1266
1654780 1268
1654790 1270
1654800 1272
1654810 1272
1654820 1276
1654830 1277
1654840 1277
1654850 1282
1654860 1295
1654870 1295
1654880 1312
1654890 1316
1654900 1309
1654910 1317
1654920 1326
1654930 1326
1654940 1335
1654950 1342
1654960 1342
1654970 1349
1654980 1355
1654990 1355
1655000 1359
1655010 1362
1655020 1362
1655030 1365
1655040 1367
1655050 1367
1655060 1369
1655070 1371
1655080 1371
1655090 1371
1655100 1373
1655110 1373
1655120 1373
1655130 1375
1655140 1375
1655150 1380
1655160 1386
1655170 1386
1655180 1393
1655190 1400
1655200 1406
1655210 1406
1655220 1412
1655230 1417
1655240 1417
1655250 1420
1655260 1422
1655270 1422
1655280 1423
1655290 1422
1655300 1422
1655310 1422
1655320 1423
1655330 1423
1655340 1417
1655350 1412
1655360 1412
1655370 1413
1655380 1418
1655390 1418
1655400 1423
1655410 1428
1655420 1428
1655430 1432
1655440 1436
1655450 1436
1655460 1439
1655470 1441
1655480 1441
1655490 1443
1655500 1445
1655510 1445
1655520 1447
1655530 1448
1655540 1448
1655550 1448
1655560 1448
1655570 1448
1655580 1447
1655590 1446
1655600 1444
1655610 1444
1655620 1441
1655630 1436
1655640 1436
1655650 1435
1655660 1435
1655670 1435
1655680 1435
1655690 1435
1655700 1435
1655710 1435
1655720 1435
1655730 1435
1655740 1434
1655750 1433
1655760 1433
1655770 1431
1655780 1430
1655790 1430
1655800 1427
1655810 1426
1655820 1426
1655830 1427
1655840 1426
1655850 1426
1655860 1426
1655870 1425
1655880 1425
1655890 1423
1655900 1420
1655910 1420
1655920 1416
1655930 1411
1655940 1411
1655950 1407
1655960 1402
1655970 1402
1655980 1397
1655990 1391
1656000 1391
1656010 1384
1656020 1377
1656030 1371
1656040 1371
1656050 1365
1656060 1359
1656070 1359
1656080 1354
1656090 1347
1656100 1347
1656110 1340
1656120 1335
1656130 1335
1656140 1332
1656150 1323
1656160 1323
1656170 1315
1656180 1306
1656190 1306
1656200 1296
1656210 1284
1656220 1284
1656230 1274
1656240 1265
1656250 1265
1656260 1254
1656270 1247
1656280 1247
1656290 1243
1656300 1237
1656310 1237
1656320 1227
1656330 1217
1656340 1217
1656350 1213
1656360 1209
1656370 1209
1656380 1204
1656390 1203
1656400 1203
1656410 1194
1656420 1186
1656430 1179
1656440 1179
1656450 1173
1656460 1168
1656470 1168
1656480 1162
1656490 1154
1656500 1154
1656510 1146
1656520 1138
1656530 1138
1656540 1134
1656550 1138
1656560 1138
1656570 1143
1656580 1142
1656590 1142
1656600 1142
1656610 1145
1656620 1145
1656630 1151
1656640 1156
1656650 1156
1656660 1162
1656670 1164
1656680 1164
1656690 1164
1656700 1163
1656710 1163
1656720 1157
1656730 1155
1656740 1155
1656750 1159
1656760 1166
1656770 1166
1656780 1167
1656790 1162
1656800 1162
1656810 1161
1656820 1162
1656830 1162
1656840 1161
1656850 1162
1656860 1163
1656870 1163
1656880 1167
1656890 1170
1656900 1170
1656910 1172
1656920 1172
1656930 1172
1656940 1167
1656950 1163
1656960 1163
1656970 1166
1656980 1170
1656990 1170
1657000 1178
1657010 1187
1657020 1187
1657030 1192
1657040 1187
1657050 1187
1657060 1165
1657070 1157
1657080 1157
1657090 1149
1657100 1141
1657110 1141
1657120 1134
1657130 1129
1657140 1136
1657150 1133
1657160 1127
1657170 1127
1657180 1123
1657190 1120
1657200 1120
1657210 1113
1657220 1108
1657230 1108
1657240 1103
1657250 1099
1657260 1095
1657270 1095
1657280 1089
1657290 1084
1657300 1084
1657310 1080
1657320 1078
1657330 1078
1657340 1072
1657350 1069
1657360 1069
1657370 1068
1657380 1067
1657390 1067
1657400 1067
1657410 1063
1657420 1063
1657430 1060
1657440 1057
1657450 1057
1657460 1054
1657470 1053
1657480 1053
1657490 1055
1657500 1055
1657510 1055
1657520 1049
1657530 1044
1657540 1044
1657550 1040
1657560 1037
1657570 1037
1657580 1038
1657590 1038
1657600 1038
1657610 1032
1657620 1025
1657630 1025
1657640 1019
1657650 1015
1657660 1015
1657670 999
1657680 988
1657690 980
1657700 980
1657710 974
1657720 971
1657730 971
1657740 969
1657750 968
1657760 968
1657770 968
1657780 969
1657790 969
1657800 973
1657810 975
1657820 975
1657830 977
1657840 981
1657850 981
1657860 985
1657870 990
1657880 982
1657890 985
1657900 986
1657910 986
1657920 985
1657930 983
1657940 983
1657950 982
1657960 980
1657970 980
1657980 978
1657990 976
1658000 976
1658010 976
1658020 977
1658030 977
1658040 978
1658050 979
1658060 979
1658070 979
1658080 979
1658090 979
1658100 979
1658110 979
1658120 980
1658130 980
1658140 982
1658150 984
1658160 984
1658170 985
1658180 985
1658190 985
1658200 985
1658210 984
1658220 984
1658230 984
1658240 983
1658250 983
1658260 982
1658270 981
1658280 981
1658290 979
1658300 978
1658310 978
1658320 977
1658330 975
1658340 975
1658350 974
1658360 973
1658370 973
1658380 972
1658390 972
1658400 972
1658410 972
1658420 972
1658430 972
1658440 972
1658450 972
1658460 972
1658470 973
1658480 974
1658490 974
1658500 973
1658510 975
1658520 977
1658530 977
1658540 984
1658550 989
1658560 989
1658570 994
1658580 997
1658590 997
1658600 1003
1658610 1006
1658620 1012
1658630 1015
1658640 1017
1658650 1017
1658660 1022
1658670 1029
1658680 1029
1658690 1035
1658700 1040
1658710 1040
1658720 1045
1658730 1051
1658740 1051
1658750 1056
1658760 1061
1658770 1061
1658780 1068
1658790 1075
1658800 1075
1658810 1081
1658820 1088
1658830 1088
1658840 1093
1658850 1098
1658860 1098
1658870 1103
1658880 1108
1658890 1108
1658900 1109
1658910 1109
1658920 1109
1658930 1109
1658940 1109
1658950 1107
1658960 1107
1658970 1106
1658980 1106
1658990 1106
1659000 1105
1659010 1106
1659020 1106
1659030 1106
1659040 1106
1659050 1106
1659060 1108
1659070 1110
1659080 1110
1659090 1112
1659100 1114
1659110 1114
1659120 1116
1659130 1119
1659140 1119
1659150 1124
1659160 1130
1659170 1130
1659180 1138
1659190 1148
1659200 1148
1659210 1158
1659220 1162
1659230 1162
1659240 1163
1659250 1164
1659260 1164
1659270 1164
1659280 1165
1659290 1165
1659300 1166
1659310 1167
1659320 1168
1659330 1168
1659340 1168
1659350 1166
1659360 1166
1659370 1167
1659380 1167
1659390 1167
1659400 1167
1659410 1168
1659420 1168
1659430 1169
1659440 1170
1659450 1170
1659460 1172
1659470 1173
1659480 1173
1659490 1173
1659500 1173
1659510 1173
1659520 1174
1659530 1175
1659540 1175
1659550 1176
1659560 1177
1659570 1177
1659580 1178
1659590 1178
1659600 1178
1659610 1179
1659620 1180
1659630 1180
1659640 1181
1659650 1182
1659660 1182
1659670 1183
1659680 1184
1659690 1184
1659700 1185
1659710 1186
1659720 1186
1659730 1188
1659740 1189
1659750 1190
1659760 1190
1659770 1191
1659780 1193
1659790 1193
1659800 1193
1659810 1193
1659820 1193
1659830 1195
1659840 1195
1659850 1195
1659860 1196
1659870 1197
1659880 1197
1659890 1197
1659900 1198
1659910 1198
1659920 1200
1659930 1201
1659940 1201
1659950 1203
1659960 1206
1659970 1206
1659980 1209
1659990 1211
