1640000 836
1640010 835
1640020 835
1640030 834
1640040 834
1640050 834
1640060 832
1640070 830
1640080 830
1640090 830
1640100 829
1640110 829
1640120 829
1640130 830
1640140 830
1640150 830
1640160 828
1640170 828
1640180 824
1640190 820
1640200 820
1640210 817
1640220 813
1640230 813
1640240 809
1640250 805
1640260 805
1640270 802
1640280 798
1640290 794
1640300 794
1640310 790
1640320 786
1640330 786
1640340 785
1640350 783
1640360 783
1640370 776
1640380 768
1640390 768
1640400 760
1640410 753
1640420 753
1640430 754
1640440 761
1640450 761
1640460 767
1640470 772
1640480 772
1640490 772
1640500 770
1640510 770
1640520 768
1640530 766
1640540 766
1640550 762
1640560 757
1640570 757
1640580 751
1640590 747
1640600 747
1640610 746
1640620 747
1640630 747
1640640 749
1640650 748
1640660 748
1640670 750
1640680 752
1640690 752
1640700 753
1640710 753
1640720 753
1640730 753
1640740 752
1640750 751
1640760 751
1640770 749
1640780 747
1640790 747
1640800 745
1640810 742
1640820 742
1640830 739
1640840 737
1640850 737
1640860 735
1640870 733
1640880 733
1640890 729
1640900 727
1640910 727
1640920 724
1640930 720
1640940 720
1640950 716
1640960 712
1640970 712
1640980 706
1640990 701
1641000 701
1641010 694
1641020 689
1641030 689
1641040 685
1641050 681
1641060 681
1641070 676
1641080 673
1641090 673
1641100 669
1641110 666
1641120 662
1641130 662
1641140 659
1641150 656
1641160 656
1641170 653
1641180 651
1641190 651
1641200 648
1641210 645
1641220 645
1641230 643
1641240 641
1641250 641
1641260 641
1641270 639
1641280 639
1641290 635
1641300 633
1641310 633
1641320 631
1641330 634
1641340 634
1641350 636
1641360 637
1641370 637
1641380 635
1641390 635
1641400 635
1641410 634
1641420 634
1641430 634
1641440 632
1641450 632
1641460 632
1641470 629
1641480 626
1641490 626
1641500 624
1641510 625
1641520 625
1641530 628
1641540 629
1641550 629
1641560 629
1641570 629
1641580 629
1641590 629
1641600 629
1641610 629
1641620 629
1641630 628
1641640 627
1641650 627
1641660 625
1641670 623
1641680 623
1641690 621
1641700 617
1641710 617
1641720 614
1641730 611
1641740 611
1641750 606
1641760 599
1641770 599
1641780 592
1641790 588
1641800 588
1641810 586
1641820 585
1641830 585
1641840 584
1641850 583
1641860 583
1641870 582
1641880 583
1641890 583
1641900 586
1641910 588
1641920 588
1641930 588
1641940 587
1641950 587
1641960 587
1641970 587
1641980 589
1641990 589
1642000 589
1642010 586
1642020 586
1642030 584
1642040 583
1642050 583
1642060 583
1642070 583
1642080 583
1642090 582
1642100 579
1642110 579
1642120 577
1642130 576
1642140 576
1642150 575
1642160 572
1642170 572
1642180 571
1642190 570
1642200 570
1642210 569
1642220 567
1642230 567
1642240 566
1642250 566
1642260 566
1642270 565
1642280 560
1642290 560
1642300 560
1642310 559
1642320 559
1642330 557
1642340 555
1642350 555
1642360 550
1642370 546
1642380 545
1642390 545
1642400 544
1642410 542
1642420 542
1642430 539
1642440 537
1642450 537
1642460 535
1642470 534
1642480 534
1642490 533
1642500 532
1642510 532
1642520 531
1642530 531
1642540 531
1642550 530
1642560 529
1642570 529
1642580 529
1642590 527
1642600 527
1642610 526
1642620 525
1642630 525
1642640 525
1642650 525
1642660 525
1642670 525
1642680 525
1642690 525
1642700 525
1642710 524
1642720 524
1642730 524
1642740 524
1642750 524
1642760 524
1642770 523
1642780 523
1642790 523
1642800 520
1642810 515
1642820 515
1642830 510
1642840 505
1642850 505
1642860 495
1642870 488
1642880 488
1642890 481
1642900 475
1642910 475
1642920 466
1642930 459
1642940 459
1642950 458
1642960 458
1642970 458
1642980 460
1642990 465
1643000 465
1643010 468
1643020 470
1643030 470
1643040 476
1643050 486
1643060 486
1643070 496
1643080 505
1643090 503
1643100 510
1643110 512
1643120 512
1643130 512
1643140 512
1643150 512
1643160 512
1643170 512
1643180 512
1643190 512
1643200 512
1643210 512
1643220 512
1643230 512
1643240 512
1643250 512
1643260 512
1643270 512
1643280 512
1643290 512
1643300 512
1643310 512
1643320 512
1643330 512
1643340 512
1643350 512
1643360 512
1643370 512
1643380 512
1643390 512
1643400 512
1643410 512
1643420 514
1643430 514
1643440 518
1643450 523
1643460 523
1643470 528
1643480 531
1643490 531
1643500 531
1643510 531
1643520 531
1643530 531
1643540 531
1643550 531
1643560 531
1643570 531
1643580 531
1643590 531
1643600 531
1643610 531
1643620 531
1643630 531
1643640 531
1643650 531
1643660 531
1643670 531
1643680 531
1643690 531
1643700 531
1643710 531
1643720 531
1643730 531
1643740 531
1643750 532
1643760 532
1643770 532
1643780 532
1643790 531
1643800 531
1643810 531
1643820 531
1643830 531
1643840 531
1643850 531
1643860 531
1643870 531
1643880 532
1643890 532
1643900 535
1643910 540
1643920 540
1643930 546
1643940 553
1643950 553
1643960 559
1643970 566
1643980 566
1643990 574
1644000 585
1644010 585
1644020 593
1644030 597
1644040 600
1644050 600
1644060 601
1644070 601
1644080 601
1644090 602
1644100 603
1644110 603
1644120 604
1644130 604
1644140 604
1644150 604
1644160 605
1644170 605
1644180 605
1644190 606
1644200 606
1644210 606
1644220 607
1644230 607
1644240 608
1644250 609
1644260 609
1644270 610
1644280 611
1644290 611
1644300 612
1644310 612
1644320 612
1644330 613
1644340 614
1644350 614
1644360 615
1644370 616
1644380 616
1644390 617
1644400 618
1644410 618
1644420 619
1644430 620
1644440 622
1644450 622
1644460 623
1644470 624
1644480 624
1644490 626
1644500 627
1644510 627
1644520 629
1644530 631
1644540 631
1644550 632
1644560 634
1644570 634
1644580 636
1644590 638
1644600 638
1644610 640
1644620 641
1644630 641
1644640 643
1644650 644
1644660 644
1644670 647
1644680 649
1644690 649
1644700 650
1644710 654
1644720 654
1644730 658
1644740 661
1644750 661
1644760 664
1644770 667
1644780 667
1644790 669
1644800 671
1644810 671
1644820 673
1644830 676
1644840 676
1644850 679
1644860 684
1644870 689
1644880 689
1644890 695
1644900 702
1644910 702
1644920 707
1644930 712
1644940 712
1644950 718
1644960 723
1644970 723
1644980 729
1644990 735
1645000 735
1645010 742
1645020 748
1645030 748
1645040 752
1645050 755
1645060 755
1645070 759
1645080 758
1645090 758
1645100 760
1645110 766
1645120 766
1645130 772
1645140 778
1645150 778
1645160 784
1645170 788
1645180 788
1645190 792
1645200 795
1645210 795
1645220 798
1645230 800
1645240 800
1645250 803
1645260 806
1645270 809
1645280 809
1645290 813
1645300 816
1645310 816
1645320 818
1645330 822
1645340 822
1645350 827
1645360 830
1645370 830
1645380 832
1645390 836
1645400 836
1645410 842
1645420 846
1645430 846
1645440 849
1645450 852
1645460 852
1645470 856
1645480 860
1645490 860
1645500 863
1645510 867
1645520 867
1645530 869
1645540 872
1645550 872
1645560 877
1645570 881
1645580 881
1645590 884
1645600 887
1645610 887
1645620 891
1645630 894
1645640 894
1645650 899
1645660 904
1645670 904
1645680 909
1645690 912
1645700 915
1645710 915
1645720 919
1645730 922
1645740 922
1645750 923
1645760 926
1645770 926
1645780 928
1645790 931
1645800 931
1645810 934
1645820 938
1645830 938
1645840 942
1645850 946
1645860 946
1645870 949
1645880 955
1645890 955
1645900 959
1645910 963
1645920 963
1645930 967
1645940 971
1645950 971
1645960 976
1645970 980
1645980 980
1645990 984
1646000 988
1646010 988
1646020 993
1646030 997
1646040 997
1646050 1001
1646060 1005
1646070 1005
1646080 1009
1646090 1013
1646100 1017
1646110 1017
1646120 1021
1646130 1024
1646140 1024
1646150 1028
1646160 1031
1646170 1031
1646180 1033
1646190 1035
1646200 1035
1646210 1038
1646220 1041
1646230 1041
1646240 1043
1646250 1045
1646260 1045
1646270 1048
1646280 1050
1646290 1050
1646300 1052
1646310 1056
1646320 1056
1646330 1059
1646340 1062
1646350 1062
1646360 1064
1646370 1066
1646380 1066
1646390 1068
1646400 1069
1646410 1069
1646420 1071
1646430 1073
1646440 1073
1646450 1074
1646460 1076
1646470 1076
1646480 1078
1646490 1077
1646500 1077
1646510 1075
1646520 1073
1646530 1069
1646540 1069
1646550 1066
1646560 1063
1646570 1063
1646580 1059
1646590 1055
1646600 1055
1646610 1053
1646620 1051
1646630 1051
1646640 1049
1646650 1048
1646660 1048
1646670 1047
1646680 1046
1646690 1046
1646700 1050
1646710 1051
1646720 1051
1646730 1047
1646740 1047
1646750 1047
1646760 1048
1646770 1050
1646780 1050
1646790 1052
1646800 1054
1646810 1054
1646820 1054
1646830 1054
1646840 1054
1646850 1056
1646860 1057
1646870 1057
1646880 1060
1646890 1062
1646900 1062
1646910 1064
1646920 1066
1646930 1068
1646940 1068
1646950 1070
1646960 1073
1646970 1073
1646980 1075
1646990 1077
1647000 1077
1647010 1078
1647020 1080
1647030 1080
1647040 1081
1647050 1082
1647060 1082
1647070 1083
1647080 1083
1647090 1079
1647100 1079
1647110 1081
1647120 1081
1647130 1082
1647140 1083
1647150 1083
1647160 1085
1647170 1086
1647180 1086
1647190 1087
1647200 1088
1647210 1088
1647220 1089
1647230 1091
1647240 1091
1647250 1093
1647260 1093
1647270 1093
1647280 1094
1647290 1095
1647300 1095
1647310 1096
1647320 1096
1647330 1096
1647340 1097
1647350 1097
1647360 1098
1647370 1098
1647380 1100
1647390 1101
1647400 1101
1647410 1101
1647420 1101
1647430 1101
1647440 1100
1647450 1099
1647460 1099
1647470 1099
1647480 1098
1647490 1098
1647500 1097
1647510 1095
1647520 1095
1647530 1095
1647540 1094
1647550 1094
1647560 1093
1647570 1093
1647580 1093
1647590 1092
1647600 1092
1647610 1092
1647620 1092
1647630 1091
1647640 1091
1647650 1091
1647660 1092
1647670 1092
1647680 1094
1647690 1094
1647700 1094
1647710 1094
1647720 1093
1647730 1093
1647740 1092
1647750 1091
1647760 1091
1647770 1091
1647780 1090
1647790 1090
1647800 1090
1647810 1091
1647820 1091
1647830 1091
1647840 1092
1647850 1093
1647860 1093
1647870 1092
1647880 1094
1647890 1094
1647900 1095
1647910 1097
1647920 1097
1647930 1099
1647940 1101
1647950 1101
1647960 1103
1647970 1104
1647980 1104
1647990 1105
1648000 1105
1648010 1105
1648020 1104
1648030 1103
1648040 1103
1648050 1102
1648060 1100
1648070 1100
1648080 1097
1648090 1094
1648100 1094
1648110 1089
1648120 1085
1648130 1085
1648140 1083
1648150 1080
1648160 1080
1648170 1077
1648180 1074
1648190 1071
1648200 1071
1648210 1068
1648220 1066
1648230 1066
1648240 1064
1648250 1061
1648260 1061
1648270 1060
1648280 1057
1648290 1057
1648300 1054
1648310 1051
1648320 1051
1648330 1047
1648340 1044
1648350 1044
1648360 1041
1648370 1038
1648380 1038
1648390 1039
1648400 1042
1648410 1042
1648420 1043
1648430 1042
1648440 1042
1648450 1042
1648460 1046
1648470 1046
1648480 1052
1648490 1057
1648500 1057
1648510 1061
1648520 1066
1648530 1066
1648540 1070
1648550 1074
1648560 1074
1648570 1077
1648580 1080
1648590 1084
1648600 1084
1648610 1089
1648620 1092
1648630 1092
1648640 1096
1648650 1099
1648660 1099
1648670 1102
1648680 1105
1648690 1105
1648700 1107
1648710 1110
1648720 1110
1648730 1112
1648740 1114
1648750 1114
1648760 1116
1648770 1119
1648780 1119
1648790 1121
1648800 1124
1648810 1124
1648820 1127
1648830 1129
1648840 1129
1648850 1132
1648860 1134
1648870 1134
1648880 1136
1648890 1137
1648900 1137
1648910 1137
1648920 1137
1648930 1137
1648940 1136
1648950 1137
1648960 1137
1648970 1137
1648980 1138
1648990 1138
1649000 1139
1649010 1141
1649020 1143
1649030 1143
1649040 1146
1649050 1148
1649060 1148
1649070 1151
1649080 1154
1649090 1154
1649100 1157
1649110 1162
1649120 1162
1649130 1169
1649140 1174
1649150 1174
1649160 1180
1649170 1184
1649180 1184
1649190 1189
1649200 1196
1649210 1196
1649220 1198
1649230 1193
1649240 1193
1649250 1188
1649260 1182
1649270 1182
1649280 1177
1649290 1171
1649300 1171
1649310 1167
1649320 1164
1649330 1164
1649340 1162
1649350 1158
1649360 1158
1649370 1152
1649380 1146
1649390 1146
1649400 1142
1649410 1137
1649420 1133
1649430 1135
1649440 1132
1649450 1129
1649460 1129
1649470 1126
1649480 1127
1649490 1127
1649500 1133
1649510 1141
1649520 1141
1649530 1145
1649540 1147
1649550 1147
1649560 1150
1649570 1153
1649580 1153
1649590 1154
1649600 1158
1649610 1158
1649620 1161
1649630 1164
1649640 1164
1649650 1167
1649660 1170
1649670 1170
1649680 1172
1649690 1175
1649700 1175
1649710 1176
1649720 1179
1649730 1179
1649740 1184
1649750 1187
1649760 1187
1649770 1189
1649780 1193
1649790 1193
1649800 1198
1649810 1205
1649820 1205
1649830 1212
1649840 1220
1649850 1228
1649860 1228
1649870 1236
1649880 1244
1649890 1244
1649900 1256
1649910 1265
1649920 1265
1649930 1270
1649940 1274
1649950 1274
1649960 1281
1649970 1287
1649980 1287
1649990 1293
1650000 1297
1650010 1297
1650020 1301
1650030 1304
1650040 1304
1650050 1306
1650060 1308
1650070 1308
1650080 1309
1650090 1311
1650100 1311
1650110 1312
1650120 1313
1650130 1313
1650140 1314
1650150 1316
1650160 1316
1650170 1318
1650180 1320
1650190 1320
1650200 1323
1650210 1330
1650220 1330
1650230 1334
1650240 1336
1650250 1339
1650260 1339
1650270 1342
1650280 1344
1650290 1344
1650300 1347
1650310 1348
1650320 1348
1650330 1350
1650340 1351
1650350 1351
1650360 1352
1650370 1353
1650380 1353
1650390 1354
1650400 1356
1650410 1356
1650420 1357
1650430 1360
1650440 1360
1650450 1361
1650460 1363
1650470 1363
1650480 1365
1650490 1367
1650500 1367
1650510 1369
1650520 1371
1650530 1371
1650540 1373
1650550 1375
1650560 1375
1650570 1377
1650580 1378
1650590 1378
1650600 1380
1650610 1381
1650620 1381
1650630 1384
1650640 1387
1650650 1387
1650660 1390
1650670 1394
1650680 1397
1650690 1397
1650700 1401
1650710 1403
1650720 1403
1650730 1401
1650740 1392
1650750 1392
1650760 1381
1650770 1372
1650780 1372
1650790 1365
1650800 1359
1650810 1359
1650820 1354
1650830 1348
1650840 1348
1650850 1345
1650860 1340
1650870 1340
1650880 1337
1650890 1337
1650900 1337
1650910 1333
1650920 1326
1650930 1326
1650940 1320
1650950 1312
1650960 1312
1650970 1306
1650980 1295
1650990 1295
1651000 1288
1651010 1281
1651020 1281
1651030 1278
1651040 1273
1651050 1273
1651060 1269
1651070 1264
1651080 1264
1651090 1260
1651100 1258
1651110 1257
1651120 1257
1651130 1253
1651140 1249
1651150 1249
1651160 1247
1651170 1241
1651180 1241
1651190 1235
1651200 1231
1651210 1231
1651220 1229
1651230 1228
1651240 1228
1651250 1226
1651260 1224
1651270 1224
1651280 1221
1651290 1220
1651300 1220
1651310 1218
1651320 1217
1651330 1217
1651340 1218
1651350 1214
1651360 1214
1651370 1211
1651380 1210
1651390 1210
1651400 1211
1651410 1211
1651420 1211
1651430 1211
1651440 1211
1651450 1211
1651460 1210
1651470 1208
1651480 1208
1651490 1206
1651500 1202
1651510 1197
1651520 1197
1651530 1193
1651540 1186
1651550 1186
1651560 1174
1651570 1160
1651580 1160
1651590 1155
1651600 1154
1651610 1154
1651620 1151
1651630 1148
1651640 1148
1651650 1143
1651660 1136
1651670 1136
1651680 1130
1651690 1124
1651700 1124
1651710 1119
1651720 1113
1651730 1113
1651740 1107
1651750 1097
1651760 1097
1651770 1092
1651780 1086
1651790 1086
1651800 1080
1651810 1075
1651820 1075
1651830 1070
1651840 1066
1651850 1066
1651860 1061
1651870 1057
1651880 1057
1651890 1051
1651900 1043
1651910 1043
1651920 1034
1651930 1026
1651940 1022
1651950 1022
1651960 1015
1651970 1012
1651980 1012
1651990 1014
1652000 1013
1652010 1013
1652020 1009
1652030 1004
1652040 1004
1652050 999
1652060 994
1652070 994
1652080 988
1652090 982
1652100 982
1652110 975
1652120 968
1652130 968
1652140 961
1652150 955
1652160 955
1652170 948
1652180 943
1652190 943
1652200 935
1652210 928
1652220 928
1652230 923
1652240 920
1652250 920
1652260 917
1652270 915
1652280 915
1652290 923
1652300 929
1652310 929
1652320 930
1652330 933
1652340 935
1652350 935
1652360 935
1652370 943
1652380 943
1652390 951
1652400 958
1652410 958
1652420 964
1652430 969
1652440 969
1652450 976
1652460 983
1652470 983
1652480 990
1652490 997
1652500 997
1652510 1008
1652520 1016
1652530 1016
1652540 1024
1652550 1033
1652560 1033
1652570 1044
1652580 1057
1652590 1057
1652600 1061
1652610 1063
1652620 1063
1652630 1066
1652640 1073
1652650 1073
1652660 1080
1652670 1086
1652680 1086
1652690 1092
1652700 1098
1652710 1098
1652720 1106
1652730 1112
1652740 1112
1652750 1117
1652760 1121
1652770 1119
1652780 1119
1652790 1115
1652800 1110
1652810 1110
1652820 1100
1652830 1091
1652840 1091
1652850 1093
1652860 1086
1652870 1086
1652880 1077
1652890 1071
1652900 1071
1652910 1072
1652920 1078
1652930 1078
1652940 1082
1652950 1094
1652960 1094
1652970 1103
1652980 1106
1652990 1106
1653000 1109
1653010 1101
1653020 1101
1653030 1093
1653040 1088
1653050 1088
1653060 1082
1653070 1079
1653080 1079
1653090 1072
1653100 1064
1653110 1064
1653120 1055
1653130 1048
1653140 1048
1653150 1038
1653160 1029
1653170 1026
1653180 1026
1653190 1034
1653200 1041
1653210 1041
1653220 1049
1653230 1058
1653240 1058
1653250 1061
1653260 1060
1653270 1060
1653280 1049
1653290 1045
1653300 1045
1653310 1048
1653320 1053
1653330 1053
1653340 1058
1653350 1056
1653360 1056
1653370 1054
1653380 1048
1653390 1048
1653400 1039
1653410 1031
1653420 1031
1653430 1029
1653440 1020
1653450 1020
1653460 1013
1653470 1008
1653480 1008
1653490 999
1653500 989
1653510 989
1653520 983
1653530 977
1653540 977
1653550 980
1653560 988
1653570 988
1653580 997
1653590 1002
1653600 1005
1653610 1005
1653620 1009
1653630 1013
1653640 1013
1653650 1018
1653660 1023
1653670 1023
1653680 1028
1653690 1034
1653700 1034
1653710 1040
1653720 1046
1653730 1046
1653740 1052
1653750 1060
1653760 1060
1653770 1068
1653780 1076
1653790 1076
1653800 1086
1653810 1095
1653820 1095
1653830 1095
1653840 1092
1653850 1092
1653860 1093
1653870 1102
1653880 1102
1653890 1111
1653900 1109
1653910 1109
1653920 1104
1653930 1101
1653940 1101
1653950 1100
1653960 1100
1653970 1100
1653980 1097
1653990 1096
1654000 1078
1654010 1078
1654020 1077
1654030 1066
1654040 1066
1654050 1071
1654060 1075
1654070 1075
1654080 1077
1654090 1085
1654100 1085
1654110 1087
1654120 1089
1654130 1089
1654140 1092
1654150 1094
1654160 1094
1654170 1091
1654180 1078
1654190 1078
1654200 1067
1654210 1059
1654220 1059
1654230 1051
1654240 1044
1654250 1044
1654260 1036
1654270 1028
1654280 1028
1654290 1028
1654300 1034
1654310 1034
1654320 1038
1654330 1042
1654340 1042
1654350 1038
1654360 1034
1654370 1034
1654380 1034
1654390 1037
1654400 1037
1654410 1038
1654420 1036
1654430 1038
1654440 1038
1654450 1039
1654460 1036
1654470 1036
1654480 1037
1654490 1041
1654500 1041
1654510 1043
1654520 1042
1654530 1042
1654540 1040
1654550 1037
1654560 1037
1654570 1033
1654580 1027
1654590 1027
1654600 1026
1654610 1027
1654620 1027
1654630 1026
1654640 1027
1654650 1027
1654660 1023
1654670 1019
1654680 1019
1654690 1018
1654700 1012
1654710 1012
1654720 1012
1654730 1023
1654740 1023
1654750 1029
1654760 1036
1654770 1036
1654780 1039
1654790 1050
1654800 1050
1654810 1051
1654820 1059
1654830 1059
1654840 1069
1654850 1075
1654860 1082
1654870 1082
1654880 1088
1654890 1094
1654900 1094
1654910 1103
1654920 1103
1654930 1103
1654940 1102
1654950 1106
1654960 1106
1654970 1107
1654980 1110
1654990 1110
1655000 1115
1655010 1120
1655020 1120
1655030 1123
1655040 1125
1655050 1125
1655060 1130
1655070 1137
1655080 1137
1655090 1145
1655100 1156
1655110 1156
1655120 1166
1655130 1174
1655140 1174
1655150 1182
1655160 1185
1655170 1185
1655180 1189
1655190 1195
1655200 1195
1655210 1198
1655220 1202
1655230 1202
1655240 1209
1655250 1213
1655260 1215
1655270 1215
1655280 1220
1655290 1220
1655300 1220
1655310 1220
1655320 1224
1655330 1224
1655340 1227
1655350 1231
1655360 1231
1655370 1235
1655380 1234
1655390 1234
1655400 1231
1655410 1229
1655420 1229
1655430 1235
1655440 1245
1655450 1245
1655460 1255
1655470 1265
1655480 1265
1655490 1272
1655500 1280
1655510 1280
1655520 1289
1655530 1296
1655540 1298
1655550 1306
1655560 1313
1655570 1313
1655580 1321
1655590 1328
1655600 1328
1655610 1336
1655620 1343
1655630 1343
1655640 1350
1655650 1357
1655660 1357
1655670 1364
1655680 1372
1655690 1379
1655700 1379
1655710 1386
1655720 1394
1655730 1394
1655740 1401
1655750 1408
1655760 1408
1655770 1415
1655780 1422
1655790 1422
1655800 1428
1655810 1434
1655820 1434
1655830 1437
1655840 1437
1655850 1437
1655860 1436
1655870 1435
1655880 1435
1655890 1432
1655900 1428
1655910 1428
1655920 1426
1655930 1425
1655940 1425
1655950 1425
1655960 1425
1655970 1425
1655980 1424
1655990 1423
1656000 1423
1656010 1422
1656020 1422
1656030 1422
1656040 1422
1656050 1421
1656060 1421
1656070 1420
1656080 1419
1656090 1417
1656100 1417
1656110 1415
1656120 1414
1656130 1414
1656140 1413
1656150 1411
1656160 1411
1656170 1410
1656180 1409
1656190 1409
1656200 1407
1656210 1406
1656220 1406
1656230 1402
1656240 1394
1656250 1394
1656260 1384
1656270 1377
1656280 1377
1656290 1364
1656300 1356
1656310 1356
1656320 1348
1656330 1342
1656340 1342
1656350 1335
1656360 1329
1656370 1329
1656380 1321
1656390 1313
1656400 1313
1656410 1304
1656420 1297
1656430 1297
1656440 1292
1656450 1288
1656460 1288
1656470 1280
1656480 1273
1656490 1273
1656500 1268
1656510 1262
1656520 1256
1656530 1256
1656540 1249
1656550 1243
1656560 1243
1656570 1236
1656580 1225
1656590 1225
1656600 1217
1656610 1211
1656620 1211
1656630 1207
1656640 1203
1656650 1203
1656660 1198
1656670 1194
1656680 1194
1656690 1189
1656700 1186
1656710 1186
1656720 1183
1656730 1179
1656740 1179
1656750 1173
1656760 1172
1656770 1172
1656780 1176
1656790 1178
1656800 1178
1656810 1176
1656820 1174
1656830 1174
1656840 1175
1656850 1177
1656860 1177
1656870 1175
1656880 1170
1656890 1170
1656900 1168
1656910 1169
1656920 1167
1656930 1167
1656940 1167
1656950 1165
1656960 1165
1656970 1159
1656980 1155
1656990 1155
1657000 1153
1657010 1148
1657020 1148
1657030 1146
1657040 1140
1657050 1140
1657060 1143
1657070 1148
1657080 1148
1657090 1154
1657100 1159
1657110 1159
1657120 1154
1657130 1153
1657140 1153
1657150 1140
1657160 1131
1657170 1131
1657180 1121
1657190 1107
1657200 1107
1657210 1099
1657220 1091
1657230 1091
1657240 1087
1657250 1085
1657260 1085
1657270 1082
1657280 1079
1657290 1079
1657300 1084
1657310 1100
1657320 1100
1657330 1111
1657340 1119
1657350 1123
1657360 1123
1657370 1130
1657380 1135
1657390 1135
1657400 1136
1657410 1134
1657420 1134
1657430 1131
1657440 1129
1657450 1129
1657460 1125
1657470 1124
1657480 1124
1657490 1126
1657500 1128
1657510 1128
1657520 1131
1657530 1124
1657540 1124
1657550 1111
1657560 1109
1657570 1109
1657580 1109
1657590 1113
1657600 1113
1657610 1116
1657620 1112
1657630 1112
1657640 1104
1657650 1099
1657660 1099
1657670 1093
1657680 1091
1657690 1091
1657700 1078
1657710 1059
1657720 1059
1657730 1050
1657740 1043
1657750 1036
1657760 1036
1657770 1033
1657780 1037
1657790 1037
1657800 1038
1657810 1038
1657820 1038
1657830 1044
1657840 1045
1657850 1045
1657860 1044
1657870 1036
1657880 1036
1657890 1028
1657900 1020
1657910 1020
1657920 1017
1657930 1009
1657940 1009
1657950 1006
1657960 1014
1657970 1014
1657980 1022
1657990 1026
1658000 1026
1658010 1030
1658020 1033
1658030 1033
1658040 1034
1658050 1038
1658060 1038
1658070 1031
1658080 1020
1658090 1020
1658100 1014
1658110 1009
1658120 1009
1658130 1005
1658140 1004
1658150 1004
1658160 993
1658170 978
1658180 972
1658190 972
1658200 964
1658210 959
1658220 959
1658230 955
1658240 951
1658250 951
1658260 949
1658270 946
1658280 946
1658290 943
1658300 941
1658310 941
1658320 939
1658330 937
1658340 937
1658350 936
1658360 934
1658370 934
1658380 932
1658390 929
1658400 929
1658410 927
1658420 925
1658430 925
1658440 923
1658450 921
1658460 921
1658470 920
1658480 918
1658490 918
1658500 917
1658510 917
1658520 918
1658530 917
1658540 917
1658550 917
1658560 916
1658570 915
1658580 915
1658590 915
1658600 914
1658610 913
1658620 913
1658630 911
1658640 910
1658650 910
1658660 909
1658670 907
1658680 907
1658690 906
1658700 908
1658710 908
1658720 908
1658730 905
1658740 905
1658750 900
1658760 897
1658770 897
1658780 896
1658790 896
1658800 896
1658810 895
1658820 897
1658830 897
1658840 903
1658850 904
1658860 904
1658870 903
1658880 900
1658890 900
1658900 901
1658910 905
1658920 905
1658930 905
1658940 906
1658950 906
1658960 906
1658970 907
1658980 907
1658990 907
1659000 907
1659010 911
1659020 911
1659030 917
1659040 922
1659050 922
1659060 926
1659070 929
1659080 929
1659090 933
1659100 937
1659110 937
1659120 939
1659130 943
1659140 943
1659150 946
1659160 952
1659170 952
1659180 957
1659190 962
1659200 962
1659210 967
1659220 972
1659230 972
1659240 977
1659250 975
1659260 975
1659270 978
1659280 980
1659290 980
1659300 979
1659310 976
1659320 976
1659330 973
1659340 970
1659350 970
1659360 973
1659370 980
1659380 980
1659390 986
1659400 989
1659410 989
1659420 990
1659430 994
1659440 998
1659450 998
1659460 1001
1659470 1005
1659480 1005
1659490 1009
1659500 1011
1659510 1011
1659520 1013
1659530 1014
1659540 1014
1659550 1016
1659560 1018
1659570 1018
1659580 1020
1659590 1021
1659600 1021
1659610 1022
1659620 1023
1659630 1023
1659640 1024
1659650 1025
1659660 1025
1659670 1025
1659680 1025
1659690 1025
1659700 1024
1659710 1022
1659720 1022
1659730 1021
1659740 1019
1659750 1019
1659760 1017
1659770 1015
1659780 1015
1659790 1013
1659800 1010
1659810 1010
1659820 1007
1659830 1005
1659840 1003
1659850 1003
1659860 1001
1659870 999
1659880 999
1659890 996
1659900 994
1659910 994
1659920 992
1659930 989
1659940 989
1659950 987
1659960 986
1659970 986
1659980 982
1659990 981
