1640000 585
1640010 585
1640020 584
1640030 584
1640040 584
1640050 583
1640060 584
1640070 584
1640080 585
1640090 585
1640100 585
1640110 585
1640120 585
1640130 585
1640140 586
1640150 585
1640160 585
1640170 585
1640180 586
1640190 586
1640200 586
1640210 584
1640220 584
1640230 583
1640240 583
1640250 583
1640260 579
1640270 580
1640280 580
1640290 580
1640300 580
1640310 579
1640320 579
1640330 578
1640340 579
1640350 579
1640360 580
1640370 580
1640380 580
1640390 580
1640400 582
1640410 582
1640420 583
1640430 584
1640440 584
1640450 585
1640460 586
1640470 586
1640480 586
1640490 586
1640500 586
1640510 585
1640520 585
1640530 585
1640540 585
1640550 585
1640560 585
1640570 585
1640580 586
1640590 586
1640600 586
1640610 587
1640620 587
1640630 587
1640640 586
1640650 586
1640660 585
1640670 586
1640680 586
1640690 587
1640700 588
1640710 588
1640720 589
1640730 591
1640740 593
1640750 593
1640760 595
1640770 597
1640780 597
1640790 599
1640800 601
1640810 601
1640820 603
1640830 604
1640840 604
1640850 605
1640860 607
1640870 607
1640880 610
1640890 612
1640900 612
1640910 614
1640920 615
1640930 615
1640940 616
1640950 618
1640960 618
1640970 619
1640980 619
1640990 619
1641000 619
1641010 620
1641020 620
1641030 620
1641040 619
1641050 619
1641060 618
1641070 617
1641080 611
1641090 610
1641100 609
1641110 609
1641120 607
1641130 606
1641140 606
1641150 605
1641160 607
1641170 608
1641180 608
1641190 604
1641200 598
1641210 598
1641220 592
1641230 587
1641240 587
1641250 583
1641260 582
1641270 582
1641280 581
1641290 580
1641300 580
1641310 580
1641320 576
1641330 576
1641340 570
1641350 562
1641360 562
1641370 556
1641380 550
1641390 550
1641400 545
1641410 540
1641420 540
1641430 537
1641440 534
1641450 534
1641460 532
1641470 529
1641480 529
1641490 527
1641500 526
1641510 526
1641520 525
1641530 522
1641540 522
1641550 521
1641560 522
1641570 522
1641580 523
1641590 521
1641600 518
1641610 518
1641620 517
1641630 517
1641640 517
1641650 513
1641660 510
1641670 510
1641680 508
1641690 505
1641700 505
1641710 502
1641720 501
1641730 501
1641740 500
1641750 501
1641760 501
1641770 501
1641780 501
1641790 501
1641800 501
1641810 501
1641820 501
1641830 500
1641840 500
1641850 500
1641860 500
1641870 499
1641880 499
1641890 499
1641900 498
1641910 498
1641920 495
1641930 481
1641940 481
1641950 469
1641960 463
1641970 463
1641980 459
1641990 458
1642000 458
1642010 458
1642020 458
1642030 459
1642040 459
1642050 458
1642060 454
1642070 454
1642080 453
1642090 453
1642100 453
1642110 454
1642120 454
1642130 454
1642140 457
1642150 460
1642160 460
1642170 461
1642180 467
1642190 467
1642200 472
1642210 478
1642220 478
1642230 485
1642240 492
1642250 492
1642260 497
1642270 498
1642280 498
1642290 499
1642300 500
1642310 500
1642320 502
1642330 504
1642340 504
1642350 505
1642360 505
1642370 505
1642380 505
1642390 505
1642400 505
1642410 506
1642420 506
1642430 507
1642440 507
1642450 507
1642460 507
1642470 507
1642480 509
1642490 512
1642500 512
1642510 515
1642520 519
1642530 519
1642540 523
1642550 526
1642560 526
1642570 528
1642580 528
1642590 528
1642600 528
1642610 528
1642620 528
1642630 528
1642640 528
1642650 528
1642660 528
1642670 528
1642680 528
1642690 528
1642700 528
1642710 528
1642720 528
1642730 527
1642740 527
1642750 527
1642760 527
1642770 527
1642780 527
1642790 527
1642800 527
1642810 527
1642820 527
1642830 527
1642840 526
1642850 526
1642860 526
1642870 526
1642880 526
1642890 526
1642900 526
1642910 526
1642920 527
1642930 527
1642940 527
1642950 527
1642960 527
1642970 527
1642980 526
1642990 526
1643000 526
1643010 526
1643020 526
1643030 526
1643040 527
1643050 527
1643060 527
1643070 527
1643080 527
1643090 527
1643100 527
1643110 527
1643120 526
1643130 526
1643140 526
1643150 526
1643160 526
1643170 526
1643180 527
1643190 527
1643200 527
1643210 527
1643220 527
1643230 527
1643240 527
1643250 527
1643260 527
1643270 527
1643280 527
1643290 526
1643300 526
1643310 526
1643320 527
1643330 527
1643340 527
1643350 527
1643360 527
1643370 526
1643380 526
1643390 526
1643400 526
1643410 527
1643420 527
1643430 526
1643440 527
1643450 527
1643460 527
1643470 527
1643480 527
1643490 527
1643500 527
1643510 527
1643520 527
1643530 527
1643540 527
1643550 528
1643560 527
1643570 527
1643580 527
1643590 527
1643600 527
1643610 527
1643620 527
1643630 527
1643640 527
1643650 527
1643660 527
1643670 527
1643680 527
1643690 527
1643700 527
1643710 527
1643720 527
1643730 527
1643740 527
1643750 527
1643760 527
1643770 527
1643780 527
1643790 527
1643800 527
1643810 528
1643820 528
1643830 527
1643840 527
1643850 527
1643860 527
1643870 527
1643880 527
1643890 527
1643900 527
1643910 527
1643920 528
1643930 532
1643940 532
1643950 537
1643960 543
1643970 543
1643980 550
1643990 557
1644000 557
1644010 564
1644020 571
1644030 571
1644040 580
1644050 586
1644060 586
1644070 587
1644080 588
1644090 588
1644100 589
1644110 589
1644120 589
1644130 589
1644140 587
1644150 584
1644160 584
1644170 579
1644180 574
1644190 574
1644200 569
1644210 561
1644220 561
1644230 554
1644240 553
1644250 553
1644260 553
1644270 553
1644280 553
1644290 553
1644300 554
1644310 554
1644320 556
1644330 561
1644340 561
1644350 567
1644360 573
1644370 573
1644380 578
1644390 585
1644400 585
1644410 591
1644420 595
1644430 595
1644440 599
1644450 602
1644460 602
1644470 605
1644480 607
1644490 607
1644500 608
1644510 609
1644520 609
1644530 610
1644540 611
1644550 609
1644560 609
1644570 603
1644580 597
1644590 597
1644600 592
1644610 588
1644620 588
1644630 585
1644640 582
1644650 582
1644660 583
1644670 586
1644680 586
1644690 592
1644700 598
1644710 598
1644720 602
1644730 606
1644740 606
1644750 609
1644760 613
1644770 613
1644780 616
1644790 619
1644800 619
1644810 621
1644820 623
1644830 623
1644840 624
1644850 625
1644860 625
1644870 625
1644880 626
1644890 626
1644900 627
1644910 627
1644920 627
1644930 627
1644940 627
1644950 627
1644960 627
1644970 628
1644980 628
1644990 628
1645000 629
1645010 630
1645020 630
1645030 631
1645040 631
1645050 631
1645060 632
1645070 633
1645080 633
1645090 634
1645100 635
1645110 635
1645120 635
1645130 636
1645140 636
1645150 637
1645160 638
1645170 638
1645180 639
1645190 640
1645200 640
1645210 641
1645220 642
1645230 642
1645240 643
1645250 644
1645260 644
1645270 646
1645280 647
1645290 647
1645300 648
1645310 649
1645320 649
1645330 651
1645340 652
1645350 652
1645360 653
1645370 655
1645380 655
1645390 655
1645400 657
1645410 658
1645420 658
1645430 660
1645440 662
1645450 662
1645460 664
1645470 666
1645480 666
1645490 668
1645500 670
1645510 670
1645520 673
1645530 675
1645540 675
1645550 677
1645560 680
1645570 680
1645580 682
1645590 684
1645600 684
1645610 686
1645620 687
1645630 687
1645640 689
1645650 690
1645660 690
1645670 691
1645680 692
1645690 692
1645700 693
1645710 695
1645720 695
1645730 696
1645740 696
1645750 696
1645760 697
1645770 697
1645780 697
1645790 697
1645800 698
1645810 698
1645820 698
1645830 699
1645840 698
1645850 698
1645860 696
1645870 693
1645880 693
1645890 691
1645900 692
1645910 692
1645920 693
1645930 697
1645940 697
1645950 702
1645960 706
1645970 706
1645980 710
1645990 712
1646000 712
1646010 715
1646020 717
1646030 717
1646040 720
1646050 720
1646060 720
1646070 722
1646080 724
1646090 724
1646100 726
1646110 728
1646120 728
1646130 730
1646140 731
1646150 731
1646160 733
1646170 734
1646180 734
1646190 736
1646200 738
1646210 738
1646220 740
1646230 742
1646240 743
1646250 743
1646260 745
1646270 746
1646280 746
1646290 748
1646300 749
1646310 749
1646320 750
1646330 751
1646340 751
1646350 753
1646360 754
1646370 754
1646380 755
1646390 756
1646400 756
1646410 757
1646420 758
1646430 758
1646440 759
1646450 760
1646460 760
1646470 760
1646480 761
1646490 761
1646500 761
1646510 762
1646520 762
1646530 762
1646540 763
1646550 763
1646560 764
1646570 764
1646580 764
1646590 764
1646600 765
1646610 765
1646620 764
1646630 764
1646640 764
1646650 764
1646660 764
1646670 764
1646680 764
1646690 763
1646700 764
1646710 762
1646720 762
1646730 759
1646740 759
1646750 757
1646760 756
1646770 756
1646780 756
1646790 757
1646800 757
1646810 757
1646820 758
1646830 758
1646840 758
1646850 757
1646860 757
1646870 756
1646880 755
1646890 755
1646900 754
1646910 753
1646920 753
1646930 753
1646940 753
1646950 753
1646960 752
1646970 751
1646980 751
1646990 750
1647000 749
1647010 749
1647020 747
1647030 746
1647040 746
1647050 744
1647060 741
1647070 741
1647080 743
1647090 741
1647100 738
1647110 738
1647120 735
1647130 731
1647140 731
1647150 727
1647160 725
1647170 725
1647180 723
1647190 722
1647200 722
1647210 719
1647220 715
1647230 715
1647240 711
1647250 707
1647260 707
1647270 705
1647280 701
1647290 701
1647300 695
1647310 689
1647320 689
1647330 686
1647340 683
1647350 683
1647360 681
1647370 679
1647380 679
1647390 676
1647400 674
1647410 674
1647420 672
1647430 670
1647440 670
1647450 667
1647460 663
1647470 663
1647480 662
1647490 657
1647500 656
1647510 656
1647520 655
1647530 656
1647540 656
1647550 660
1647560 659
1647570 659
1647580 658
1647590 656
1647600 656
1647610 652
1647620 653
1647630 653
1647640 655
1647650 658
1647660 658
1647670 662
1647680 664
1647690 664
1647700 669
1647710 672
1647720 672
1647730 673
1647740 674
1647750 674
1647760 676
1647770 678
1647780 678
1647790 680
1647800 681
1647810 681
1647820 683
1647830 686
1647840 686
1647850 689
1647860 692
1647870 692
1647880 695
1647890 697
1647900 697
1647910 699
1647920 700
1647930 702
1647940 702
1647950 705
1647960 707
1647970 707
1647980 709
1647990 711
1648000 711
1648010 713
1648020 715
1648030 715
1648040 717
1648050 720
1648060 720
1648070 723
1648080 725
1648090 725
1648100 727
1648110 728
1648120 728
1648130 728
1648140 730
1648150 730
1648160 732
1648170 734
1648180 734
1648190 737
1648200 741
1648210 741
1648220 743
1648230 747
1648240 747
1648250 749
1648260 750
1648270 750
1648280 751
1648290 751
1648300 751
1648310 752
1648320 753
1648330 753
1648340 756
1648350 757
1648360 759
1648370 759
1648380 761
1648390 763
1648400 763
1648410 764
1648420 767
1648430 767
1648440 774
1648450 780
1648460 780
1648470 783
1648480 786
1648490 786
1648500 788
1648510 790
1648520 790
1648530 792
1648540 795
1648550 795
1648560 797
1648570 799
1648580 799
1648590 802
1648600 805
1648610 805
1648620 807
1648630 809
1648640 809
1648650 813
1648660 818
1648670 818
1648680 819
1648690 820
1648700 820
1648710 820
1648720 821
1648730 821
1648740 823
1648750 824
1648760 824
1648770 825
1648780 824
1648790 824
1648800 824
1648810 826
1648820 829
1648830 829
1648840 831
1648850 834
1648860 834
1648870 834
1648880 835
1648890 835
1648900 836
1648910 840
1648920 840
1648930 841
1648940 842
1648950 842
1648960 841
1648970 841
1648980 841
1648990 842
1649000 843
1649010 843
1649020 843
1649030 844
1649040 844
1649050 843
1649060 841
1649070 841
1649080 842
1649090 843
1649100 843
1649110 845
1649120 846
1649130 846
1649140 846
1649150 847
1649160 847
1649170 849
1649180 851
1649190 852
1649200 852
1649210 855
1649220 860
1649230 860
1649240 865
1649250 868
1649260 868
1649270 870
1649280 873
1649290 873
1649300 876
1649310 879
1649320 879
1649330 881
1649340 881
1649350 881
1649360 882
1649370 882
1649380 882
1649390 884
1649400 885
1649410 885
1649420 883
1649430 884
1649440 884
1649450 888
1649460 889
1649470 889
1649480 892
1649490 896
1649500 896
1649510 897
1649520 898
1649530 898
1649540 898
1649550 900
1649560 900
1649570 901
1649580 903
1649590 903
1649600 906
1649610 908
1649620 911
1649630 911
1649640 915
1649650 917
1649660 917
1649670 920
1649680 921
1649690 921
1649700 920
1649710 915
1649720 915
1649730 910
1649740 907
1649750 907
1649760 909
1649770 910
1649780 910
1649790 913
1649800 916
1649810 916
1649820 919
1649830 920
1649840 917
1649850 920
1649860 922
1649870 922
1649880 922
1649890 922
1649900 922
1649910 923
1649920 926
1649930 926
1649940 929
1649950 930
1649960 930
1649970 932
1649980 934
1649990 934
1650000 936
1650010 938
1650020 938
1650030 940
1650040 941
1650050 943
1650060 943
1650070 945
1650080 948
1650090 948
1650100 951
1650110 954
1650120 954
1650130 957
1650140 961
1650150 961
1650160 964
1650170 967
1650180 967
1650190 969
1650200 970
1650210 970
1650220 972
1650230 973
1650240 973
1650250 972
1650260 971
1650270 971
1650280 971
1650290 973
1650300 973
1650310 978
1650320 982
1650330 982
1650340 984
1650350 986
1650360 986
1650370 988
1650380 990
1650390 990
1650400 991
1650410 992
1650420 992
1650430 993
1650440 993
1650450 993
1650460 992
1650470 991
1650480 990
1650490 990
1650500 988
1650510 987
1650520 987
1650530 985
1650540 982
1650550 982
1650560 979
1650570 976
1650580 976
1650590 971
1650600 966
1650610 962
1650620 958
1650630 959
1650640 959
1650650 960
1650660 959
1650670 959
1650680 958
1650690 956
1650700 956
1650710 952
1650720 948
1650730 948
1650740 946
1650750 943
1650760 943
1650770 942
1650780 940
1650790 940
1650800 938
1650810 936
1650820 936
1650830 936
1650840 936
1650850 936
1650860 936
1650870 936
1650880 936
1650890 935
1650900 933
1650910 932
1650920 932
1650930 932
1650940 933
1650950 933
1650960 934
1650970 934
1650980 934
1650990 935
1651000 935
1651010 935
1651020 934
1651030 928
1651040 928
1651050 920
1651060 916
1651070 916
1651080 914
1651090 915
1651100 915
1651110 914
1651120 914
1651130 914
1651140 914
1651150 916
1651160 916
1651170 915
1651180 913
1651190 913
1651200 910
1651210 908
1651220 908
1651230 904
1651240 899
1651250 899
1651260 896
1651270 893
1651280 893
1651290 888
1651300 888
1651310 888
1651320 888
1651330 886
1651340 883
1651350 883
1651360 879
1651370 874
1651380 871
1651390 867
1651400 863
1651410 863
1651420 859
1651430 856
1651440 856
1651450 854
1651460 851
1651470 851
1651480 849
1651490 848
1651500 848
1651510 847
1651520 846
1651530 846
1651540 844
1651550 843
1651560 843
1651570 842
1651580 842
1651590 842
1651600 841
1651610 840
1651620 840
1651630 840
1651640 839
1651650 839
1651660 838
1651670 838
1651680 838
1651690 837
1651700 837
1651710 837
1651720 838
1651730 838
1651740 838
1651750 838
1651760 838
1651770 837
1651780 837
1651790 836
1651800 836
1651810 836
1651820 835
1651830 835
1651840 835
1651850 834
1651860 833
1651870 833
1651880 835
1651890 835
1651900 835
1651910 836
1651920 837
1651930 837
1651940 837
1651950 835
1651960 835
1651970 833
1651980 831
1651990 831
1652000 830
1652010 829
1652020 829
1652030 828
1652040 828
1652050 828
1652060 828
1652070 828
1652080 828
1652090 828
1652100 828
1652110 828
1652120 828
1652130 828
1652140 828
1652150 829
1652160 829
1652170 829
1652180 829
1652190 828
1652200 827
1652210 827
1652220 827
1652230 827
1652240 827
1652250 826
1652260 825
1652270 825
1652280 824
1652290 823
1652300 823
1652310 823
1652320 822
1652330 822
1652340 821
1652350 819
1652360 819
1652370 816
1652380 813
1652390 813
1652400 811
1652410 808
1652420 808
1652430 806
1652440 803
1652450 803
1652460 801
1652470 799
1652480 799
1652490 798
1652500 797
1652510 797
1652520 796
1652530 795
1652540 795
1652550 794
1652560 793
1652570 793
1652580 791
1652590 791
1652600 788
1652610 788
1652620 785
1652630 782
1652640 782
1652650 780
1652660 778
1652670 778
1652680 775
1652690 774
1652700 774
1652710 774
1652720 778
1652730 778
1652740 784
1652750 784
1652760 784
1652770 784
1652780 783
1652790 783
1652800 782
1652810 784
1652820 784
1652830 785
1652840 786
1652850 786
1652860 787
1652870 788
1652880 788
1652890 790
1652900 791
1652910 789
1652920 790
1652930 791
1652940 791
1652950 792
1652960 793
1652970 793
1652980 794
1652990 795
1653000 795
1653010 795
1653020 796
1653030 797
1653040 797
1653050 798
1653060 799
1653070 799
1653080 800
1653090 801
1653100 801
1653110 802
1653120 802
1653130 802
1653140 803
1653150 802
1653160 802
1653170 801
1653180 800
1653190 800
1653200 801
1653210 800
1653220 800
1653230 800
1653240 798
1653250 798
1653260 797
1653270 797
1653280 797
1653290 798
1653300 798
1653310 798
1653320 799
1653330 800
1653340 800
1653350 804
1653360 809
1653370 809
1653380 812
1653390 814
1653400 814
1653410 813
1653420 817
1653430 817
1653440 821
1653450 824
1653460 828
1653470 828
1653480 833
1653490 838
1653500 838
1653510 843
1653520 848
1653530 848
1653540 852
1653550 857
1653560 857
1653570 861
1653580 861
1653590 861
1653600 860
1653610 859
1653620 859
1653630 860
1653640 861
1653650 861
1653660 862
1653670 861
1653680 861
1653690 862
1653700 862
1653710 862
1653720 865
1653730 870
1653740 870
1653750 875
1653760 881
1653770 881
1653780 886
1653790 892
1653800 892
1653810 897
1653820 903
1653830 903
1653840 908
1653850 909
1653860 904
1653870 904
1653880 899
1653890 898
1653900 898
1653910 899
1653920 905
1653930 905
1653940 916
1653950 924
1653960 924
1653970 929
1653980 933
1653990 933
1654000 938
1654010 944
1654020 944
1654030 951
1654040 959
1654050 959
1654060 965
1654070 971
1654080 971
1654090 979
1654100 982
1654110 982
1654120 984
1654130 987
1654140 987
1654150 991
1654160 996
1654170 996
1654180 999
1654190 1003
1654200 1003
1654210 1008
1654220 1013
1654230 1013
1654240 1018
1654250 1024
1654260 1024
1654270 1029
1654280 1034
1654290 1039
1654300 1039
1654310 1044
1654320 1048
1654330 1048
1654340 1054
1654350 1059
1654360 1059
1654370 1063
1654380 1067
1654390 1067
1654400 1073
1654410 1078
1654420 1078
1654430 1081
1654440 1085
1654450 1085
1654460 1089
1654470 1093
1654480 1093
1654490 1096
1654500 1100
1654510 1100
1654520 1103
1654530 1105
1654540 1105
1654550 1108
1654560 1111
1654570 1111
1654580 1114
1654590 1118
1654600 1118
1654610 1121
1654620 1125
1654630 1125
1654640 1130
1654650 1134
1654660 1134
1654670 1138
1654680 1141
1654690 1141
1654700 1143
1654710 1145
1654720 1147
1654730 1147
1654740 1150
1654750 1153
1654760 1153
1654770 1156
1654780 1154
1654790 1154
1654800 1155
1654810 1156
1654820 1156
1654830 1158
1654840 1163
1654850 1163
1654860 1167
1654870 1170
1654880 1170
1654890 1173
1654900 1175
1654910 1175
1654920 1177
1654930 1180
1654940 1180
1654950 1183
1654960 1185
1654970 1185
1654980 1188
1654990 1190
1655000 1190
1655010 1191
1655020 1194
1655030 1194
1655040 1198
1655050 1201
1655060 1201
1655070 1204
1655080 1205
1655090 1205
1655100 1209
1655110 1214
1655120 1214
1655130 1218
1655140 1223
1655150 1232
1655160 1232
1655170 1242
1655180 1240
1655190 1240
1655200 1242
1655210 1245
1655220 1245
1655230 1248
1655240 1251
1655250 1251
1655260 1253
1655270 1255
1655280 1255
1655290 1256
1655300 1259
1655310 1259
1655320 1262
1655330 1265
1655340 1265
1655350 1268
1655360 1271
1655370 1271
1655380 1272
1655390 1272
1655400 1272
1655410 1273
1655420 1273
1655430 1273
1655440 1273
1655450 1272
1655460 1272
1655470 1272
1655480 1273
1655490 1273
1655500 1274
1655510 1275
1655520 1275
1655530 1276
1655540 1278
1655550 1278
1655560 1282
1655570 1289
1655580 1294
1655590 1294
1655600 1295
1655610 1293
1655620 1293
1655630 1295
1655640 1295
1655650 1295
1655660 1287
1655670 1284
1655680 1284
1655690 1284
1655700 1284
1655710 1284
1655720 1284
1655730 1283
1655740 1283
1655750 1281
1655760 1279
1655770 1279
1655780 1278
1655790 1279
1655800 1279
1655810 1281
1655820 1282
1655830 1282
1655840 1282
1655850 1280
1655860 1280
1655870 1276
1655880 1270
1655890 1270
1655900 1270
1655910 1269
1655920 1269
1655930 1263
1655940 1262
1655950 1262
1655960 1262
1655970 1263
1655980 1266
1655990 1266
1656000 1269
1656010 1272
1656020 1272
1656030 1273
1656040 1272
1656050 1272
1656060 1275
1656070 1275
1656080 1275
1656090 1274
1656100 1275
1656110 1275
1656120 1278
1656130 1281
1656140 1281
1656150 1284
1656160 1288
1656170 1288
1656180 1291
1656190 1294
1656200 1294
1656210 1297
1656220 1298
1656230 1298
1656240 1301
1656250 1304
1656260 1304
1656270 1306
1656280 1308
1656290 1308
1656300 1311
1656310 1313
1656320 1313
1656330 1315
1656340 1318
1656350 1318
1656360 1320
1656370 1321
1656380 1321
1656390 1320
1656400 1316
1656410 1312
1656420 1312
1656430 1311
1656440 1313
1656450 1313
1656460 1314
1656470 1315
1656480 1315
1656490 1321
1656500 1323
1656510 1323
1656520 1326
1656530 1328
1656540 1328
1656550 1328
1656560 1327
1656570 1327
1656580 1326
1656590 1329
1656600 1329
1656610 1334
1656620 1338
1656630 1338
1656640 1339
1656650 1336
1656660 1336
1656670 1329
1656680 1300
1656690 1300
1656700 1293
1656710 1290
1656720 1290
1656730 1291
1656740 1295
1656750 1295
1656760 1296
1656770 1292
1656780 1292
1656790 1286
1656800 1287
1656810 1287
1656820 1287
1656830 1288
1656840 1289
1656850 1289
1656860 1291
1656870 1295
1656880 1295
1656890 1298
1656900 1303
1656910 1303
1656920 1308
1656930 1309
1656940 1309
1656950 1312
1656960 1317
1656970 1317
1656980 1321
1656990 1324
1657000 1324
1657010 1328
1657020 1331
1657030 1331
1657040 1333
1657050 1335
1657060 1335
1657070 1336
1657080 1337
1657090 1337
1657100 1339
1657110 1340
1657120 1340
1657130 1340
1657140 1341
1657150 1341
1657160 1340
1657170 1339
1657180 1339
1657190 1338
1657200 1338
1657210 1338
1657220 1339
1657230 1340
1657240 1340
1657250 1340
1657260 1341
1657270 1342
1657280 1342
1657290 1344
1657300 1348
1657310 1348
1657320 1353
1657330 1357
1657340 1357
1657350 1359
1657360 1359
1657370 1359
1657380 1361
1657390 1366
1657400 1366
1657410 1372
1657420 1377
1657430 1368
1657440 1371
1657450 1373
1657460 1373
1657470 1375
1657480 1376
1657490 1376
1657500 1379
1657510 1382
1657520 1382
1657530 1383
1657540 1384
1657550 1384
1657560 1386
1657570 1385
1657580 1385
1657590 1385
1657600 1386
1657610 1386
1657620 1385
1657630 1384
1657640 1384
1657650 1383
1657660 1383
1657670 1383
1657680 1384
1657690 1385
1657700 1385
1657710 1385
1657720 1385
1657730 1384
1657740 1384
1657750 1380
1657760 1378
1657770 1378
1657780 1376
1657790 1376
1657800 1376
1657810 1375
1657820 1371
1657830 1371
1657840 1370
1657850 1370
1657860 1370
1657870 1370
1657880 1372
1657890 1372
1657900 1370
1657910 1369
1657920 1369
1657930 1363
1657940 1360
1657950 1360
1657960 1358
1657970 1357
1657980 1357
1657990 1355
1658000 1354
1658010 1354
1658020 1352
1658030 1350
1658040 1350
1658050 1345
1658060 1339
1658070 1339
1658080 1335
1658090 1331
1658100 1331
1658110 1327
1658120 1322
1658130 1319
1658140 1319
1658150 1315
1658160 1302
1658170 1301
1658180 1298
1658190 1295
1658200 1295
1658210 1292
1658220 1294
1658230 1294
1658240 1295
1658250 1292
1658260 1292
1658270 1290
1658280 1288
1658290 1288
1658300 1285
1658310 1280
1658320 1280
1658330 1275
1658340 1269
1658350 1269
1658360 1264
1658370 1258
1658380 1258
1658390 1250
1658400 1245
1658410 1245
1658420 1243
1658430 1242
1658440 1242
1658450 1239
1658460 1237
1658470 1237
1658480 1237
1658490 1233
1658500 1233
1658510 1228
1658520 1224
1658530 1218
1658540 1218
1658550 1214
1658560 1211
1658570 1211
1658580 1212
1658590 1212
1658600 1212
1658610 1212
1658620 1207
1658630 1207
1658640 1198
1658650 1192
1658660 1192
1658670 1190
1658680 1187
1658690 1187
1658700 1183
1658710 1181
1658720 1181
1658730 1183
1658740 1184
1658750 1184
1658760 1187
1658770 1192
1658780 1192
1658790 1194
1658800 1190
1658810 1190
1658820 1191
1658830 1194
1658840 1194
1658850 1191
1658860 1186
1658870 1186
1658880 1187
1658890 1186
1658900 1204
1658910 1200
1658920 1202
1658930 1202
1658940 1203
1658950 1200
1658960 1199
1658970 1199
1658980 1196
1658990 1190
1659000 1190
1659010 1186
1659020 1186
1659030 1186
1659040 1186
1659050 1186
1659060 1186
1659070 1186
1659080 1186
1659090 1186
1659100 1184
1659110 1186
1659120 1186
1659130 1187
1659140 1188
1659150 1188
1659160 1190
1659170 1192
1659180 1192
1659190 1193
1659200 1193
1659210 1193
1659220 1192
1659230 1191
1659240 1191
1659250 1189
1659260 1184
1659270 1184
1659280 1179
1659290 1171
1659300 1171
1659310 1161
1659320 1150
1659330 1150
1659340 1140
1659350 1127
1659360 1127
1659370 1115
1659380 1104
1659390 1097
1659400 1097
1659410 1101
1659420 1107
1659430 1107
1659440 1114
1659450 1117
1659460 1117
1659470 1113
1659480 1110
1659490 1110
1659500 1111
1659510 1113
1659520 1113
1659530 1113
1659540 1116
1659550 1116
1659560 1121
1659570 1122
1659580 1122
1659590 1119
1659600 1118
1659610 1118
1659620 1115
1659630 1107
1659640 1123
1659650 1114
1659660 1116
1659670 1116
1659680 1119
1659690 1119
1659700 1119
1659710 1118
1659720 1115
1659730 1115
1659740 1112
1659750 1109
1659760 1109
1659770 1107
1659780 1105
1659790 1105
1659800 1106
1659810 1107
1659820 1107
1659830 1107
1659840 1107
1659850 1106
1659860 1106
1659870 1106
1659880 1106
1659890 1106
1659900 1107
1659910 1109
1659920 1109
1659930 1111
1659940 1113
1659950 1113
1659960 1114
1659970 1117
1659980 1117
1659990 1119
