1640000 593
1640010 593
1640020 592
1640030 591
1640040 591
1640050 591
1640060 591
1640070 591
1640080 592
1640090 593
1640100 593
1640110 593
1640120 593
1640130 593
1640140 594
1640150 593
1640160 593
1640170 593
1640180 593
1640190 593
1640200 593
1640210 591
1640220 591
1640230 591
1640240 591
1640250 591
1640260 591
1640270 587
1640280 587
1640290 587
1640300 589
1640310 589
1640320 589
1640330 588
1640340 587
1640350 587
1640360 587
1640370 587
1640380 587
1640390 587
1640400 589
1640410 589
1640420 590
1640430 591
1640440 591
1640450 592
1640460 593
1640470 593
1640480 594
1640490 594
1640500 594
1640510 594
1640520 593
1640530 593
1640540 592
1640550 593
1640560 593
1640570 593
1640580 593
1640590 593
1640600 593
1640610 593
1640620 593
1640630 593
1640640 593
1640650 593
1640660 593
1640670 593
1640680 595
1640690 595
1640700 596
1640710 597
1640720 597
1640730 599
1640740 600
1640750 600
1640760 602
1640770 605
1640780 605
1640790 608
1640800 610
1640810 610
1640820 613
1640830 615
1640840 615
1640850 617
1640860 619
1640870 619
1640880 621
1640890 624
1640900 624
1640910 626
1640920 627
1640930 627
1640940 628
1640950 630
1640960 630
1640970 631
1640980 631
1640990 631
1641000 631
1641010 631
1641020 631
1641030 631
1641040 630
1641050 630
1641060 629
1641070 628
1641080 628
1641090 621
1641100 620
1641110 619
1641120 619
1641130 620
1641140 620
1641150 620
1641160 619
1641170 616
1641180 616
1641190 611
1641200 604
1641210 604
1641220 598
1641230 593
1641240 593
1641250 589
1641260 586
1641270 586
1641280 585
1641290 586
1641300 586
1641310 587
1641320 584
1641330 584
1641340 578
1641350 571
1641360 571
1641370 563
1641380 556
1641390 556
1641400 548
1641410 539
1641420 539
1641430 534
1641440 531
1641450 531
1641460 529
1641470 528
1641480 528
1641490 526
1641500 525
1641510 525
1641520 524
1641530 524
1641540 524
1641550 524
1641560 525
1641570 525
1641580 525
1641590 525
1641600 524
1641610 524
1641620 518
1641630 517
1641640 517
1641650 514
1641660 511
1641670 511
1641680 510
1641690 509
1641700 509
1641710 506
1641720 504
1641730 504
1641740 503
1641750 501
1641760 501
1641770 501
1641780 502
1641790 502
1641800 502
1641810 501
1641820 501
1641830 500
1641840 494
1641850 494
1641860 488
1641870 485
1641880 485
1641890 482
1641900 479
1641910 483
1641920 480
1641930 474
1641940 474
1641950 469
1641960 466
1641970 461
1641980 461
1641990 459
1642000 458
1642010 458
1642020 459
1642030 459
1642040 459
1642050 459
1642060 456
1642070 456
1642080 453
1642090 453
1642100 453
1642110 453
1642120 454
1642130 454
1642140 455
1642150 459
1642160 459
1642170 461
1642180 462
1642190 462
1642200 469
1642210 474
1642220 474
1642230 476
1642240 483
1642250 483
1642260 491
1642270 497
1642280 497
1642290 498
1642300 498
1642310 498
1642320 499
1642330 500
1642340 500
1642350 501
1642360 502
1642370 504
1642380 504
1642390 505
1642400 505
1642410 505
1642420 505
1642430 506
1642440 506
1642450 505
1642460 506
1642470 506
1642480 507
1642490 508
1642500 508
1642510 510
1642520 513
1642530 513
1642540 516
1642550 520
1642560 520
1642570 524
1642580 527
1642590 527
1642600 528
1642610 528
1642620 528
1642630 528
1642640 528
1642650 528
1642660 528
1642670 528
1642680 528
1642690 528
1642700 529
1642710 529
1642720 528
1642730 528
1642740 528
1642750 528
1642760 528
1642770 528
1642780 527
1642790 527
1642800 527
1642810 527
1642820 527
1642830 527
1642840 527
1642850 526
1642860 526
1642870 526
1642880 526
1642890 526
1642900 526
1642910 526
1642920 527
1642930 527
1642940 527
1642950 527
1642960 527
1642970 526
1642980 526
1642990 526
1643000 526
1643010 526
1643020 526
1643030 526
1643040 527
1643050 527
1643060 527
1643070 527
1643080 527
1643090 527
1643100 526
1643110 526
1643120 526
1643130 526
1643140 526
1643150 526
1643160 526
1643170 526
1643180 527
1643190 527
1643200 527
1643210 527
1643220 527
1643230 527
1643240 527
1643250 527
1643260 527
1643270 527
1643280 527
1643290 526
1643300 526
1643310 526
1643320 527
1643330 527
1643340 527
1643350 527
1643360 527
1643370 526
1643380 526
1643390 526
1643400 526
1643410 527
1643420 527
1643430 527
1643440 527
1643450 527
1643460 527
1643470 527
1643480 527
1643490 527
1643500 527
1643510 527
1643520 527
1643530 527
1643540 527
1643550 528
1643560 527
1643570 527
1643580 527
1643590 527
1643600 527
1643610 527
1643620 527
1643630 527
1643640 527
1643650 527
1643660 527
1643670 527
1643680 527
1643690 527
1643700 527
1643710 527
1643720 527
1643730 527
1643740 528
1643750 528
1643760 528
1643770 527
1643780 528
1643790 528
1643800 527
1643810 527
1643820 527
1643830 527
1643840 527
1643850 527
1643860 527
1643870 527
1643880 527
1643890 527
1643900 527
1643910 527
1643920 527
1643930 530
1643940 530
1643950 535
1643960 540
1643970 540
1643980 547
1643990 553
1644000 553
1644010 560
1644020 568
1644030 568
1644040 575
1644050 583
1644060 583
1644070 588
1644080 589
1644090 589
1644100 589
1644110 589
1644120 589
1644130 589
1644140 589
1644150 588
1644160 588
1644170 584
1644180 579
1644190 579
1644200 573
1644210 565
1644220 565
1644230 558
1644240 554
1644250 554
1644260 553
1644270 553
1644280 553
1644290 554
1644300 554
1644310 554
1644320 555
1644330 559
1644340 559
1644350 564
1644360 570
1644370 570
1644380 575
1644390 580
1644400 580
1644410 586
1644420 591
1644430 591
1644440 596
1644450 600
1644460 600
1644470 603
1644480 606
1644490 608
1644500 608
1644510 609
1644520 611
1644530 611
1644540 612
1644550 613
1644560 613
1644570 613
1644580 612
1644590 612
1644600 608
1644610 604
1644620 604
1644630 601
1644640 599
1644650 599
1644660 597
1644670 594
1644680 594
1644690 592
1644700 590
1644710 590
1644720 593
1644730 597
1644740 597
1644750 601
1644760 605
1644770 605
1644780 608
1644790 611
1644800 611
1644810 615
1644820 618
1644830 618
1644840 620
1644850 621
1644860 621
1644870 622
1644880 624
1644890 624
1644900 624
1644910 624
1644920 625
1644930 625
1644940 625
1644950 625
1644960 625
1644970 625
1644980 627
1644990 627
1645000 628
1645010 630
1645020 630
1645030 631
1645040 631
1645050 631
1645060 632
1645070 632
1645080 632
1645090 632
1645100 632
1645110 632
1645120 633
1645130 635
1645140 635
1645150 636
1645160 637
1645170 637
1645180 637
1645190 638
1645200 638
1645210 639
1645220 639
1645230 639
1645240 640
1645250 641
1645260 641
1645270 642
1645280 644
1645290 644
1645300 646
1645310 647
1645320 647
1645330 648
1645340 648
1645350 649
1645360 649
1645370 651
1645380 652
1645390 652
1645400 654
1645410 656
1645420 656
1645430 658
1645440 660
1645450 660
1645460 662
1645470 664
1645480 664
1645490 667
1645500 670
1645510 670
1645520 672
1645530 674
1645540 674
1645550 676
1645560 678
1645570 678
1645580 680
1645590 682
1645600 682
1645610 683
1645620 684
1645630 684
1645640 685
1645650 687
1645660 687
1645670 689
1645680 690
1645690 690
1645700 692
1645710 693
1645720 693
1645730 693
1645740 692
1645750 692
1645760 692
1645770 692
1645780 691
1645790 691
1645800 691
1645810 691
1645820 691
1645830 689
1645840 686
1645850 686
1645860 686
1645870 691
1645880 691
1645890 694
1645900 699
1645910 699
1645920 701
1645930 705
1645940 705
1645950 709
1645960 711
1645970 711
1645980 714
1645990 716
1646000 716
1646010 718
1646020 720
1646030 720
1646040 722
1646050 723
1646060 723
1646070 724
1646080 726
1646090 726
1646100 728
1646110 730
1646120 730
1646130 733
1646140 735
1646150 735
1646160 737
1646170 739
1646180 740
1646190 740
1646200 742
1646210 743
1646220 743
1646230 744
1646240 745
1646250 745
1646260 747
1646270 748
1646280 748
1646290 750
1646300 751
1646310 751
1646320 752
1646330 753
1646340 753
1646350 754
1646360 755
1646370 755
1646380 756
1646390 757
1646400 757
1646410 757
1646420 758
1646430 758
1646440 758
1646450 759
1646460 759
1646470 759
1646480 759
1646490 759
1646500 760
1646510 761
1646520 761
1646530 762
1646540 763
1646550 763
1646560 764
1646570 764
1646580 764
1646590 765
1646600 765
1646610 766
1646620 766
1646630 766
1646640 766
1646650 766
1646660 766
1646670 766
1646680 766
1646690 766
1646700 765
1646710 765
1646720 764
1646730 763
1646740 763
1646750 761
1646760 759
1646770 759
1646780 759
1646790 760
1646800 760
1646810 761
1646820 761
1646830 761
1646840 762
1646850 762
1646860 762
1646870 762
1646880 760
1646890 760
1646900 760
1646910 759
1646920 759
1646930 758
1646940 758
1646950 758
1646960 757
1646970 756
1646980 756
1646990 756
1647000 754
1647010 754
1647020 751
1647030 748
1647040 746
1647050 746
1647060 744
1647070 745
1647080 745
1647090 743
1647100 739
1647110 739
1647120 734
1647130 731
1647140 731
1647150 728
1647160 726
1647170 726
1647180 726
1647190 726
1647200 726
1647210 723
1647220 717
1647230 717
1647240 710
1647250 705
1647260 705
1647270 702
1647280 699
1647290 699
1647300 694
1647310 689
1647320 689
1647330 685
1647340 684
1647350 684
1647360 683
1647370 681
1647380 681
1647390 679
1647400 675
1647410 675
1647420 672
1647430 669
1647440 669
1647450 667
1647460 663
1647470 661
1647480 661
1647490 661
1647500 664
1647510 662
1647520 662
1647530 663
1647540 663
1647550 664
1647560 665
1647570 665
1647580 664
1647590 662
1647600 662
1647610 660
1647620 656
1647630 656
1647640 656
1647650 660
1647660 660
1647670 665
1647680 669
1647690 669
1647700 671
1647710 674
1647720 674
1647730 676
1647740 679
1647750 679
1647760 681
1647770 681
1647780 681
1647790 683
1647800 684
1647810 684
1647820 686
1647830 688
1647840 688
1647850 690
1647860 692
1647870 692
1647880 695
1647890 699
1647900 702
1647910 702
1647920 704
1647930 705
1647940 705
1647950 706
1647960 709
1647970 709
1647980 710
1647990 711
1648000 711
1648010 712
1648020 714
1648030 714
1648040 716
1648050 719
1648060 719
1648070 720
1648080 722
1648090 722
1648100 723
1648110 724
1648120 724
1648130 726
1648140 728
1648150 728
1648160 730
1648170 732
1648180 732
1648190 734
1648200 738
1648210 738
1648220 741
1648230 743
1648240 743
1648250 745
1648260 746
1648270 746
1648280 747
1648290 749
1648300 751
1648310 751
1648320 753
1648330 756
1648340 756
1648350 759
1648360 761
1648370 761
1648380 763
1648390 765
1648400 765
1648410 768
1648420 771
1648430 771
1648440 774
1648450 778
1648460 778
1648470 780
1648480 783
1648490 783
1648500 786
1648510 790
1648520 790
1648530 793
1648540 797
1648550 797
1648560 800
1648570 805
1648580 805
1648590 810
1648600 814
1648610 814
1648620 817
1648630 819
1648640 819
1648650 822
1648660 824
1648670 824
1648680 828
1648690 828
1648700 828
1648710 830
1648720 829
1648730 829
1648740 829
1648750 831
1648760 830
1648770 830
1648780 831
1648790 831
1648800 831
1648810 831
1648820 834
1648830 834
1648840 836
1648850 838
1648860 838
1648870 839
1648880 841
1648890 841
1648900 840
1648910 841
1648920 841
1648930 842
1648940 844
1648950 844
1648960 846
1648970 846
1648980 846
1648990 846
1649000 847
1649010 847
1649020 847
1649030 847
1649040 847
1649050 847
1649060 849
1649070 849
1649080 847
1649090 847
1649100 847
1649110 849
1649120 849
1649130 849
1649140 849
1649150 851
1649160 852
1649170 852
1649180 855
1649190 859
1649200 859
1649210 863
1649220 864
1649230 864
1649240 867
1649250 871
1649260 871
1649270 873
1649280 876
1649290 876
1649300 880
1649310 882
1649320 882
1649330 883
1649340 884
1649350 884
1649360 885
1649370 886
1649380 886
1649390 887
1649400 886
1649410 886
1649420 885
1649430 886
1649440 886
1649450 890
1649460 892
1649470 892
1649480 894
1649490 897
1649500 897
1649510 899
1649520 900
1649530 900
1649540 902
1649550 903
1649560 903
1649570 905
1649580 908
1649590 912
1649600 912
1649610 917
1649620 920
1649630 920
1649640 922
1649650 923
1649660 923
1649670 923
1649680 922
1649690 922
1649700 922
1649710 916
1649720 916
1649730 911
1649740 909
1649750 909
1649760 914
1649770 916
1649780 916
1649790 919
1649800 922
1649810 922
1649820 925
1649830 926
1649840 926
1649850 925
1649860 926
1649870 926
1649880 926
1649890 926
1649900 926
1649910 926
1649920 927
1649930 927
1649940 928
1649950 930
1649960 930
1649970 934
1649980 936
1649990 939
1650000 939
1650010 941
1650020 942
1650030 942
1650040 943
1650050 945
1650060 945
1650070 948
1650080 951
1650090 951
1650100 955
1650110 959
1650120 959
1650130 963
1650140 967
1650150 967
1650160 972
1650170 974
1650180 974
1650190 977
1650200 979
1650210 979
1650220 981
1650230 982
1650240 982
1650250 981
1650260 979
1650270 979
1650280 979
1650290 980
1650300 980
1650310 984
1650320 989
1650330 989
1650340 993
1650350 995
1650360 995
1650370 997
1650380 999
1650390 999
1650400 1001
1650410 1002
1650420 1003
1650430 1003
1650440 1003
1650450 1003
1650460 1003
1650470 1002
1650480 1001
1650490 1001
1650500 1000
1650510 999
1650520 999
1650530 997
1650540 994
1650550 994
1650560 990
1650570 985
1650580 985
1650590 980
1650600 975
1650610 975
1650620 974
1650630 970
1650640 970
1650650 971
1650660 971
1650670 971
1650680 970
1650690 968
1650700 968
1650710 965
1650720 962
1650730 962
1650740 959
1650750 956
1650760 956
1650770 953
1650780 951
1650790 951
1650800 948
1650810 944
1650820 944
1650830 943
1650840 941
1650850 939
1650860 939
1650870 937
1650880 937
1650890 937
1650900 936
1650910 935
1650920 935
1650930 934
1650940 934
1650950 934
1650960 935
1650970 935
1650980 935
1650990 936
1651000 937
1651010 937
1651020 936
1651030 932
1651040 932
1651050 928
1651060 926
1651070 926
1651080 922
1651090 921
1651100 921
1651110 919
1651120 918
1651130 918
1651140 918
1651150 918
1651160 918
1651170 917
1651180 915
1651190 915
1651200 913
1651210 910
1651220 910
1651230 907
1651240 905
1651250 905
1651260 901
1651270 899
1651280 897
1651290 897
1651300 896
1651310 894
1651320 894
1651330 892
1651340 888
1651350 888
1651360 884
1651370 878
1651380 878
1651390 873
1651400 867
1651410 867
1651420 863
1651430 861
1651440 861
1651450 859
1651460 856
1651470 856
1651480 854
1651490 852
1651500 852
1651510 850
1651520 848
1651530 848
1651540 846
1651550 844
1651560 844
1651570 843
1651580 842
1651590 842
1651600 842
1651610 842
1651620 842
1651630 841
1651640 841
1651650 841
1651660 841
1651670 840
1651680 840
1651690 839
1651700 839
1651710 839
1651720 839
1651730 839
1651740 839
1651750 839
1651760 839
1651770 839
1651780 839
1651790 838
1651800 838
1651810 838
1651820 837
1651830 836
1651840 836
1651850 835
1651860 835
1651870 835
1651880 835
1651890 836
1651900 836
1651910 837
1651920 837
1651930 837
1651940 837
1651950 837
1651960 837
1651970 836
1651980 835
1651990 835
1652000 834
1652010 832
1652020 832
1652030 831
1652040 830
1652050 830
1652060 830
1652070 830
1652080 830
1652090 831
1652100 831
1652110 830
1652120 830
1652130 830
1652140 830
1652150 830
1652160 830
1652170 830
1652180 830
1652190 829
1652200 829
1652210 829
1652220 828
1652230 827
1652240 827
1652250 827
1652260 826
1652270 826
1652280 825
1652290 824
1652300 824
1652310 824
1652320 824
1652330 824
1652340 822
1652350 817
1652360 817
1652370 814
1652380 812
1652390 812
1652400 809
1652410 806
1652420 806
1652430 805
1652440 803
1652450 803
1652460 802
1652470 800
1652480 800
1652490 800
1652500 798
1652510 798
1652520 796
1652530 795
1652540 797
1652550 797
1652560 797
1652570 794
1652580 794
1652590 791
1652600 788
1652610 788
1652620 785
1652630 779
1652640 779
1652650 777
1652660 775
1652670 775
1652680 776
1652690 777
1652700 777
1652710 781
1652720 785
1652730 785
1652740 788
1652750 789
1652760 789
1652770 790
1652780 789
1652790 789
1652800 788
1652810 787
1652820 787
1652830 788
1652840 789
1652850 789
1652860 791
1652870 792
1652880 792
1652890 794
1652900 794
1652910 794
1652920 795
1652930 793
1652940 793
1652950 794
1652960 795
1652970 795
1652980 795
1652990 796
1653000 797
1653010 797
1653020 798
1653030 798
1653040 798
1653050 799
1653060 800
1653070 800
1653080 803
1653090 805
1653100 805
1653110 806
1653120 806
1653130 806
1653140 805
1653150 804
1653160 804
1653170 802
1653180 802
1653190 802
1653200 803
1653210 804
1653220 804
1653230 804
1653240 804
1653250 804
1653260 802
1653270 801
1653280 801
1653290 803
1653300 804
1653310 804
1653320 808
1653330 810
1653340 810
1653350 814
1653360 817
1653370 817
1653380 820
1653390 823
1653400 823
1653410 823
1653420 825
1653430 829
1653440 829
1653450 831
1653460 834
1653470 834
1653480 838
1653490 843
1653500 843
1653510 847
1653520 851
1653530 851
1653540 855
1653550 858
1653560 858
1653570 862
1653580 865
1653590 865
1653600 865
1653610 864
1653620 864
1653630 864
1653640 866
1653650 866
1653660 868
1653670 869
1653680 869
1653690 868
1653700 869
1653710 869
1653720 870
1653730 874
1653740 874
1653750 880
1653760 886
1653770 886
1653780 891
1653790 897
1653800 897
1653810 903
1653820 909
1653830 914
1653840 914
1653850 919
1653860 919
1653870 919
1653880 916
1653890 915
1653900 915
1653910 914
1653920 920
1653930 920
1653940 924
1653950 927
1653960 927
1653970 929
1653980 932
1653990 932
1654000 936
1654010 939
1654020 939
1654030 944
1654040 950
1654050 950
1654060 957
1654070 962
1654080 962
1654090 968
1654100 974
1654110 974
1654120 978
1654130 983
1654140 983
1654150 987
1654160 991
1654170 991
1654180 996
1654190 1000
1654200 1000
1654210 1005
1654220 1010
1654230 1010
1654240 1015
1654250 1021
1654260 1026
1654270 1026
1654280 1032
1654290 1037
1654300 1037
1654310 1043
1654320 1047
1654330 1047
1654340 1053
1654350 1058
1654360 1058
1654370 1064
1654380 1069
1654390 1069
1654400 1075
1654410 1080
1654420 1080
1654430 1085
1654440 1089
1654450 1089
1654460 1094
1654470 1098
1654480 1098
1654490 1103
1654500 1107
1654510 1107
1654520 1111
1654530 1114
1654540 1114
1654550 1117
1654560 1121
1654570 1121
1654580 1125
1654590 1130
1654600 1130
1654610 1134
1654620 1137
1654630 1137
1654640 1141
1654650 1147
1654660 1150
1654670 1150
1654680 1152
1654690 1155
1654700 1155
1654710 1158
1654720 1162
1654730 1162
1654740 1166
1654750 1173
1654760 1173
1654770 1180
1654780 1176
1654790 1176
1654800 1169
1654810 1168
1654820 1168
1654830 1171
1654840 1175
1654850 1175
1654860 1178
1654870 1182
1654880 1182
1654890 1185
1654900 1187
1654910 1187
1654920 1190
1654930 1192
1654940 1192
1654950 1196
1654960 1199
1654970 1199
1654980 1203
1654990 1204
1655000 1204
1655010 1206
1655020 1208
1655030 1208
1655040 1211
1655050 1213
1655060 1213
1655070 1216
1655080 1219
1655090 1221
1655100 1221
1655110 1226
1655120 1230
1655130 1230
1655140 1235
1655150 1238
1655160 1238
1655170 1243
1655180 1248
1655190 1248
1655200 1252
1655210 1256
1655220 1256
1655230 1259
1655240 1262
1655250 1262
1655260 1266
1655270 1268
1655280 1268
1655290 1269
1655300 1273
1655310 1273
1655320 1276
1655330 1279
1655340 1279
1655350 1282
1655360 1285
1655370 1285
1655380 1286
1655390 1286
1655400 1286
1655410 1284
1655420 1284
1655430 1284
1655440 1286
1655450 1287
1655460 1287
1655470 1287
1655480 1287
1655490 1287
1655500 1287
1655510 1288
1655520 1290
1655530 1290
1655540 1292
1655550 1295
1655560 1295
1655570 1300
1655580 1305
1655590 1305
1655600 1309
1655610 1311
1655620 1311
1655630 1313
1655640 1312
1655650 1312
1655660 1305
1655670 1301
1655680 1301
1655690 1300
1655700 1299
1655710 1299
1655720 1299
1655730 1299
1655740 1299
1655750 1298
1655760 1297
1655770 1297
1655780 1297
1655790 1297
1655800 1297
1655810 1297
1655820 1297
1655830 1297
1655840 1298
1655850 1297
1655860 1297
1655870 1291
1655880 1285
1655890 1285
1655900 1283
1655910 1282
1655920 1282
1655930 1281
1655940 1282
1655950 1275
1655960 1275
1655970 1275
1655980 1279
1655990 1279
1656000 1282
1656010 1284
1656020 1284
1656030 1286
1656040 1286
1656050 1286
1656060 1287
1656070 1288
1656080 1288
1656090 1288
1656100 1288
1656110 1288
1656120 1290
1656130 1293
1656140 1293
1656150 1296
1656160 1299
1656170 1299
1656180 1302
1656190 1305
1656200 1305
1656210 1308
1656220 1310
1656230 1310
1656240 1312
1656250 1315
1656260 1315
1656270 1318
1656280 1321
1656290 1321
1656300 1322
1656310 1325
1656320 1325
1656330 1327
1656340 1329
1656350 1329
1656360 1331
1656370 1333
1656380 1334
1656390 1334
1656400 1333
1656410 1333
1656420 1333
1656430 1334
1656440 1335
1656450 1335
1656460 1336
1656470 1337
1656480 1337
1656490 1340
1656500 1344
1656510 1344
1656520 1345
1656530 1346
1656540 1346
1656550 1346
1656560 1344
1656570 1344
1656580 1343
1656590 1345
1656600 1345
1656610 1348
1656620 1350
1656630 1350
1656640 1351
1656650 1350
1656660 1350
1656670 1344
1656680 1338
1656690 1328
1656700 1324
1656710 1322
1656720 1322
1656730 1320
1656740 1319
1656750 1319
1656760 1322
1656770 1318
1656780 1311
1656790 1311
1656800 1304
1656810 1303
1656820 1303
1656830 1303
1656840 1304
1656850 1304
1656860 1306
1656870 1311
1656880 1311
1656890 1316
1656900 1320
1656910 1320
1656920 1324
1656930 1328
1656940 1328
1656950 1332
1656960 1334
1656970 1334
1656980 1337
1656990 1339
1657000 1339
1657010 1343
1657020 1346
1657030 1346
1657040 1347
1657050 1349
1657060 1349
1657070 1351
1657080 1353
1657090 1353
1657100 1354
1657110 1356
1657120 1356
1657130 1359
1657140 1358
1657150 1358
1657160 1356
1657170 1354
1657180 1354
1657190 1353
1657200 1353
1657210 1353
1657220 1353
1657230 1354
1657240 1355
1657250 1355
1657260 1356
1657270 1358
1657280 1358
1657290 1360
1657300 1362
1657310 1362
1657320 1365
1657330 1368
1657340 1368
1657350 1372
1657360 1375
1657370 1375
1657380 1376
1657390 1379
1657400 1379
1657410 1380
1657420 1380
1657430 1380
1657440 1380
1657450 1379
1657460 1379
1657470 1379
1657480 1379
1657490 1379
1657500 1376
1657510 1375
1657520 1375
1657530 1374
1657540 1373
1657550 1373
1657560 1372
1657570 1371
1657580 1371
1657590 1370
1657600 1369
1657610 1369
1657620 1370
1657630 1369
1657640 1370
1657650 1370
1657660 1369
1657670 1368
1657680 1368
1657690 1366
1657700 1366
1657710 1366
1657720 1366
1657730 1366
1657740 1366
1657750 1364
1657760 1362
1657770 1362
1657780 1359
1657790 1358
1657800 1358
1657810 1356
1657820 1355
1657830 1355
1657840 1353
1657850 1351
1657860 1351
1657870 1352
1657880 1353
1657890 1353
1657900 1351
1657910 1353
1657920 1353
1657930 1348
1657940 1344
1657950 1344
1657960 1343
1657970 1341
1657980 1341
1657990 1339
1658000 1338
1658010 1338
1658020 1336
1658030 1332
1658040 1332
1658050 1326
1658060 1323
1658070 1320
1658080 1320
1658090 1316
1658100 1312
1658110 1312
1658120 1309
1658130 1304
1658140 1304
1658150 1303
1658160 1299
1658170 1299
1658180 1292
1658190 1289
1658200 1289
1658210 1287
1658220 1285
1658230 1285
1658240 1283
1658250 1281
1658260 1281
1658270 1277
1658280 1274
1658290 1274
1658300 1270
1658310 1266
1658320 1266
1658330 1261
1658340 1256
1658350 1256
1658360 1252
1658370 1246
1658380 1246
1658390 1239
1658400 1235
1658410 1235
1658420 1234
1658430 1231
1658440 1231
1658450 1228
1658460 1227
1658470 1227
1658480 1225
1658490 1223
1658500 1221
1658510 1221
1658520 1218
1658530 1213
1658540 1213
1658550 1208
1658560 1205
1658570 1205
1658580 1204
1658590 1200
1658600 1200
1658610 1196
1658620 1190
1658630 1190
1658640 1186
1658650 1181
1658660 1181
1658670 1178
1658680 1176
1658690 1176
1658700 1174
1658710 1171
1658720 1171
1658730 1169
1658740 1168
1658750 1168
1658760 1164
1658770 1165
1658780 1165
1658790 1174
1658800 1175
1658810 1175
1658820 1166
1658830 1163
1658840 1163
1658850 1163
1658860 1164
1658870 1164
1658880 1165
1658890 1165
1658900 1167
1658910 1167
1658920 1182
1658930 1184
1658940 1184
1658950 1181
1658960 1176
1658970 1176
1658980 1174
1658990 1172
1659000 1172
1659010 1173
1659020 1172
1659030 1172
1659040 1172
1659050 1171
1659060 1171
1659070 1171
1659080 1172
1659090 1172
1659100 1170
1659110 1170
1659120 1170
1659130 1174
1659140 1178
1659150 1178
1659160 1180
1659170 1180
1659180 1180
1659190 1180
1659200 1180
1659210 1180
1659220 1180
1659230 1180
1659240 1180
1659250 1178
1659260 1175
1659270 1175
1659280 1171
1659290 1164
1659300 1164
1659310 1154
1659320 1149
1659330 1139
1659340 1139
1659350 1125
1659360 1113
1659370 1113
1659380 1099
1659390 1085
1659400 1085
1659410 1084
1659420 1091
1659430 1091
1659440 1093
1659450 1096
1659460 1096
1659470 1092
1659480 1090
1659490 1090
1659500 1088
1659510 1091
1659520 1091
1659530 1093
1659540 1095
1659550 1095
1659560 1096
1659570 1095
1659580 1095
1659590 1092
1659600 1089
1659610 1089
1659620 1090
1659630 1092
1659640 1092
1659650 1102
1659660 1105
1659670 1105
1659680 1107
1659690 1107
1659700 1107
1659710 1107
1659720 1105
1659730 1105
1659740 1101
1659750 1097
1659760 1095
1659770 1095
1659780 1094
1659790 1094
1659800 1094
1659810 1094
1659820 1095
1659830 1095
1659840 1096
1659850 1097
1659860 1097
1659870 1099
1659880 1100
1659890 1100
1659900 1101
1659910 1103
1659920 1103
1659930 1103
1659940 1102
1659950 1102
1659960 1103
1659970 1104
1659980 1104
1659990 1104
