1640000 601
1640010 601
1640020 601
1640030 600
1640040 600
1640050 599
1640060 599
1640070 599
1640080 600
1640090 601
1640100 601
1640110 602
1640120 602
1640130 602
1640140 602
1640150 601
1640160 601
1640170 601
1640180 602
1640190 602
1640200 601
1640210 600
1640220 599
1640230 599
1640240 599
1640250 598
1640260 598
1640270 598
1640280 596
1640290 596
1640300 596
1640310 596
1640320 596
1640330 597
1640340 597
1640350 597
1640360 597
1640370 597
1640380 597
1640390 597
1640400 597
1640410 597
1640420 598
1640430 599
1640440 599
1640450 600
1640460 601
1640470 601
1640480 602
1640490 603
1640500 603
1640510 603
1640520 602
1640530 602
1640540 600
1640550 600
1640560 600
1640570 601
1640580 601
1640590 601
1640600 600
1640610 600
1640620 600
1640630 600
1640640 600
1640650 600
1640660 600
1640670 600
1640680 602
1640690 602
1640700 604
1640710 605
1640720 605
1640730 607
1640740 609
1640750 609
1640760 611
1640770 613
1640780 613
1640790 616
1640800 621
1640810 621
1640820 625
1640830 628
1640840 628
1640850 631
1640860 636
1640870 636
1640880 639
1640890 640
1640900 640
1640910 641
1640920 642
1640930 642
1640940 643
1640950 643
1640960 643
1640970 644
1640980 645
1640990 645
1641000 644
1641010 645
1641020 645
1641030 644
1641040 643
1641050 643
1641060 642
1641070 642
1641080 641
1641090 641
1641100 640
1641110 633
1641120 633
1641130 632
1641140 629
1641150 629
1641160 625
1641170 620
1641180 620
1641190 614
1641200 608
1641210 608
1641220 602
1641230 597
1641240 597
1641250 593
1641260 590
1641270 590
1641280 588
1641290 588
1641300 588
1641310 585
1641320 581
1641330 581
1641340 575
1641350 568
1641360 568
1641370 559
1641380 549
1641390 549
1641400 540
1641410 535
1641420 535
1641430 531
1641440 529
1641450 529
1641460 528
1641470 527
1641480 527
1641490 527
1641500 527
1641510 526
1641520 526
1641530 526
1641540 526
1641550 526
1641560 526
1641570 526
1641580 526
1641590 526
1641600 525
1641610 525
1641620 522
1641630 517
1641640 517
1641650 515
1641660 513
1641670 513
1641680 511
1641690 510
1641700 510
1641710 510
1641720 508
1641730 508
1641740 507
1641750 506
1641760 506
1641770 506
1641780 505
1641790 505
1641800 504
1641810 499
1641820 499
1641830 490
1641840 481
1641850 481
1641860 478
1641870 479
1641880 479
1641890 484
1641900 483
1641910 483
1641920 479
1641930 481
1641940 477
1641950 477
1641960 473
1641970 469
1641980 469
1641990 466
1642000 463
1642010 463
1642020 462
1642030 461
1642040 461
1642050 460
1642060 459
1642070 459
1642080 454
1642090 453
1642100 453
1642110 453
1642120 454
1642130 454
1642140 454
1642150 457
1642160 457
1642170 461
1642180 461
1642190 461
1642200 464
1642210 469
1642220 469
1642230 473
1642240 477
1642250 477
1642260 484
1642270 492
1642280 492
1642290 497
1642300 498
1642310 498
1642320 498
1642330 498
1642340 499
1642350 499
1642360 500
1642370 500
1642380 500
1642390 501
1642400 502
1642410 502
1642420 504
1642430 504
1642440 504
1642450 505
1642460 506
1642470 506
1642480 506
1642490 506
1642500 506
1642510 507
1642520 508
1642530 508
1642540 510
1642550 514
1642560 514
1642570 518
1642580 521
1642590 521
1642600 525
1642610 528
1642620 528
1642630 528
1642640 528
1642650 528
1642660 528
1642670 528
1642680 528
1642690 529
1642700 528
1642710 528
1642720 528
1642730 528
1642740 528
1642750 528
1642760 528
1642770 528
1642780 528
1642790 528
1642800 528
1642810 528
1642820 527
1642830 527
1642840 527
1642850 526
1642860 526
1642870 526
1642880 526
1642890 526
1642900 526
1642910 526
1642920 526
1642930 526
1642940 526
1642950 526
1642960 526
1642970 526
1642980 526
1642990 526
1643000 526
1643010 526
1643020 526
1643030 526
1643040 527
1643050 527
1643060 527
1643070 527
1643080 527
1643090 527
1643100 527
1643110 527
1643120 527
1643130 526
1643140 526
1643150 526
1643160 526
1643170 526
1643180 526
1643190 527
1643200 527
1643210 527
1643220 528
1643230 528
1643240 528
1643250 528
1643260 528
1643270 528
1643280 527
1643290 527
1643300 527
1643310 526
1643320 527
1643330 527
1643340 527
1643350 527
1643360 527
1643370 527
1643380 526
1643390 526
1643400 526
1643410 527
1643420 527
1643430 527
1643440 527
1643450 527
1643460 527
1643470 527
1643480 527
1643490 527
1643500 527
1643510 527
1643520 527
1643530 527
1643540 527
1643550 528
1643560 528
1643570 528
1643580 528
1643590 528
1643600 527
1643610 527
1643620 527
1643630 527
1643640 527
1643650 527
1643660 527
1643670 527
1643680 527
1643690 527
1643700 527
1643710 527
1643720 527
1643730 527
1643740 528
1643750 527
1643760 527
1643770 526
1643780 527
1643790 527
1643800 527
1643810 527
1643820 527
1643830 527
1643840 527
1643850 527
1643860 527
1643870 527
1643880 527
1643890 526
1643900 526
1643910 526
1643920 526
1643930 527
1643940 527
1643950 530
1643960 536
1643970 536
1643980 542
1643990 548
1644000 548
1644010 555
1644020 561
1644030 567
1644040 567
1644050 574
1644060 581
1644070 581
1644080 587
1644090 589
1644100 589
1644110 590
1644120 590
1644130 590
1644140 590
1644150 590
1644160 590
1644170 589
1644180 586
1644190 586
1644200 580
1644210 572
1644220 572
1644230 565
1644240 558
1644250 558
1644260 555
1644270 554
1644280 554
1644290 554
1644300 555
1644310 555
1644320 555
1644330 556
1644340 556
1644350 560
1644360 565
1644370 565
1644380 571
1644390 576
1644400 576
1644410 581
1644420 586
1644430 586
1644440 591
1644450 596
1644460 599
1644470 599
1644480 602
1644490 605
1644500 605
1644510 607
1644520 609
1644530 609
1644540 610
1644550 612
1644560 612
1644570 613
1644580 615
1644590 615
1644600 615
1644610 615
1644620 615
1644630 614
1644640 613
1644650 613
1644660 611
1644670 608
1644680 608
1644690 606
1644700 603
1644710 603
1644720 600
1644730 596
1644740 596
1644750 595
1644760 596
1644770 596
1644780 601
1644790 606
1644800 606
1644810 610
1644820 614
1644830 614
1644840 617
1644850 619
1644860 619
1644870 620
1644880 619
1644890 616
1644900 616
1644910 616
1644920 616
1644930 616
1644940 616
1644950 616
1644960 616
1644970 617
1644980 619
1644990 619
1645000 621
1645010 623
1645020 623
1645030 625
1645040 625
1645050 625
1645060 626
1645070 626
1645080 626
1645090 627
1645100 627
1645110 627
1645120 627
1645130 628
1645140 628
1645150 632
1645160 632
1645170 632
1645180 633
1645190 634
1645200 634
1645210 634
1645220 635
1645230 635
1645240 636
1645250 636
1645260 636
1645270 637
1645280 636
1645290 638
1645300 638
1645310 639
1645320 638
1645330 638
1645340 639
1645350 641
1645360 641
1645370 645
1645380 648
1645390 648
1645400 650
1645410 652
1645420 652
1645430 655
1645440 657
1645450 657
1645460 659
1645470 662
1645480 662
1645490 664
1645500 667
1645510 667
1645520 670
1645530 672
1645540 672
1645550 674
1645560 675
1645570 675
1645580 677
1645590 679
1645600 679
1645610 681
1645620 683
1645630 683
1645640 685
1645650 686
1645660 686
1645670 688
1645680 687
1645690 687
1645700 686
1645710 685
1645720 685
1645730 685
1645740 684
1645750 683
1645760 683
1645770 683
1645780 683
1645790 683
1645800 682
1645810 681
1645820 681
1645830 684
1645840 691
1645850 691
1645860 696
1645870 700
1645880 700
1645890 703
1645900 706
1645910 706
1645920 709
1645930 711
1645940 710
1645950 712
1645960 713
1645970 713
1645980 715
1645990 717
1646000 717
1646010 718
1646020 721
1646030 721
1646040 723
1646050 725
1646060 725
1646070 727
1646080 729
1646090 729
1646100 731
1646110 733
1646120 733
1646130 735
1646140 737
1646150 739
1646160 739
1646170 740
1646180 742
1646190 742
1646200 743
1646210 745
1646220 745
1646230 746
1646240 747
1646250 747
1646260 748
1646270 749
1646280 749
1646290 750
1646300 751
1646310 751
1646320 752
1646330 752
1646340 752
1646350 753
1646360 754
1646370 754
1646380 754
1646390 754
1646400 754
1646410 754
1646420 755
1646430 755
1646440 755
1646450 756
1646460 756
1646470 757
1646480 758
1646490 758
1646500 760
1646510 760
1646520 760
1646530 761
1646540 762
1646550 762
1646560 763
1646570 764
1646580 765
1646590 765
1646600 765
1646610 766
1646620 766
1646630 767
1646640 767
1646650 767
1646660 768
1646670 768
1646680 768
1646690 768
1646700 768
1646710 768
1646720 768
1646730 767
1646740 765
1646750 765
1646760 763
1646770 763
1646780 763
1646790 763
1646800 763
1646810 764
1646820 765
1646830 765
1646840 766
1646850 766
1646860 766
1646870 766
1646880 766
1646890 766
1646900 766
1646910 766
1646920 766
1646930 765
1646940 764
1646950 764
1646960 763
1646970 762
1646980 759
1646990 759
1647000 755
1647010 752
1647020 752
1647030 751
1647040 749
1647050 749
1647060 750
1647070 747
1647080 747
1647090 743
1647100 740
1647110 740
1647120 738
1647130 737
1647140 737
1647150 736
1647160 735
1647170 735
1647180 732
1647190 728
1647200 728
1647210 723
1647220 718
1647230 718
1647240 713
1647250 708
1647260 708
1647270 702
1647280 698
1647290 698
1647300 694
1647310 691
1647320 691
1647330 688
1647340 686
1647350 686
1647360 683
1647370 681
1647380 681
1647390 680
1647400 677
1647410 674
1647420 674
1647430 671
1647440 668
1647450 668
1647460 667
1647470 667
1647480 667
1647490 667
1647500 668
1647510 668
1647520 666
1647530 667
1647540 667
1647550 667
1647560 666
1647570 666
1647580 667
1647590 666
1647600 666
1647610 660
1647620 658
1647630 658
1647640 658
1647650 662
1647660 662
1647670 665
1647680 668
1647690 668
1647700 671
1647710 673
1647720 673
1647730 676
1647740 679
1647750 679
1647760 682
1647770 684
1647780 684
1647790 685
1647800 686
1647810 686
1647820 688
1647830 691
1647840 694
1647850 694
1647860 696
1647870 698
1647880 698
1647890 700
1647900 702
1647910 702
1647920 703
1647930 704
1647940 704
1647950 704
1647960 706
1647970 706
1647980 707
1647990 708
1648000 708
1648010 710
1648020 712
1648030 712
1648040 714
1648050 716
1648060 716
1648070 718
1648080 720
1648090 720
1648100 723
1648110 725
1648120 725
1648130 726
1648140 727
1648150 727
1648160 729
1648170 731
1648180 731
1648190 733
1648200 736
1648210 736
1648220 739
1648230 743
1648240 743
1648250 746
1648260 749
1648270 751
1648280 751
1648290 754
1648300 757
1648310 755
1648320 759
1648330 763
1648340 763
1648350 767
1648360 770
1648370 770
1648380 772
1648390 772
1648400 772
1648410 773
1648420 776
1648430 776
1648440 778
1648450 779
1648460 779
1648470 782
1648480 784
1648490 784
1648500 787
1648510 790
1648520 790
1648530 795
1648540 803
1648550 803
1648560 811
1648570 817
1648580 817
1648590 824
1648600 828
1648610 828
1648620 829
1648630 830
1648640 830
1648650 831
1648660 833
1648670 836
1648680 836
1648690 837
1648700 836
1648710 836
1648720 836
1648730 837
1648740 837
1648750 838
1648760 841
1648770 841
1648780 842
1648790 841
1648800 841
1648810 842
1648820 843
1648830 843
1648840 844
1648850 844
1648860 844
1648870 844
1648880 843
1648890 843
1648900 843
1648910 845
1648920 845
1648930 846
1648940 846
1648950 846
1648960 848
1648970 851
1648980 851
1648990 850
1649000 849
1649010 849
1649020 849
1649030 850
1649040 850
1649050 851
1649060 853
1649070 853
1649080 854
1649090 852
1649100 853
1649110 853
1649120 853
1649130 855
1649140 855
1649150 860
1649160 864
1649170 864
1649180 866
1649190 864
1649200 864
1649210 867
1649220 872
1649230 872
1649240 872
1649250 873
1649260 873
1649270 875
1649280 878
1649290 878
1649300 881
1649310 886
1649320 886
1649330 888
1649340 889
1649350 889
1649360 888
1649370 889
1649380 889
1649390 889
1649400 889
1649410 889
1649420 890
1649430 891
1649440 891
1649450 893
1649460 895
1649470 895
1649480 896
1649490 899
1649500 899
1649510 900
1649520 902
1649530 904
1649540 904
1649550 906
1649560 908
1649570 908
1649580 912
1649590 915
1649600 915
1649610 920
1649620 924
1649630 924
1649640 925
1649650 926
1649660 926
1649670 926
1649680 925
1649690 925
1649700 923
1649710 919
1649720 919
1649730 914
1649740 914
1649750 914
1649760 916
1649770 919
1649780 919
1649790 923
1649800 925
1649810 925
1649820 928
1649830 930
1649840 930
1649850 931
1649860 931
1649870 928
1649880 928
1649890 928
1649900 928
1649910 928
1649920 928
1649930 928
1649940 931
1649950 934
1649960 939
1649970 939
1649980 943
1649990 945
1650000 945
1650010 947
1650020 948
1650030 948
1650040 949
1650050 950
1650060 950
1650070 952
1650080 956
1650090 956
1650100 961
1650110 967
1650120 967
1650130 970
1650140 974
1650150 974
1650160 978
1650170 982
1650180 982
1650190 986
1650200 989
1650210 989
1650220 991
1650230 992
1650240 992
1650250 991
1650260 990
1650270 990
1650280 989
1650290 989
1650300 989
1650310 990
1650320 994
1650330 994
1650340 998
1650350 1002
1650360 1002
1650370 1005
1650380 1007
1650390 1009
1650400 1009
1650410 1011
1650420 1012
1650430 1012
1650440 1013
1650450 1013
1650460 1013
1650470 1013
1650480 1013
1650490 1013
1650500 1012
1650510 1011
1650520 1011
1650530 1009
1650540 1006
1650550 1006
1650560 1001
1650570 995
1650580 995
1650590 990
1650600 986
1650610 986
1650620 986
1650630 988
1650640 982
1650650 983
1650660 983
1650670 983
1650680 981
1650690 979
1650700 979
1650710 977
1650720 975
1650730 975
1650740 972
1650750 970
1650760 970
1650770 967
1650780 964
1650790 960
1650800 960
1650810 958
1650820 956
1650830 956
1650840 952
1650850 947
1650860 947
1650870 943
1650880 940
1650890 940
1650900 939
1650910 939
1650920 939
1650930 938
1650940 937
1650950 937
1650960 937
1650970 937
1650980 937
1650990 937
1651000 937
1651010 937
1651020 937
1651030 936
1651040 936
1651050 934
1651060 933
1651070 933
1651080 932
1651090 928
1651100 928
1651110 926
1651120 925
1651130 925
1651140 924
1651150 922
1651160 922
1651170 921
1651180 920
1651190 920
1651200 917
1651210 914
1651220 912
1651230 912
1651240 908
1651250 907
1651260 907
1651270 906
1651280 904
1651290 904
1651300 902
1651310 900
1651320 900
1651330 897
1651340 892
1651350 892
1651360 886
1651370 881
1651380 881
1651390 876
1651400 872
1651410 869
1651420 865
1651430 863
1651440 863
1651450 860
1651460 857
1651470 857
1651480 855
1651490 853
1651500 853
1651510 851
1651520 850
1651530 850
1651540 847
1651550 846
1651560 846
1651570 844
1651580 843
1651590 843
1651600 844
1651610 844
1651620 844
1651630 843
1651640 843
1651650 843
1651660 843
1651670 841
1651680 841
1651690 841
1651700 841
1651710 841
1651720 841
1651730 841
1651740 841
1651750 841
1651760 841
1651770 841
1651780 841
1651790 840
1651800 839
1651810 839
1651820 839
1651830 838
1651840 838
1651850 837
1651860 836
1651870 836
1651880 837
1651890 838
1651900 838
1651910 839
1651920 838
1651930 838
1651940 838
1651950 838
1651960 838
1651970 838
1651980 837
1651990 837
1652000 837
1652010 836
1652020 836
1652030 835
1652040 834
1652050 834
1652060 834
1652070 834
1652080 833
1652090 833
1652100 832
1652110 832
1652120 832
1652130 832
1652140 832
1652150 832
1652160 832
1652170 831
1652180 831
1652190 830
1652200 829
1652210 829
1652220 829
1652230 828
1652240 828
1652250 828
1652260 827
1652270 827
1652280 826
1652290 825
1652300 825
1652310 824
1652320 822
1652330 822
1652340 818
1652350 816
1652360 816
1652370 813
1652380 809
1652390 809
1652400 807
1652410 805
1652420 805
1652430 804
1652440 802
1652450 802
1652460 802
1652470 801
1652480 801
1652490 800
1652500 799
1652510 799
1652520 799
1652530 800
1652540 800
1652550 800
1652560 797
1652570 794
1652580 794
1652590 792
1652600 789
1652610 789
1652620 785
1652630 779
1652640 779
1652650 777
1652660 778
1652670 778
1652680 779
1652690 781
1652700 781
1652710 784
1652720 788
1652730 788
1652740 791
1652750 793
1652760 793
1652770 793
1652780 793
1652790 793
1652800 793
1652810 792
1652820 792
1652830 792
1652840 793
1652850 793
1652860 795
1652870 797
1652880 797
1652890 799
1652900 800
1652910 800
1652920 800
1652930 801
1652940 797
1652950 797
1652960 798
1652970 800
1652980 800
1652990 800
1653000 800
1653010 800
1653020 801
1653030 801
1653040 801
1653050 801
1653060 803
1653070 803
1653080 806
1653090 808
1653100 808
1653110 809
1653120 809
1653130 809
1653140 808
1653150 807
1653160 807
1653170 805
1653180 803
1653190 803
1653200 805
1653210 806
1653220 806
1653230 807
1653240 808
1653250 808
1653260 809
1653270 807
1653280 807
1653290 808
1653300 810
1653310 810
1653320 814
1653330 819
1653340 822
1653350 822
1653360 824
1653370 828
1653380 828
1653390 832
1653400 833
1653410 833
1653420 835
1653430 837
1653440 837
1653450 839
1653460 841
1653470 841
1653480 843
1653490 846
1653500 846
1653510 849
1653520 852
1653530 852
1653540 856
1653550 859
1653560 859
1653570 862
1653580 865
1653590 865
1653600 867
1653610 869
1653620 869
1653630 870
1653640 872
1653650 872
1653660 874
1653670 876
1653680 876
1653690 877
1653700 876
1653710 876
1653720 878
1653730 880
1653740 880
1653750 883
1653760 888
1653770 895
1653780 895
1653790 901
1653800 907
1653810 907
1653820 913
1653830 919
1653840 919
1653850 925
1653860 930
1653870 930
1653880 932
1653890 932
1653900 932
1653910 931
1653920 927
1653930 927
1653940 934
1653950 940
1653960 940
1653970 944
1653980 945
1653990 945
1654000 945
1654010 950
1654020 950
1654030 953
1654040 954
1654050 954
1654060 958
1654070 964
1654080 964
1654090 970
1654100 975
1654110 975
1654120 980
1654130 984
1654140 984
1654150 989
1654160 994
1654170 994
1654180 999
1654190 1005
1654200 1010
1654210 1010
1654220 1015
1654230 1020
1654240 1020
1654250 1026
1654260 1030
1654270 1030
1654280 1036
1654290 1042
1654300 1042
1654310 1045
1654320 1051
1654330 1051
1654340 1056
1654350 1061
1654360 1061
1654370 1066
1654380 1071
1654390 1071
1654400 1076
1654410 1081
1654420 1081
1654430 1087
1654440 1092
1654450 1092
1654460 1097
1654470 1102
1654480 1102
1654490 1107
1654500 1112
1654510 1112
1654520 1117
1654530 1122
1654540 1122
1654550 1126
1654560 1131
1654570 1131
1654580 1137
1654590 1144
1654600 1144
1654610 1151
1654620 1158
1654630 1165
1654640 1165
1654650 1168
1654660 1172
1654670 1172
1654680 1168
1654690 1169
1654700 1169
1654710 1174
1654720 1181
1654730 1181
1654740 1191
1654750 1197
1654760 1197
1654770 1191
1654780 1185
1654790 1185
1654800 1183
1654810 1184
1654820 1184
1654830 1185
1654840 1189
1654850 1189
1654860 1194
1654870 1197
1654880 1197
1654890 1199
1654900 1201
1654910 1201
1654920 1203
1654930 1206
1654940 1206
1654950 1209
1654960 1214
1654970 1214
1654980 1217
1654990 1223
1655000 1223
1655010 1227
1655020 1226
1655030 1226
1655040 1226
1655050 1227
1655060 1230
1655070 1230
1655080 1232
1655090 1235
1655100 1235
1655110 1237
1655120 1240
1655130 1240
1655140 1246
1655150 1250
1655160 1250
1655170 1256
1655180 1264
1655190 1264
1655200 1272
1655210 1270
1655220 1270
1655230 1275
1655240 1280
1655250 1280
1655260 1283
1655270 1285
1655280 1285
1655290 1287
1655300 1290
1655310 1290
1655320 1292
1655330 1294
1655340 1294
1655350 1296
1655360 1299
1655370 1299
1655380 1302
1655390 1302
1655400 1302
1655410 1302
1655420 1304
1655430 1304
1655440 1304
1655450 1304
1655460 1303
1655470 1303
1655480 1303
1655490 1304
1655500 1304
1655510 1307
1655520 1309
1655530 1309
1655540 1314
1655550 1319
1655560 1319
1655570 1320
1655580 1323
1655590 1323
1655600 1327
1655610 1333
1655620 1333
1655630 1334
1655640 1337
1655650 1337
1655660 1342
1655670 1340
1655680 1340
1655690 1335
1655700 1322
1655710 1322
1655720 1315
1655730 1314
1655740 1314
1655750 1313
1655760 1313
1655770 1313
1655780 1313
1655790 1312
1655800 1312
1655810 1313
1655820 1313
1655830 1313
1655840 1313
1655850 1312
1655860 1312
1655870 1308
1655880 1301
1655890 1296
1655900 1296
1655910 1295
1655920 1295
1655930 1295
1655940 1296
1655950 1297
1655960 1290
1655970 1293
1655980 1296
1655990 1296
1656000 1297
1656010 1298
1656020 1298
1656030 1300
1656040 1300
1656050 1300
1656060 1301
1656070 1302
1656080 1302
1656090 1302
1656100 1302
1656110 1302
1656120 1305
1656130 1307
1656140 1307
1656150 1309
1656160 1311
1656170 1311
1656180 1314
1656190 1316
1656200 1316
1656210 1320
1656220 1323
1656230 1323
1656240 1325
1656250 1327
1656260 1327
1656270 1331
1656280 1334
1656290 1334
1656300 1336
1656310 1338
1656320 1340
1656330 1340
1656340 1342
1656350 1345
1656360 1345
1656370 1347
1656380 1349
1656390 1349
1656400 1350
1656410 1352
1656420 1352
1656430 1352
1656440 1354
1656450 1354
1656460 1355
1656470 1357
1656480 1357
1656490 1360
1656500 1363
1656510 1363
1656520 1366
1656530 1367
1656540 1367
1656550 1366
1656560 1365
1656570 1365
1656580 1365
1656590 1364
1656600 1364
1656610 1364
1656620 1366
1656630 1366
1656640 1367
1656650 1368
1656660 1368
1656670 1368
1656680 1364
1656690 1364
1656700 1360
1656710 1343
1656720 1343
1656730 1340
1656740 1340
1656750 1338
1656760 1338
1656770 1328
1656780 1323
1656790 1323
1656800 1321
1656810 1321
1656820 1321
1656830 1322
1656840 1326
1656850 1326
1656860 1330
1656870 1333
1656880 1333
1656890 1338
1656900 1342
1656910 1342
1656920 1346
1656930 1348
1656940 1348
1656950 1349
1656960 1351
1656970 1351
1656980 1353
1656990 1355
1657000 1355
1657010 1358
1657020 1360
1657030 1360
1657040 1363
1657050 1365
1657060 1365
1657070 1367
1657080 1371
1657090 1371
1657100 1375
1657110 1374
1657120 1374
1657130 1373
1657140 1375
1657150 1372
1657160 1372
1657170 1370
1657180 1369
1657190 1369
1657200 1367
1657210 1367
1657220 1367
1657230 1368
1657240 1369
1657250 1369
1657260 1370
1657270 1371
1657280 1371
1657290 1371
1657300 1373
1657310 1373
1657320 1374
1657330 1375
1657340 1375
1657350 1375
1657360 1376
1657370 1376
1657380 1376
1657390 1371
1657400 1371
1657410 1368
1657420 1366
1657430 1366
1657440 1363
1657450 1368
1657460 1368
1657470 1366
1657480 1365
1657490 1365
1657500 1363
1657510 1361
1657520 1361
1657530 1360
1657540 1359
1657550 1359
1657560 1359
1657570 1358
1657580 1357
1657590 1357
1657600 1356
1657610 1356
1657620 1356
1657630 1356
1657640 1356
1657650 1356
1657660 1356
1657670 1355
1657680 1355
1657690 1353
1657700 1353
1657710 1353
1657720 1352
1657730 1350
1657740 1350
1657750 1347
1657760 1345
1657770 1345
1657780 1344
1657790 1342
1657800 1342
1657810 1339
1657820 1337
1657830 1337
1657840 1333
1657850 1329
1657860 1329
1657870 1331
1657880 1335
1657890 1335
1657900 1333
1657910 1332
1657920 1332
1657930 1331
1657940 1328
1657950 1328
1657960 1326
1657970 1324
1657980 1324
1657990 1322
1658000 1319
1658010 1319
1658020 1319
1658030 1316
1658040 1312
1658050 1312
1658060 1308
1658070 1304
1658080 1304
1658090 1302
1658100 1300
1658110 1300
1658120 1294
1658130 1290
1658140 1290
1658150 1288
1658160 1286
1658170 1286
1658180 1279
1658190 1280
1658200 1280
1658210 1276
1658220 1272
1658230 1272
1658240 1271
1658250 1270
1658260 1270
1658270 1266
1658280 1262
1658290 1262
1658300 1258
1658310 1255
1658320 1255
1658330 1249
1658340 1241
1658350 1241
1658360 1235
1658370 1228
1658380 1228
1658390 1225
1658400 1225
1658410 1225
1658420 1223
1658430 1218
1658440 1214
1658450 1214
1658460 1213
1658470 1212
1658480 1212
1658490 1211
1658500 1208
1658510 1208
1658520 1205
1658530 1201
1658540 1201
1658550 1199
1658560 1198
1658570 1198
1658580 1195
1658590 1190
1658600 1190
1658610 1187
1658620 1184
1658630 1184
1658640 1180
1658650 1175
1658660 1175
1658670 1171
1658680 1165
1658690 1165
1658700 1161
1658710 1157
1658720 1157
1658730 1157
1658740 1156
1658750 1156
1658760 1153
1658770 1150
1658780 1150
1658790 1146
1658800 1143
1658810 1143
1658820 1145
1658830 1146
1658840 1146
1658850 1146
1658860 1147
1658870 1146
1658880 1146
1658890 1146
1658900 1149
1658910 1149
1658920 1144
1658930 1150
1658940 1150
1658950 1148
1658960 1149
1658970 1149
1658980 1151
1658990 1155
1659000 1155
1659010 1159
1659020 1158
1659030 1158
1659040 1157
1659050 1158
1659060 1158
1659070 1158
1659080 1159
1659090 1159
1659100 1156
1659110 1158
1659120 1158
1659130 1164
1659140 1166
1659150 1166
1659160 1166
1659170 1166
1659180 1166
1659190 1165
1659200 1166
1659210 1166
1659220 1165
1659230 1163
1659240 1163
1659250 1159
1659260 1152
1659270 1152
1659280 1143
1659290 1136
1659300 1133
1659310 1133
1659320 1128
1659330 1122
1659340 1122
1659350 1115
1659360 1102
1659370 1102
1659380 1092
1659390 1081
1659400 1081
1659410 1070
1659420 1062
1659430 1062
1659440 1060
1659450 1061
1659460 1061
1659470 1065
1659480 1069
1659490 1069
1659500 1071
1659510 1075
1659520 1075
1659530 1076
1659540 1075
1659550 1075
1659560 1074
1659570 1073
1659580 1073
1659590 1073
1659600 1076
1659610 1076
1659620 1079
1659630 1081
1659640 1081
1659650 1085
1659660 1094
1659670 1094
1659680 1095
1659690 1096
1659700 1096
1659710 1096
1659720 1095
1659730 1094
1659740 1094
1659750 1092
1659760 1091
1659770 1091
1659780 1090
1659790 1089
1659800 1089
1659810 1090
1659820 1092
1659830 1092
1659840 1093
1659850 1093
1659860 1093
1659870 1094
1659880 1095
1659890 1095
1659900 1096
1659910 1096
1659920 1096
1659930 1097
1659940 1096
1659950 1096
1659960 1095
1659970 1094
1659980 1094
1659990 1093
