1640000 877
1640010 877
1640020 869
1640030 861
1640040 861
1640050 857
1640060 851
1640070 851
1640080 843
1640090 834
1640100 834
1640110 826
1640120 818
1640130 818
1640140 810
1640150 802
1640160 802
1640170 794
1640180 785
1640190 785
1640200 775
1640210 767
1640220 767
1640230 760
1640240 753
1640250 753
1640260 746
1640270 739
1640280 739
1640290 735
1640300 730
1640310 730
1640320 724
1640330 716
1640340 716
1640350 712
1640360 714
1640370 714
1640380 717
1640390 719
1640400 721
1640410 721
1640420 722
1640430 720
1640440 720
1640450 714
1640460 705
1640470 705
1640480 692
1640490 681
1640500 681
1640510 670
1640520 662
1640530 662
1640540 655
1640550 652
1640560 652
1640570 660
1640580 668
1640590 668
1640600 675
1640610 681
1640620 681
1640630 687
1640640 692
1640650 692
1640660 696
1640670 701
1640680 701
1640690 707
1640700 712
1640710 712
1640720 718
1640730 724
1640740 724
1640750 729
1640760 734
1640770 734
1640780 740
1640790 745
1640800 745
1640810 750
1640820 756
1640830 756
1640840 760
1640850 765
1640860 768
1640870 767
1640880 771
1640890 774
1640900 774
1640910 778
1640920 781
1640930 781
1640940 784
1640950 788
1640960 788
1640970 791
1640980 795
1640990 795
1641000 800
1641010 805
1641020 805
1641030 811
1641040 816
1641050 816
1641060 822
1641070 828
1641080 828
1641090 833
1641100 839
1641110 839
1641120 846
1641130 851
1641140 851
1641150 857
1641160 863
1641170 863
1641180 870
1641190 876
1641200 876
1641210 882
1641220 887
1641230 887
1641240 892
1641250 895
1641260 895
1641270 900
1641280 904
1641290 904
1641300 909
1641310 914
1641320 914
1641330 919
1641340 924
1641350 931
1641360 931
1641370 938
1641380 944
1641390 944
1641400 948
1641410 954
1641420 954
1641430 959
1641440 964
1641450 964
1641460 970
1641470 975
1641480 975
1641490 983
1641500 990
1641510 990
1641520 997
1641530 1003
1641540 1003
1641550 1010
1641560 1016
1641570 1016
1641580 1024
1641590 1034
1641600 1034
1641610 1044
1641620 1062
1641630 1062
1641640 1079
1641650 1090
1641660 1090
1641670 1099
1641680 1103
1641690 1095
1641700 1105
1641710 1119
1641720 1119
1641730 1132
1641740 1141
1641750 1141
1641760 1140
1641770 1141
1641780 1141
1641790 1147
1641800 1154
1641810 1163
1641820 1163
1641830 1172
1641840 1177
1641850 1177
1641860 1185
1641870 1193
1641880 1193
1641890 1204
1641900 1216
1641910 1216
1641920 1221
1641930 1227
1641940 1227
1641950 1233
1641960 1239
1641970 1239
1641980 1245
1641990 1251
1642000 1251
1642010 1258
1642020 1264
1642030 1264
1642040 1271
1642050 1278
1642060 1278
1642070 1285
1642080 1292
1642090 1292
1642100 1299
1642110 1306
1642120 1306
1642130 1313
1642140 1320
1642150 1320
1642160 1327
1642170 1334
1642180 1334
1642190 1341
1642200 1347
1642210 1347
1642220 1353
1642230 1361
1642240 1361
1642250 1370
1642260 1375
1642270 1375
1642280 1383
1642290 1390
1642300 1398
1642310 1398
1642320 1406
1642330 1413
1642340 1413
1642350 1421
1642360 1427
1642370 1427
1642380 1435
1642390 1442
1642400 1442
1642410 1449
1642420 1455
1642430 1455
1642440 1455
1642450 1452
1642460 1452
1642470 1454
1642480 1458
1642490 1458
1642500 1464
1642510 1477
1642520 1477
1642530 1483
1642540 1482
1642550 1482
1642560 1480
1642570 1478
1642580 1478
1642590 1476
1642600 1474
1642610 1474
1642620 1472
1642630 1470
1642640 1470
1642650 1469
1642660 1471
1642670 1471
1642680 1474
1642690 1478
1642700 1478
1642710 1486
1642720 1493
1642730 1493
1642740 1498
1642750 1500
1642760 1500
1642770 1498
1642780 1494
1642790 1491
1642800 1491
1642810 1488
1642820 1484
1642830 1484
1642840 1481
1642850 1480
1642860 1480
1642870 1480
1642880 1482
1642890 1482
1642900 1486
1642910 1490
1642920 1490
1642930 1494
1642940 1498
1642950 1498
1642960 1501
1642970 1504
1642980 1504
1642990 1508
1643000 1510
1643010 1510
1643020 1511
1643030 1511
1643040 1511
1643050 1510
1643060 1508
1643070 1508
1643080 1507
1643090 1506
1643100 1506
1643110 1505
1643120 1504
1643130 1504
1643140 1503
1643150 1502
1643160 1502
1643170 1502
1643180 1501
1643190 1501
1643200 1500
1643210 1499
1643220 1499
1643230 1499
1643240 1498
1643250 1498
1643260 1498
1643270 1498
1643280 1497
1643290 1497
1643300 1496
1643310 1495
1643320 1499
1643330 1498
1643340 1497
1643350 1497
1643360 1495
1643370 1494
1643380 1494
1643390 1493
1643400 1492
1643410 1492
1643420 1491
1643430 1489
1643440 1489
1643450 1488
1643460 1487
1643470 1487
1643480 1486
1643490 1486
1643500 1486
1643510 1486
1643520 1486
1643530 1486
1643540 1485
1643550 1485
1643560 1485
1643570 1485
1643580 1484
1643590 1484
1643600 1484
1643610 1483
1643620 1483
1643630 1483
1643640 1482
1643650 1482
1643660 1482
1643670 1481
1643680 1481
1643690 1480
1643700 1479
1643710 1479
1643720 1478
1643730 1477
1643740 1475
1643750 1475
1643760 1474
1643770 1472
1643780 1472
1643790 1470
1643800 1467
1643810 1467
1643820 1465
1643830 1463
1643840 1463
1643850 1460
1643860 1457
1643870 1457
1643880 1454
1643890 1451
1643900 1451
1643910 1448
1643920 1444
1643930 1444
1643940 1442
1643950 1437
1643960 1437
1643970 1431
1643980 1424
1643990 1424
1644000 1418
1644010 1411
1644020 1411
1644030 1406
1644040 1400
1644050 1400
1644060 1396
1644070 1393
1644080 1393
1644090 1394
1644100 1396
1644110 1396
1644120 1396
1644130 1402
1644140 1402
1644150 1402
1644160 1402
1644170 1402
1644180 1402
1644190 1403
1644200 1403
1644210 1403
1644220 1402
1644230 1398
1644240 1398
1644250 1393
1644260 1389
1644270 1389
1644280 1384
1644290 1379
1644300 1379
1644310 1373
1644320 1369
1644330 1369
1644340 1365
1644350 1362
1644360 1362
1644370 1359
1644380 1355
1644390 1355
1644400 1353
1644410 1352
1644420 1352
1644430 1350
1644440 1348
1644450 1348
1644460 1346
1644470 1345
1644480 1345
1644490 1344
1644500 1344
1644510 1344
1644520 1344
1644530 1345
1644540 1345
1644550 1345
1644560 1346
1644570 1346
1644580 1345
1644590 1344
1644600 1344
1644610 1341
1644620 1339
1644630 1339
1644640 1337
1644650 1336
1644660 1336
1644670 1335
1644680 1335
1644690 1334
1644700 1334
1644710 1334
1644720 1334
1644730 1334
1644740 1333
1644750 1333
1644760 1333
1644770 1332
1644780 1331
1644790 1331
1644800 1329
1644810 1325
1644820 1325
1644830 1319
1644840 1311
1644850 1311
1644860 1302
1644870 1292
1644880 1292
1644890 1284
1644900 1277
1644910 1277
1644920 1270
1644930 1267
1644940 1267
1644950 1261
1644960 1256
1644970 1256
1644980 1251
1644990 1246
1645000 1246
1645010 1243
1645020 1240
1645030 1240
1645040 1238
1645050 1235
1645060 1235
1645070 1234
1645080 1233
1645090 1233
1645100 1235
1645110 1238
1645120 1238
1645130 1240
1645140 1240
1645150 1239
1645160 1239
1645170 1237
1645180 1236
1645190 1236
1645200 1237
1645210 1238
1645220 1238
1645230 1239
1645240 1241
1645250 1241
1645260 1244
1645270 1248
1645280 1248
1645290 1252
1645300 1256
1645310 1256
1645320 1259
1645330 1261
1645340 1261
1645350 1261
1645360 1255
1645370 1255
1645380 1247
1645390 1239
1645400 1239
1645410 1230
1645420 1221
1645430 1221
1645440 1212
1645450 1205
1645460 1205
1645470 1199
1645480 1194
1645490 1194
1645500 1191
1645510 1188
1645520 1188
1645530 1186
1645540 1185
1645550 1185
1645560 1185
1645570 1185
1645580 1185
1645590 1186
1645600 1187
1645610 1187
1645620 1190
1645630 1194
1645640 1198
1645650 1198
1645660 1200
1645670 1204
1645680 1204
1645690 1210
1645700 1216
1645710 1216
1645720 1222
1645730 1228
1645740 1228
1645750 1233
1645760 1236
1645770 1236
1645780 1235
1645790 1232
1645800 1232
1645810 1230
1645820 1227
1645830 1227
1645840 1224
1645850 1221
1645860 1221
1645870 1220
1645880 1219
1645890 1219
1645900 1217
1645910 1215
1645920 1215
1645930 1213
1645940 1211
1645950 1211
1645960 1209
1645970 1207
1645980 1207
1645990 1205
1646000 1202
1646010 1202
1646020 1199
1646030 1195
1646040 1195
1646050 1190
1646060 1185
1646070 1185
1646080 1180
1646090 1174
1646100 1174
1646110 1166
1646120 1160
1646130 1155
1646140 1155
1646150 1150
1646160 1145
1646170 1145
1646180 1140
1646190 1134
1646200 1134
1646210 1128
1646220 1121
1646230 1121
1646240 1113
1646250 1104
1646260 1104
1646270 1098
1646280 1092
1646290 1092
1646300 1087
1646310 1083
1646320 1083
1646330 1081
1646340 1080
1646350 1080
1646360 1082
1646370 1085
1646380 1085
1646390 1087
1646400 1087
1646410 1087
1646420 1085
1646430 1079
1646440 1079
1646450 1073
1646460 1068
1646470 1068
1646480 1065
1646490 1063
1646500 1063
1646510 1062
1646520 1070
1646530 1070
1646540 1073
1646550 1075
1646560 1075
1646570 1077
1646580 1079
1646590 1082
1646600 1082
1646610 1085
1646620 1088
1646630 1088
1646640 1090
1646650 1092
1646660 1092
1646670 1091
1646680 1091
1646690 1091
1646700 1089
1646710 1088
1646720 1088
1646730 1086
1646740 1083
1646750 1083
1646760 1079
1646770 1074
1646780 1074
1646790 1068
1646800 1063
1646810 1063
1646820 1061
1646830 1062
1646840 1062
1646850 1063
1646860 1065
1646870 1065
1646880 1066
1646890 1068
1646900 1068
1646910 1068
1646920 1067
1646930 1067
1646940 1064
1646950 1059
1646960 1059
1646970 1055
1646980 1052
1646990 1052
1647000 1052
1647010 1054
1647020 1054
1647030 1056
1647040 1058
1647050 1058
1647060 1058
1647070 1058
1647080 1057
1647090 1057
1647100 1056
1647110 1055
1647120 1055
1647130 1055
1647140 1055
1647150 1055
1647160 1054
1647170 1053
1647180 1053
1647190 1051
1647200 1048
1647210 1048
1647220 1045
1647230 1041
1647240 1041
1647250 1038
1647260 1036
1647270 1036
1647280 1035
1647290 1034
1647300 1034
1647310 1031
1647320 1035
1647330 1035
1647340 1035
1647350 1034
1647360 1034
1647370 1032
1647380 1030
1647390 1030
1647400 1025
1647410 1020
1647420 1020
1647430 1012
1647440 1004
1647450 1004
1647460 995
1647470 986
1647480 986
1647490 978
1647500 973
1647510 973
1647520 976
1647530 984
1647540 984
1647550 992
1647560 995
1647570 994
1647580 994
1647590 998
1647600 1002
1647610 1002
1647620 1002
1647630 999
1647640 999
1647650 999
1647660 1001
1647670 1001
1647680 1008
1647690 1009
1647700 1009
1647710 1009
1647720 1008
1647730 1008
1647740 1006
1647750 1004
1647760 1004
1647770 998
1647780 994
1647790 994
1647800 993
1647810 991
1647820 991
1647830 989
1647840 987
1647850 987
1647860 981
1647870 975
1647880 975
1647890 971
1647900 970
1647910 970
1647920 974
1647930 978
1647940 978
1647950 981
1647960 983
1647970 983
1647980 984
1647990 985
1648000 985
1648010 986
1648020 986
1648030 987
1648040 987
1648050 987
1648060 985
1648070 985
1648080 984
1648090 982
1648100 988
1648110 986
1648120 984
1648130 984
1648140 982
1648150 978
1648160 978
1648170 975
1648180 969
1648190 969
1648200 965
1648210 961
1648220 961
1648230 958
1648240 956
1648250 956
1648260 954
1648270 951
1648280 951
1648290 947
1648300 944
1648310 944
1648320 941
1648330 936
1648340 936
1648350 935
1648360 936
1648370 936
1648380 937
1648390 936
1648400 936
1648410 935
1648420 932
1648430 932
1648440 929
1648450 925
1648460 925
1648470 920
1648480 915
1648490 915
1648500 910
1648510 905
1648520 901
1648530 901
1648540 897
1648550 895
1648560 895
1648570 892
1648580 888
1648590 888
1648600 884
1648610 880
1648620 880
1648630 872
1648640 863
1648650 863
1648660 855
1648670 849
1648680 849
1648690 847
1648700 848
1648710 848
1648720 851
1648730 856
1648740 856
1648750 860
1648760 864
1648770 864
1648780 868
1648790 871
1648800 871
1648810 873
1648820 875
1648830 875
1648840 879
1648850 882
1648860 882
1648870 884
1648880 892
1648890 892
1648900 890
1648910 887
1648920 887
1648930 885
1648940 883
1648950 883
1648960 882
1648970 880
1648980 880
1648990 880
1649000 883
1649010 887
1649020 887
1649030 892
1649040 896
1649050 896
1649060 900
1649070 903
1649080 903
1649090 905
1649100 907
1649110 907
1649120 908
1649130 912
1649140 912
1649150 917
1649160 921
1649170 921
1649180 924
1649190 926
1649200 926
1649210 928
1649220 931
1649230 931
1649240 933
1649250 933
1649260 933
1649270 935
1649280 935
1649290 935
1649300 936
1649310 937
1649320 937
1649330 937
1649340 938
1649350 938
1649360 940
1649370 941
1649380 941
1649390 942
1649400 942
1649410 942
1649420 943
1649430 944
1649440 944
1649450 945
1649460 946
1649470 947
1649480 947
1649490 948
1649500 950
1649510 950
1649520 951
1649530 953
1649540 953
1649550 955
1649560 958
1649570 958
1649580 961
1649590 963
1649600 963
1649610 967
1649620 970
1649630 970
1649640 973
1649650 976
1649660 971
1649670 973
1649680 976
1649690 976
1649700 978
1649710 982
1649720 982
1649730 985
1649740 988
1649750 988
1649760 990
1649770 991
1649780 991
1649790 992
1649800 993
1649810 993
1649820 994
1649830 996
1649840 996
1649850 998
1649860 999
1649870 999
1649880 1001
1649890 999
1649900 999
1649910 991
1649920 981
1649930 981
1649940 968
1649950 954
1649960 944
1649970 944
1649980 933
1649990 927
1650000 927
1650010 924
1650020 918
1650030 918
1650040 911
1650050 905
1650060 905
1650070 902
1650080 897
1650090 897
1650100 894
1650110 890
1650120 890
1650130 887
1650140 881
1650150 881
1650160 878
1650170 873
1650180 873
1650190 869
1650200 864
1650210 864
1650220 860
1650230 858
1650240 858
1650250 858
1650260 858
1650270 858
1650280 855
1650290 853
1650300 853
1650310 849
1650320 845
1650330 845
1650340 840
1650350 838
1650360 838
1650370 835
1650380 832
1650390 832
1650400 827
1650410 821
1650420 810
1650430 810
1650440 802
1650450 793
1650460 793
1650470 785
1650480 776
1650490 776
1650500 766
1650510 756
1650520 756
1650530 741
1650540 728
1650550 728
1650560 719
1650570 714
1650580 714
1650590 710
1650600 706
1650610 706
1650620 700
1650630 694
1650640 694
1650650 690
1650660 687
1650670 687
1650680 685
1650690 683
1650700 683
1650710 682
1650720 680
1650730 680
1650740 676
1650750 674
1650760 674
1650770 672
1650780 670
1650790 670
1650800 667
1650810 663
1650820 663
1650830 658
1650840 653
1650850 653
1650860 647
1650870 642
1650880 642
1650890 637
1650900 632
1650910 626
1650920 626
1650930 619
1650940 615
1650950 615
1650960 612
1650970 606
1650980 606
1650990 599
1651000 593
1651010 593
1651020 590
1651030 589
1651040 589
1651050 588
1651060 587
1651070 587
1651080 586
1651090 586
1651100 586
1651110 586
1651120 586
1651130 586
1651140 586
1651150 586
1651160 586
1651170 587
1651180 588
1651190 588
1651200 588
1651210 595
1651220 595
1651230 595
1651240 595
1651250 595
1651260 594
1651270 591
1651280 591
1651290 586
1651300 581
1651310 581
1651320 574
1651330 569
1651340 569
1651350 563
1651360 557
1651370 554
1651380 554
1651390 551
1651400 549
1651410 549
1651420 547
1651430 545
1651440 545
1651450 544
1651460 542
1651470 542
1651480 539
1651490 535
1651500 535
1651510 537
1651520 543
1651530 543
1651540 545
1651550 550
1651560 550
1651570 554
1651580 557
1651590 557
1651600 561
1651610 567
1651620 567
1651630 573
1651640 580
1651650 580
1651660 587
1651670 594
1651680 594
1651690 602
1651700 607
1651710 607
1651720 614
1651730 620
1651740 620
1651750 623
1651760 622
1651770 622
1651780 618
1651790 615
1651800 615
1651810 613
1651820 610
1651830 610
1651840 607
1651850 605
1651860 604
1651870 604
1651880 601
1651890 599
1651900 599
1651910 597
1651920 593
1651930 593
1651940 590
1651950 586
1651960 586
1651970 583
1651980 582
1651990 582
1652000 576
1652010 571
1652020 571
1652030 566
1652040 560
1652050 560
1652060 554
1652070 546
1652080 546
1652090 538
1652100 534
1652110 534
1652120 532
1652130 530
1652140 530
1652150 529
1652160 528
1652170 528
1652180 528
1652190 528
1652200 528
1652210 528
1652220 528
1652230 528
1652240 528
1652250 527
1652260 527
1652270 526
1652280 525
1652290 525
1652300 525
1652310 524
1652320 524
1652330 524
1652340 524
1652350 524
1652360 524
1652370 525
1652380 525
1652390 525
1652400 525
1652410 525
1652420 525
1652430 525
1652440 523
1652450 523
1652460 520
1652470 520
1652480 520
1652490 525
1652500 526
1652510 526
1652520 527
1652530 528
1652540 528
1652550 531
1652560 532
1652570 532
1652580 529
1652590 525
1652600 525
1652610 523
1652620 523
1652630 523
1652640 524
1652650 524
1652660 524
1652670 525
1652680 525
1652690 525
1652700 525
1652710 525
1652720 525
1652730 525
1652740 526
1652750 526
1652760 526
1652770 526
1652780 526
1652790 526
1652800 525
1652810 525
1652820 525
1652830 526
1652840 528
1652850 528
1652860 531
1652870 533
1652880 533
1652890 538
1652900 545
1652910 545
1652920 553
1652930 560
1652940 560
1652950 564
1652960 558
1652970 558
1652980 557
1652990 566
1653000 566
1653010 573
1653020 577
1653030 577
1653040 578
1653050 576
1653060 576
1653070 575
1653080 578
1653090 578
1653100 582
1653110 580
1653120 580
1653130 579
1653140 584
1653150 584
1653160 592
1653170 598
1653180 598
1653190 603
1653200 607
1653210 607
1653220 610
1653230 605
1653240 605
1653250 597
1653260 591
1653270 591
1653280 589
1653290 595
1653300 604
1653310 604
1653320 613
1653330 621
1653340 621
1653350 626
1653360 630
1653370 630
1653380 633
1653390 636
1653400 636
1653410 639
1653420 643
1653430 643
1653440 647
1653450 651
1653460 651
1653470 654
1653480 652
1653490 652
1653500 643
1653510 635
1653520 635
1653530 638
1653540 638
1653550 638
1653560 639
1653570 640
1653580 640
1653590 643
1653600 651
1653610 651
1653620 658
1653630 663
1653640 663
1653650 668
1653660 675
1653670 675
1653680 681
1653690 686
1653700 686
1653710 693
1653720 707
1653730 707
1653740 717
1653750 716
1653760 714
1653770 714
1653780 717
1653790 717
1653800 717
1653810 729
1653820 741
1653830 741
1653840 744
1653850 739
1653860 739
1653870 735
1653880 735
1653890 735
1653900 738
1653910 742
1653920 742
1653930 747
1653940 752
1653950 752
1653960 757
1653970 763
1653980 763
1653990 768
1654000 772
1654010 772
1654020 777
1654030 782
1654040 782
1654050 787
1654060 791
1654070 791
1654080 796
1654090 801
1654100 801
1654110 805
1654120 810
1654130 810
1654140 814
1654150 820
1654160 820
1654170 827
1654180 832
1654190 832
1654200 839
1654210 846
1654220 846
1654230 853
1654240 862
1654250 869
1654260 862
1654270 866
1654280 873
1654290 873
1654300 882
1654310 889
1654320 889
1654330 894
1654340 902
1654350 902
1654360 917
1654370 923
1654380 923
1654390 931
1654400 942
1654410 942
1654420 955
1654430 963
1654440 963
1654450 970
1654460 970
1654470 970
1654480 967
1654490 956
1654500 956
1654510 945
1654520 931
1654530 931
1654540 918
1654550 915
1654560 915
1654570 924
1654580 933
1654590 933
1654600 937
1654610 944
1654620 944
1654630 954
1654640 960
1654650 960
1654660 970
1654670 980
1654680 980
1654690 989
1654700 1003
1654710 1003
1654720 1013
1654730 1020
1654740 1027
1654750 1027
1654760 1035
1654770 1042
1654780 1042
1654790 1048
1654800 1049
1654810 1049
1654820 1046
1654830 1045
1654840 1045
1654850 1044
1654860 1046
1654870 1046
1654880 1047
1654890 1049
1654900 1049
1654910 1052
1654920 1055
1654930 1055
1654940 1052
1654950 1047
1654960 1047
1654970 1044
1654980 1041
1654990 1041
1655000 1037
1655010 1035
1655020 1028
1655030 1028
1655040 1031
1655050 1031
1655060 1034
1655070 1036
1655080 1036
1655090 1033
1655100 1028
1655110 1028
1655120 1021
1655130 1019
1655140 1019
1655150 1021
1655160 1024
1655170 1024
1655180 1028
1655190 1033
1655200 1042
1655210 1042
1655220 1051
1655230 1060
1655240 1060
1655250 1068
1655260 1072
1655270 1072
1655280 1064
1655290 1054
1655300 1054
1655310 1046
1655320 1043
1655330 1043
1655340 1036
1655350 1028
1655360 1028
1655370 1023
1655380 1028
1655390 1028
1655400 1027
1655410 1022
1655420 1022
1655430 1021
1655440 1024
1655450 1024
1655460 1026
1655470 1025
1655480 1025
1655490 1026
1655500 1019
1655510 1019
1655520 1018
1655530 1026
1655540 1026
1655550 1032
1655560 1036
1655570 1036
1655580 1038
1655590 1042
1655600 1042
1655610 1047
1655620 1054
1655630 1054
1655640 1064
1655650 1068
1655660 1068
1655670 1068
1655680 1070
1655690 1073
1655700 1073
1655710 1078
1655720 1083
1655730 1083
1655740 1081
1655750 1077
1655760 1077
1655770 1066
1655780 1060
1655790 1060
1655800 1056
1655810 1054
1655820 1054
1655830 1046
1655840 1040
1655850 1040
1655860 1036
1655870 1030
1655880 1030
1655890 1023
1655900 1021
1655910 1021
1655920 1030
1655930 1037
1655940 1037
1655950 1041
1655960 1047
1655970 1047
1655980 1049
1655990 1053
1656000 1053
1656010 1058
1656020 1062
1656030 1062
1656040 1081
1656050 1092
1656060 1092
1656070 1097
1656080 1097
1656090 1097
1656100 1098
1656110 1097
1656120 1097
1656130 1089
1656140 1077
1656150 1077
1656160 1064
1656170 1055
1656180 1049
1656190 1049
1656200 1042
1656210 1039
1656220 1039
1656230 1045
1656240 1052
1656250 1052
1656260 1051
1656270 1049
1656280 1049
1656290 1048
1656300 1051
1656310 1051
1656320 1057
1656330 1062
1656340 1062
1656350 1061
1656360 1052
1656370 1052
1656380 1041
1656390 1031
1656400 1031
1656410 1023
1656420 1015
1656430 1015
1656440 1013
1656450 1011
1656460 1011
1656470 1010
1656480 1009
1656490 1009
1656500 1008
1656510 1007
1656520 1000
1656530 1005
1656540 1003
1656550 1003
1656560 996
1656570 988
1656580 988
1656590 977
1656600 971
1656610 971
1656620 971
1656630 961
1656640 955
1656650 955
1656660 950
1656670 944
1656680 944
1656690 939
1656700 947
1656710 947
1656720 954
1656730 960
1656740 960
1656750 963
1656760 968
1656770 968
1656780 976
1656790 985
1656800 985
1656810 990
1656820 992
1656830 992
1656840 994
1656850 993
1656860 993
1656870 985
1656880 978
1656890 978
1656900 968
1656910 959
1656920 959
1656930 951
1656940 942
1656950 942
1656960 931
1656970 921
1656980 921
1656990 915
1657000 920
1657010 920
1657020 925
1657030 932
1657040 932
1657050 939
1657060 946
1657070 946
1657080 949
1657090 953
1657100 953
1657110 955
1657120 957
1657130 957
1657140 957
1657150 957
1657160 957
1657170 957
1657180 960
1657190 964
1657200 964
1657210 969
1657220 973
1657230 973
1657240 975
1657250 968
1657260 965
1657270 957
1657280 949
1657290 949
1657300 950
1657310 958
1657320 958
1657330 966
1657340 968
1657350 968
1657360 973
1657370 983
1657380 983
1657390 991
1657400 997
1657410 997
1657420 1004
1657430 1010
1657440 1010
1657450 1018
1657460 1025
1657470 1025
1657480 1029
1657490 1035
1657500 1035
1657510 1039
1657520 1038
1657530 1038
1657540 1039
1657550 1044
1657560 1044
1657570 1050
1657580 1058
1657590 1058
1657600 1064
1657610 1067
1657620 1068
1657630 1068
1657640 1063
1657650 1056
1657660 1056
1657670 1048
1657680 1038
1657690 1038
1657700 1029
1657710 1017
1657720 1017
1657730 1006
1657740 997
1657750 997
1657760 993
1657770 988
1657780 988
1657790 983
1657800 982
1657810 982
1657820 983
1657830 985
1657840 985
1657850 988
1657860 992
1657870 992
1657880 996
1657890 1004
1657900 1004
1657910 1013
1657920 1016
1657930 1016
1657940 1017
1657950 1019
1657960 1019
1657970 1023
1657980 1026
1657990 1026
1658000 1029
1658010 1039
1658020 1039
1658030 1043
1658040 1048
1658050 1048
1658060 1058
1658070 1067
1658080 1078
1658090 1078
1658100 1088
1658110 1099
1658120 1099
1658130 1109
1658140 1121
1658150 1121
1658160 1130
1658170 1136
1658180 1136
1658190 1142
1658200 1148
1658210 1148
1658220 1154
1658230 1161
1658240 1161
1658250 1167
1658260 1172
1658270 1172
1658280 1178
1658290 1183
1658300 1183
1658310 1189
1658320 1196
1658330 1196
1658340 1204
1658350 1212
1658360 1212
1658370 1217
1658380 1222
1658390 1222
1658400 1226
1658410 1231
1658420 1231
1658430 1235
1658440 1237
1658450 1237
1658460 1243
1658470 1246
1658480 1246
1658490 1249
1658500 1252
1658510 1252
1658520 1255
1658530 1260
1658540 1260
1658550 1265
1658560 1270
1658570 1273
1658580 1273
1658590 1275
1658600 1278
1658610 1278
1658620 1278
1658630 1284
1658640 1284
1658650 1295
1658660 1310
1658670 1310
1658680 1319
1658690 1326
1658700 1326
1658710 1333
1658720 1339
1658730 1339
1658740 1346
1658750 1356
1658760 1356
1658770 1362
1658780 1369
1658790 1369
1658800 1376
1658810 1384
1658820 1384
1658830 1391
1658840 1399
1658850 1399
1658860 1406
1658870 1414
1658880 1414
1658890 1423
1658900 1429
1658910 1429
1658920 1433
1658930 1438
1658940 1438
1658950 1442
1658960 1447
1658970 1447
1658980 1452
1658990 1457
1659000 1457
1659010 1461
1659020 1465
1659030 1465
1659040 1469
1659050 1473
1659060 1477
1659070 1477
1659080 1481
1659090 1486
1659100 1486
1659110 1492
1659120 1498
1659130 1498
1659140 1503
1659150 1509
1659160 1509
1659170 1514
1659180 1519
1659190 1519
1659200 1524
1659210 1528
1659220 1528
1659230 1533
1659240 1537
1659250 1537
1659260 1542
1659270 1546
1659280 1546
1659290 1550
1659300 1553
1659310 1553
1659320 1556
1659330 1559
1659340 1559
1659350 1561
1659360 1563
1659370 1563
1659380 1565
1659390 1565
1659400 1565
1659410 1560
1659420 1552
1659430 1552
1659440 1544
1659450 1537
1659460 1537
1659470 1529
1659480 1522
1659490 1522
1659500 1514
1659510 1506
1659520 1497
1659530 1497
1659540 1490
1659550 1481
1659560 1481
1659570 1473
1659580 1465
1659590 1465
1659600 1457
1659610 1452
1659620 1452
1659630 1445
1659640 1439
1659650 1439
1659660 1434
1659670 1429
1659680 1429
1659690 1424
1659700 1418
1659710 1418
1659720 1413
1659730 1408
1659740 1408
1659750 1405
1659760 1404
1659770 1404
1659780 1402
1659790 1401
1659800 1401
1659810 1398
1659820 1399
1659830 1399
1659840 1396
1659850 1393
1659860 1393
1659870 1393
1659880 1392
1659890 1392
1659900 1389
1659910 1387
1659920 1387
1659930 1386
1659940 1385
1659950 1385
1659960 1383
1659970 1382
1659980 1382
1659990 1382
