1640000 785
1640010 791
1640020 796
1640030 796
1640040 801
1640050 806
1640060 806
1640070 810
1640080 813
1640090 813
1640100 815
1640110 817
1640120 817
1640130 819
1640140 819
1640150 819
1640160 818
1640170 817
1640180 817
1640190 817
1640200 817
1640210 817
1640220 816
1640230 814
1640240 814
1640250 811
1640260 808
1640270 806
1640280 806
1640290 804
1640300 801
1640310 801
1640320 797
1640330 794
1640340 794
1640350 790
1640360 783
1640370 783
1640380 775
1640390 768
1640400 768
1640410 760
1640420 753
1640430 753
1640440 746
1640450 740
1640460 740
1640470 731
1640480 719
1640490 719
1640500 709
1640510 705
1640520 705
1640530 706
1640540 707
1640550 707
1640560 702
1640570 696
1640580 696
1640590 692
1640600 688
1640610 688
1640620 683
1640630 676
1640640 676
1640650 669
1640660 663
1640670 663
1640680 660
1640690 659
1640700 659
1640710 656
1640720 649
1640730 649
1640740 641
1640750 635
1640760 635
1640770 630
1640780 626
1640790 626
1640800 625
1640810 629
1640820 634
1640830 634
1640840 638
1640850 642
1640860 642
1640870 645
1640880 648
1640890 648
1640900 653
1640910 657
1640920 657
1640930 662
1640940 664
1640950 664
1640960 666
1640970 667
1640980 667
1640990 668
1641000 667
1641010 667
1641020 667
1641030 667
1641040 667
1641050 666
1641060 664
1641070 664
1641080 663
1641090 660
1641100 660
1641110 657
1641120 652
1641130 652
1641140 647
1641150 643
1641160 643
1641170 637
1641180 631
1641190 631
1641200 626
1641210 620
1641220 620
1641230 614
1641240 608
1641250 608
1641260 602
1641270 597
1641280 597
1641290 593
1641300 587
1641310 587
1641320 582
1641330 577
1641340 571
1641350 571
1641360 565
1641370 560
1641380 560
1641390 556
1641400 553
1641410 553
1641420 551
1641430 550
1641440 550
1641450 548
1641460 548
1641470 548
1641480 547
1641490 548
1641500 548
1641510 549
1641520 550
1641530 550
1641540 552
1641550 558
1641560 558
1641570 563
1641580 568
1641590 568
1641600 574
1641610 582
1641620 582
1641630 589
1641640 596
1641650 596
1641660 603
1641670 608
1641680 608
1641690 611
1641700 613
1641710 613
1641720 614
1641730 615
1641740 615
1641750 615
1641760 616
1641770 616
1641780 615
1641790 615
1641800 615
1641810 614
1641820 612
1641830 612
1641840 611
1641850 608
1641860 608
1641870 602
1641880 597
1641890 593
1641900 593
1641910 591
1641920 589
1641930 589
1641940 587
1641950 586
1641960 586
1641970 584
1641980 579
1641990 579
1642000 573
1642010 566
1642020 565
1642030 560
1642040 554
1642050 554
1642060 547
1642070 541
1642080 541
1642090 538
1642100 537
1642110 537
1642120 535
1642130 534
1642140 534
1642150 531
1642160 528
1642170 528
1642180 524
1642190 520
1642200 520
1642210 519
1642220 520
1642230 520
1642240 519
1642250 519
1642260 519
1642270 519
1642280 519
1642290 519
1642300 519
1642310 519
1642320 519
1642330 518
1642340 518
1642350 518
1642360 518
1642370 517
1642380 517
1642390 517
1642400 516
1642410 516
1642420 516
1642430 516
1642440 516
1642450 516
1642460 517
1642470 516
1642480 516
1642490 516
1642500 516
1642510 516
1642520 516
1642530 515
1642540 515
1642550 515
1642560 516
1642570 516
1642580 517
1642590 519
1642600 519
1642610 521
1642620 524
1642630 524
1642640 528
1642650 532
1642660 532
1642670 536
1642680 538
1642690 538
1642700 540
1642710 541
1642720 541
1642730 541
1642740 540
1642750 540
1642760 538
1642770 535
1642780 535
1642790 534
1642800 533
1642810 533
1642820 529
1642830 531
1642840 531
1642850 528
1642860 525
1642870 525
1642880 523
1642890 521
1642900 521
1642910 518
1642920 516
1642930 516
1642940 513
1642950 513
1642960 513
1642970 513
1642980 514
1642990 514
1643000 514
1643010 514
1643020 514
1643030 514
1643040 515
1643050 516
1643060 516
1643070 517
1643080 517
1643090 517
1643100 514
1643110 512
1643120 512
1643130 510
1643140 510
1643150 510
1643160 508
1643170 508
1643180 508
1643190 509
1643200 509
1643210 509
1643220 507
1643230 506
1643240 506
1643250 504
1643260 502
1643270 502
1643280 501
1643290 500
1643300 500
1643310 499
1643320 497
1643330 497
1643340 497
1643350 497
1643360 497
1643370 497
1643380 497
1643390 497
1643400 498
1643410 498
1643420 498
1643430 498
1643440 498
1643450 498
1643460 498
1643470 498
1643480 498
1643490 498
1643500 498
1643510 498
1643520 498
1643530 497
1643540 496
1643550 496
1643560 496
1643570 496
1643580 496
1643590 496
1643600 495
1643610 495
1643620 495
1643630 495
1643640 495
1643650 495
1643660 495
1643670 495
1643680 495
1643690 495
1643700 495
1643710 495
1643720 495
1643730 495
1643740 495
1643750 495
1643760 495
1643770 496
1643780 495
1643790 495
1643800 495
1643810 495
1643820 495
1643830 494
1643840 494
1643850 494
1643860 495
1643870 495
1643880 495
1643890 496
1643900 496
1643910 496
1643920 497
1643930 497
1643940 497
1643950 498
1643960 498
1643970 498
1643980 499
1643990 500
1644000 500
1644010 500
1644020 501
1644030 502
1644040 502
1644050 503
1644060 504
1644070 504
1644080 505
1644090 507
1644100 507
1644110 509
1644120 511
1644130 511
1644140 512
1644150 514
1644160 514
1644170 516
1644180 520
1644190 520
1644200 525
1644210 527
1644220 527
1644230 529
1644240 531
1644250 531
1644260 534
1644270 536
1644280 536
1644290 539
1644300 541
1644310 541
1644320 542
1644330 544
1644340 544
1644350 545
1644360 545
1644370 545
1644380 543
1644390 542
1644400 542
1644410 546
1644420 552
1644430 552
1644440 558
1644450 562
1644460 562
1644470 567
1644480 571
1644490 571
1644500 575
1644510 580
1644520 580
1644530 583
1644540 587
1644550 587
1644560 589
1644570 592
1644580 594
1644590 594
1644600 596
1644610 597
1644620 597
1644630 598
1644640 599
1644650 599
1644660 600
1644670 602
1644680 602
1644690 602
1644700 602
1644710 602
1644720 602
1644730 604
1644740 604
1644750 608
1644760 611
1644770 611
1644780 613
1644790 615
1644800 615
1644810 617
1644820 618
1644830 618
1644840 621
1644850 625
1644860 625
1644870 631
1644880 635
1644890 635
1644900 637
1644910 638
1644920 638
1644930 641
1644940 644
1644950 644
1644960 647
1644970 649
1644980 649
1644990 651
1645000 654
1645010 654
1645020 656
1645030 657
1645040 657
1645050 659
1645060 659
1645070 659
1645080 663
1645090 665
1645100 665
1645110 667
1645120 668
1645130 669
1645140 669
1645150 670
1645160 670
1645170 670
1645180 671
1645190 671
1645200 671
1645210 670
1645220 669
1645230 669
1645240 665
1645250 657
1645260 657
1645270 655
1645280 653
1645290 653
1645300 651
1645310 649
1645320 649
1645330 647
1645340 645
1645350 645
1645360 643
1645370 643
1645380 643
1645390 644
1645400 647
1645410 647
1645420 649
1645430 651
1645440 651
1645450 654
1645460 657
1645470 657
1645480 661
1645490 666
1645500 666
1645510 671
1645520 676
1645530 676
1645540 680
1645550 684
1645560 684
1645570 689
1645580 693
1645590 693
1645600 694
1645610 697
1645620 697
1645630 701
1645640 706
1645650 710
1645660 710
1645670 713
1645680 714
1645690 714
1645700 716
1645710 720
1645720 720
1645730 727
1645740 739
1645750 739
1645760 751
1645770 758
1645780 758
1645790 762
1645800 767
1645810 767
1645820 773
1645830 779
1645840 779
1645850 786
1645860 793
1645870 793
1645880 800
1645890 807
1645900 807
1645910 813
1645920 818
1645930 818
1645940 825
1645950 830
1645960 830
1645970 833
1645980 834
1645990 834
1646000 836
1646010 837
1646020 837
1646030 838
1646040 839
1646050 838
1646060 839
1646070 840
1646080 840
1646090 841
1646100 842
1646110 842
1646120 844
1646130 847
1646140 847
1646150 851
1646160 855
1646170 855
1646180 859
1646190 863
1646200 867
1646210 867
1646220 870
1646230 874
1646240 874
1646250 878
1646260 881
1646270 881
1646280 885
1646290 889
1646300 889
1646310 893
1646320 897
1646330 897
1646340 901
1646350 905
1646360 905
1646370 910
1646380 914
1646390 914
1646400 919
1646410 923
1646420 923
1646430 927
1646440 931
1646450 931
1646460 936
1646470 940
1646480 940
1646490 944
1646500 947
1646510 947
1646520 951
1646530 955
1646540 955
1646550 958
1646560 960
1646570 960
1646580 962
1646590 964
1646600 964
1646610 964
1646620 964
1646630 964
1646640 963
1646650 959
1646660 959
1646670 956
1646680 952
1646690 952
1646700 950
1646710 948
1646720 946
1646730 946
1646740 944
1646750 943
1646760 943
1646770 940
1646780 937
1646790 937
1646800 935
1646810 934
1646820 934
1646830 933
1646840 925
1646850 925
1646860 924
1646870 922
1646880 922
1646890 920
1646900 917
1646910 917
1646920 915
1646930 913
1646940 913
1646950 911
1646960 909
1646970 909
1646980 908
1646990 907
1647000 907
1647010 907
1647020 907
1647030 907
1647040 908
1647050 908
1647060 908
1647070 909
1647080 910
1647090 910
1647100 912
1647110 914
1647120 914
1647130 916
1647140 919
1647150 919
1647160 920
1647170 921
1647180 921
1647190 921
1647200 923
1647210 923
1647220 924
1647230 924
1647240 924
1647250 924
1647260 926
1647270 929
1647280 929
1647290 931
1647300 933
1647310 933
1647320 934
1647330 936
1647340 936
1647350 937
1647360 938
1647370 938
1647380 940
1647390 942
1647400 942
1647410 943
1647420 944
1647430 944
1647440 946
1647450 946
1647460 946
1647470 947
1647480 948
1647490 948
1647500 949
1647510 950
1647520 950
1647530 953
1647540 954
1647550 954
1647560 957
1647570 959
1647580 959
1647590 961
1647600 962
1647610 962
1647620 962
1647630 959
1647640 959
1647650 961
1647660 963
1647670 963
1647680 965
1647690 967
1647700 967
1647710 969
1647720 972
1647730 972
1647740 974
1647750 977
1647760 977
1647770 980
1647780 982
1647790 982
1647800 984
1647810 987
1647820 989
1647830 989
1647840 991
1647850 993
1647860 993
1647870 994
1647880 994
1647890 994
1647900 994
1647910 995
1647920 995
1647930 998
1647940 1001
1647950 1001
1647960 1004
1647970 1007
1647980 1007
1647990 1011
1648000 1014
1648010 1014
1648020 1017
1648030 1020
1648040 1020
1648050 1022
1648060 1025
1648070 1025
1648080 1029
1648090 1034
1648100 1034
1648110 1037
1648120 1039
1648130 1039
1648140 1040
1648150 1045
1648160 1045
1648170 1047
1648180 1047
1648190 1047
1648200 1047
1648210 1047
1648220 1047
1648230 1048
1648240 1051
1648250 1051
1648260 1053
1648270 1056
1648280 1056
1648290 1058
1648300 1060
1648310 1060
1648320 1063
1648330 1065
1648340 1067
1648350 1067
1648360 1069
1648370 1072
1648380 1072
1648390 1074
1648400 1074
1648410 1074
1648420 1072
1648430 1075
1648440 1075
1648450 1078
1648460 1082
1648470 1082
1648480 1088
1648490 1093
1648500 1093
1648510 1099
1648520 1104
1648530 1104
1648540 1109
1648550 1115
1648560 1115
1648570 1120
1648580 1125
1648590 1125
1648600 1130
1648610 1134
1648620 1134
1648630 1139
1648640 1145
1648650 1145
1648660 1150
1648670 1156
1648680 1156
1648690 1161
1648700 1164
1648710 1164
1648720 1170
1648730 1175
1648740 1175
1648750 1180
1648760 1185
1648770 1185
1648780 1190
1648790 1195
1648800 1195
1648810 1200
1648820 1205
1648830 1205
1648840 1209
1648850 1214
1648860 1214
1648870 1218
1648880 1222
1648890 1225
1648900 1225
1648910 1229
1648920 1232
1648930 1232
1648940 1236
1648950 1239
1648960 1239
1648970 1242
1648980 1245
1648990 1245
1649000 1248
1649010 1251
1649020 1251
1649030 1253
1649040 1256
1649050 1256
1649060 1258
1649070 1261
1649080 1261
1649090 1264
1649100 1266
1649110 1266
1649120 1268
1649130 1271
1649140 1271
1649150 1274
1649160 1276
1649170 1276
1649180 1279
1649190 1281
1649200 1276
1649210 1278
1649220 1280
1649230 1280
1649240 1282
1649250 1285
1649260 1285
1649270 1287
1649280 1290
1649290 1290
1649300 1292
1649310 1294
1649320 1294
1649330 1296
1649340 1298
1649350 1298
1649360 1301
1649370 1303
1649380 1303
1649390 1306
1649400 1308
1649410 1311
1649420 1311
1649430 1314
1649440 1316
1649450 1316
1649460 1319
1649470 1323
1649480 1323
1649490 1326
1649500 1330
1649510 1330
1649520 1332
1649530 1335
1649540 1335
1649550 1336
1649560 1335
1649570 1335
1649580 1333
1649590 1332
1649600 1332
1649610 1330
1649620 1329
1649630 1329
1649640 1328
1649650 1326
1649660 1326
1649670 1326
1649680 1324
1649690 1324
1649700 1323
1649710 1321
1649720 1321
1649730 1319
1649740 1316
1649750 1316
1649760 1315
1649770 1314
1649780 1314
1649790 1313
1649800 1313
1649810 1313
1649820 1313
1649830 1311
1649840 1311
1649850 1308
1649860 1303
1649870 1303
1649880 1302
1649890 1299
1649900 1299
1649910 1296
1649920 1292
1649930 1292
1649940 1289
1649950 1286
1649960 1282
1649970 1282
1649980 1285
1649990 1282
1650000 1282
1650010 1278
1650020 1274
1650030 1274
1650040 1270
1650050 1266
1650060 1266
1650070 1262
1650080 1259
1650090 1259
1650100 1256
1650110 1253
1650120 1253
1650130 1250
1650140 1247
1650150 1247
1650160 1244
1650170 1241
1650180 1241
1650190 1237
1650200 1234
1650210 1234
1650220 1232
1650230 1228
1650240 1228
1650250 1223
1650260 1220
1650270 1220
1650280 1217
1650290 1215
1650300 1215
1650310 1213
1650320 1210
1650330 1210
1650340 1207
1650350 1205
1650360 1205
1650370 1205
1650380 1205
1650390 1205
1650400 1204
1650410 1205
1650420 1205
1650430 1207
1650440 1209
1650450 1209
1650460 1211
1650470 1213
1650480 1213
1650490 1216
1650500 1217
1650510 1218
1650520 1218
1650530 1218
1650540 1219
1650550 1219
1650560 1220
1650570 1220
1650580 1220
1650590 1218
1650600 1212
1650610 1212
1650620 1207
1650630 1201
1650640 1201
1650650 1195
1650660 1189
1650670 1189
1650680 1182
1650690 1176
1650700 1176
1650710 1170
1650720 1163
1650730 1163
1650740 1157
1650750 1151
1650760 1151
1650770 1145
1650780 1140
1650790 1140
1650800 1135
1650810 1129
1650820 1129
1650830 1126
1650840 1122
1650850 1122
1650860 1119
1650870 1116
1650880 1116
1650890 1112
1650900 1109
1650910 1109
1650920 1106
1650930 1105
1650940 1105
1650950 1103
1650960 1099
1650970 1099
1650980 1097
1650990 1098
1651000 1098
1651010 1098
1651020 1098
1651030 1100
1651040 1100
1651050 1101
1651060 1102
1651070 1102
1651080 1104
1651090 1106
1651100 1106
1651110 1109
1651120 1112
1651130 1112
1651140 1114
1651150 1117
1651160 1117
1651170 1120
1651180 1122
1651190 1122
1651200 1123
1651210 1124
1651220 1124
1651230 1124
1651240 1124
1651250 1124
1651260 1123
1651270 1118
1651280 1118
1651290 1113
1651300 1108
1651310 1108
1651320 1103
1651330 1099
1651340 1099
1651350 1096
1651360 1094
1651370 1094
1651380 1093
1651390 1092
1651400 1092
1651410 1090
1651420 1086
1651430 1086
1651440 1081
1651450 1080
1651460 1080
1651470 1080
1651480 1086
1651490 1086
1651500 1090
1651510 1096
1651520 1096
1651530 1106
1651540 1112
1651550 1112
1651560 1118
1651570 1124
1651580 1130
1651590 1130
1651600 1134
1651610 1141
1651620 1141
1651630 1148
1651640 1154
1651650 1154
1651660 1160
1651670 1167
1651680 1167
1651690 1173
1651700 1180
1651710 1180
1651720 1186
1651730 1194
1651740 1194
1651750 1200
1651760 1205
1651770 1205
1651780 1210
1651790 1215
1651800 1215
1651810 1220
1651820 1224
1651830 1224
1651840 1227
1651850 1229
1651860 1229
1651870 1231
1651880 1232
1651890 1232
1651900 1232
1651910 1232
1651920 1232
1651930 1229
1651940 1224
1651950 1224
1651960 1218
1651970 1212
1651980 1212
1651990 1206
1652000 1200
1652010 1200
1652020 1195
1652030 1190
1652040 1190
1652050 1185
1652060 1180
1652070 1180
1652080 1176
1652090 1171
1652100 1171
1652110 1166
1652120 1161
1652130 1156
1652140 1156
1652150 1151
1652160 1146
1652170 1146
1652180 1140
1652190 1134
1652200 1134
1652210 1129
1652220 1123
1652230 1123
1652240 1118
1652250 1113
1652260 1113
1652270 1108
1652280 1103
1652290 1103
1652300 1102
1652310 1096
1652320 1096
1652330 1090
1652340 1082
1652350 1082
1652360 1075
1652370 1069
1652380 1069
1652390 1069
1652400 1076
1652410 1076
1652420 1081
1652430 1088
1652440 1088
1652450 1095
1652460 1101
1652470 1101
1652480 1106
1652490 1112
1652500 1112
1652510 1117
1652520 1122
1652530 1122
1652540 1124
1652550 1124
1652560 1124
1652570 1123
1652580 1120
1652590 1120
1652600 1119
1652610 1119
1652620 1119
1652630 1119
1652640 1121
1652650 1122
1652660 1122
1652670 1124
1652680 1125
1652690 1125
1652700 1128
1652710 1129
1652720 1129
1652730 1129
1652740 1130
1652750 1130
1652760 1130
1652770 1129
1652780 1129
1652790 1124
1652800 1117
1652810 1117
1652820 1110
1652830 1103
1652840 1103
1652850 1096
1652860 1089
1652870 1089
1652880 1082
1652890 1076
1652900 1076
1652910 1068
1652920 1062
1652930 1062
1652940 1055
1652950 1051
1652960 1051
1652970 1044
1652980 1038
1652990 1038
1653000 1032
1653010 1027
1653020 1027
1653030 1022
1653040 1017
1653050 1017
1653060 1020
1653070 1019
1653080 1019
1653090 1019
1653100 1018
1653110 1018
1653120 1018
1653130 1017
1653140 1017
1653150 1017
1653160 1017
1653170 1017
1653180 1015
1653190 1014
1653200 1012
1653210 1012
1653220 1010
1653230 1007
1653240 1007
1653250 1004
1653260 1000
1653270 1000
1653280 995
1653290 991
1653300 991
1653310 986
1653320 981
1653330 981
1653340 974
1653350 967
1653360 967
1653370 962
1653380 956
1653390 956
1653400 952
1653410 947
1653420 947
1653430 942
1653440 936
1653450 936
1653460 930
1653470 922
1653480 922
1653490 915
1653500 916
1653510 916
1653520 920
1653530 925
1653540 925
1653550 930
1653560 932
1653570 932
1653580 935
1653590 938
1653600 938
1653610 940
1653620 943
1653630 943
1653640 947
1653650 951
1653660 951
1653670 955
1653680 959
1653690 959
1653700 963
1653710 968
1653720 968
1653730 973
1653740 978
1653750 984
1653760 984
1653770 990
1653780 995
1653790 995
1653800 1000
1653810 1005
1653820 1010
1653830 1015
1653840 1020
1653850 1020
1653860 1025
1653870 1030
1653880 1030
1653890 1035
1653900 1039
1653910 1039
1653920 1044
1653930 1048
1653940 1048
1653950 1051
1653960 1054
1653970 1054
1653980 1053
1653990 1049
1654000 1049
1654010 1044
1654020 1038
1654030 1038
1654040 1034
1654050 1028
1654060 1028
1654070 1022
1654080 1016
1654090 1016
1654100 1010
1654110 1004
1654120 1004
1654130 998
1654140 993
1654150 993
1654160 987
1654170 981
1654180 981
1654190 974
1654200 968
1654210 968
1654220 962
1654230 955
1654240 955
1654250 950
1654260 944
1654270 939
1654280 939
1654290 935
1654300 931
1654310 931
1654320 927
1654330 924
1654340 924
1654350 920
1654360 914
1654370 914
1654380 907
1654390 899
1654400 899
1654410 891
1654420 884
1654430 884
1654440 877
1654450 870
1654460 870
1654470 863
1654480 858
1654490 858
1654500 851
1654510 844
1654520 844
1654530 836
1654540 827
1654550 827
1654560 819
1654570 813
1654580 814
1654590 810
1654600 806
1654610 806
1654620 801
1654630 796
1654640 796
1654650 791
1654660 786
1654670 786
1654680 780
1654690 773
1654700 773
1654710 765
1654720 762
1654730 762
1654740 768
1654750 777
1654760 777
1654770 784
1654780 792
1654790 792
1654800 796
1654810 800
1654820 804
1654830 804
1654840 810
1654850 815
1654860 815
1654870 820
1654880 826
1654890 826
1654900 830
1654910 832
1654920 832
1654930 831
1654940 826
1654950 826
1654960 820
1654970 816
1654980 816
1654990 811
1655000 806
1655010 806
1655020 801
1655030 796
1655040 796
1655050 790
1655060 783
1655070 783
1655080 785
1655090 795
1655100 795
1655110 804
1655120 812
1655130 812
1655140 820
1655150 827
1655160 827
1655170 835
1655180 843
1655190 843
1655200 850
1655210 856
1655220 856
1655230 863
1655240 869
1655250 869
1655260 875
1655270 880
1655280 880
1655290 886
1655300 891
1655310 891
1655320 896
1655330 904
1655340 904
1655350 910
1655360 916
1655370 924
1655380 924
1655390 928
1655400 935
1655410 935
1655420 941
1655430 947
1655440 947
1655450 952
1655460 957
1655470 957
1655480 961
1655490 966
1655500 966
1655510 970
1655520 974
1655530 974
1655540 977
1655550 979
1655560 979
1655570 982
1655580 982
1655590 982
1655600 981
1655610 976
1655620 976
1655630 972
1655640 969
1655650 969
1655660 966
1655670 963
1655680 963
1655690 961
1655700 960
1655710 960
1655720 958
1655730 956
1655740 956
1655750 955
1655760 956
1655770 956
1655780 957
1655790 959
1655800 959
1655810 962
1655820 965
1655830 965
1655840 969
1655850 974
1655860 974
1655870 977
1655880 979
1655890 979
1655900 979
1655910 979
1655920 978
1655930 978
1655940 975
1655950 970
1655960 970
1655970 964
1655980 958
1655990 958
1656000 953
1656010 950
1656020 950
1656030 947
1656040 945
1656050 945
1656060 943
1656070 941
1656080 941
1656090 947
1656100 945
1656110 945
1656120 944
1656130 942
1656140 942
1656150 942
1656160 943
1656170 943
1656180 941
1656190 938
1656200 938
1656210 936
1656220 934
1656230 934
1656240 933
1656250 928
1656260 928
1656270 923
1656280 914
1656290 914
1656300 906
1656310 898
1656320 898
1656330 891
1656340 883
1656350 883
1656360 877
1656370 870
1656380 870
1656390 864
1656400 858
1656410 858
1656420 852
1656430 846
1656440 841
1656450 841
1656460 835
1656470 827
1656480 827
1656490 820
1656500 812
1656510 812
1656520 805
1656530 797
1656540 797
1656550 790
1656560 788
1656570 788
1656580 788
1656590 788
1656600 788
1656610 793
1656620 800
1656630 800
1656640 806
1656650 810
1656660 810
1656670 813
1656680 818
1656690 818
1656700 825
1656710 833
1656720 833
1656730 839
1656740 846
1656750 846
1656760 854
1656770 862
1656780 862
1656790 868
1656800 874
1656810 874
1656820 879
1656830 887
1656840 887
1656850 888
1656860 889
1656870 889
1656880 890
1656890 885
1656900 885
1656910 878
1656920 873
1656930 873
1656940 868
1656950 863
1656960 863
1656970 859
1656980 853
1656990 847
1657000 847
1657010 841
1657020 835
1657030 835
1657040 831
1657050 827
1657060 827
1657070 821
1657080 813
1657090 813
1657100 806
1657110 809
1657120 809
1657130 814
1657140 813
1657150 813
1657160 812
1657170 811
1657180 811
1657190 809
1657200 808
1657210 808
1657220 810
1657230 819
1657240 819
1657250 824
1657260 827
1657270 827
1657280 832
1657290 837
1657300 837
1657310 842
1657320 849
1657330 849
1657340 855
1657350 863
1657360 863
1657370 870
1657380 877
1657390 877
1657400 884
1657410 891
1657420 891
1657430 897
1657440 903
1657450 903
1657460 909
1657470 914
1657480 914
1657490 920
1657500 924
1657510 924
1657520 928
1657530 932
1657540 935
1657550 935
1657560 937
1657570 939
1657580 937
1657590 939
1657600 940
1657610 940
1657620 939
1657630 938
1657640 938
1657650 936
1657660 932
1657670 932
1657680 928
1657690 924
1657700 924
1657710 920
1657720 917
1657730 917
1657740 913
1657750 908
1657760 908
1657770 904
1657780 899
1657790 899
1657800 893
1657810 887
1657820 887
1657830 880
1657840 873
1657850 873
1657860 866
1657870 860
1657880 860
1657890 854
1657900 847
1657910 847
1657920 842
1657930 836
1657940 836
1657950 830
1657960 824
1657970 824
1657980 818
1657990 813
1658000 813
1658010 810
1658020 812
1658030 812
1658040 819
1658050 823
1658060 829
1658070 829
1658080 835
1658090 842
1658100 842
1658110 848
1658120 854
1658130 854
1658140 860
1658150 865
1658160 865
1658170 870
1658180 874
1658190 874
1658200 877
1658210 879
1658220 879
1658230 880
1658240 880
1658250 880
1658260 876
1658270 872
1658280 872
1658290 869
1658300 866
1658310 866
1658320 868
1658330 864
1658340 864
1658350 861
1658360 856
1658370 856
1658380 852
1658390 847
1658400 847
1658410 843
1658420 838
1658430 838
1658440 833
1658450 829
1658460 829
1658470 823
1658480 817
1658490 817
1658500 812
1658510 806
1658520 806
1658530 801
1658540 796
1658550 796
1658560 791
1658570 785
1658580 785
1658590 780
1658600 775
1658610 770
1658620 770
1658630 766
1658640 761
1658650 761
1658660 755
1658670 750
1658680 750
1658690 744
1658700 739
1658710 739
1658720 733
1658730 727
1658740 727
1658750 724
1658760 720
1658770 720
1658780 714
1658790 711
1658800 711
1658810 710
1658820 706
1658830 706
1658840 702
1658850 698
1658860 698
1658870 694
1658880 689
1658890 689
1658900 685
1658910 681
1658920 681
1658930 677
1658940 674
1658950 674
1658960 674
1658970 673
1658980 673
1658990 671
1659000 667
1659010 667
1659020 663
1659030 661
1659040 661
1659050 662
1659060 665
1659070 665
1659080 664
1659090 662
1659100 662
1659110 660
1659120 659
1659130 659
1659140 656
1659150 652
1659160 650
1659170 650
1659180 646
1659190 647
1659200 647
1659210 650
1659220 650
1659230 650
1659240 649
1659250 648
1659260 648
1659270 647
1659280 645
1659290 645
1659300 641
1659310 637
1659320 637
1659330 639
1659340 640
1659350 640
1659360 639
1659370 638
1659380 638
1659390 637
1659400 634
1659410 634
1659420 632
1659430 628
1659440 628
1659450 626
1659460 622
1659470 622
1659480 616
1659490 612
1659500 612
1659510 610
1659520 611
1659530 611
1659540 610
1659550 610
1659560 610
1659570 609
1659580 609
1659590 609
1659600 608
1659610 607
1659620 607
1659630 605
1659640 603
1659650 603
1659660 602
1659670 601
1659680 601
1659690 600
1659700 597
1659710 595
1659720 595
1659730 592
1659740 588
1659750 588
1659760 586
1659770 585
1659780 585
1659790 585
1659800 583
1659810 583
1659820 580
1659830 577
1659840 577
1659850 575
1659860 574
1659870 574
1659880 573
1659890 573
1659900 573
1659910 572
1659920 572
1659930 572
1659940 571
1659950 571
1659960 571
1659970 571
1659980 571
1659990 571
