1640000 710
1640010 708
1640020 708
1640030 708
1640040 708
1640050 708
1640060 708
1640070 709
1640080 709
1640090 709
1640100 710
1640110 706
1640120 706
1640130 707
1640140 707
1640150 707
1640160 707
1640170 706
1640180 706
1640190 700
1640200 702
1640210 702
1640220 705
1640230 706
1640240 706
1640250 707
1640260 709
1640270 709
1640280 710
1640290 711
1640300 711
1640310 710
1640320 708
1640330 708
1640340 705
1640350 704
1640360 704
1640370 706
1640380 708
1640390 708
1640400 710
1640410 711
1640420 711
1640430 710
1640440 708
1640450 708
1640460 704
1640470 701
1640480 701
1640490 700
1640500 701
1640510 699
1640520 699
1640530 695
1640540 698
1640550 698
1640560 708
1640570 714
1640580 714
1640590 718
1640600 723
1640610 723
1640620 728
1640630 732
1640640 732
1640650 736
1640660 740
1640670 740
1640680 743
1640690 746
1640700 746
1640710 748
1640720 749
1640730 749
1640740 748
1640750 744
1640760 744
1640770 741
1640780 736
1640790 736
1640800 730
1640810 724
1640820 724
1640830 719
1640840 715
1640850 715
1640860 711
1640870 705
1640880 705
1640890 700
1640900 697
1640910 697
1640920 692
1640930 686
1640940 681
1640950 674
1640960 669
1640970 669
1640980 664
1640990 656
1641000 656
1641010 649
1641020 641
1641030 641
1641040 632
1641050 631
1641060 631
1641070 635
1641080 641
1641090 646
1641100 646
1641110 652
1641120 658
1641130 658
1641140 664
1641150 670
1641160 670
1641170 677
1641180 683
1641190 683
1641200 689
1641210 694
1641220 694
1641230 699
1641240 702
1641250 702
1641260 703
1641270 699
1641280 699
1641290 694
1641300 691
1641310 691
1641320 688
1641330 686
1641340 686
1641350 686
1641360 685
1641370 685
1641380 683
1641390 676
1641400 676
1641410 668
1641420 664
1641430 664
1641440 670
1641450 674
1641460 674
1641470 679
1641480 684
1641490 684
1641500 690
1641510 697
1641520 697
1641530 704
1641540 712
1641550 712
1641560 720
1641570 723
1641580 723
1641590 719
1641600 715
1641610 715
1641620 715
1641630 719
1641640 719
1641650 725
1641660 732
1641670 739
1641680 739
1641690 744
1641700 750
1641710 750
1641720 755
1641730 759
1641740 759
1641750 762
1641760 760
1641770 760
1641780 761
1641790 762
1641800 762
1641810 763
1641820 764
1641830 764
1641840 764
1641850 762
1641860 762
1641870 758
1641880 752
1641890 752
1641900 745
1641910 738
1641920 738
1641930 731
1641940 723
1641950 723
1641960 715
1641970 708
1641980 708
1641990 701
1642000 694
1642010 694
1642020 687
1642030 680
1642040 680
1642050 673
1642060 666
1642070 666
1642080 660
1642090 653
1642100 653
1642110 646
1642120 641
1642130 641
1642140 637
1642150 631
1642160 631
1642170 624
1642180 616
1642190 616
1642200 609
1642210 602
1642220 602
1642230 595
1642240 588
1642250 581
1642260 581
1642270 574
1642280 568
1642290 568
1642300 561
1642310 554
1642320 554
1642330 547
1642340 541
1642350 541
1642360 533
1642370 525
1642380 525
1642390 514
1642400 503
1642410 503
1642420 495
1642430 495
1642440 495
1642450 497
1642460 495
1642470 495
1642480 491
1642490 488
1642500 488
1642510 483
1642520 478
1642530 478
1642540 473
1642550 468
1642560 468
1642570 463
1642580 457
1642590 457
1642600 455
1642610 451
1642620 451
1642630 446
1642640 445
1642650 445
1642660 444
1642670 444
1642680 444
1642690 444
1642700 444
1642710 444
1642720 444
1642730 444
1642740 444
1642750 442
1642760 441
1642770 441
1642780 441
1642790 441
1642800 441
1642810 441
1642820 441
1642830 441
1642840 441
1642850 441
1642860 441
1642870 441
1642880 440
1642890 439
1642900 439
1642910 438
1642920 438
1642930 438
1642940 438
1642950 438
1642960 438
1642970 439
1642980 439
1642990 439
1643000 439
1643010 439
1643020 439
1643030 441
1643040 443
1643050 443
1643060 445
1643070 445
1643080 445
1643090 446
1643100 446
1643110 446
1643120 448
1643130 451
1643140 451
1643150 457
1643160 457
1643170 457
1643180 453
1643190 452
1643200 452
1643210 451
1643220 451
1643230 451
1643240 451
1643250 453
1643260 453
1643270 455
1643280 456
1643290 456
1643300 458
1643310 462
1643320 462
1643330 464
1643340 467
1643350 467
1643360 469
1643370 472
1643380 472
1643390 482
1643400 485
1643410 491
1643420 491
1643430 492
1643440 495
1643450 495
1643460 503
1643470 509
1643480 509
1643490 513
1643500 517
1643510 517
1643520 520
1643530 524
1643540 524
1643550 528
1643560 531
1643570 531
1643580 535
1643590 539
1643600 539
1643610 543
1643620 546
1643630 546
1643640 550
1643650 554
1643660 554
1643670 559
1643680 564
1643690 564
1643700 569
1643710 574
1643720 574
1643730 580
1643740 585
1643750 585
1643760 591
1643770 595
1643780 595
1643790 601
1643800 607
1643810 607
1643820 612
1643830 617
1643840 617
1643850 622
1643860 628
1643870 628
1643880 633
1643890 638
1643900 638
1643910 644
1643920 650
1643930 650
1643940 655
1643950 661
1643960 661
1643970 667
1643980 673
1643990 679
1644000 679
1644010 686
1644020 693
1644030 693
1644040 699
1644050 706
1644060 706
1644070 714
1644080 721
1644090 721
1644100 727
1644110 735
1644120 735
1644130 742
1644140 750
1644150 750
1644160 758
1644170 765
1644180 765
1644190 774
1644200 782
1644210 782
1644220 790
1644230 798
1644240 798
1644250 805
1644260 813
1644270 813
1644280 822
1644290 831
1644300 831
1644310 840
1644320 847
1644330 847
1644340 855
1644350 862
1644360 862
1644370 872
1644380 879
1644390 879
1644400 883
1644410 886
1644420 886
1644430 887
1644440 889
1644450 889
1644460 891
1644470 896
1644480 896
1644490 902
1644500 909
1644510 909
1644520 915
1644530 921
1644540 921
1644550 925
1644560 929
1644570 929
1644580 933
1644590 938
1644600 943
1644610 943
1644620 947
1644630 952
1644640 952
1644650 957
1644660 962
1644670 962
1644680 967
1644690 972
1644700 972
1644710 976
1644720 980
1644730 980
1644740 984
1644750 986
1644760 986
1644770 987
1644780 986
1644790 986
1644800 987
1644810 991
1644820 991
1644830 996
1644840 998
1644850 998
1644860 1000
1644870 1000
1644880 1000
1644890 1000
1644900 1002
1644910 1002
1644920 1005
1644930 1008
1644940 1008
1644950 1012
1644960 1016
1644970 1016
1644980 1021
1644990 1025
1645000 1032
1645010 1036
1645020 1040
1645030 1040
1645040 1043
1645050 1045
1645060 1045
1645070 1047
1645080 1047
1645090 1047
1645100 1047
1645110 1048
1645120 1048
1645130 1050
1645140 1052
1645150 1052
1645160 1053
1645170 1056
1645180 1062
1645190 1062
1645200 1068
1645210 1075
1645220 1075
1645230 1080
1645240 1087
1645250 1087
1645260 1095
1645270 1102
1645280 1102
1645290 1109
1645300 1123
1645310 1123
1645320 1139
1645330 1145
1645340 1145
1645350 1150
1645360 1156
1645370 1156
1645380 1163
1645390 1169
1645400 1169
1645410 1176
1645420 1182
1645430 1182
1645440 1189
1645450 1197
1645460 1197
1645470 1202
1645480 1203
1645490 1203
1645500 1203
1645510 1202
1645520 1202
1645530 1202
1645540 1202
1645550 1202
1645560 1202
1645570 1202
1645580 1202
1645590 1201
1645600 1200
1645610 1200
1645620 1199
1645630 1198
1645640 1198
1645650 1197
1645660 1196
1645670 1196
1645680 1194
1645690 1193
1645700 1193
1645710 1192
1645720 1191
1645730 1191
1645740 1190
1645750 1189
1645760 1188
1645770 1188
1645780 1186
1645790 1185
1645800 1187
1645810 1186
1645820 1183
1645830 1183
1645840 1178
1645850 1169
1645860 1169
1645870 1162
1645880 1153
1645890 1153
1645900 1145
1645910 1137
1645920 1137
1645930 1129
1645940 1122
1645950 1122
1645960 1116
1645970 1109
1645980 1109
1645990 1102
1646000 1096
1646010 1096
1646020 1091
1646030 1086
1646040 1086
1646050 1081
1646060 1077
1646070 1077
1646080 1072
1646090 1067
1646100 1067
1646110 1063
1646120 1059
1646130 1059
1646140 1055
1646150 1050
1646160 1050
1646170 1046
1646180 1043
1646190 1043
1646200 1040
1646210 1038
1646220 1038
1646230 1036
1646240 1034
1646250 1034
1646260 1033
1646270 1032
1646280 1032
1646290 1031
1646300 1030
1646310 1030
1646320 1029
1646330 1027
1646340 1025
1646350 1025
1646360 1021
1646370 1017
1646380 1017
1646390 1012
1646400 1007
1646410 1007
1646420 1002
1646430 996
1646440 996
1646450 990
1646460 985
1646470 985
1646480 980
1646490 975
1646500 975
1646510 970
1646520 966
1646530 966
1646540 962
1646550 958
1646560 958
1646570 952
1646580 949
1646590 955
1646600 956
1646610 958
1646620 958
1646630 960
1646640 963
1646650 963
1646660 967
1646670 970
1646680 970
1646690 973
1646700 975
1646710 975
1646720 978
1646730 980
1646740 980
1646750 981
1646760 982
1646770 982
1646780 983
1646790 982
1646800 982
1646810 982
1646820 982
1646830 982
1646840 981
1646850 979
1646860 979
1646870 978
1646880 978
1646890 978
1646900 979
1646910 979
1646920 980
1646930 980
1646940 981
1646950 981
1646960 981
1646970 982
1646980 983
1646990 983
1647000 984
1647010 984
1647020 984
1647030 984
1647040 982
1647050 982
1647060 979
1647070 976
1647080 976
1647090 971
1647100 965
1647110 965
1647120 960
1647130 953
1647140 953
1647150 948
1647160 943
1647170 943
1647180 939
1647190 936
1647200 936
1647210 932
1647220 929
1647230 929
1647240 925
1647250 921
1647260 921
1647270 916
1647280 910
1647290 910
1647300 902
1647310 895
1647320 895
1647330 890
1647340 886
1647350 886
1647360 883
1647370 881
1647380 881
1647390 885
1647400 883
1647410 883
1647420 879
1647430 872
1647440 872
1647450 867
1647460 863
1647470 863
1647480 860
1647490 857
1647500 855
1647510 855
1647520 853
1647530 851
1647540 851
1647550 850
1647560 850
1647570 850
1647580 850
1647590 850
1647600 850
1647610 850
1647620 848
1647630 848
1647640 844
1647650 840
1647660 840
1647670 838
1647680 838
1647690 838
1647700 839
1647710 841
1647720 841
1647730 843
1647740 846
1647750 846
1647760 849
1647770 852
1647780 852
1647790 856
1647800 859
1647810 859
1647820 863
1647830 866
1647840 866
1647850 870
1647860 874
1647870 874
1647880 878
1647890 881
1647900 881
1647910 884
1647920 886
1647930 886
1647940 888
1647950 889
1647960 889
1647970 889
1647980 889
1647990 889
1648000 889
1648010 889
1648020 889
1648030 888
1648040 885
1648050 885
1648060 882
1648070 879
1648080 878
1648090 878
1648100 878
1648110 878
1648120 878
1648130 879
1648140 880
1648150 880
1648160 880
1648170 881
1648180 881
1648190 879
1648200 876
1648210 876
1648220 874
1648230 868
1648240 868
1648250 859
1648260 851
1648270 851
1648280 842
1648290 834
1648300 834
1648310 826
1648320 817
1648330 817
1648340 810
1648350 803
1648360 803
1648370 796
1648380 790
1648390 790
1648400 783
1648410 776
1648420 776
1648430 770
1648440 764
1648450 764
1648460 757
1648470 751
1648480 751
1648490 744
1648500 738
1648510 738
1648520 731
1648530 724
1648540 724
1648550 719
1648560 713
1648570 713
1648580 708
1648590 703
1648600 703
1648610 697
1648620 693
1648630 693
1648640 689
1648650 686
1648660 682
1648670 682
1648680 678
1648690 673
1648700 673
1648710 667
1648720 661
1648730 661
1648740 654
1648750 647
1648760 647
1648770 640
1648780 634
1648790 634
1648800 629
1648810 627
1648820 627
1648830 627
1648840 628
1648850 628
1648860 631
1648870 634
1648880 634
1648890 634
1648900 634
1648910 634
1648920 633
1648930 631
1648940 631
1648950 630
1648960 634
1648970 634
1648980 632
1648990 630
1649000 630
1649010 626
1649020 621
1649030 621
1649040 619
1649050 621
1649060 621
1649070 624
1649080 625
1649090 625
1649100 625
1649110 624
1649120 624
1649130 627
1649140 632
1649150 632
1649160 634
1649170 636
1649180 636
1649190 638
1649200 637
1649210 637
1649220 636
1649230 636
1649240 635
1649250 635
1649260 638
1649270 642
1649280 642
1649290 645
1649300 650
1649310 650
1649320 654
1649330 658
1649340 658
1649350 660
1649360 660
1649370 660
1649380 659
1649390 655
1649400 655
1649410 648
1649420 641
1649430 641
1649440 634
1649450 627
1649460 627
1649470 620
1649480 613
1649490 613
1649500 605
1649510 598
1649520 598
1649530 591
1649540 584
1649550 584
1649560 577
1649570 567
1649580 567
1649590 558
1649600 556
1649610 556
1649620 560
1649630 564
1649640 564
1649650 566
1649660 568
1649670 568
1649680 568
1649690 565
1649700 565
1649710 563
1649720 560
1649730 560
1649740 563
1649750 561
1649760 561
1649770 560
1649780 560
1649790 560
1649800 556
1649810 552
1649820 547
1649830 547
1649840 541
1649850 536
1649860 536
1649870 541
1649880 547
1649890 547
1649900 550
1649910 556
1649920 556
1649930 565
1649940 571
1649950 571
1649960 575
1649970 583
1649980 583
1649990 588
1650000 591
1650010 591
1650020 594
1650030 596
1650040 596
1650050 597
1650060 596
1650070 596
1650080 596
1650090 595
1650100 595
1650110 594
1650120 586
1650130 586
1650140 577
1650150 570
1650160 570
1650170 566
1650180 566
1650190 566
1650200 565
1650210 565
1650220 565
1650230 567
1650240 571
1650250 571
1650260 576
1650270 577
1650280 577
1650290 574
1650300 574
1650310 574
1650320 570
1650330 566
1650340 566
1650350 559
1650360 553
1650370 553
1650380 550
1650390 548
1650400 545
1650410 545
1650420 545
1650430 546
1650440 546
1650450 544
1650460 540
1650470 540
1650480 538
1650490 533
1650500 533
1650510 535
1650520 532
1650530 532
1650540 527
1650550 520
1650560 520
1650570 514
1650580 515
1650590 515
1650600 512
1650610 510
1650620 510
1650630 510
1650640 508
1650650 508
1650660 506
1650670 508
1650680 508
1650690 509
1650700 509
1650710 509
1650720 507
1650730 502
1650740 502
1650750 498
1650760 493
1650770 493
1650780 490
1650790 488
1650800 488
1650810 487
1650820 486
1650830 486
1650840 483
1650850 481
1650860 481
1650870 480
1650880 480
1650890 480
1650900 480
1650910 481
1650920 481
1650930 481
1650940 480
1650950 480
1650960 479
1650970 474
1650980 469
1650990 469
1651000 467
1651010 466
1651020 466
1651030 467
1651040 469
1651050 469
1651060 470
1651070 470
1651080 470
1651090 470
1651100 470
1651110 470
1651120 470
1651130 470
1651140 470
1651150 470
1651160 470
1651170 470
1651180 470
1651190 470
1651200 470
1651210 471
1651220 471
1651230 471
1651240 471
1651250 471
1651260 471
1651270 470
1651280 471
1651290 471
1651300 472
1651310 475
1651320 475
1651330 476
1651340 479
1651350 479
1651360 481
1651370 482
1651380 482
1651390 483
1651400 483
1651410 483
1651420 484
1651430 485
1651440 485
1651450 485
1651460 485
1651470 485
1651480 486
1651490 486
1651500 486
1651510 487
1651520 487
1651530 487
1651540 487
1651550 488
1651560 488
1651570 488
1651580 489
1651590 489
1651600 489
1651610 489
1651620 490
1651630 490
1651640 490
1651650 490
1651660 490
1651670 490
1651680 491
1651690 491
1651700 491
1651710 491
1651720 491
1651730 491
1651740 491
1651750 491
1651760 492
1651770 492
1651780 492
1651790 492
1651800 492
1651810 492
1651820 492
1651830 492
1651840 492
1651850 491
1651860 486
1651870 486
1651880 482
1651890 481
1651900 481
1651910 482
1651920 487
1651930 487
1651940 494
1651950 497
1651960 497
1651970 501
1651980 503
1651990 503
1652000 506
1652010 509
1652020 509
1652030 511
1652040 514
1652050 514
1652060 512
1652070 514
1652080 514
1652090 517
1652100 519
1652110 519
1652120 522
1652130 525
1652140 528
1652150 528
1652160 529
1652170 530
1652180 530
1652190 529
1652200 529
1652210 529
1652220 528
1652230 529
1652240 529
1652250 531
1652260 532
1652270 532
1652280 533
1652290 536
1652300 536
1652310 538
1652320 540
1652330 540
1652340 542
1652350 544
1652360 544
1652370 547
1652380 548
1652390 548
1652400 550
1652410 552
1652420 552
1652430 554
1652440 555
1652450 555
1652460 556
1652470 557
1652480 557
1652490 558
1652500 558
1652510 558
1652520 558
1652530 557
1652540 557
1652550 556
1652560 555
1652570 555
1652580 552
1652590 550
1652600 550
1652610 549
1652620 550
1652630 550
1652640 553
1652650 555
1652660 555
1652670 557
1652680 560
1652690 560
1652700 563
1652710 567
1652720 569
1652730 569
1652740 570
1652750 571
1652760 571
1652770 573
1652780 576
1652790 576
1652800 579
1652810 583
1652820 577
1652830 579
1652840 581
1652850 581
1652860 583
1652870 585
1652880 585
1652890 587
1652900 589
1652910 589
1652920 591
1652930 594
1652940 594
1652950 596
1652960 597
1652970 597
1652980 600
1652990 603
1653000 603
1653010 605
1653020 605
1653030 605
1653040 605
1653050 605
1653060 605
1653070 606
1653080 609
1653090 609
1653100 613
1653110 617
1653120 617
1653130 620
1653140 623
1653150 623
1653160 625
1653170 627
1653180 627
1653190 629
1653200 632
1653210 632
1653220 634
1653230 637
1653240 637
1653250 640
1653260 644
1653270 644
1653280 647
1653290 649
1653300 652
1653310 652
1653320 655
1653330 658
1653340 658
1653350 662
1653360 665
1653370 665
1653380 667
1653390 669
1653400 669
1653410 671
1653420 673
1653430 673
1653440 675
1653450 678
1653460 678
1653470 680
1653480 682
1653490 682
1653500 681
1653510 681
1653520 681
1653530 683
1653540 686
1653550 686
1653560 689
1653570 691
1653580 691
1653590 691
1653600 695
1653610 695
1653620 699
1653630 703
1653640 703
1653650 706
1653660 710
1653670 710
1653680 713
1653690 716
1653700 716
1653710 718
1653720 719
1653730 719
1653740 719
1653750 719
1653760 719
1653770 719
1653780 718
1653790 718
1653800 716
1653810 715
1653820 715
1653830 714
1653840 712
1653850 712
1653860 711
1653870 710
1653880 709
1653890 709
1653900 707
1653910 706
1653920 706
1653930 704
1653940 703
1653950 703
1653960 701
1653970 700
1653980 700
1653990 698
1654000 696
1654010 696
1654020 692
1654030 687
1654040 687
1654050 680
1654060 672
1654070 672
1654080 668
1654090 665
1654100 665
1654110 661
1654120 657
1654130 657
1654140 653
1654150 648
1654160 648
1654170 642
1654180 636
1654190 636
1654200 630
1654210 623
1654220 623
1654230 616
1654240 609
1654250 609
1654260 602
1654270 595
1654280 595
1654290 588
1654300 581
1654310 581
1654320 574
1654330 567
1654340 567
1654350 563
1654360 562
1654370 562
1654380 557
1654390 552
1654400 552
1654410 547
1654420 547
1654430 547
1654440 553
1654450 558
1654460 564
1654470 564
1654480 571
1654490 576
1654500 576
1654510 580
1654520 580
1654530 580
1654540 585
1654550 590
1654560 590
1654570 595
1654580 598
1654590 598
1654600 600
1654610 602
1654620 602
1654630 603
1654640 604
1654650 604
1654660 605
1654670 606
1654680 606
1654690 607
1654700 607
1654710 607
1654720 602
1654730 596
1654740 596
1654750 587
1654760 579
1654770 579
1654780 573
1654790 563
1654800 563
1654810 566
1654820 579
1654830 579
1654840 586
1654850 592
1654860 592
1654870 596
1654880 596
1654890 596
1654900 594
1654910 592
1654920 592
1654930 592
1654940 591
1654950 591
1654960 591
1654970 591
1654980 591
1654990 592
1655000 592
1655010 592
1655020 592
1655030 592
1655040 592
1655050 592
1655060 592
1655070 592
1655080 592
1655090 591
1655100 584
1655110 584
1655120 583
1655130 584
1655140 584
1655150 584
1655160 582
1655170 582
1655180 581
1655190 579
1655200 579
1655210 577
1655220 575
1655230 575
1655240 574
1655250 572
1655260 572
1655270 573
1655280 571
1655290 571
1655300 571
1655310 570
1655320 570
1655330 571
1655340 572
1655350 572
1655360 572
1655370 574
1655380 574
1655390 575
1655400 578
1655410 578
1655420 579
1655430 583
1655440 583
1655450 579
1655460 581
1655470 581
1655480 581
1655490 584
1655500 584
1655510 586
1655520 587
1655530 587
1655540 586
1655550 586
1655560 586
1655570 587
1655580 588
1655590 588
1655600 589
1655610 589
1655620 589
1655630 588
1655640 584
1655650 584
1655660 584
1655670 585
1655680 586
1655690 586
1655700 588
1655710 589
1655720 589
1655730 590
1655740 589
1655750 589
1655760 590
1655770 592
1655780 592
1655790 596
1655800 599
1655810 599
1655820 601
1655830 603
1655840 603
1655850 607
1655860 609
1655870 609
1655880 610
1655890 613
1655900 613
1655910 617
1655920 620
1655930 620
1655940 623
1655950 624
1655960 624
1655970 626
1655980 628
1655990 628
1656000 631
1656010 634
1656020 634
1656030 637
1656040 639
1656050 639
1656060 641
1656070 643
1656080 643
1656090 646
1656100 649
1656110 649
1656120 650
1656130 651
1656140 651
1656150 651
1656160 653
1656170 653
1656180 655
1656190 657
1656200 657
1656210 658
1656220 659
1656230 659
1656240 659
1656250 659
1656260 660
1656270 660
1656280 661
1656290 661
1656300 661
1656310 661
1656320 661
1656330 661
1656340 661
1656350 661
1656360 661
1656370 661
1656380 662
1656390 662
1656400 660
1656410 660
1656420 660
1656430 660
1656440 657
1656450 657
1656460 658
1656470 657
1656480 657
1656490 657
1656500 654
1656510 654
1656520 652
1656530 652
1656540 652
1656550 653
1656560 652
1656570 652
1656580 652
1656590 652
1656600 655
1656610 656
1656620 656
1656630 656
1656640 658
1656650 659
1656660 659
1656670 662
1656680 665
1656690 665
1656700 668
1656710 672
1656720 672
1656730 678
1656740 682
1656750 682
1656760 686
1656770 689
1656780 689
1656790 692
1656800 695
1656810 697
1656820 697
1656830 700
1656840 701
1656850 701
1656860 702
1656870 703
1656880 703
1656890 703
1656900 703
1656910 703
1656920 703
1656930 703
1656940 703
1656950 703
1656960 703
1656970 703
1656980 703
1656990 703
1657000 703
1657010 703
1657020 703
1657030 703
1657040 702
1657050 702
1657060 702
1657070 702
1657080 701
1657090 701
1657100 700
1657110 699
1657120 699
1657130 699
1657140 699
1657150 699
1657160 699
1657170 698
1657180 698
1657190 698
1657200 699
1657210 699
1657220 699
1657230 700
1657240 700
1657250 701
1657260 702
1657270 702
1657280 703
1657290 704
1657300 704
1657310 706
1657320 707
1657330 707
1657340 708
1657350 712
1657360 712
1657370 713
1657380 714
1657390 715
1657400 715
1657410 716
1657420 717
1657430 717
1657440 717
1657450 717
1657460 717
1657470 719
1657480 721
1657490 721
1657500 722
1657510 725
1657520 725
1657530 727
1657540 729
1657550 729
1657560 731
1657570 733
1657580 733
1657590 735
1657600 737
1657610 737
1657620 740
1657630 742
1657640 742
1657650 744
1657660 746
1657670 746
1657680 748
1657690 750
1657700 750
1657710 752
1657720 755
1657730 755
1657740 757
1657750 759
1657760 759
1657770 761
1657780 763
1657790 763
1657800 765
1657810 767
1657820 767
1657830 769
1657840 771
1657850 771
1657860 772
1657870 774
1657880 774
1657890 774
1657900 774
1657910 774
1657920 775
1657930 776
1657940 776
1657950 777
1657960 778
1657970 779
1657980 779
1657990 780
1658000 782
1658010 782
1658020 783
1658030 785
1658040 785
1658050 786
1658060 787
1658070 787
1658080 788
1658090 787
1658100 787
1658110 787
1658120 786
1658130 786
1658140 784
1658150 784
1658160 784
1658170 783
1658180 781
1658190 781
1658200 778
1658210 773
1658220 773
1658230 767
1658240 765
1658250 765
1658260 765
1658270 767
1658280 767
1658290 767
1658300 768
1658310 768
1658320 769
1658330 768
1658340 768
1658350 771
1658360 776
1658370 776
1658380 778
1658390 781
1658400 781
1658410 785
1658420 786
1658430 786
1658440 789
1658450 793
1658460 793
1658470 797
1658480 800
1658490 800
1658500 803
1658510 807
1658520 807
1658530 809
1658540 812
1658550 815
1658560 815
1658570 818
1658580 822
1658590 822
1658600 825
1658610 829
1658620 829
1658630 832
1658640 835
1658650 835
1658660 838
1658670 843
1658680 843
1658690 847
1658700 850
1658710 850
1658720 853
1658730 857
1658740 857
1658750 860
1658760 864
1658770 864
1658780 868
1658790 873
1658800 873
1658810 878
1658820 884
1658830 885
1658840 892
1658850 898
1658860 898
1658870 903
1658880 906
1658890 906
1658900 908
1658910 907
1658920 907
1658930 906
1658940 904
1658950 904
1658960 904
1658970 904
1658980 904
1658990 904
1659000 905
1659010 905
1659020 906
1659030 907
1659040 907
1659050 908
1659060 909
1659070 909
1659080 910
1659090 911
1659100 911
1659110 911
1659120 911
1659130 911
1659140 911
1659150 910
1659160 911
1659170 911
1659180 911
1659190 911
1659200 911
1659210 911
1659220 912
1659230 912
1659240 913
1659250 914
1659260 914
1659270 916
1659280 918
1659290 918
1659300 921
1659310 923
1659320 923
1659330 925
1659340 926
1659350 926
1659360 928
1659370 929
1659380 929
1659390 931
1659400 932
1659410 932
1659420 933
1659430 934
1659440 934
1659450 935
1659460 935
1659470 935
1659480 936
1659490 936
1659500 936
1659510 936
1659520 936
1659530 936
1659540 935
1659550 933
1659560 933
1659570 927
1659580 924
1659590 924
1659600 922
1659610 921
1659620 921
1659630 920
1659640 918
1659650 918
1659660 916
1659670 915
1659680 915
1659690 913
1659700 911
1659710 911
1659720 909
1659730 908
1659740 908
1659750 908
1659760 907
1659770 906
1659780 906
1659790 904
1659800 903
1659810 903
1659820 901
1659830 899
1659840 899
1659850 899
1659860 898
1659870 898
1659880 898
1659890 898
1659900 898
1659910 897
1659920 897
1659930 897
1659940 896
1659950 896
1659960 896
1659970 896
1659980 896
1659990 896
