1640000 484
1640010 488
1640020 493
1640030 493
1640040 497
1640050 502
1640060 502
1640070 506
1640080 509
1640090 509
1640100 511
1640110 512
1640120 512
1640130 513
1640140 517
1640150 517
1640160 523
1640170 528
1640180 528
1640190 534
1640200 539
1640210 539
1640220 544
1640230 546
1640240 546
1640250 548
1640260 550
1640270 550
1640280 552
1640290 555
1640300 555
1640310 557
1640320 557
1640330 555
1640340 555
1640350 552
1640360 548
1640370 548
1640380 544
1640390 539
1640400 539
1640410 534
1640420 528
1640430 528
1640440 523
1640450 517
1640460 517
1640470 512
1640480 507
1640490 507
1640500 504
1640510 501
1640520 501
1640530 499
1640540 499
1640550 499
1640560 499
1640570 499
1640580 499
1640590 499
1640600 498
1640610 498
1640620 496
1640630 494
1640640 494
1640650 493
1640660 493
1640670 493
1640680 493
1640690 495
1640700 495
1640710 497
1640720 500
1640730 500
1640740 503
1640750 507
1640760 507
1640770 513
1640780 519
1640790 519
1640800 525
1640810 529
1640820 529
1640830 535
1640840 540
1640850 540
1640860 544
1640870 547
1640880 547
1640890 550
1640900 553
1640910 553
1640920 555
1640930 556
1640940 553
1640950 553
1640960 546
1640970 540
1640980 540
1640990 535
1641000 530
1641010 530
1641020 528
1641030 528
1641040 528
1641050 527
1641060 530
1641070 530
1641080 534
1641090 538
1641100 538
1641110 541
1641120 544
1641130 544
1641140 546
1641150 547
1641160 547
1641170 548
1641180 549
1641190 549
1641200 550
1641210 550
1641220 550
1641230 550
1641240 549
1641250 549
1641260 548
1641270 547
1641280 547
1641290 546
1641300 544
1641310 544
1641320 542
1641330 539
1641340 539
1641350 537
1641360 534
1641370 534
1641380 531
1641390 527
1641400 527
1641410 524
1641420 521
1641430 521
1641440 517
1641450 515
1641460 515
1641470 511
1641480 508
1641490 508
1641500 504
1641510 501
1641520 501
1641530 499
1641540 496
1641550 492
1641560 492
1641570 489
1641580 486
1641590 486
1641600 484
1641610 482
1641620 482
1641630 479
1641640 476
1641650 476
1641660 471
1641670 467
1641680 467
1641690 464
1641700 461
1641710 461
1641720 457
1641730 452
1641740 452
1641750 447
1641760 442
1641770 442
1641780 439
1641790 438
1641800 438
1641810 438
1641820 438
1641830 438
1641840 438
1641850 437
1641860 437
1641870 437
1641880 437
1641890 437
1641900 437
1641910 438
1641920 438
1641930 438
1641940 438
1641950 438
1641960 438
1641970 438
1641980 438
1641990 438
1642000 439
1642010 439
1642020 439
1642030 439
1642040 439
1642050 439
1642060 438
1642070 438
1642080 437
1642090 437
1642100 437
1642110 437
1642120 437
1642130 436
1642140 436
1642150 435
1642160 434
1642170 434
1642180 434
1642190 434
1642200 434
1642210 434
1642220 434
1642230 434
1642240 434
1642250 434
1642260 434
1642270 433
1642280 432
1642290 432
1642300 432
1642310 432
1642320 432
1642330 432
1642340 434
1642350 434
1642360 436
1642370 436
1642380 436
1642390 436
1642400 436
1642410 436
1642420 439
1642430 440
1642440 440
1642450 446
1642460 454
1642470 454
1642480 458
1642490 461
1642500 461
1642510 464
1642520 467
1642530 467
1642540 470
1642550 472
1642560 472
1642570 475
1642580 480
1642590 480
1642600 484
1642610 488
1642620 488
1642630 493
1642640 498
1642650 498
1642660 502
1642670 507
1642680 507
1642690 513
1642700 518
1642710 518
1642720 523
1642730 528
1642740 533
1642750 533
1642760 538
1642770 543
1642780 543
1642790 548
1642800 551
1642810 551
1642820 555
1642830 561
1642840 561
1642850 568
1642860 576
1642870 576
1642880 585
1642890 595
1642900 595
1642910 603
1642920 611
1642930 611
1642940 621
1642950 626
1642960 626
1642970 632
1642980 640
1642990 640
1643000 650
1643010 663
1643020 663
1643030 666
1643040 675
1643050 675
1643060 687
1643070 688
1643080 688
1643090 686
1643100 683
1643110 683
1643120 679
1643130 677
1643140 677
1643150 672
1643160 665
1643170 665
1643180 662
1643190 664
1643200 664
1643210 669
1643220 677
1643230 677
1643240 684
1643250 689
1643260 689
1643270 693
1643280 695
1643290 695
1643300 700
1643310 707
1643320 707
1643330 714
1643340 719
1643350 725
1643360 725
1643370 731
1643380 735
1643390 735
1643400 738
1643410 738
1643420 738
1643430 736
1643440 731
1643450 731
1643460 724
1643470 719
1643480 719
1643490 720
1643500 731
1643510 731
1643520 728
1643530 722
1643540 722
1643550 718
1643560 716
1643570 716
1643580 717
1643590 718
1643600 718
1643610 719
1643620 719
1643630 719
1643640 715
1643650 708
1643660 708
1643670 702
1643680 698
1643690 698
1643700 692
1643710 686
1643720 686
1643730 683
1643740 685
1643750 685
1643760 689
1643770 696
1643780 696
1643790 705
1643800 712
1643810 712
1643820 720
1643830 727
1643840 727
1643850 735
1643860 744
1643870 744
1643880 751
1643890 753
1643900 753
1643910 752
1643920 749
1643930 746
1643940 746
1643950 741
1643960 736
1643970 736
1643980 730
1643990 723
1644000 723
1644010 717
1644020 710
1644030 710
1644040 703
1644050 697
1644060 697
1644070 691
1644080 686
1644090 686
1644100 680
1644110 675
1644120 675
1644130 673
1644140 671
1644150 671
1644160 670
1644170 674
1644180 674
1644190 676
1644200 672
1644210 672
1644220 668
1644230 663
1644240 663
1644250 665
1644260 671
1644270 671
1644280 678
1644290 685
1644300 685
1644310 694
1644320 699
1644330 699
1644340 705
1644350 709
1644360 709
1644370 712
1644380 712
1644390 712
1644400 712
1644410 715
1644420 715
1644430 716
1644440 715
1644450 715
1644460 716
1644470 718
1644480 718
1644490 719
1644500 718
1644510 718
1644520 715
1644530 710
1644540 706
1644550 706
1644560 702
1644570 697
1644580 697
1644590 693
1644600 689
1644610 689
1644620 684
1644630 677
1644640 677
1644650 668
1644660 661
1644670 661
1644680 656
1644690 653
1644700 653
1644710 655
1644720 650
1644730 650
1644740 642
1644750 635
1644760 635
1644770 629
1644780 618
1644790 618
1644800 608
1644810 606
1644820 606
1644830 609
1644840 614
1644850 614
1644860 621
1644870 624
1644880 624
1644890 626
1644900 624
1644910 624
1644920 617
1644930 613
1644940 613
1644950 611
1644960 611
1644970 611
1644980 608
1644990 602
1645000 602
1645010 594
1645020 587
1645030 587
1645040 578
1645050 568
1645060 568
1645070 557
1645080 549
1645090 549
1645100 555
1645110 565
1645120 565
1645130 576
1645140 582
1645150 589
1645160 589
1645170 594
1645180 600
1645190 600
1645200 606
1645210 612
1645220 612
1645230 617
1645240 623
1645250 623
1645260 629
1645270 635
1645280 635
1645290 639
1645300 645
1645310 645
1645320 651
1645330 658
1645340 658
1645350 664
1645360 670
1645370 670
1645380 676
1645390 683
1645400 683
1645410 690
1645420 697
1645430 697
1645440 703
1645450 710
1645460 710
1645470 716
1645480 722
1645490 722
1645500 729
1645510 734
1645520 734
1645530 740
1645540 746
1645550 746
1645560 751
1645570 756
1645580 756
1645590 762
1645600 767
1645610 767
1645620 772
1645630 778
1645640 778
1645650 783
1645660 788
1645670 788
1645680 794
1645690 799
1645700 799
1645710 804
1645720 809
1645730 814
1645740 814
1645750 818
1645760 822
1645770 822
1645780 825
1645790 826
1645800 826
1645810 827
1645820 825
1645830 825
1645840 823
1645850 822
1645860 822
1645870 821
1645880 819
1645890 819
1645900 816
1645910 807
1645920 807
1645930 804
1645940 801
1645950 801
1645960 801
1645970 802
1645980 802
1645990 802
1646000 801
1646010 801
1646020 801
1646030 803
1646040 803
1646050 803
1646060 804
1646070 804
1646080 804
1646090 804
1646100 804
1646110 804
1646120 804
1646130 804
1646140 802
1646150 801
1646160 801
1646170 801
1646180 801
1646190 801
1646200 802
1646210 807
1646220 807
1646230 811
1646240 815
1646250 815
1646260 818
1646270 820
1646280 820
1646290 823
1646300 826
1646310 826
1646320 829
1646330 831
1646340 833
1646350 833
1646360 835
1646370 838
1646380 838
1646390 840
1646400 842
1646410 842
1646420 844
1646430 846
1646440 846
1646450 848
1646460 851
1646470 851
1646480 855
1646490 858
1646500 858
1646510 862
1646520 865
1646530 865
1646540 868
1646550 870
1646560 870
1646570 871
1646580 870
1646590 870
1646600 867
1646610 864
1646620 864
1646630 862
1646640 858
1646650 858
1646660 852
1646670 848
1646680 848
1646690 847
1646700 849
1646710 852
1646720 859
1646730 867
1646740 867
1646750 875
1646760 885
1646770 885
1646780 890
1646790 896
1646800 896
1646810 902
1646820 908
1646830 908
1646840 914
1646850 919
1646860 919
1646870 924
1646880 930
1646890 930
1646900 935
1646910 941
1646920 941
1646930 947
1646940 953
1646950 959
1646960 959
1646970 965
1646980 971
1646990 971
1647000 977
1647010 984
1647020 984
1647030 990
1647040 997
1647050 997
1647060 1003
1647070 1009
1647080 1009
1647090 1016
1647100 1023
1647110 1023
1647120 1029
1647130 1036
1647140 1036
1647150 1043
1647160 1049
1647170 1049
1647180 1055
1647190 1060
1647200 1060
1647210 1065
1647220 1069
1647230 1069
1647240 1074
1647250 1078
1647260 1078
1647270 1081
1647280 1085
1647290 1085
1647300 1088
1647310 1091
1647320 1091
1647330 1094
1647340 1096
1647350 1096
1647360 1098
1647370 1100
1647380 1100
1647390 1102
1647400 1104
1647410 1104
1647420 1105
1647430 1106
1647440 1106
1647450 1107
1647460 1109
1647470 1109
1647480 1110
1647490 1112
1647500 1111
1647510 1111
1647520 1110
1647530 1110
1647540 1109
1647550 1107
1647560 1106
1647570 1106
1647580 1103
1647590 1102
1647600 1102
1647610 1100
1647620 1100
1647630 1100
1647640 1099
1647650 1099
1647660 1099
1647670 1098
1647680 1099
1647690 1099
1647700 1100
1647710 1100
1647720 1100
1647730 1100
1647740 1101
1647750 1101
1647760 1102
1647770 1103
1647780 1103
1647790 1104
1647800 1104
1647810 1104
1647820 1105
1647830 1105
1647840 1105
1647850 1105
1647860 1104
1647870 1104
1647880 1103
1647890 1101
1647900 1101
1647910 1100
1647920 1098
1647930 1098
1647940 1097
1647950 1096
1647960 1096
1647970 1094
1647980 1093
1647990 1093
1648000 1093
1648010 1092
1648020 1092
1648030 1093
1648040 1094
1648050 1094
1648060 1095
1648070 1096
1648080 1096
1648090 1097
1648100 1097
1648110 1097
1648120 1099
1648130 1100
1648140 1100
1648150 1100
1648160 1101
1648170 1102
1648180 1102
1648190 1103
1648200 1105
1648210 1105
1648220 1106
1648230 1106
1648240 1106
1648250 1107
1648260 1107
1648270 1107
1648280 1109
1648290 1108
1648300 1108
1648310 1114
1648320 1120
1648330 1120
1648340 1125
1648350 1131
1648360 1131
1648370 1137
1648380 1142
1648390 1142
1648400 1147
1648410 1152
1648420 1152
1648430 1157
1648440 1162
1648450 1162
1648460 1167
1648470 1171
1648480 1171
1648490 1176
1648500 1180
1648510 1180
1648520 1185
1648530 1189
1648540 1189
1648550 1193
1648560 1197
1648570 1197
1648580 1200
1648590 1204
1648600 1204
1648610 1208
1648620 1212
1648630 1212
1648640 1216
1648650 1220
1648660 1220
1648670 1224
1648680 1228
1648690 1228
1648700 1232
1648710 1236
1648720 1236
1648730 1240
1648740 1244
1648750 1248
1648760 1248
1648770 1252
1648780 1255
1648790 1255
1648800 1259
1648810 1262
1648820 1262
1648830 1266
1648840 1270
1648850 1270
1648860 1273
1648870 1277
1648880 1277
1648890 1281
1648900 1285
1648910 1285
1648920 1289
1648930 1293
1648940 1293
1648950 1297
1648960 1301
1648970 1301
1648980 1304
1648990 1307
1649000 1307
1649010 1308
1649020 1304
1649030 1304
1649040 1297
1649050 1290
1649060 1290
1649070 1269
1649080 1258
1649090 1258
1649100 1250
1649110 1243
1649120 1243
1649130 1235
1649140 1228
1649150 1228
1649160 1221
1649170 1215
1649180 1215
1649190 1208
1649200 1201
1649210 1201
1649220 1193
1649230 1185
1649240 1185
1649250 1178
1649260 1172
1649270 1172
1649280 1166
1649290 1161
1649300 1161
1649310 1155
1649320 1151
1649330 1151
1649340 1146
1649350 1142
1649360 1137
1649370 1137
1649380 1132
1649390 1127
1649400 1127
1649410 1121
1649420 1115
1649430 1115
1649440 1108
1649450 1103
1649460 1103
1649470 1101
1649480 1098
1649490 1098
1649500 1097
1649510 1097
1649520 1097
1649530 1098
1649540 1099
1649550 1099
1649560 1100
1649570 1100
1649580 1100
1649590 1102
1649600 1106
1649610 1106
1649620 1110
1649630 1114
1649640 1114
1649650 1117
1649660 1119
1649670 1119
1649680 1122
1649690 1122
1649700 1122
1649710 1121
1649720 1120
1649730 1120
1649740 1120
1649750 1119
1649760 1119
1649770 1119
1649780 1120
1649790 1120
1649800 1120
1649810 1121
1649820 1121
1649830 1122
1649840 1124
1649850 1132
1649860 1134
1649870 1137
1649880 1137
1649890 1142
1649900 1145
1649910 1145
1649920 1149
1649930 1158
1649940 1164
1649950 1164
1649960 1166
1649970 1171
1649980 1171
1649990 1170
1650000 1168
1650010 1168
1650020 1168
1650030 1166
1650040 1166
1650050 1164
1650060 1163
1650070 1163
1650080 1161
1650090 1160
1650100 1160
1650110 1158
1650120 1154
1650130 1154
1650140 1151
1650150 1151
1650160 1151
1650170 1150
1650180 1149
1650190 1149
1650200 1148
1650210 1147
1650220 1147
1650230 1147
1650240 1146
1650250 1146
1650260 1145
1650270 1143
1650280 1143
1650290 1140
1650300 1138
1650310 1138
1650320 1135
1650330 1133
1650340 1133
1650350 1132
1650360 1131
1650370 1131
1650380 1129
1650390 1122
1650400 1122
1650410 1114
1650420 1106
1650430 1106
1650440 1097
1650450 1090
1650460 1090
1650470 1083
1650480 1077
1650490 1077
1650500 1071
1650510 1066
1650520 1066
1650530 1063
1650540 1061
1650550 1059
1650560 1059
1650570 1058
1650580 1057
1650590 1057
1650600 1057
1650610 1057
1650620 1057
1650630 1057
1650640 1054
1650650 1054
1650660 1051
1650670 1048
1650680 1048
1650690 1044
1650700 1039
1650710 1039
1650720 1035
1650730 1032
1650740 1032
1650750 1028
1650760 1023
1650770 1023
1650780 1019
1650790 1014
1650800 1014
1650810 1010
1650820 1005
1650830 1005
1650840 1001
1650850 999
1650860 999
1650870 997
1650880 997
1650890 997
1650900 997
1650910 999
1650920 999
1650930 1002
1650940 1003
1650950 1003
1650960 1004
1650970 1006
1650980 1006
1650990 1009
1651000 1011
1651010 1011
1651020 1013
1651030 1014
1651040 1014
1651050 1014
1651060 1012
1651070 1012
1651080 1010
1651090 1007
1651100 1007
1651110 1003
1651120 999
1651130 999
1651140 997
1651150 995
1651160 993
1651170 993
1651180 991
1651190 989
1651200 989
1651210 986
1651220 982
1651230 982
1651240 978
1651250 975
1651260 975
1651270 972
1651280 969
1651290 969
1651300 965
1651310 963
1651320 963
1651330 958
1651340 953
1651350 953
1651360 949
1651370 945
1651380 945
1651390 941
1651400 941
1651410 941
1651420 937
1651430 933
1651440 933
1651450 929
1651460 925
1651470 925
1651480 919
1651490 908
1651500 908
1651510 896
1651520 880
1651530 880
1651540 869
1651550 862
1651560 862
1651570 854
1651580 848
1651590 848
1651600 842
1651610 838
1651620 838
1651630 834
1651640 833
1651650 833
1651660 829
1651670 827
1651680 827
1651690 830
1651700 829
1651710 829
1651720 827
1651730 826
1651740 827
1651750 827
1651760 829
1651770 831
1651780 831
1651790 833
1651800 831
1651810 831
1651820 825
1651830 818
1651840 818
1651850 813
1651860 810
1651870 810
1651880 811
1651890 814
1651900 814
1651910 816
1651920 819
1651930 819
1651940 820
1651950 817
1651960 817
1651970 815
1651980 817
1651990 817
1652000 820
1652010 823
1652020 823
1652030 825
1652040 827
1652050 827
1652060 829
1652070 831
1652080 831
1652090 833
1652100 834
1652110 834
1652120 835
1652130 836
1652140 836
1652150 838
1652160 838
1652170 844
1652180 845
1652190 846
1652200 846
1652210 847
1652220 849
1652230 849
1652240 851
1652250 852
1652260 852
1652270 854
1652280 856
1652290 856
1652300 858
1652310 860
1652320 860
1652330 861
1652340 863
1652350 864
1652360 864
1652370 866
1652380 868
1652390 868
1652400 869
1652410 871
1652420 871
1652430 872
1652440 874
1652450 874
1652460 875
1652470 877
1652480 877
1652490 877
1652500 879
1652510 879
1652520 880
1652530 880
1652540 880
1652550 881
1652560 881
1652570 881
1652580 881
1652590 881
1652600 881
1652610 881
1652620 881
1652630 881
1652640 880
1652650 877
1652660 877
1652670 874
1652680 871
1652690 871
1652700 871
1652710 871
1652720 871
1652730 869
1652740 868
1652750 868
1652760 868
1652770 869
1652780 869
1652790 871
1652800 872
1652810 872
1652820 873
1652830 871
1652840 871
1652850 868
1652860 864
1652870 864
1652880 863
1652890 861
1652900 861
1652910 859
1652920 860
1652930 867
1652940 870
1652950 873
1652960 876
1652970 876
1652980 878
1652990 881
1653000 881
1653010 883
1653020 884
1653030 884
1653040 881
1653050 879
1653060 879
1653070 878
1653080 875
1653090 875
1653100 873
1653110 874
1653120 874
1653130 879
1653140 881
1653150 881
1653160 881
1653170 880
1653180 880
1653190 877
1653200 870
1653210 870
1653220 862
1653230 857
1653240 857
1653250 855
1653260 848
1653270 848
1653280 841
1653290 837
1653300 837
1653310 835
1653320 834
1653330 834
1653340 832
1653350 828
1653360 828
1653370 823
1653380 815
1653390 815
1653400 806
1653410 798
1653420 798
1653430 794
1653440 793
1653450 793
1653460 796
1653470 802
1653480 802
1653490 799
1653500 791
1653510 791
1653520 784
1653530 788
1653540 788
1653550 791
1653560 785
1653570 777
1653580 777
1653590 772
1653600 772
1653610 772
1653620 774
1653630 777
1653640 777
1653650 782
1653660 787
1653670 787
1653680 792
1653690 792
1653700 797
1653710 791
1653720 786
1653730 786
1653740 784
1653750 784
1653760 784
1653770 779
1653780 770
1653790 770
1653800 762
1653810 755
1653820 755
1653830 747
1653840 740
1653850 740
1653860 732
1653870 724
1653880 724
1653890 718
1653900 718
1653910 718
1653920 720
1653930 725
1653940 725
1653950 731
1653960 735
1653970 735
1653980 734
1653990 728
1654000 728
1654010 726
1654020 726
1654030 726
1654040 724
1654050 726
1654060 726
1654070 731
1654080 733
1654090 733
1654100 729
1654110 723
1654120 723
1654130 717
1654140 711
1654150 704
1654160 704
1654170 697
1654180 692
1654190 692
1654200 687
1654210 683
1654220 683
1654230 679
1654240 675
1654250 675
1654260 672
1654270 667
1654280 667
1654290 661
1654300 655
1654310 655
1654320 650
1654330 647
1654340 647
1654350 642
1654360 641
1654370 641
1654380 635
1654390 626
1654400 626
1654410 620
1654420 615
1654430 615
1654440 611
1654450 600
1654460 600
1654470 592
1654480 588
1654490 588
1654500 586
1654510 580
1654520 580
1654530 575
1654540 570
1654550 570
1654560 561
1654570 554
1654580 554
1654590 552
1654600 551
1654610 551
1654620 550
1654630 549
1654640 549
1654650 548
1654660 547
1654670 547
1654680 546
1654690 544
1654700 544
1654710 542
1654720 540
1654730 540
1654740 539
1654750 538
1654760 538
1654770 538
1654780 539
1654790 540
1654800 540
1654810 539
1654820 536
1654830 536
1654840 532
1654850 529
1654860 529
1654870 527
1654880 527
1654890 527
1654900 529
1654910 533
1654920 533
1654930 536
1654940 537
1654950 537
1654960 534
1654970 531
1654980 531
1654990 529
1655000 527
1655010 527
1655020 526
1655030 526
1655040 526
1655050 525
1655060 524
1655070 524
1655080 522
1655090 519
1655100 519
1655110 516
1655120 512
1655130 512
1655140 508
1655150 503
1655160 503
1655170 502
1655180 501
1655190 501
1655200 501
1655210 503
1655220 503
1655230 498
1655240 495
1655250 495
1655260 494
1655270 493
1655280 493
1655290 492
1655300 492
1655310 492
1655320 491
1655330 490
1655340 490
1655350 490
1655360 490
1655370 490
1655380 490
1655390 490
1655400 490
1655410 490
1655420 490
1655430 490
1655440 490
1655450 489
1655460 489
1655470 489
1655480 487
1655490 486
1655500 486
1655510 486
1655520 484
1655530 484
1655540 484
1655550 484
1655560 484
1655570 485
1655580 487
1655590 487
1655600 487
1655610 487
1655620 487
1655630 488
1655640 488
1655650 488
1655660 487
1655670 487
1655680 487
1655690 487
1655700 487
1655710 487
1655720 487
1655730 487
1655740 487
1655750 487
1655760 487
1655770 487
1655780 487
1655790 488
1655800 488
1655810 489
1655820 489
1655830 489
1655840 490
1655850 492
1655860 492
1655870 496
1655880 499
1655890 499
1655900 502
1655910 504
1655920 504
1655930 504
1655940 504
1655950 504
1655960 506
1655970 504
1655980 502
1655990 502
1656000 502
1656010 501
1656020 501
1656030 501
1656040 503
1656050 503
1656060 502
1656070 501
1656080 501
1656090 499
1656100 497
1656110 497
1656120 498
1656130 498
1656140 498
1656150 499
1656160 500
1656170 500
1656180 500
1656190 503
1656200 503
1656210 508
1656220 509
1656230 509
1656240 509
1656250 509
1656260 509
1656270 510
1656280 511
1656290 511
1656300 512
1656310 516
1656320 516
1656330 517
1656340 513
1656350 513
1656360 510
1656370 507
1656380 507
1656390 504
1656400 501
1656410 501
1656420 502
1656430 506
1656440 506
1656450 510
1656460 508
1656470 508
1656480 509
1656490 512
1656500 512
1656510 515
1656520 517
1656530 517
1656540 520
1656550 523
1656560 523
1656570 526
1656580 530
1656590 531
1656600 531
1656610 537
1656620 541
1656630 541
1656640 542
1656650 541
1656660 541
1656670 541
1656680 538
1656690 538
1656700 536
1656710 540
1656720 540
1656730 539
1656740 539
1656750 539
1656760 539
1656770 537
1656780 537
1656790 536
1656800 535
1656810 535
1656820 535
1656830 538
1656840 538
1656850 538
1656860 534
1656870 534
1656880 533
1656890 532
1656900 532
1656910 531
1656920 534
1656930 534
1656940 537
1656950 540
1656960 540
1656970 543
1656980 545
1656990 545
1657000 547
1657010 549
1657020 549
1657030 551
1657040 552
1657050 552
1657060 554
1657070 555
1657080 555
1657090 556
1657100 557
1657110 557
1657120 558
1657130 560
1657140 560
1657150 561
1657160 562
1657170 563
1657180 563
1657190 565
1657200 567
1657210 567
1657220 569
1657230 571
1657240 571
1657250 572
1657260 573
1657270 573
1657280 574
1657290 578
1657300 578
1657310 580
1657320 583
1657330 583
1657340 585
1657350 588
1657360 588
1657370 592
1657380 596
1657390 596
1657400 601
1657410 605
1657420 605
1657430 607
1657440 608
1657450 609
1657460 615
1657470 621
1657480 621
1657490 628
1657500 634
1657510 634
1657520 640
1657530 645
1657540 645
1657550 650
1657560 656
1657570 656
1657580 661
1657590 666
1657600 666
1657610 672
1657620 680
1657630 680
1657640 688
1657650 697
1657660 697
1657670 700
1657680 699
1657690 699
1657700 700
1657710 702
1657720 702
1657730 703
1657740 705
1657750 705
1657760 706
1657770 707
1657780 709
1657790 709
1657800 710
1657810 711
1657820 711
1657830 713
1657840 714
1657850 714
1657860 715
1657870 715
1657880 715
1657890 715
1657900 712
1657910 712
1657920 709
1657930 705
1657940 705
1657950 705
1657960 709
1657970 709
1657980 713
1657990 716
1658000 716
1658010 720
1658020 723
1658030 723
1658040 724
1658050 725
1658060 725
1658070 727
1658080 728
1658090 728
1658100 729
1658110 730
1658120 730
1658130 731
1658140 732
1658150 732
1658160 733
1658170 735
1658180 735
1658190 736
1658200 736
1658210 736
1658220 737
1658230 738
1658240 738
1658250 739
1658260 739
1658270 739
1658280 740
1658290 741
1658300 741
1658310 741
1658320 742
1658330 742
1658340 742
1658350 741
1658360 741
1658370 736
1658380 735
1658390 734
1658400 734
1658410 731
1658420 729
1658430 729
1658440 729
1658450 728
1658460 728
1658470 725
1658480 724
1658490 724
1658500 723
1658510 722
1658520 722
1658530 722
1658540 721
1658550 721
1658560 721
1658570 720
1658580 720
1658590 719
1658600 718
1658610 718
1658620 716
1658630 711
1658640 711
1658650 707
1658660 708
1658670 708
1658680 712
1658690 716
1658700 716
1658710 717
1658720 714
1658730 714
1658740 708
1658750 705
1658760 705
1658770 705
1658780 704
1658790 704
1658800 700
1658810 697
1658820 697
1658830 695
1658840 694
1658850 694
1658860 691
1658870 689
1658880 689
1658890 685
1658900 680
1658910 680
1658920 676
1658930 677
1658940 673
1658950 672
1658960 668
1658970 668
1658980 667
1658990 673
1659000 675
1659010 675
1659020 674
1659030 671
1659040 671
1659050 674
1659060 677
1659070 677
1659080 679
1659090 679
1659100 679
1659110 680
1659120 680
1659130 680
1659140 679
1659150 685
1659160 685
1659170 688
1659180 692
1659190 692
1659200 696
1659210 696
1659220 696
1659230 696
1659240 695
1659250 695
1659260 691
1659270 686
1659280 686
1659290 686
1659300 684
1659310 684
1659320 683
1659330 689
1659340 689
1659350 695
1659360 701
1659370 701
1659380 707
1659390 713
1659400 713
1659410 719
1659420 724
1659430 724
1659440 730
1659450 736
1659460 736
1659470 740
1659480 745
1659490 745
1659500 750
1659510 754
1659520 754
1659530 760
1659540 767
1659550 767
1659560 772
1659570 776
1659580 780
1659590 780
1659600 781
1659610 781
1659620 781
1659630 780
1659640 779
1659650 779
1659660 779
1659670 775
1659680 775
1659690 774
1659700 770
1659710 770
1659720 764
1659730 761
1659740 761
1659750 760
1659760 760
1659770 760
1659780 758
1659790 755
1659800 755
1659810 752
1659820 747
1659830 747
1659840 742
1659850 739
1659860 739
1659870 737
1659880 734
1659890 734
1659900 731
1659910 728
1659920 728
1659930 728
1659940 730
1659950 730
1659960 732
1659970 732
1659980 732
1659990 731
