1640000 470
1640010 470
1640020 470
1640030 470
1640040 472
1640050 472
1640060 473
1640070 475
1640080 475
1640090 477
1640100 480
1640110 480
1640120 482
1640130 485
1640140 485
1640150 489
1640160 493
1640170 493
1640180 498
1640190 503
1640200 503
1640210 508
1640220 512
1640230 512
1640240 517
1640250 523
1640260 523
1640270 528
1640280 533
1640290 533
1640300 538
1640310 545
1640320 545
1640330 551
1640340 557
1640350 557
1640360 563
1640370 571
1640380 571
1640390 580
1640400 589
1640410 589
1640420 598
1640430 605
1640440 605
1640450 612
1640460 620
1640470 628
1640480 628
1640490 632
1640500 634
1640510 634
1640520 634
1640530 633
1640540 633
1640550 632
1640560 628
1640570 628
1640580 625
1640590 623
1640600 623
1640610 622
1640620 621
1640630 621
1640640 619
1640650 619
1640660 619
1640670 620
1640680 621
1640690 621
1640700 622
1640710 623
1640720 628
1640730 629
1640740 629
1640750 629
1640760 629
1640770 629
1640780 629
1640790 628
1640800 627
1640810 627
1640820 625
1640830 623
1640840 623
1640850 620
1640860 617
1640870 617
1640880 614
1640890 611
1640900 611
1640910 608
1640920 606
1640930 606
1640940 602
1640950 596
1640960 596
1640970 592
1640980 589
1640990 589
1641000 584
1641010 580
1641020 580
1641030 575
1641040 568
1641050 568
1641060 564
1641070 565
1641080 570
1641090 570
1641100 575
1641110 579
1641120 579
1641130 582
1641140 584
1641150 584
1641160 585
1641170 586
1641180 586
1641190 588
1641200 588
1641210 588
1641220 585
1641230 583
1641240 583
1641250 581
1641260 577
1641270 577
1641280 574
1641290 570
1641300 570
1641310 565
1641320 561
1641330 561
1641340 556
1641350 551
1641360 551
1641370 545
1641380 539
1641390 539
1641400 532
1641410 525
1641420 525
1641430 518
1641440 511
1641450 511
1641460 504
1641470 497
1641480 497
1641490 490
1641500 483
1641510 483
1641520 476
1641530 470
1641540 473
1641550 466
1641560 458
1641570 458
1641580 448
1641590 440
1641600 440
1641610 435
1641620 430
1641630 430
1641640 428
1641650 428
1641660 428
1641670 428
1641680 429
1641690 430
1641700 430
1641710 431
1641720 430
1641730 430
1641740 430
1641750 431
1641760 431
1641770 431
1641780 431
1641790 431
1641800 431
1641810 431
1641820 431
1641830 431
1641840 432
1641850 432
1641860 433
1641870 432
1641880 432
1641890 432
1641900 432
1641910 432
1641920 432
1641930 433
1641940 433
1641950 434
1641960 433
1641970 433
1641980 433
1641990 433
1642000 433
1642010 433
1642020 433
1642030 433
1642040 433
1642050 433
1642060 433
1642070 433
1642080 433
1642090 433
1642100 433
1642110 433
1642120 433
1642130 433
1642140 433
1642150 433
1642160 433
1642170 433
1642180 433
1642190 433
1642200 433
1642210 433
1642220 433
1642230 433
1642240 433
1642250 433
1642260 433
1642270 433
1642280 432
1642290 432
1642300 432
1642310 432
1642320 432
1642330 432
1642340 432
1642350 432
1642360 433
1642370 433
1642380 433
1642390 433
1642400 433
1642410 433
1642420 433
1642430 433
1642440 434
1642450 437
1642460 437
1642470 443
1642480 451
1642490 451
1642500 458
1642510 464
1642520 464
1642530 472
1642540 479
1642550 479
1642560 486
1642570 493
1642580 493
1642590 500
1642600 507
1642610 507
1642620 514
1642630 520
1642640 520
1642650 526
1642660 532
1642670 532
1642680 535
1642690 531
1642700 531
1642710 531
1642720 537
1642730 537
1642740 541
1642750 546
1642760 546
1642770 549
1642780 553
1642790 553
1642800 553
1642810 559
1642820 559
1642830 567
1642840 573
1642850 573
1642860 578
1642870 580
1642880 580
1642890 583
1642900 588
1642910 597
1642920 597
1642930 607
1642940 616
1642950 616
1642960 622
1642970 630
1642980 630
1642990 638
1643000 645
1643010 645
1643020 647
1643030 652
1643040 652
1643050 660
1643060 671
1643070 671
1643080 680
1643090 688
1643100 688
1643110 695
1643120 702
1643130 702
1643140 709
1643150 717
1643160 717
1643170 724
1643180 732
1643190 732
1643200 738
1643210 746
1643220 746
1643230 753
1643240 761
1643250 761
1643260 767
1643270 770
1643280 770
1643290 767
1643300 760
1643310 760
1643320 753
1643330 747
1643340 747
1643350 742
1643360 738
1643370 738
1643380 734
1643390 732
1643400 732
1643410 726
1643420 716
1643430 716
1643440 708
1643450 709
1643460 709
1643470 711
1643480 714
1643490 714
1643500 718
1643510 714
1643520 714
1643530 709
1643540 714
1643550 720
1643560 720
1643570 725
1643580 729
1643590 729
1643600 730
1643610 728
1643620 728
1643630 726
1643640 723
1643650 723
1643660 721
1643670 720
1643680 720
1643690 718
1643700 721
1643710 721
1643720 728
1643730 735
1643740 735
1643750 742
1643760 748
1643770 748
1643780 754
1643790 759
1643800 759
1643810 764
1643820 769
1643830 769
1643840 774
1643850 768
1643860 768
1643870 761
1643880 754
1643890 754
1643900 750
1643910 750
1643920 750
1643930 747
1643940 742
1643950 742
1643960 739
1643970 742
1643980 734
1643990 739
1644000 739
1644010 739
1644020 736
1644030 734
1644040 734
1644050 732
1644060 721
1644070 721
1644080 711
1644090 712
1644100 712
1644110 716
1644120 722
1644130 722
1644140 722
1644150 715
1644160 709
1644170 709
1644180 705
1644190 704
1644200 704
1644210 705
1644220 707
1644230 707
1644240 709
1644250 711
1644260 711
1644270 714
1644280 720
1644290 720
1644300 723
1644310 721
1644320 721
1644330 721
1644340 724
1644350 724
1644360 728
1644370 732
1644380 732
1644390 736
1644400 740
1644410 740
1644420 744
1644430 748
1644440 748
1644450 752
1644460 756
1644470 756
1644480 760
1644490 765
1644500 765
1644510 770
1644520 777
1644530 777
1644540 784
1644550 791
1644560 791
1644570 797
1644580 804
1644590 804
1644600 811
1644610 817
1644620 817
1644630 824
1644640 831
1644650 831
1644660 838
1644670 846
1644680 846
1644690 855
1644700 866
1644710 866
1644720 890
1644730 899
1644740 899
1644750 903
1644760 906
1644770 912
1644780 912
1644790 916
1644800 924
1644810 924
1644820 930
1644830 935
1644840 935
1644850 939
1644860 941
1644870 941
1644880 942
1644890 937
1644900 937
1644910 926
1644920 920
1644930 920
1644940 917
1644950 918
1644960 918
1644970 923
1644980 924
1644990 924
1645000 921
1645010 922
1645020 922
1645030 925
1645040 925
1645050 925
1645060 923
1645070 923
1645080 923
1645090 920
1645100 915
1645110 915
1645120 910
1645130 906
1645140 906
1645150 904
1645160 902
1645170 902
1645180 900
1645190 900
1645200 900
1645210 897
1645220 889
1645230 889
1645240 886
1645250 883
1645260 883
1645270 882
1645280 882
1645290 882
1645300 887
1645310 890
1645320 890
1645330 885
1645340 880
1645350 880
1645360 875
1645370 869
1645380 862
1645390 862
1645400 858
1645410 857
1645420 857
1645430 858
1645440 864
1645450 864
1645460 870
1645470 869
1645480 869
1645490 866
1645500 864
1645510 864
1645520 861
1645530 863
1645540 863
1645550 869
1645560 876
1645570 876
1645580 883
1645590 894
1645600 894
1645610 891
1645620 890
1645630 890
1645640 891
1645650 891
1645660 891
1645670 891
1645680 895
1645690 895
1645700 902
1645710 901
1645720 901
1645730 902
1645740 898
1645750 898
1645760 895
1645770 887
1645780 887
1645790 876
1645800 869
1645810 869
1645820 861
1645830 858
1645840 858
1645850 856
1645860 852
1645870 852
1645880 848
1645890 842
1645900 842
1645910 839
1645920 840
1645930 840
1645940 842
1645950 845
1645960 845
1645970 848
1645980 846
1645990 843
1646000 843
1646010 840
1646020 834
1646030 834
1646040 827
1646050 823
1646060 823
1646070 820
1646080 815
1646090 815
1646100 812
1646110 809
1646120 809
1646130 802
1646140 796
1646150 796
1646160 790
1646170 785
1646180 785
1646190 789
1646200 794
1646210 794
1646220 798
1646230 803
1646240 803
1646250 808
1646260 814
1646270 814
1646280 821
1646290 826
1646300 826
1646310 828
1646320 829
1646330 829
1646340 829
1646350 828
1646360 828
1646370 822
1646380 818
1646390 824
1646400 819
1646410 812
1646420 812
1646430 803
1646440 798
1646450 798
1646460 794
1646470 790
1646480 790
1646490 783
1646500 781
1646510 781
1646520 784
1646530 786
1646540 786
1646550 789
1646560 795
1646570 795
1646580 801
1646590 806
1646600 809
1646610 809
1646620 809
1646630 811
1646640 811
1646650 817
1646660 824
1646670 824
1646680 832
1646690 840
1646700 840
1646710 848
1646720 856
1646730 856
1646740 864
1646750 870
1646760 870
1646770 875
1646780 878
1646790 878
1646800 880
1646810 880
1646820 880
1646830 879
1646840 877
1646850 877
1646860 876
1646870 874
1646880 874
1646890 871
1646900 869
1646910 869
1646920 867
1646930 864
1646940 864
1646950 860
1646960 855
1646970 855
1646980 850
1646990 845
1647000 845
1647010 844
1647020 846
1647030 846
1647040 848
1647050 849
1647060 849
1647070 850
1647080 850
1647090 850
1647100 850
1647110 850
1647120 850
1647130 849
1647140 848
1647150 848
1647160 844
1647170 837
1647180 842
1647190 836
1647200 830
1647210 825
1647220 825
1647230 821
1647240 818
1647250 818
1647260 819
1647270 823
1647280 823
1647290 827
1647300 831
1647310 831
1647320 834
1647330 836
1647340 836
1647350 837
1647360 837
1647370 837
1647380 838
1647390 836
1647400 836
1647410 832
1647420 830
1647430 830
1647440 830
1647450 832
1647460 832
1647470 834
1647480 837
1647490 837
1647500 839
1647510 842
1647520 842
1647530 844
1647540 846
1647550 846
1647560 847
1647570 849
1647580 849
1647590 852
1647600 855
1647610 855
1647620 858
1647630 860
1647640 860
1647650 862
1647660 862
1647670 862
1647680 862
1647690 861
1647700 861
1647710 863
1647720 867
1647730 867
1647740 873
1647750 879
1647760 879
1647770 886
1647780 893
1647790 893
1647800 900
1647810 907
1647820 914
1647830 914
1647840 919
1647850 924
1647860 924
1647870 928
1647880 930
1647890 930
1647900 932
1647910 932
1647920 932
1647930 933
1647940 934
1647950 934
1647960 934
1647970 941
1647980 941
1647990 943
1648000 945
1648010 945
1648020 945
1648030 946
1648040 946
1648050 947
1648060 949
1648070 949
1648080 950
1648090 950
1648100 950
1648110 949
1648120 948
1648130 948
1648140 948
1648150 952
1648160 952
1648170 954
1648180 954
1648190 954
1648200 956
1648210 957
1648220 957
1648230 957
1648240 959
1648250 959
1648260 961
1648270 963
1648280 963
1648290 963
1648300 961
1648310 961
1648320 958
1648330 956
1648340 956
1648350 956
1648360 956
1648370 956
1648380 955
1648390 953
1648400 953
1648410 951
1648420 952
1648430 953
1648440 953
1648450 955
1648460 957
1648470 957
1648480 957
1648490 958
1648500 958
1648510 959
1648520 958
1648530 958
1648540 958
1648550 959
1648560 959
1648570 960
1648580 961
1648590 961
1648600 963
1648610 964
1648620 964
1648630 966
1648640 967
1648650 967
1648660 968
1648670 970
1648680 970
1648690 972
1648700 971
1648710 971
1648720 972
1648730 974
1648740 974
1648750 977
1648760 985
1648770 985
1648780 987
1648790 988
1648800 988
1648810 989
1648820 993
1648830 993
1648840 1000
1648850 1008
1648860 1008
1648870 1014
1648880 1019
1648890 1019
1648900 1025
1648910 1030
1648920 1030
1648930 1035
1648940 1040
1648950 1040
1648960 1045
1648970 1050
1648980 1050
1648990 1055
1649000 1059
1649010 1059
1649020 1063
1649030 1067
1649040 1070
1649050 1070
1649060 1073
1649070 1074
1649080 1074
1649090 1074
1649100 1073
1649110 1073
1649120 1072
1649130 1070
1649140 1070
1649150 1069
1649160 1069
1649170 1069
1649180 1070
1649190 1073
1649200 1073
1649210 1078
1649220 1085
1649230 1085
1649240 1089
1649250 1094
1649260 1094
1649270 1099
1649280 1104
1649290 1104
1649300 1108
1649310 1112
1649320 1112
1649330 1117
1649340 1122
1649350 1122
1649360 1126
1649370 1130
1649380 1130
1649390 1134
1649400 1139
1649410 1139
1649420 1143
1649430 1148
1649440 1148
1649450 1152
1649460 1157
1649470 1157
1649480 1161
1649490 1165
1649500 1165
1649510 1170
1649520 1174
1649530 1174
1649540 1182
1649550 1187
1649560 1187
1649570 1191
1649580 1196
1649590 1196
1649600 1200
1649610 1205
1649620 1205
1649630 1210
1649640 1215
1649650 1220
1649660 1220
1649670 1225
1649680 1230
1649690 1230
1649700 1235
1649710 1240
1649720 1240
1649730 1245
1649740 1251
1649750 1251
1649760 1256
1649770 1261
1649780 1261
1649790 1266
1649800 1271
1649810 1271
1649820 1276
1649830 1281
1649840 1281
1649850 1286
1649860 1291
1649870 1291
1649880 1295
1649890 1300
1649900 1300
1649910 1305
1649920 1309
1649930 1309
1649940 1314
1649950 1318
1649960 1318
1649970 1321
1649980 1324
1649990 1324
1650000 1326
1650010 1329
1650020 1329
1650030 1330
1650040 1331
1650050 1331
1650060 1333
1650070 1334
1650080 1334
1650090 1335
1650100 1336
1650110 1336
1650120 1337
1650130 1339
1650140 1339
1650150 1340
1650160 1342
1650170 1342
1650180 1344
1650190 1345
1650200 1345
1650210 1347
1650220 1348
1650230 1348
1650240 1349
1650250 1348
1650260 1348
1650270 1348
1650280 1346
1650290 1345
1650300 1345
1650310 1343
1650320 1340
1650330 1340
1650340 1337
1650350 1333
1650360 1333
1650370 1330
1650380 1325
1650390 1325
1650400 1321
1650410 1315
1650420 1315
1650430 1309
1650440 1304
1650450 1304
1650460 1300
1650470 1295
1650480 1295
1650490 1291
1650500 1288
1650510 1288
1650520 1284
1650530 1280
1650540 1280
1650550 1277
1650560 1273
1650570 1273
1650580 1269
1650590 1265
1650600 1265
1650610 1261
1650620 1256
1650630 1256
1650640 1254
1650650 1250
1650660 1250
1650670 1247
1650680 1245
1650690 1245
1650700 1244
1650710 1242
1650720 1242
1650730 1240
1650740 1238
1650750 1238
1650760 1236
1650770 1233
1650780 1233
1650790 1231
1650800 1228
1650810 1228
1650820 1227
1650830 1225
1650840 1225
1650850 1223
1650860 1221
1650870 1219
1650880 1219
1650890 1217
1650900 1214
1650910 1214
1650920 1212
1650930 1210
1650940 1210
1650950 1210
1650960 1210
1650970 1210
1650980 1210
1650990 1212
1651000 1212
1651010 1214
1651020 1216
1651030 1216
1651040 1219
1651050 1221
1651060 1221
1651070 1223
1651080 1225
1651090 1231
1651100 1232
1651110 1233
1651120 1233
1651130 1236
1651140 1239
1651150 1239
1651160 1242
1651170 1245
1651180 1245
1651190 1247
1651200 1248
1651210 1248
1651220 1249
1651230 1250
1651240 1250
1651250 1251
1651260 1251
1651270 1251
1651280 1252
1651290 1252
1651300 1252
1651310 1252
1651320 1252
1651330 1252
1651340 1251
1651350 1251
1651360 1251
1651370 1251
1651380 1251
1651390 1251
1651400 1250
1651410 1251
1651420 1251
1651430 1250
1651440 1249
1651450 1249
1651460 1249
1651470 1249
1651480 1249
1651490 1249
1651500 1246
1651510 1243
1651520 1243
1651530 1239
1651540 1237
1651550 1237
1651560 1235
1651570 1232
1651580 1232
1651590 1230
1651600 1229
1651610 1229
1651620 1228
1651630 1227
1651640 1227
1651650 1226
1651660 1223
1651670 1223
1651680 1221
1651690 1219
1651700 1219
1651710 1219
1651720 1220
1651730 1220
1651740 1222
1651750 1225
1651760 1225
1651770 1226
1651780 1224
1651790 1224
1651800 1223
1651810 1223
1651820 1223
1651830 1223
1651840 1222
1651850 1222
1651860 1228
1651870 1227
1651880 1227
1651890 1225
1651900 1223
1651910 1223
1651920 1223
1651930 1222
1651940 1222
1651950 1220
1651960 1221
1651970 1221
1651980 1222
1651990 1223
1652000 1223
1652010 1223
1652020 1224
1652030 1224
1652040 1224
1652050 1224
1652060 1224
1652070 1224
1652080 1224
1652090 1224
1652100 1224
1652110 1223
1652120 1223
1652130 1223
1652140 1222
1652150 1220
1652160 1220
1652170 1219
1652180 1217
1652190 1217
1652200 1217
1652210 1216
1652220 1216
1652230 1216
1652240 1215
1652250 1215
1652260 1214
1652270 1213
1652280 1213
1652290 1212
1652300 1211
1652310 1211
1652320 1210
1652330 1209
1652340 1209
1652350 1208
1652360 1207
1652370 1207
1652380 1207
1652390 1206
1652400 1206
1652410 1205
1652420 1203
1652430 1203
1652440 1202
1652450 1201
1652460 1201
1652470 1200
1652480 1199
1652490 1199
1652500 1198
1652510 1197
1652520 1197
1652530 1197
1652540 1196
1652550 1196
1652560 1194
1652570 1193
1652580 1193
1652590 1191
1652600 1189
1652610 1189
1652620 1188
1652630 1190
1652640 1190
1652650 1189
1652660 1187
1652670 1187
1652680 1184
1652690 1182
1652700 1180
1652710 1180
1652720 1177
1652730 1173
1652740 1173
1652750 1168
1652760 1159
1652770 1159
1652780 1148
1652790 1141
1652800 1141
1652810 1135
1652820 1132
1652830 1132
1652840 1129
1652850 1126
1652860 1126
1652870 1119
1652880 1112
1652890 1112
1652900 1106
1652910 1103
1652920 1103
1652930 1101
1652940 1100
1652950 1100
1652960 1097
1652970 1095
1652980 1095
1652990 1093
1653000 1090
1653010 1090
1653020 1087
1653030 1085
1653040 1085
1653050 1082
1653060 1079
1653070 1079
1653080 1076
1653090 1073
1653100 1073
1653110 1069
1653120 1065
1653130 1065
1653140 1060
1653150 1055
1653160 1055
1653170 1051
1653180 1047
1653190 1047
1653200 1042
1653210 1036
1653220 1036
1653230 1030
1653240 1024
1653250 1024
1653260 1018
1653270 1015
1653280 1015
1653290 1011
1653300 1008
1653310 1004
1653320 1004
1653330 998
1653340 994
1653350 994
1653360 991
1653370 990
1653380 990
1653390 989
1653400 987
1653410 987
1653420 984
1653430 981
1653440 981
1653450 978
1653460 977
1653470 977
1653480 978
1653490 978
1653500 978
1653510 979
1653520 979
1653530 979
1653540 979
1653550 978
1653560 978
1653570 977
1653580 975
1653590 975
1653600 973
1653610 970
1653620 970
1653630 967
1653640 964
1653650 964
1653660 960
1653670 956
1653680 956
1653690 951
1653700 946
1653710 946
1653720 940
1653730 935
1653740 935
1653750 931
1653760 928
1653770 928
1653780 925
1653790 920
1653800 920
1653810 914
1653820 911
1653830 911
1653840 911
1653850 912
1653860 912
1653870 912
1653880 912
1653890 912
1653900 912
1653910 912
1653920 912
1653930 912
1653940 913
1653950 914
1653960 914
1653970 915
1653980 916
1653990 916
1654000 917
1654010 917
1654020 917
1654030 918
1654040 918
1654050 918
1654060 918
1654070 917
1654080 917
1654090 917
1654100 916
1654110 916
1654120 916
1654130 914
1654140 914
1654150 916
1654160 914
1654170 914
1654180 913
1654190 910
1654200 910
1654210 908
1654220 905
1654230 905
1654240 903
1654250 901
1654260 901
1654270 899
1654280 897
1654290 897
1654300 895
1654310 893
1654320 893
1654330 891
1654340 889
1654350 889
1654360 887
1654370 885
1654380 885
1654390 883
1654400 880
1654410 880
1654420 878
1654430 875
1654440 875
1654450 873
1654460 871
1654470 871
1654480 868
1654490 866
1654500 866
1654510 863
1654520 860
1654530 857
1654540 857
1654550 855
1654560 852
1654570 852
1654580 848
1654590 845
1654600 845
1654610 841
1654620 837
1654630 837
1654640 832
1654650 827
1654660 827
1654670 819
1654680 809
1654690 809
1654700 798
1654710 788
1654720 788
1654730 778
1654740 770
1654750 770
1654760 762
1654770 755
1654780 755
1654790 745
1654800 734
1654810 734
1654820 723
1654830 714
1654840 714
1654850 708
1654860 705
1654870 705
1654880 698
1654890 691
1654900 691
1654910 676
1654920 672
1654930 672
1654940 667
1654950 658
1654960 658
1654970 649
1654980 642
1654990 642
1655000 635
1655010 628
1655020 628
1655030 622
1655040 618
1655050 618
1655060 617
1655070 620
1655080 620
1655090 620
1655100 615
1655110 615
1655120 614
1655130 612
1655140 613
1655150 613
1655160 613
1655170 611
1655180 611
1655190 607
1655200 603
1655210 603
1655220 602
1655230 600
1655240 600
1655250 599
1655260 597
1655270 597
1655280 594
1655290 592
1655300 592
1655310 588
1655320 584
1655330 584
1655340 581
1655350 577
1655360 577
1655370 574
1655380 571
1655390 571
1655400 567
1655410 561
1655420 561
1655430 557
1655440 554
1655450 554
1655460 550
1655470 545
1655480 545
1655490 541
1655500 539
1655510 539
1655520 537
1655530 536
1655540 536
1655550 534
1655560 532
1655570 532
1655580 531
1655590 528
1655600 528
1655610 526
1655620 524
1655630 524
1655640 521
1655650 518
1655660 518
1655670 512
1655680 507
1655690 507
1655700 504
1655710 502
1655720 502
1655730 501
1655740 500
1655750 500
1655760 500
1655770 500
1655780 500
1655790 500
1655800 500
1655810 505
1655820 505
1655830 511
1655840 517
1655850 517
1655860 522
1655870 526
1655880 526
1655890 530
1655900 531
1655910 531
1655920 531
1655930 530
1655940 530
1655950 528
1655960 528
1655970 528
1655980 528
1655990 528
1656000 528
1656010 528
1656020 528
1656030 528
1656040 528
1656050 527
1656060 527
1656070 525
1656080 520
1656090 520
1656100 513
1656110 508
1656120 508
1656130 503
1656140 495
1656150 495
1656160 492
1656170 492
1656180 492
1656190 491
1656200 489
1656210 489
1656220 488
1656230 488
1656240 488
1656250 488
1656260 488
1656270 488
1656280 487
1656290 487
1656300 487
1656310 487
1656320 487
1656330 487
1656340 487
1656350 487
1656360 487
1656370 487
1656380 487
1656390 487
1656400 487
1656410 487
1656420 487
1656430 487
1656440 487
1656450 487
1656460 487
1656470 487
1656480 487
1656490 487
1656500 487
1656510 487
1656520 487
1656530 487
1656540 487
1656550 487
1656560 487
1656570 488
1656580 488
1656590 488
1656600 488
1656610 488
1656620 488
1656630 488
1656640 488
1656650 489
1656660 489
1656670 489
1656680 489
1656690 489
1656700 489
1656710 490
1656720 490
1656730 490
1656740 489
1656750 490
1656760 490
1656770 490
1656780 491
1656790 491
1656800 491
1656810 491
1656820 491
1656830 491
1656840 491
1656850 491
1656860 490
1656870 490
1656880 490
1656890 489
1656900 489
1656910 489
1656920 489
1656930 490
1656940 490
1656950 490
1656960 491
1656970 491
1656980 492
1656990 492
1657000 492
1657010 492
1657020 492
1657030 493
1657040 493
1657050 493
1657060 492
1657070 492
1657080 492
1657090 492
1657100 492
1657110 492
1657120 492
1657130 492
1657140 492
1657150 492
1657160 492
1657170 493
1657180 492
1657190 492
1657200 492
1657210 492
1657220 492
1657230 493
1657240 493
1657250 493
1657260 493
1657270 493
1657280 493
1657290 493
1657300 493
1657310 493
1657320 493
1657330 493
1657340 493
1657350 493
1657360 493
1657370 493
1657380 493
1657390 493
1657400 493
1657410 493
1657420 493
1657430 493
1657440 493
1657450 493
1657460 493
1657470 493
1657480 493
1657490 493
1657500 493
1657510 494
1657520 494
1657530 494
1657540 494
1657550 494
1657560 494
1657570 494
1657580 494
1657590 494
1657600 494
1657610 495
1657620 495
1657630 494
1657640 494
1657650 494
1657660 494
1657670 495
1657680 495
1657690 495
1657700 495
1657710 495
1657720 495
1657730 495
1657740 495
1657750 495
1657760 495
1657770 495
1657780 495
1657790 495
1657800 495
1657810 496
1657820 497
1657830 497
1657840 498
1657850 498
1657860 498
1657870 499
1657880 499
1657890 499
1657900 500
1657910 502
1657920 502
1657930 504
1657940 507
1657950 507
1657960 507
1657970 508
1657980 508
1657990 509
1658000 510
1658010 510
1658020 511
1658030 511
1658040 511
1658050 513
1658060 516
1658070 516
1658080 520
1658090 523
1658100 523
1658110 527
1658120 530
1658130 530
1658140 534
1658150 538
1658160 538
1658170 541
1658180 545
1658190 545
1658200 549
1658210 552
1658220 554
1658230 554
1658240 549
1658250 542
1658260 542
1658270 534
1658280 530
1658290 530
1658300 527
1658310 524
1658320 524
1658330 522
1658340 521
1658350 521
1658360 519
1658370 517
1658380 517
1658390 516
1658400 515
1658410 515
1658420 514
1658430 513
1658440 513
1658450 513
1658460 514
1658470 514
1658480 514
1658490 514
1658500 514
1658510 516
1658520 517
1658530 517
1658540 517
1658550 519
1658560 519
1658570 520
1658580 521
1658590 521
1658600 520
1658610 519
1658620 519
1658630 519
1658640 514
1658650 514
1658660 515
1658670 515
1658680 515
1658690 516
1658700 516
1658710 516
1658720 517
1658730 518
1658740 518
1658750 519
1658760 517
1658770 517
1658780 515
1658790 516
1658800 516
1658810 515
1658820 516
1658830 516
1658840 516
1658850 518
1658860 517
1658870 517
1658880 518
1658890 520
1658900 520
1658910 520
1658920 522
1658930 522
1658940 524
1658950 526
1658960 526
1658970 528
1658980 530
1658990 530
1659000 531
1659010 533
1659020 533
1659030 533
1659040 534
1659050 534
1659060 535
1659070 537
1659080 537
1659090 539
1659100 540
1659110 540
1659120 535
1659130 528
1659140 528
1659150 523
1659160 522
1659170 522
1659180 520
1659190 516
1659200 516
1659210 514
1659220 512
1659230 512
1659240 518
1659250 524
1659260 524
1659270 525
1659280 526
1659290 526
1659300 527
1659310 528
1659320 528
1659330 528
1659340 530
1659350 530
1659360 531
1659370 532
1659380 529
1659390 530
1659400 531
1659410 531
1659420 531
1659430 531
1659440 532
1659450 532
1659460 532
1659470 531
1659480 531
1659490 530
1659500 531
1659510 531
1659520 531
1659530 531
1659540 531
1659550 531
1659560 532
1659570 532
1659580 532
1659590 531
1659600 531
1659610 529
1659620 528
1659630 528
1659640 527
1659650 527
1659660 527
1659670 527
1659680 527
1659690 527
1659700 527
1659710 527
1659720 527
1659730 526
1659740 524
1659750 524
1659760 523
1659770 523
1659780 523
1659790 523
1659800 522
1659810 522
1659820 522
1659830 521
1659840 521
1659850 520
1659860 520
1659870 520
1659880 519
1659890 519
1659900 519
1659910 518
1659920 518
1659930 518
1659940 518
1659950 518
1659960 518
1659970 518
1659980 518
1659990 518
