1640000 605
1640010 614
1640020 614
1640030 621
1640040 623
1640050 623
1640060 623
1640070 621
1640080 621
1640090 619
1640100 617
1640110 617
1640120 616
1640130 617
1640140 617
1640150 617
1640160 618
1640170 618
1640180 620
1640190 621
1640200 621
1640210 623
1640220 624
1640230 624
1640240 625
1640250 626
1640260 627
1640270 627
1640280 627
1640290 631
1640300 631
1640310 630
1640320 630
1640330 630
1640340 629
1640350 628
1640360 628
1640370 628
1640380 627
1640390 627
1640400 626
1640410 625
1640420 625
1640430 623
1640440 617
1640450 617
1640460 609
1640470 601
1640480 601
1640490 597
1640500 596
1640510 596
1640520 595
1640530 593
1640540 593
1640550 591
1640560 589
1640570 589
1640580 585
1640590 581
1640600 581
1640610 579
1640620 579
1640630 579
1640640 579
1640650 578
1640660 578
1640670 577
1640680 576
1640690 576
1640700 575
1640710 573
1640720 573
1640730 573
1640740 574
1640750 574
1640760 572
1640770 570
1640780 570
1640790 572
1640800 575
1640810 575
1640820 579
1640830 583
1640840 583
1640850 585
1640860 587
1640870 588
1640880 588
1640890 589
1640900 591
1640910 591
1640920 593
1640930 596
1640940 596
1640950 599
1640960 600
1640970 600
1640980 601
1640990 605
1641000 605
1641010 607
1641020 609
1641030 609
1641040 610
1641050 612
1641060 612
1641070 613
1641080 611
1641090 611
1641100 614
1641110 616
1641120 616
1641130 620
1641140 623
1641150 623
1641160 627
1641170 630
1641180 630
1641190 633
1641200 636
1641210 636
1641220 639
1641230 641
1641240 641
1641250 644
1641260 646
1641270 646
1641280 647
1641290 647
1641300 647
1641310 644
1641320 638
1641330 638
1641340 634
1641350 633
1641360 633
1641370 635
1641380 639
1641390 639
1641400 643
1641410 647
1641420 647
1641430 650
1641440 653
1641450 653
1641460 656
1641470 660
1641480 660
1641490 665
1641500 670
1641510 676
1641520 676
1641530 681
1641540 686
1641550 686
1641560 690
1641570 695
1641580 695
1641590 699
1641600 703
1641610 703
1641620 707
1641630 710
1641640 710
1641650 713
1641660 716
1641670 716
1641680 718
1641690 721
1641700 721
1641710 723
1641720 725
1641730 725
1641740 727
1641750 730
1641760 730
1641770 731
1641780 726
1641790 726
1641800 720
1641810 715
1641820 715
1641830 711
1641840 707
1641850 707
1641860 704
1641870 701
1641880 701
1641890 698
1641900 694
1641910 694
1641920 690
1641930 688
1641940 688
1641950 681
1641960 673
1641970 673
1641980 666
1641990 658
1642000 658
1642010 652
1642020 644
1642030 644
1642040 636
1642050 628
1642060 628
1642070 621
1642080 613
1642090 613
1642100 604
1642110 596
1642120 588
1642130 588
1642140 584
1642150 585
1642160 585
1642170 584
1642180 586
1642190 586
1642200 588
1642210 589
1642220 589
1642230 591
1642240 595
1642250 595
1642260 599
1642270 603
1642280 603
1642290 603
1642300 598
1642310 598
1642320 593
1642330 587
1642340 587
1642350 582
1642360 576
1642370 576
1642380 571
1642390 564
1642400 564
1642410 555
1642420 545
1642430 545
1642440 536
1642450 528
1642460 528
1642470 521
1642480 514
1642490 514
1642500 507
1642510 501
1642520 501
1642530 496
1642540 492
1642550 492
1642560 489
1642570 488
1642580 488
1642590 486
1642600 482
1642610 482
1642620 476
1642630 471
1642640 471
1642650 464
1642660 457
1642670 457
1642680 454
1642690 453
1642700 453
1642710 451
1642720 446
1642730 446
1642740 440
1642750 438
1642760 435
1642770 435
1642780 432
1642790 429
1642800 429
1642810 428
1642820 427
1642830 427
1642840 427
1642850 426
1642860 426
1642870 426
1642880 427
1642890 427
1642900 427
1642910 427
1642920 427
1642930 427
1642940 427
1642950 427
1642960 427
1642970 427
1642980 427
1642990 427
1643000 427
1643010 427
1643020 427
1643030 427
1643040 427
1643050 426
1643060 426
1643070 426
1643080 427
1643090 427
1643100 427
1643110 427
1643120 427
1643130 427
1643140 427
1643150 427
1643160 427
1643170 426
1643180 424
1643190 424
1643200 423
1643210 423
1643220 423
1643230 423
1643240 424
1643250 424
1643260 427
1643270 427
1643280 427
1643290 427
1643300 427
1643310 427
1643320 427
1643330 427
1643340 427
1643350 427
1643360 427
1643370 427
1643380 427
1643390 427
1643400 427
1643410 427
1643420 427
1643430 427
1643440 427
1643450 427
1643460 428
1643470 428
1643480 428
1643490 428
1643500 428
1643510 428
1643520 428
1643530 428
1643540 428
1643550 428
1643560 427
1643570 427
1643580 427
1643590 427
1643600 427
1643610 427
1643620 427
1643630 427
1643640 428
1643650 428
1643660 428
1643670 428
1643680 428
1643690 428
1643700 428
1643710 428
1643720 429
1643730 431
1643740 431
1643750 434
1643760 439
1643770 439
1643780 445
1643790 449
1643800 449
1643810 454
1643820 461
1643830 461
1643840 469
1643850 476
1643860 476
1643870 482
1643880 487
1643890 487
1643900 492
1643910 495
1643920 495
1643930 497
1643940 500
1643950 500
1643960 502
1643970 504
1643980 504
1643990 506
1644000 507
1644010 508
1644020 508
1644030 510
1644040 511
1644050 511
1644060 511
1644070 512
1644080 512
1644090 513
1644100 513
1644110 513
1644120 513
1644130 513
1644140 513
1644150 512
1644160 512
1644170 512
1644180 512
1644190 512
1644200 512
1644210 511
1644220 509
1644230 509
1644240 509
1644250 510
1644260 510
1644270 511
1644280 512
1644290 512
1644300 513
1644310 513
1644320 513
1644330 512
1644340 508
1644350 508
1644360 503
1644370 497
1644380 497
1644390 496
1644400 496
1644410 496
1644420 497
1644430 495
1644440 495
1644450 489
1644460 483
1644470 483
1644480 476
1644490 470
1644500 470
1644510 467
1644520 464
1644530 464
1644540 461
1644550 456
1644560 456
1644570 455
1644580 460
1644590 460
1644600 465
1644610 472
1644620 472
1644630 476
1644640 480
1644650 484
1644660 484
1644670 487
1644680 489
1644690 489
1644700 491
1644710 493
1644720 493
1644730 496
1644740 498
1644750 498
1644760 502
1644770 507
1644780 507
1644790 512
1644800 516
1644810 516
1644820 522
1644830 528
1644840 528
1644850 534
1644860 538
1644870 538
1644880 544
1644890 551
1644900 551
1644910 557
1644920 564
1644930 564
1644940 571
1644950 576
1644960 576
1644970 582
1644980 589
1644990 589
1645000 595
1645010 601
1645020 601
1645030 605
1645040 609
1645050 609
1645060 613
1645070 617
1645080 617
1645090 624
1645100 633
1645110 633
1645120 639
1645130 646
1645140 646
1645150 651
1645160 656
1645170 654
1645180 658
1645190 660
1645200 660
1645210 657
1645220 648
1645230 648
1645240 641
1645250 633
1645260 626
1645270 626
1645280 621
1645290 613
1645300 613
1645310 605
1645320 599
1645330 599
1645340 593
1645350 587
1645360 587
1645370 581
1645380 574
1645390 574
1645400 567
1645410 561
1645420 561
1645430 555
1645440 548
1645450 548
1645460 541
1645470 534
1645480 534
1645490 525
1645500 516
1645510 516
1645520 514
1645530 517
1645540 517
1645550 521
1645560 526
1645570 526
1645580 531
1645590 535
1645600 535
1645610 539
1645620 544
1645630 544
1645640 549
1645650 553
1645660 553
1645670 559
1645680 565
1645690 565
1645700 571
1645710 577
1645720 577
1645730 583
1645740 589
1645750 589
1645760 595
1645770 600
1645780 600
1645790 606
1645800 612
1645810 612
1645820 619
1645830 625
1645840 625
1645850 632
1645860 637
1645870 637
1645880 643
1645890 648
1645900 654
1645910 654
1645920 659
1645930 665
1645940 665
1645950 669
1645960 673
1645970 670
1645980 673
1645990 671
1646000 671
1646010 667
1646020 663
1646030 663
1646040 659
1646050 655
1646060 655
1646070 648
1646080 640
1646090 640
1646100 632
1646110 624
1646120 624
1646130 617
1646140 614
1646150 614
1646160 611
1646170 605
1646180 605
1646190 597
1646200 587
1646210 587
1646220 591
1646230 595
1646240 595
1646250 596
1646260 603
1646270 603
1646280 609
1646290 615
1646300 615
1646310 621
1646320 627
1646330 627
1646340 631
1646350 634
1646360 634
1646370 637
1646380 645
1646390 645
1646400 651
1646410 654
1646420 654
1646430 659
1646440 668
1646450 668
1646460 677
1646470 684
1646480 684
1646490 691
1646500 697
1646510 703
1646520 703
1646530 710
1646540 716
1646550 716
1646560 721
1646570 724
1646580 724
1646590 719
1646600 711
1646610 711
1646620 701
1646630 690
1646640 690
1646650 684
1646660 683
1646670 683
1646680 687
1646690 690
1646700 690
1646710 684
1646720 677
1646730 677
1646740 669
1646750 663
1646760 663
1646770 651
1646780 651
1646790 651
1646800 651
1646810 651
1646820 651
1646830 651
1646840 648
1646850 648
1646860 641
1646870 633
1646880 633
1646890 627
1646900 621
1646910 621
1646920 621
1646930 625
1646940 625
1646950 622
1646960 621
1646970 621
1646980 627
1646990 635
1647000 635
1647010 640
1647020 646
1647030 646
1647040 653
1647050 661
1647060 661
1647070 669
1647080 677
1647090 677
1647100 685
1647110 693
1647120 693
1647130 701
1647140 709
1647150 715
1647160 715
1647170 722
1647180 729
1647190 729
1647200 735
1647210 741
1647220 741
1647230 743
1647240 741
1647250 741
1647260 740
1647270 741
1647280 741
1647290 736
1647300 734
1647310 734
1647320 737
1647330 741
1647340 741
1647350 746
1647360 746
1647370 746
1647380 740
1647390 742
1647400 742
1647410 745
1647420 748
1647430 748
1647440 752
1647450 756
1647460 756
1647470 762
1647480 765
1647490 765
1647500 767
1647510 766
1647520 766
1647530 768
1647540 763
1647550 763
1647560 751
1647570 754
1647580 754
1647590 759
1647600 762
1647610 762
1647620 766
1647630 772
1647640 772
1647650 778
1647660 785
1647670 785
1647680 791
1647690 798
1647700 798
1647710 805
1647720 814
1647730 814
1647740 821
1647750 827
1647760 832
1647770 832
1647780 838
1647790 844
1647800 844
1647810 851
1647820 855
1647830 855
1647840 861
1647850 866
1647860 866
1647870 872
1647880 877
1647890 877
1647900 883
1647910 888
1647920 888
1647930 883
1647940 877
1647950 877
1647960 869
1647970 862
1647980 862
1647990 856
1648000 849
1648010 849
1648020 842
1648030 834
1648040 834
1648050 827
1648060 819
1648070 819
1648080 810
1648090 807
1648100 807
1648110 809
1648120 811
1648130 811
1648140 812
1648150 813
1648160 813
1648170 814
1648180 816
1648190 816
1648200 817
1648210 819
1648220 819
1648230 821
1648240 823
1648250 823
1648260 825
1648270 824
1648280 824
1648290 821
1648300 815
1648310 815
1648320 805
1648330 807
1648340 807
1648350 808
1648360 815
1648370 815
1648380 823
1648390 830
1648400 838
1648410 838
1648420 845
1648430 852
1648440 852
1648450 859
1648460 866
1648470 866
1648480 872
1648490 878
1648500 878
1648510 885
1648520 892
1648530 892
1648540 897
1648550 903
1648560 903
1648570 908
1648580 909
1648590 909
1648600 907
1648610 899
1648620 899
1648630 894
1648640 892
1648650 892
1648660 890
1648670 889
1648680 889
1648690 887
1648700 887
1648710 887
1648720 888
1648730 889
1648740 889
1648750 889
1648760 884
1648770 884
1648780 881
1648790 885
1648800 885
1648810 893
1648820 897
1648830 897
1648840 905
1648850 912
1648860 912
1648870 920
1648880 928
1648890 928
1648900 935
1648910 943
1648920 943
1648930 950
1648940 957
1648950 957
1648960 964
1648970 972
1648980 972
1648990 979
1649000 986
1649010 993
1649020 993
1649030 1000
1649040 1008
1649050 1008
1649060 1015
1649070 1022
1649080 1022
1649090 1028
1649100 1035
1649110 1035
1649120 1041
1649130 1045
1649140 1045
1649150 1051
1649160 1057
1649170 1057
1649180 1062
1649190 1064
1649200 1064
1649210 1056
1649220 1049
1649230 1049
1649240 1044
1649250 1038
1649260 1038
1649270 1033
1649280 1030
1649290 1030
1649300 1029
1649310 1029
1649320 1029
1649330 1026
1649340 1019
1649350 1019
1649360 1012
1649370 1006
1649380 1006
1649390 1002
1649400 997
1649410 997
1649420 993
1649430 988
1649440 988
1649450 983
1649460 978
1649470 978
1649480 974
1649490 969
1649500 969
1649510 966
1649520 962
1649530 962
1649540 958
1649550 953
1649560 953
1649570 950
1649580 951
1649590 951
1649600 954
1649610 960
1649620 960
1649630 968
1649640 975
1649650 982
1649660 982
1649670 989
1649680 996
1649690 996
1649700 1003
1649710 1010
1649720 1010
1649730 1017
1649740 1024
1649750 1024
1649760 1031
1649770 1037
1649780 1037
1649790 1045
1649800 1053
1649810 1053
1649820 1060
1649830 1066
1649840 1066
1649850 1072
1649860 1078
1649870 1078
1649880 1084
1649890 1089
1649900 1089
1649910 1087
1649920 1083
1649930 1083
1649940 1079
1649950 1078
1649960 1078
1649970 1075
1649980 1075
1649990 1075
1650000 1077
1650010 1078
1650020 1078
1650030 1073
1650040 1069
1650050 1069
1650060 1068
1650070 1069
1650080 1069
1650090 1072
1650100 1075
1650110 1075
1650120 1078
1650130 1083
1650140 1083
1650150 1088
1650160 1094
1650170 1094
1650180 1100
1650190 1111
1650200 1111
1650210 1138
1650220 1144
1650230 1144
1650240 1141
1650250 1135
1650260 1125
1650270 1125
1650280 1118
1650290 1113
1650300 1113
1650310 1107
1650320 1105
1650330 1105
1650340 1102
1650350 1097
1650360 1097
1650370 1089
1650380 1084
1650390 1084
1650400 1090
1650410 1096
1650420 1096
1650430 1098
1650440 1101
1650450 1101
1650460 1096
1650470 1085
1650480 1085
1650490 1073
1650500 1063
1650510 1063
1650520 1054
1650530 1044
1650540 1044
1650550 1034
1650560 1029
1650570 1029
1650580 1026
1650590 1024
1650600 1024
1650610 1018
1650620 1012
1650630 1012
1650640 1005
1650650 998
1650660 998
1650670 991
1650680 984
1650690 979
1650700 971
1650710 968
1650720 968
1650730 968
1650740 968
1650750 968
1650760 970
1650770 970
1650780 970
1650790 964
1650800 955
1650810 955
1650820 945
1650830 936
1650840 936
1650850 928
1650860 920
1650870 920
1650880 912
1650890 904
1650900 897
1650910 897
1650920 889
1650930 883
1650940 883
1650950 879
1650960 874
1650970 874
1650980 867
1650990 857
1651000 857
1651010 843
1651020 831
1651030 831
1651040 837
1651050 848
1651060 848
1651070 861
1651080 869
1651090 869
1651100 875
1651110 880
1651120 880
1651130 885
1651140 891
1651150 891
1651160 896
1651170 901
1651180 901
1651190 906
1651200 910
1651210 910
1651220 914
1651230 919
1651240 919
1651250 923
1651260 928
1651270 928
1651280 932
1651290 937
1651300 937
1651310 942
1651320 948
1651330 948
1651340 954
1651350 961
1651360 961
1651370 968
1651380 976
1651390 976
1651400 983
1651410 990
1651420 990
1651430 995
1651440 1000
1651450 1000
1651460 998
1651470 1005
1651480 1005
1651490 1013
1651500 1015
1651510 1017
1651520 1017
1651530 1023
1651540 1031
1651550 1031
1651560 1040
1651570 1050
1651580 1050
1651590 1059
1651600 1067
1651610 1067
1651620 1073
1651630 1080
1651640 1080
1651650 1087
1651660 1092
1651670 1092
1651680 1099
1651690 1106
1651700 1106
1651710 1113
1651720 1120
1651730 1120
1651740 1127
1651750 1133
1651760 1133
1651770 1139
1651780 1146
1651790 1146
1651800 1153
1651810 1159
1651820 1159
1651830 1164
1651840 1168
1651850 1168
1651860 1172
1651870 1176
1651880 1176
1651890 1182
1651900 1187
1651910 1187
1651920 1193
1651930 1199
1651940 1199
1651950 1206
1651960 1213
1651970 1213
1651980 1217
1651990 1223
1652000 1223
1652010 1229
1652020 1235
1652030 1235
1652040 1240
1652050 1247
1652060 1247
1652070 1254
1652080 1262
1652090 1262
1652100 1270
1652110 1275
1652120 1275
1652130 1279
1652140 1284
1652150 1289
1652160 1289
1652170 1295
1652180 1301
1652190 1301
1652200 1306
1652210 1311
1652220 1311
1652230 1314
1652240 1319
1652250 1319
1652260 1323
1652270 1328
1652280 1328
1652290 1332
1652300 1338
1652310 1338
1652320 1344
1652330 1353
1652340 1353
1652350 1360
1652360 1365
1652370 1365
1652380 1370
1652390 1375
1652400 1375
1652410 1380
1652420 1384
1652430 1384
1652440 1387
1652450 1390
1652460 1390
1652470 1394
1652480 1395
1652490 1395
1652500 1397
1652510 1398
1652520 1398
1652530 1400
1652540 1400
1652550 1400
1652560 1397
1652570 1392
1652580 1392
1652590 1387
1652600 1381
1652610 1381
1652620 1376
1652630 1370
1652640 1370
1652650 1363
1652660 1356
1652670 1356
1652680 1348
1652690 1342
1652700 1342
1652710 1336
1652720 1330
1652730 1330
1652740 1324
1652750 1320
1652760 1315
1652770 1315
1652780 1310
1652790 1305
1652800 1305
1652810 1302
1652820 1298
1652830 1298
1652840 1294
1652850 1291
1652860 1291
1652870 1288
1652880 1285
1652890 1285
1652900 1282
1652910 1279
1652920 1279
1652930 1276
1652940 1272
1652950 1272
1652960 1269
1652970 1266
1652980 1266
1652990 1262
1653000 1255
1653010 1255
1653020 1253
1653030 1251
1653040 1251
1653050 1249
1653060 1248
1653070 1248
1653080 1247
1653090 1245
1653100 1245
1653110 1244
1653120 1242
1653130 1242
1653140 1241
1653150 1240
1653160 1240
1653170 1238
1653180 1237
1653190 1237
1653200 1236
1653210 1235
1653220 1235
1653230 1234
1653240 1234
1653250 1234
1653260 1233
1653270 1231
1653280 1231
1653290 1231
1653300 1232
1653310 1232
1653320 1232
1653330 1232
1653340 1232
1653350 1232
1653360 1232
1653370 1232
1653380 1233
1653390 1233
1653400 1233
1653410 1233
1653420 1233
1653430 1233
1653440 1233
1653450 1234
1653460 1234
1653470 1234
1653480 1234
1653490 1235
1653500 1235
1653510 1235
1653520 1235
1653530 1235
1653540 1236
1653550 1236
1653560 1236
1653570 1237
1653580 1238
1653590 1238
1653600 1238
1653610 1239
1653620 1239
1653630 1240
1653640 1240
1653650 1240
1653660 1241
1653670 1242
1653680 1242
1653690 1242
1653700 1243
1653710 1243
1653720 1243
1653730 1243
1653740 1243
1653750 1244
1653760 1240
1653770 1240
1653780 1240
1653790 1240
1653800 1240
1653810 1240
1653820 1240
1653830 1240
1653840 1240
1653850 1240
1653860 1240
1653870 1240
1653880 1240
1653890 1240
1653900 1240
1653910 1240
1653920 1240
1653930 1241
1653940 1241
1653950 1241
1653960 1241
1653970 1241
1653980 1241
1653990 1241
1654000 1241
1654010 1241
1654020 1241
1654030 1240
1654040 1240
1654050 1240
1654060 1239
1654070 1238
1654080 1238
1654090 1237
1654100 1236
1654110 1236
1654120 1236
1654130 1235
1654140 1235
1654150 1234
1654160 1233
1654170 1233
1654180 1232
1654190 1231
1654200 1231
1654210 1230
1654220 1229
1654230 1229
1654240 1228
1654250 1227
1654260 1227
1654270 1226
1654280 1225
1654290 1225
1654300 1223
1654310 1217
1654320 1217
1654330 1207
1654340 1199
1654350 1199
1654360 1191
1654370 1185
1654380 1185
1654390 1180
1654400 1174
1654410 1174
1654420 1166
1654430 1154
1654440 1154
1654450 1143
1654460 1132
1654470 1132
1654480 1125
1654490 1121
1654500 1121
1654510 1109
1654520 1106
1654530 1106
1654540 1100
1654550 1093
1654560 1093
1654570 1088
1654580 1086
1654590 1086
1654600 1085
1654610 1077
1654620 1077
1654630 1069
1654640 1062
1654650 1054
1654660 1054
1654670 1047
1654680 1041
1654690 1041
1654700 1034
1654710 1031
1654720 1031
1654730 1025
1654740 1021
1654750 1021
1654760 1019
1654770 1017
1654780 1017
1654790 1008
1654800 1003
1654810 1003
1654820 1002
1654830 1001
1654840 1001
1654850 994
1654860 985
1654870 985
1654880 979
1654890 975
1654900 975
1654910 969
1654920 960
1654930 960
1654940 951
1654950 945
1654960 945
1654970 939
1654980 934
1654990 934
1655000 923
1655010 909
1655020 909
1655030 898
1655040 892
1655050 892
1655060 883
1655070 872
1655080 872
1655090 861
1655100 851
1655110 851
1655120 841
1655130 832
1655140 832
1655150 824
1655160 816
1655170 816
1655180 808
1655190 800
1655200 800
1655210 792
1655220 785
1655230 785
1655240 778
1655250 770
1655260 763
1655270 763
1655280 756
1655290 749
1655300 749
1655310 742
1655320 734
1655330 734
1655340 727
1655350 720
1655360 720
1655370 713
1655380 705
1655390 705
1655400 698
1655410 691
1655420 691
1655430 684
1655440 678
1655450 678
1655460 672
1655470 666
1655480 666
1655490 660
1655500 656
1655510 656
1655520 651
1655530 646
1655540 646
1655550 641
1655560 636
1655570 636
1655580 631
1655590 626
1655600 626
1655610 621
1655620 616
1655630 616
1655640 611
1655650 605
1655660 605
1655670 599
1655680 594
1655690 594
1655700 589
1655710 583
1655720 583
1655730 578
1655740 572
1655750 572
1655760 565
1655770 560
1655780 560
1655790 558
1655800 562
1655810 562
1655820 563
1655830 563
1655840 563
1655850 566
1655860 570
1655870 570
1655880 572
1655890 574
1655900 577
1655910 577
1655920 580
1655930 583
1655940 583
1655950 587
1655960 590
1655970 590
1655980 593
1655990 596
1656000 596
1656010 599
1656020 605
1656030 605
1656040 608
1656050 612
1656060 612
1656070 616
1656080 620
1656090 620
1656100 624
1656110 628
1656120 628
1656130 631
1656140 636
1656150 636
1656160 640
1656170 644
1656180 644
1656190 649
1656200 654
1656210 654
1656220 659
1656230 664
1656240 664
1656250 670
1656260 675
1656270 675
1656280 681
1656290 686
1656300 686
1656310 692
1656320 698
1656330 698
1656340 704
1656350 710
1656360 710
1656370 716
1656380 722
1656390 722
1656400 728
1656410 734
1656420 734
1656430 740
1656440 747
1656450 747
1656460 753
1656470 759
1656480 759
1656490 765
1656500 771
1656510 777
1656520 777
1656530 783
1656540 790
1656550 790
1656560 796
1656570 802
1656580 802
1656590 808
1656600 814
1656610 814
1656620 821
1656630 827
1656640 827
1656650 834
1656660 840
1656670 840
1656680 847
1656690 853
1656700 853
1656710 859
1656720 865
1656730 865
1656740 871
1656750 877
1656760 877
1656770 883
1656780 889
1656790 889
1656800 895
1656810 901
1656820 901
1656830 906
1656840 912
1656850 912
1656860 917
1656870 922
1656880 922
1656890 926
1656900 930
1656910 930
1656920 933
1656930 936
1656940 936
1656950 938
1656960 936
1656970 936
1656980 931
1656990 925
1657000 925
1657010 920
1657020 916
1657030 916
1657040 913
1657050 911
1657060 911
1657070 910
1657080 909
1657090 909
1657100 909
1657110 908
1657120 908
1657130 907
1657140 903
1657150 898
1657160 898
1657170 892
1657180 885
1657190 885
1657200 878
1657210 871
1657220 871
1657230 864
1657240 857
1657250 857
1657260 851
1657270 844
1657280 844
1657290 839
1657300 838
1657310 838
1657320 834
1657330 831
1657340 831
1657350 832
1657360 832
1657370 832
1657380 834
1657390 834
1657400 834
1657410 831
1657420 827
1657430 827
1657440 822
1657450 817
1657460 817
1657470 812
1657480 807
1657490 807
1657500 802
1657510 802
1657520 802
1657530 800
1657540 798
1657550 798
1657560 797
1657570 796
1657580 796
1657590 794
1657600 792
1657610 792
1657620 790
1657630 789
1657640 789
1657650 787
1657660 787
1657670 787
1657680 787
1657690 787
1657700 787
1657710 786
1657720 784
1657730 784
1657740 782
1657750 779
1657760 779
1657770 777
1657780 775
1657790 772
1657800 772
1657810 769
1657820 769
1657830 769
1657840 768
1657850 765
1657860 765
1657870 763
1657880 764
1657890 764
1657900 762
1657910 759
1657920 759
1657930 757
1657940 756
1657950 756
1657960 757
1657970 757
1657980 757
1657990 757
1658000 757
1658010 757
1658020 757
1658030 756
1658040 756
1658050 756
1658060 756
1658070 756
1658080 754
1658090 752
1658100 752
1658110 751
1658120 752
1658130 752
1658140 752
1658150 750
1658160 750
1658170 748
1658180 746
1658190 746
1658200 744
1658210 741
1658220 741
1658230 738
1658240 734
1658250 740
1658260 736
1658270 732
1658280 732
1658290 728
1658300 724
1658310 724
1658320 720
1658330 715
1658340 715
1658350 710
1658360 704
1658370 704
1658380 700
1658390 701
1658400 699
1658410 699
1658420 697
1658430 695
1658440 695
1658450 693
1658460 690
1658470 690
1658480 687
1658490 685
1658500 685
1658510 683
1658520 681
1658530 681
1658540 680
1658550 679
1658560 679
1658570 678
1658580 675
1658590 675
1658600 672
1658610 670
1658620 670
1658630 669
1658640 667
1658650 667
1658660 665
1658670 662
1658680 662
1658690 657
1658700 650
1658710 650
1658720 643
1658730 636
1658740 636
1658750 630
1658760 628
1658770 628
1658780 625
1658790 623
1658800 623
1658810 624
1658820 627
1658830 627
1658840 628
1658850 627
1658860 627
1658870 624
1658880 621
1658890 621
1658900 618
1658910 615
1658920 615
1658930 612
1658940 610
1658950 610
1658960 608
1658970 605
1658980 605
1658990 604
1659000 605
1659010 605
1659020 603
1659030 601
1659040 603
1659050 603
1659060 608
1659070 614
1659080 614
1659090 620
1659100 626
1659110 626
1659120 632
1659130 638
1659140 638
1659150 644
1659160 651
1659170 651
1659180 657
1659190 663
1659200 663
1659210 668
1659220 674
1659230 674
1659240 679
1659250 684
1659260 684
1659270 690
1659280 696
1659290 696
1659300 700
1659310 705
1659320 705
1659330 709
1659340 712
1659350 712
1659360 715
1659370 717
1659380 717
1659390 719
1659400 719
1659410 719
1659420 715
1659430 710
1659440 710
1659450 706
1659460 700
1659470 700
1659480 692
1659490 685
1659500 685
1659510 678
1659520 672
1659530 672
1659540 666
1659550 661
1659560 661
1659570 655
1659580 649
1659590 649
1659600 644
1659610 637
1659620 637
1659630 631
1659640 626
1659650 623
1659660 623
1659670 623
1659680 626
1659690 626
1659700 628
1659710 632
1659720 632
1659730 638
1659740 641
1659750 641
1659760 645
1659770 648
1659780 648
1659790 652
1659800 658
1659810 658
1659820 664
1659830 668
1659840 668
1659850 671
1659860 674
1659870 674
1659880 677
1659890 679
1659900 679
1659910 680
1659920 679
1659930 679
1659940 680
1659950 681
1659960 681
1659970 682
1659980 681
1659990 681
