1640000 909
1640010 909
1640020 903
1640030 896
1640040 896
1640050 890
1640060 885
1640070 885
1640080 880
1640090 876
1640100 876
1640110 875
1640120 880
1640130 880
1640140 885
1640150 890
1640160 890
1640170 894
1640180 898
1640190 898
1640200 902
1640210 905
1640220 905
1640230 908
1640240 911
1640250 911
1640260 913
1640270 916
1640280 916
1640290 918
1640300 920
1640310 920
1640320 922
1640330 924
1640340 924
1640350 926
1640360 928
1640370 928
1640380 929
1640390 929
1640400 929
1640410 927
1640420 925
1640430 925
1640440 923
1640450 921
1640460 921
1640470 919
1640480 916
1640490 916
1640500 912
1640510 908
1640520 901
1640530 901
1640540 895
1640550 889
1640560 889
1640570 882
1640580 875
1640590 875
1640600 868
1640610 861
1640620 861
1640630 854
1640640 847
1640650 847
1640660 840
1640670 833
1640680 833
1640690 826
1640700 818
1640710 818
1640720 812
1640730 806
1640740 806
1640750 801
1640760 799
1640770 799
1640780 796
1640790 793
1640800 793
1640810 790
1640820 786
1640830 786
1640840 782
1640850 778
1640860 778
1640870 772
1640880 767
1640890 767
1640900 760
1640910 753
1640920 753
1640930 745
1640940 737
1640950 737
1640960 729
1640970 721
1640980 721
1640990 716
1641000 711
1641010 711
1641020 707
1641030 701
1641040 701
1641050 696
1641060 693
1641070 693
1641080 695
1641090 699
1641100 699
1641110 704
1641120 708
1641130 708
1641140 713
1641150 718
1641160 722
1641170 722
1641180 728
1641190 732
1641200 732
1641210 738
1641220 744
1641230 744
1641240 750
1641250 756
1641260 756
1641270 761
1641280 767
1641290 767
1641300 772
1641310 777
1641320 777
1641330 784
1641340 789
1641350 789
1641360 794
1641370 799
1641380 799
1641390 803
1641400 807
1641410 807
1641420 811
1641430 814
1641440 814
1641450 817
1641460 820
1641470 820
1641480 823
1641490 825
1641500 825
1641510 827
1641520 830
1641530 830
1641540 832
1641550 833
1641560 833
1641570 834
1641580 836
1641590 836
1641600 838
1641610 841
1641620 841
1641630 844
1641640 847
1641650 847
1641660 848
1641670 849
1641680 849
1641690 849
1641700 848
1641710 848
1641720 847
1641730 845
1641740 845
1641750 843
1641760 841
1641770 841
1641780 839
1641790 838
1641800 836
1641810 836
1641820 834
1641830 832
1641840 832
1641850 830
1641860 829
1641870 829
1641880 826
1641890 824
1641900 824
1641910 822
1641920 819
1641930 819
1641940 816
1641950 812
1641960 812
1641970 806
1641980 801
1641990 801
1642000 795
1642010 790
1642020 790
1642030 786
1642040 781
1642050 781
1642060 777
1642070 773
1642080 773
1642090 768
1642100 763
1642110 763
1642120 758
1642130 752
1642140 752
1642150 746
1642160 740
1642170 740
1642180 733
1642190 727
1642200 727
1642210 720
1642220 712
1642230 712
1642240 708
1642250 704
1642260 704
1642270 699
1642280 695
1642290 695
1642300 691
1642310 686
1642320 686
1642330 681
1642340 674
1642350 674
1642360 667
1642370 660
1642380 660
1642390 654
1642400 648
1642410 641
1642420 641
1642430 634
1642440 629
1642450 629
1642460 624
1642470 619
1642480 619
1642490 613
1642500 606
1642510 606
1642520 599
1642530 594
1642540 594
1642550 586
1642560 578
1642570 578
1642580 573
1642590 568
1642600 568
1642610 563
1642620 560
1642630 560
1642640 556
1642650 551
1642660 551
1642670 542
1642680 535
1642690 535
1642700 532
1642710 533
1642720 533
1642730 534
1642740 532
1642750 532
1642760 530
1642770 534
1642780 534
1642790 536
1642800 536
1642810 536
1642820 536
1642830 538
1642840 538
1642850 541
1642860 544
1642870 544
1642880 541
1642890 535
1642900 535
1642910 534
1642920 531
1642930 531
1642940 529
1642950 520
1642960 520
1642970 506
1642980 501
1642990 501
1643000 494
1643010 490
1643020 490
1643030 488
1643040 487
1643050 485
1643060 485
1643070 483
1643080 482
1643090 482
1643100 481
1643110 479
1643120 479
1643130 478
1643140 478
1643150 478
1643160 479
1643170 479
1643180 479
1643190 476
1643200 477
1643210 477
1643220 474
1643230 474
1643240 474
1643250 474
1643260 476
1643270 476
1643280 476
1643290 478
1643300 478
1643310 479
1643320 477
1643330 477
1643340 472
1643350 468
1643360 468
1643370 465
1643380 463
1643390 463
1643400 462
1643410 461
1643420 461
1643430 457
1643440 455
1643450 455
1643460 454
1643470 454
1643480 454
1643490 453
1643500 453
1643510 453
1643520 453
1643530 454
1643540 454
1643550 458
1643560 460
1643570 460
1643580 462
1643590 468
1643600 468
1643610 476
1643620 480
1643630 480
1643640 483
1643650 487
1643660 487
1643670 491
1643680 496
1643690 500
1643700 500
1643710 506
1643720 512
1643730 512
1643740 519
1643750 526
1643760 526
1643770 534
1643780 540
1643790 540
1643800 547
1643810 555
1643820 555
1643830 562
1643840 568
1643850 568
1643860 575
1643870 581
1643880 581
1643890 586
1643900 589
1643910 589
1643920 591
1643930 593
1643940 593
1643950 596
1643960 603
1643970 603
1643980 609
1643990 614
1644000 614
1644010 619
1644020 624
1644030 624
1644040 627
1644050 627
1644060 627
1644070 623
1644080 619
1644090 619
1644100 615
1644110 609
1644120 609
1644130 604
1644140 598
1644150 598
1644160 593
1644170 588
1644180 588
1644190 582
1644200 577
1644210 577
1644220 572
1644230 568
1644240 568
1644250 565
1644260 561
1644270 561
1644280 558
1644290 553
1644300 553
1644310 550
1644320 548
1644330 546
1644340 546
1644350 542
1644360 537
1644370 537
1644380 534
1644390 529
1644400 529
1644410 526
1644420 521
1644430 521
1644440 516
1644450 511
1644460 511
1644470 506
1644480 500
1644490 500
1644500 494
1644510 487
1644520 487
1644530 480
1644540 473
1644550 473
1644560 467
1644570 462
1644580 464
1644590 460
1644600 454
1644610 454
1644620 446
1644630 438
1644640 438
1644650 431
1644660 428
1644670 428
1644680 426
1644690 426
1644700 426
1644710 425
1644720 425
1644730 425
1644740 424
1644750 423
1644760 423
1644770 423
1644780 424
1644790 424
1644800 424
1644810 424
1644820 424
1644830 424
1644840 424
1644850 424
1644860 424
1644870 424
1644880 424
1644890 424
1644900 424
1644910 424
1644920 423
1644930 423
1644940 423
1644950 423
1644960 423
1644970 421
1644980 421
1644990 421
1645000 421
1645010 421
1645020 421
1645030 421
1645040 421
1645050 421
1645060 421
1645070 421
1645080 421
1645090 421
1645100 421
1645110 421
1645120 421
1645130 421
1645140 421
1645150 421
1645160 421
1645170 421
1645180 421
1645190 421
1645200 419
1645210 418
1645220 418
1645230 418
1645240 418
1645250 418
1645260 419
1645270 421
1645280 421
1645290 421
1645300 421
1645310 421
1645320 421
1645330 421
1645340 421
1645350 421
1645360 421
1645370 421
1645380 421
1645390 421
1645400 421
1645410 420
1645420 420
1645430 420
1645440 420
1645450 421
1645460 421
1645470 421
1645480 421
1645490 421
1645500 421
1645510 421
1645520 421
1645530 421
1645540 421
1645550 421
1645560 421
1645570 423
1645580 423
1645590 427
1645600 432
1645610 436
1645620 436
1645630 441
1645640 447
1645650 447
1645660 452
1645670 460
1645680 460
1645690 468
1645700 475
1645710 475
1645720 480
1645730 483
1645740 483
1645750 479
1645760 472
1645770 472
1645780 464
1645790 458
1645800 458
1645810 451
1645820 444
1645830 444
1645840 437
1645850 432
1645860 432
1645870 431
1645880 434
1645890 434
1645900 434
1645910 434
1645920 434
1645930 434
1645940 434
1645950 434
1645960 434
1645970 435
1645980 435
1645990 437
1646000 440
1646010 440
1646020 443
1646030 446
1646040 446
1646050 449
1646060 453
1646070 453
1646080 458
1646090 463
1646100 463
1646110 469
1646120 475
1646130 475
1646140 480
1646150 484
1646160 484
1646170 482
1646180 476
1646190 475
1646200 469
1646210 462
1646220 462
1646230 456
1646240 452
1646250 449
1646260 449
1646270 444
1646280 442
1646290 442
1646300 442
1646310 442
1646320 442
1646330 442
1646340 442
1646350 442
1646360 443
1646370 442
1646380 442
1646390 439
1646400 439
1646410 439
1646420 441
1646430 443
1646440 443
1646450 444
1646460 444
1646470 444
1646480 445
1646490 448
1646500 448
1646510 453
1646520 458
1646530 458
1646540 464
1646550 467
1646560 467
1646570 469
1646580 470
1646590 470
1646600 472
1646610 475
1646620 475
1646630 478
1646640 482
1646650 482
1646660 486
1646670 490
1646680 490
1646690 495
1646700 500
1646710 500
1646720 505
1646730 510
1646740 510
1646750 514
1646760 519
1646770 519
1646780 523
1646790 528
1646800 528
1646810 533
1646820 538
1646830 538
1646840 544
1646850 549
1646860 549
1646870 555
1646880 561
1646890 566
1646900 566
1646910 571
1646920 576
1646930 576
1646940 580
1646950 585
1646960 585
1646970 588
1646980 584
1646990 584
1647000 584
1647010 584
1647020 584
1647030 585
1647040 587
1647050 587
1647060 591
1647070 594
1647080 594
1647090 599
1647100 603
1647110 603
1647120 608
1647130 611
1647140 611
1647150 616
1647160 619
1647170 619
1647180 623
1647190 626
1647200 626
1647210 630
1647220 634
1647230 634
1647240 638
1647250 641
1647260 641
1647270 641
1647280 644
1647290 644
1647300 647
1647310 648
1647320 648
1647330 650
1647340 653
1647350 653
1647360 655
1647370 655
1647380 655
1647390 655
1647400 655
1647410 655
1647420 653
1647430 651
1647440 651
1647450 650
1647460 648
1647470 648
1647480 645
1647490 641
1647500 641
1647510 636
1647520 631
1647530 626
1647540 626
1647550 621
1647560 617
1647570 617
1647580 613
1647590 609
1647600 609
1647610 605
1647620 601
1647630 601
1647640 596
1647650 590
1647660 590
1647670 585
1647680 579
1647690 579
1647700 573
1647710 566
1647720 566
1647730 559
1647740 558
1647750 558
1647760 562
1647770 556
1647780 556
1647790 555
1647800 550
1647810 550
1647820 546
1647830 542
1647840 542
1647850 541
1647860 541
1647870 541
1647880 539
1647890 538
1647900 538
1647910 540
1647920 543
1647930 543
1647940 547
1647950 552
1647960 552
1647970 559
1647980 565
1647990 565
1648000 571
1648010 576
1648020 576
1648030 581
1648040 585
1648050 585
1648060 588
1648070 592
1648080 592
1648090 598
1648100 605
1648110 605
1648120 610
1648130 616
1648140 616
1648150 623
1648160 630
1648170 636
1648180 636
1648190 643
1648200 650
1648210 650
1648220 656
1648230 662
1648240 662
1648250 669
1648260 676
1648270 676
1648280 682
1648290 688
1648300 688
1648310 691
1648320 691
1648330 691
1648340 695
1648350 700
1648360 700
1648370 704
1648380 709
1648390 709
1648400 713
1648410 718
1648420 718
1648430 723
1648440 728
1648450 728
1648460 733
1648470 737
1648480 737
1648490 741
1648500 745
1648510 745
1648520 747
1648530 743
1648540 743
1648550 736
1648560 725
1648570 725
1648580 721
1648590 720
1648600 720
1648610 718
1648620 716
1648630 716
1648640 716
1648650 717
1648660 717
1648670 719
1648680 721
1648690 721
1648700 725
1648710 727
1648720 727
1648730 729
1648740 729
1648750 729
1648760 724
1648770 717
1648780 717
1648790 712
1648800 706
1648810 704
1648820 704
1648830 704
1648840 703
1648850 703
1648860 701
1648870 696
1648880 696
1648890 692
1648900 689
1648910 689
1648920 684
1648930 690
1648940 690
1648950 696
1648960 701
1648970 701
1648980 706
1648990 712
1649000 712
1649010 717
1649020 722
1649030 722
1649040 726
1649050 729
1649060 729
1649070 731
1649080 729
1649090 729
1649100 728
1649110 727
1649120 727
1649130 727
1649140 724
1649150 724
1649160 720
1649170 720
1649180 720
1649190 720
1649200 718
1649210 718
1649220 713
1649230 711
1649240 711
1649250 714
1649260 717
1649270 717
1649280 716
1649290 714
1649300 714
1649310 715
1649320 722
1649330 722
1649340 727
1649350 732
1649360 732
1649370 738
1649380 744
1649390 744
1649400 751
1649410 757
1649420 757
1649430 764
1649440 770
1649450 777
1649460 777
1649470 784
1649480 790
1649490 790
1649500 796
1649510 801
1649520 801
1649530 804
1649540 799
1649550 799
1649560 791
1649570 783
1649580 783
1649590 775
1649600 768
1649610 768
1649620 761
1649630 754
1649640 754
1649650 747
1649660 741
1649670 741
1649680 735
1649690 729
1649700 729
1649710 722
1649720 716
1649730 716
1649740 709
1649750 704
1649760 704
1649770 699
1649780 694
1649790 694
1649800 688
1649810 682
1649820 682
1649830 678
1649840 674
1649850 674
1649860 671
1649870 669
1649880 669
1649890 666
1649900 660
1649910 660
1649920 653
1649930 647
1649940 647
1649950 640
1649960 632
1649970 632
1649980 625
1649990 617
1650000 617
1650010 610
1650020 603
1650030 603
1650040 596
1650050 590
1650060 584
1650070 584
1650080 583
1650090 583
1650100 583
1650110 583
1650120 580
1650130 580
1650140 579
1650150 578
1650160 578
1650170 576
1650180 574
1650190 574
1650200 571
1650210 570
1650220 570
1650230 566
1650240 560
1650250 560
1650260 558
1650270 557
1650280 557
1650290 556
1650300 558
1650310 558
1650320 566
1650330 574
1650340 574
1650350 582
1650360 591
1650370 591
1650380 599
1650390 606
1650400 606
1650410 615
1650420 624
1650430 624
1650440 633
1650450 641
1650460 641
1650470 649
1650480 655
1650490 655
1650500 662
1650510 669
1650520 669
1650530 675
1650540 682
1650550 682
1650560 689
1650570 696
1650580 696
1650590 703
1650600 709
1650610 709
1650620 713
1650630 712
1650640 712
1650650 713
1650660 715
1650670 715
1650680 718
1650690 718
1650700 720
1650710 720
1650720 722
1650730 727
1650740 727
1650750 733
1650760 738
1650770 738
1650780 744
1650790 750
1650800 750
1650810 756
1650820 764
1650830 764
1650840 772
1650850 780
1650860 780
1650870 786
1650880 791
1650890 791
1650900 802
1650910 808
1650920 808
1650930 813
1650940 819
1650950 819
1650960 827
1650970 833
1650980 833
1650990 838
1651000 843
1651010 843
1651020 848
1651030 854
1651040 854
1651050 858
1651060 861
1651070 861
1651080 865
1651090 869
1651100 869
1651110 874
1651120 877
1651130 877
1651140 880
1651150 884
1651160 884
1651170 889
1651180 897
1651190 897
1651200 905
1651210 914
1651220 914
1651230 921
1651240 929
1651250 929
1651260 936
1651270 943
1651280 943
1651290 947
1651300 952
1651310 952
1651320 956
1651330 960
1651340 964
1651350 964
1651360 970
1651370 977
1651380 977
1651390 984
1651400 991
1651410 991
1651420 997
1651430 1002
1651440 1002
1651450 1006
1651460 1013
1651470 1013
1651480 1019
1651490 1025
1651500 1025
1651510 1029
1651520 1029
1651530 1029
1651540 1031
1651550 1037
1651560 1037
1651570 1045
1651580 1055
1651590 1055
1651600 1069
1651610 1076
1651620 1076
1651630 1080
1651640 1079
1651650 1079
1651660 1079
1651670 1076
1651680 1076
1651690 1080
1651700 1082
1651710 1082
1651720 1084
1651730 1087
1651740 1087
1651750 1089
1651760 1091
1651770 1091
1651780 1094
1651790 1098
1651800 1098
1651810 1101
1651820 1107
1651830 1107
1651840 1113
1651850 1120
1651860 1120
1651870 1126
1651880 1132
1651890 1132
1651900 1137
1651910 1142
1651920 1142
1651930 1148
1651940 1154
1651950 1154
1651960 1161
1651970 1167
1651980 1172
1651990 1172
1652000 1178
1652010 1184
1652020 1184
1652030 1190
1652040 1198
1652050 1198
1652060 1205
1652070 1213
1652080 1213
1652090 1221
1652100 1230
1652110 1230
1652120 1240
1652130 1247
1652140 1247
1652150 1253
1652160 1260
1652170 1260
1652180 1266
1652190 1277
1652200 1277
1652210 1280
1652220 1281
1652230 1281
1652240 1285
1652250 1286
1652260 1286
1652270 1287
1652280 1287
1652290 1287
1652300 1288
1652310 1288
1652320 1288
1652330 1289
1652340 1290
1652350 1290
1652360 1291
1652370 1291
1652380 1291
1652390 1291
1652400 1291
1652410 1291
1652420 1291
1652430 1291
1652440 1287
1652450 1287
1652460 1286
1652470 1286
1652480 1282
1652490 1274
1652500 1274
1652510 1266
1652520 1260
1652530 1260
1652540 1253
1652550 1246
1652560 1246
1652570 1241
1652580 1236
1652590 1236
1652600 1231
1652610 1225
1652620 1224
1652630 1224
1652640 1222
1652650 1222
1652660 1222
1652670 1224
1652680 1226
1652690 1226
1652700 1223
1652710 1220
1652720 1220
1652730 1216
1652740 1214
1652750 1214
1652760 1212
1652770 1210
1652780 1210
1652790 1211
1652800 1213
1652810 1213
1652820 1215
1652830 1219
1652840 1219
1652850 1223
1652860 1227
1652870 1227
1652880 1231
1652890 1235
1652900 1235
1652910 1238
1652920 1239
1652930 1239
1652940 1240
1652950 1240
1652960 1240
1652970 1240
1652980 1241
1652990 1241
1653000 1241
1653010 1242
1653020 1242
1653030 1243
1653040 1246
1653050 1246
1653060 1248
1653070 1251
1653080 1251
1653090 1253
1653100 1256
1653110 1256
1653120 1260
1653130 1262
1653140 1262
1653150 1263
1653160 1263
1653170 1263
1653180 1263
1653190 1264
1653200 1257
1653210 1259
1653220 1263
1653230 1263
1653240 1264
1653250 1263
1653260 1262
1653270 1262
1653280 1262
1653290 1263
1653300 1263
1653310 1264
1653320 1265
1653330 1265
1653340 1268
1653350 1270
1653360 1270
1653370 1274
1653380 1279
1653390 1279
1653400 1282
1653410 1285
1653420 1285
1653430 1286
1653440 1286
1653450 1286
1653460 1286
1653470 1285
1653480 1285
1653490 1282
1653500 1278
1653510 1278
1653520 1273
1653530 1268
1653540 1268
1653550 1265
1653560 1262
1653570 1262
1653580 1259
1653590 1256
1653600 1256
1653610 1252
1653620 1248
1653630 1248
1653640 1244
1653650 1240
1653660 1240
1653670 1236
1653680 1232
1653690 1232
1653700 1227
1653710 1222
1653720 1222
1653730 1217
1653740 1212
1653750 1212
1653760 1206
1653770 1201
1653780 1201
1653790 1195
1653800 1189
1653810 1189
1653820 1183
1653830 1178
1653840 1178
1653850 1173
1653860 1168
1653870 1168
1653880 1162
1653890 1156
1653900 1150
1653910 1150
1653920 1144
1653930 1138
1653940 1138
1653950 1131
1653960 1127
1653970 1127
1653980 1120
1653990 1112
1654000 1112
1654010 1104
1654020 1096
1654030 1096
1654040 1088
1654050 1081
1654060 1081
1654070 1074
1654080 1067
1654090 1067
1654100 1059
1654110 1052
1654120 1052
1654130 1046
1654140 1041
1654150 1041
1654160 1036
1654170 1029
1654180 1029
1654190 1022
1654200 1014
1654210 1014
1654220 1007
1654230 998
1654240 998
1654250 991
1654260 983
1654270 983
1654280 976
1654290 968
1654300 968
1654310 958
1654320 941
1654330 941
1654340 929
1654350 921
1654360 921
1654370 913
1654380 905
1654390 905
1654400 899
1654410 894
1654420 894
1654430 889
1654440 884
1654450 884
1654460 880
1654470 875
1654480 875
1654490 869
1654500 864
1654510 864
1654520 859
1654530 854
1654540 848
1654550 848
1654560 843
1654570 837
1654580 837
1654590 832
1654600 827
1654610 827
1654620 822
1654630 817
1654640 817
1654650 813
1654660 808
1654670 808
1654680 803
1654690 798
1654700 798
1654710 793
1654720 791
1654730 791
1654740 786
1654750 783
1654760 783
1654770 778
1654780 774
1654790 774
1654800 770
1654810 766
1654820 766
1654830 763
1654840 759
1654850 759
1654860 757
1654870 756
1654880 756
1654890 758
1654900 762
1654910 762
1654920 763
1654930 766
1654940 766
1654950 768
1654960 770
1654970 770
1654980 771
1654990 772
1655000 772
1655010 771
1655020 767
1655030 767
1655040 763
1655050 758
1655060 758
1655070 753
1655080 748
1655090 748
1655100 743
1655110 738
1655120 738
1655130 733
1655140 728
1655150 728
1655160 723
1655170 717
1655180 712
1655190 712
1655200 707
1655210 702
1655220 702
1655230 697
1655240 692
1655250 692
1655260 688
1655270 683
1655280 683
1655290 679
1655300 675
1655310 675
1655320 671
1655330 668
1655340 668
1655350 664
1655360 661
1655370 661
1655380 658
1655390 655
1655400 655
1655410 651
1655420 648
1655430 648
1655440 644
1655450 640
1655460 640
1655470 636
1655480 635
1655490 635
1655500 636
1655510 639
1655520 639
1655530 641
1655540 643
1655550 643
1655560 646
1655570 648
1655580 648
1655590 652
1655600 655
1655610 655
1655620 659
1655630 663
1655640 663
1655650 666
1655660 670
1655670 670
1655680 674
1655690 678
1655700 678
1655710 682
1655720 686
1655730 686
1655740 690
1655750 694
1655760 694
1655770 697
1655780 702
1655790 702
1655800 706
1655810 711
1655820 716
1655830 716
1655840 721
1655850 727
1655860 727
1655870 732
1655880 737
1655890 737
1655900 743
1655910 749
1655920 749
1655930 756
1655940 761
1655950 761
1655960 768
1655970 775
1655980 775
1655990 781
1656000 785
1656010 785
1656020 789
1656030 794
1656040 794
1656050 798
1656060 804
1656070 804
1656080 809
1656090 814
1656100 814
1656110 819
1656120 825
1656130 825
1656140 831
1656150 837
1656160 837
1656170 843
1656180 848
1656190 848
1656200 855
1656210 861
1656220 861
1656230 869
1656240 876
1656250 876
1656260 882
1656270 889
1656280 889
1656290 895
1656300 902
1656310 902
1656320 909
1656330 915
1656340 915
1656350 922
1656360 928
1656370 928
1656380 934
1656390 940
1656400 940
1656410 946
1656420 951
1656430 951
1656440 956
1656450 961
1656460 966
1656470 966
1656480 971
1656490 975
1656500 975
1656510 979
1656520 983
1656530 983
1656540 987
1656550 992
1656560 992
1656570 996
1656580 1000
1656590 1000
1656600 1003
1656610 1006
1656620 1006
1656630 1006
1656640 1004
1656650 1004
1656660 1004
1656670 1008
1656680 1008
1656690 1015
1656700 1021
1656710 1021
1656720 1027
1656730 1034
1656740 1034
1656750 1040
1656760 1046
1656770 1046
1656780 1052
1656790 1058
1656800 1058
1656810 1064
1656820 1071
1656830 1071
1656840 1076
1656850 1082
1656860 1082
1656870 1088
1656880 1093
1656890 1093
1656900 1099
1656910 1105
1656920 1105
1656930 1111
1656940 1117
1656950 1117
1656960 1122
1656970 1132
1656980 1132
1656990 1138
1657000 1143
1657010 1143
1657020 1149
1657030 1156
1657040 1156
1657050 1162
1657060 1168
1657070 1174
1657080 1174
1657090 1180
1657100 1187
1657110 1187
1657120 1194
1657130 1200
1657140 1200
1657150 1207
1657160 1215
1657170 1215
1657180 1221
1657190 1228
1657200 1228
1657210 1234
1657220 1240
1657230 1240
1657240 1246
1657250 1251
1657260 1251
1657270 1257
1657280 1262
1657290 1262
1657300 1267
1657310 1270
1657320 1270
1657330 1273
1657340 1273
1657350 1273
1657360 1272
1657370 1272
1657380 1272
1657390 1270
1657400 1268
1657410 1268
1657420 1267
1657430 1265
1657440 1265
1657450 1262
1657460 1260
1657470 1260
1657480 1256
1657490 1253
1657500 1253
1657510 1250
1657520 1246
1657530 1246
1657540 1241
1657550 1238
1657560 1238
1657570 1238
1657580 1240
1657590 1240
1657600 1240
1657610 1240
1657620 1240
1657630 1240
1657640 1241
1657650 1241
1657660 1240
1657670 1240
1657680 1240
1657690 1240
1657700 1241
1657710 1241
1657720 1242
1657730 1242
1657740 1241
1657750 1241
1657760 1240
1657770 1239
1657780 1239
1657790 1238
1657800 1238
1657810 1238
1657820 1238
1657830 1237
1657840 1237
1657850 1236
1657860 1236
1657870 1236
1657880 1236
1657890 1236
1657900 1236
1657910 1235
1657920 1234
1657930 1234
1657940 1233
1657950 1228
1657960 1228
1657970 1220
1657980 1212
1657990 1212
1658000 1203
1658010 1194
1658020 1194
1658030 1185
1658040 1177
1658050 1177
1658060 1168
1658070 1160
1658080 1160
1658090 1153
1658100 1149
1658110 1149
1658120 1145
1658130 1142
1658140 1142
1658150 1141
1658160 1141
1658170 1141
1658180 1141
1658190 1142
1658200 1142
1658210 1143
1658220 1143
1658230 1143
1658240 1144
1658250 1145
1658260 1145
1658270 1145
1658280 1146
1658290 1146
1658300 1147
1658310 1149
1658320 1149
1658330 1151
1658340 1150
1658350 1148
1658360 1148
1658370 1143
1658380 1136
1658390 1136
1658400 1129
1658410 1122
1658420 1122
1658430 1117
1658440 1111
1658450 1111
1658460 1112
1658470 1106
1658480 1106
1658490 1099
1658500 1093
1658510 1093
1658520 1089
1658530 1082
1658540 1082
1658550 1074
1658560 1071
1658570 1071
1658580 1068
1658590 1065
1658600 1065
1658610 1061
1658620 1056
1658630 1056
1658640 1051
1658650 1047
1658660 1047
1658670 1043
1658680 1041
1658690 1041
1658700 1039
1658710 1037
1658720 1037
1658730 1034
1658740 1032
1658750 1032
1658760 1029
1658770 1028
1658780 1028
1658790 1026
1658800 1023
1658810 1023
1658820 1021
1658830 1020
1658840 1020
1658850 1021
1658860 1022
1658870 1022
1658880 1024
1658890 1025
1658900 1025
1658910 1026
1658920 1027
1658930 1027
1658940 1029
1658950 1031
1658960 1031
1658970 1032
1658980 1033
1658990 1033
1659000 1033
1659010 1032
1659020 1031
1659030 1031
1659040 1029
1659050 1023
1659060 1023
1659070 1018
1659080 1010
1659090 1010
1659100 999
1659110 992
1659120 992
1659130 987
1659140 981
1659150 981
1659160 975
1659170 969
1659180 969
1659190 963
1659200 965
1659210 965
1659220 963
1659230 961
1659240 961
1659250 956
1659260 955
1659270 955
1659280 956
1659290 957
1659300 957
1659310 958
1659320 958
1659330 958
1659340 959
1659350 960
1659360 960
1659370 961
1659380 962
1659390 962
1659400 961
1659410 960
1659420 960
1659430 958
1659440 953
1659450 953
1659460 947
1659470 942
1659480 942
1659490 934
1659500 928
1659510 928
1659520 920
1659530 912
1659540 912
1659550 906
1659560 901
1659570 901
1659580 896
1659590 892
1659600 892
1659610 887
1659620 882
1659630 876
1659640 876
1659650 872
1659660 869
1659670 869
1659680 866
1659690 864
1659700 864
1659710 861
1659720 857
1659730 857
1659740 853
1659750 851
1659760 851
1659770 849
1659780 849
1659790 849
1659800 849
1659810 848
1659820 848
1659830 846
1659840 843
1659850 843
1659860 841
1659870 840
1659880 840
1659890 839
1659900 836
1659910 836
1659920 833
1659930 836
1659940 836
1659950 831
1659960 826
1659970 826
1659980 821
1659990 815
