1640000 866
1640010 866
1640020 864
1640030 860
1640040 860
1640050 856
1640060 852
1640070 852
1640080 848
1640090 844
1640100 844
1640110 841
1640120 844
1640130 844
1640140 848
1640150 851
1640160 851
1640170 855
1640180 861
1640190 861
1640200 866
1640210 871
1640220 876
1640230 876
1640240 881
1640250 884
1640260 884
1640270 890
1640280 893
1640290 893
1640300 897
1640310 899
1640320 899
1640330 901
1640340 903
1640350 903
1640360 904
1640370 905
1640380 905
1640390 905
1640400 904
1640410 904
1640420 903
1640430 901
1640440 901
1640450 899
1640460 896
1640470 896
1640480 894
1640490 892
1640500 892
1640510 890
1640520 887
1640530 887
1640540 884
1640550 881
1640560 881
1640570 876
1640580 871
1640590 871
1640600 864
1640610 857
1640620 857
1640630 850
1640640 843
1640650 843
1640660 837
1640670 830
1640680 830
1640690 824
1640700 817
1640710 817
1640720 810
1640730 803
1640740 803
1640750 796
1640760 788
1640770 788
1640780 780
1640790 774
1640800 774
1640810 767
1640820 762
1640830 762
1640840 756
1640850 748
1640860 742
1640870 742
1640880 734
1640890 728
1640900 728
1640910 723
1640920 718
1640930 718
1640940 714
1640950 710
1640960 710
1640970 706
1640980 703
1640990 703
1641000 699
1641010 694
1641020 694
1641030 689
1641040 683
1641050 683
1641060 678
1641070 680
1641080 680
1641090 687
1641100 694
1641110 694
1641120 701
1641130 706
1641140 706
1641150 711
1641160 715
1641170 715
1641180 719
1641190 724
1641200 724
1641210 729
1641220 733
1641230 733
1641240 737
1641250 742
1641260 742
1641270 745
1641280 749
1641290 749
1641300 753
1641310 756
1641320 756
1641330 759
1641340 762
1641350 762
1641360 766
1641370 769
1641380 769
1641390 772
1641400 775
1641410 775
1641420 777
1641430 780
1641440 780
1641450 782
1641460 784
1641470 786
1641480 786
1641490 788
1641500 788
1641510 788
1641520 787
1641530 787
1641540 787
1641550 787
1641560 787
1641570 787
1641580 788
1641590 790
1641600 790
1641610 791
1641620 793
1641630 793
1641640 795
1641650 796
1641660 796
1641670 797
1641680 798
1641690 798
1641700 799
1641710 799
1641720 799
1641730 798
1641740 797
1641750 797
1641760 796
1641770 793
1641780 793
1641790 790
1641800 788
1641810 788
1641820 787
1641830 786
1641840 786
1641850 785
1641860 786
1641870 786
1641880 786
1641890 787
1641900 787
1641910 792
1641920 793
1641930 793
1641940 794
1641950 791
1641960 791
1641970 787
1641980 783
1641990 783
1642000 778
1642010 774
1642020 774
1642030 770
1642040 766
1642050 766
1642060 762
1642070 758
1642080 758
1642090 752
1642100 746
1642110 740
1642120 740
1642130 734
1642140 728
1642150 728
1642160 722
1642170 715
1642180 715
1642190 707
1642200 700
1642210 700
1642220 694
1642230 687
1642240 687
1642250 680
1642260 672
1642270 672
1642280 666
1642290 660
1642300 660
1642310 655
1642320 650
1642330 650
1642340 644
1642350 639
1642360 639
1642370 634
1642380 628
1642390 628
1642400 623
1642410 618
1642420 618
1642430 615
1642440 616
1642450 616
1642460 618
1642470 621
1642480 621
1642490 623
1642500 624
1642510 624
1642520 623
1642530 621
1642540 621
1642550 618
1642560 615
1642570 615
1642580 613
1642590 610
1642600 610
1642610 608
1642620 603
1642630 603
1642640 596
1642650 594
1642660 594
1642670 596
1642680 599
1642690 599
1642700 600
1642710 596
1642720 596
1642730 584
1642740 579
1642750 578
1642760 578
1642770 581
1642780 584
1642790 584
1642800 585
1642810 584
1642820 584
1642830 580
1642840 576
1642850 576
1642860 571
1642870 564
1642880 564
1642890 557
1642900 552
1642910 552
1642920 548
1642930 547
1642940 547
1642950 546
1642960 546
1642970 546
1642980 546
1642990 546
1643000 546
1643010 546
1643020 547
1643030 547
1643040 547
1643050 546
1643060 546
1643070 547
1643080 549
1643090 549
1643100 550
1643110 547
1643120 547
1643130 541
1643140 539
1643150 539
1643160 540
1643170 540
1643180 540
1643190 540
1643200 539
1643210 539
1643220 539
1643230 539
1643240 539
1643250 539
1643260 539
1643270 539
1643280 536
1643290 529
1643300 529
1643310 522
1643320 515
1643330 515
1643340 509
1643350 503
1643360 503
1643370 497
1643380 490
1643390 484
1643400 484
1643410 476
1643420 470
1643430 470
1643440 467
1643450 464
1643460 464
1643470 461
1643480 459
1643490 459
1643500 458
1643510 456
1643520 456
1643530 453
1643540 450
1643550 450
1643560 447
1643570 446
1643580 446
1643590 447
1643600 449
1643610 449
1643620 452
1643630 458
1643640 458
1643650 464
1643660 470
1643670 470
1643680 475
1643690 481
1643700 481
1643710 488
1643720 494
1643730 494
1643740 499
1643750 505
1643760 505
1643770 512
1643780 518
1643790 518
1643800 524
1643810 528
1643820 528
1643830 526
1643840 523
1643850 523
1643860 525
1643870 531
1643880 531
1643890 539
1643900 546
1643910 546
1643920 552
1643930 557
1643940 557
1643950 563
1643960 567
1643970 567
1643980 570
1643990 572
1644000 572
1644010 578
1644020 582
1644030 584
1644040 584
1644050 585
1644060 585
1644070 585
1644080 584
1644090 582
1644100 582
1644110 579
1644120 576
1644130 576
1644140 572
1644150 568
1644160 568
1644170 565
1644180 562
1644190 562
1644200 560
1644210 557
1644220 557
1644230 554
1644240 552
1644250 552
1644260 549
1644270 544
1644280 544
1644290 538
1644300 532
1644310 532
1644320 526
1644330 520
1644340 520
1644350 518
1644360 511
1644370 511
1644380 504
1644390 497
1644400 497
1644410 491
1644420 489
1644430 489
1644440 487
1644450 484
1644460 484
1644470 481
1644480 476
1644490 476
1644500 471
1644510 466
1644520 466
1644530 461
1644540 456
1644550 456
1644560 452
1644570 448
1644580 448
1644590 443
1644600 437
1644610 437
1644620 431
1644630 426
1644640 426
1644650 424
1644660 424
1644670 424
1644680 424
1644690 424
1644700 424
1644710 424
1644720 424
1644730 423
1644740 423
1644750 423
1644760 424
1644770 424
1644780 424
1644790 423
1644800 423
1644810 422
1644820 422
1644830 422
1644840 424
1644850 424
1644860 424
1644870 423
1644880 423
1644890 423
1644900 422
1644910 421
1644920 421
1644930 421
1644940 421
1644950 421
1644960 422
1644970 422
1644980 422
1644990 422
1645000 421
1645010 421
1645020 421
1645030 422
1645040 422
1645050 422
1645060 422
1645070 422
1645080 422
1645090 421
1645100 421
1645110 421
1645120 422
1645130 422
1645140 422
1645150 422
1645160 422
1645170 421
1645180 419
1645190 419
1645200 418
1645210 418
1645220 418
1645230 418
1645240 420
1645250 420
1645260 422
1645270 421
1645280 421
1645290 421
1645300 421
1645310 422
1645320 422
1645330 421
1645340 422
1645350 422
1645360 423
1645370 424
1645380 424
1645390 428
1645400 431
1645410 431
1645420 435
1645430 438
1645440 438
1645450 444
1645460 444
1645470 444
1645480 445
1645490 450
1645500 450
1645510 455
1645520 459
1645530 459
1645540 464
1645550 468
1645560 468
1645570 472
1645580 476
1645590 476
1645600 480
1645610 485
1645620 485
1645630 490
1645640 494
1645650 494
1645660 493
1645670 490
1645680 490
1645690 486
1645700 482
1645710 482
1645720 478
1645730 474
1645740 474
1645750 470
1645760 464
1645770 464
1645780 459
1645790 453
1645800 453
1645810 444
1645820 437
1645830 437
1645840 435
1645850 438
1645860 438
1645870 439
1645880 439
1645890 439
1645900 440
1645910 440
1645920 440
1645930 441
1645940 442
1645950 441
1645960 441
1645970 442
1645980 445
1645990 445
1646000 449
1646010 454
1646020 454
1646030 459
1646040 463
1646050 463
1646060 468
1646070 475
1646080 475
1646090 481
1646100 488
1646110 488
1646120 494
1646130 500
1646140 500
1646150 505
1646160 510
1646170 510
1646180 510
1646190 505
1646200 505
1646210 500
1646220 496
1646230 496
1646240 493
1646250 487
1646260 487
1646270 482
1646280 476
1646290 476
1646300 471
1646310 466
1646320 466
1646330 460
1646340 458
1646350 458
1646360 459
1646370 459
1646380 459
1646390 458
1646400 457
1646410 457
1646420 455
1646430 454
1646440 454
1646450 452
1646460 452
1646470 452
1646480 452
1646490 452
1646500 452
1646510 452
1646520 453
1646530 453
1646540 451
1646550 450
1646560 450
1646570 452
1646580 454
1646590 457
1646600 457
1646610 462
1646620 468
1646630 468
1646640 473
1646650 479
1646660 479
1646670 484
1646680 489
1646690 489
1646700 495
1646710 502
1646720 502
1646730 509
1646740 516
1646750 514
1646760 521
1646770 529
1646780 529
1646790 536
1646800 544
1646810 544
1646820 550
1646830 554
1646840 554
1646850 559
1646860 565
1646870 565
1646880 571
1646890 576
1646900 576
1646910 580
1646920 584
1646930 584
1646940 583
1646950 584
1646960 584
1646970 586
1646980 584
1646990 584
1647000 583
1647010 582
1647020 582
1647030 583
1647040 584
1647050 584
1647060 587
1647070 590
1647080 590
1647090 593
1647100 595
1647110 595
1647120 597
1647130 598
1647140 598
1647150 600
1647160 602
1647170 602
1647180 604
1647190 608
1647200 608
1647210 611
1647220 614
1647230 618
1647240 618
1647250 622
1647260 624
1647270 624
1647280 626
1647290 628
1647300 628
1647310 632
1647320 636
1647330 636
1647340 641
1647350 645
1647360 645
1647370 650
1647380 654
1647390 654
1647400 658
1647410 660
1647420 660
1647430 661
1647440 661
1647450 661
1647460 657
1647470 652
1647480 652
1647490 648
1647500 645
1647510 645
1647520 642
1647530 639
1647540 635
1647550 632
1647560 629
1647570 629
1647580 627
1647590 624
1647600 624
1647610 623
1647620 620
1647630 620
1647640 619
1647650 619
1647660 619
1647670 616
1647680 610
1647690 610
1647700 602
1647710 597
1647720 597
1647730 596
1647740 598
1647750 598
1647760 603
1647770 602
1647780 602
1647790 597
1647800 595
1647810 595
1647820 592
1647830 588
1647840 585
1647850 585
1647860 583
1647870 579
1647880 579
1647890 576
1647900 573
1647910 573
1647920 569
1647930 567
1647940 567
1647950 564
1647960 561
1647970 561
1647980 558
1647990 557
1648000 557
1648010 556
1648020 558
1648030 558
1648040 563
1648050 567
1648060 567
1648070 572
1648080 575
1648090 575
1648100 579
1648110 586
1648120 586
1648130 592
1648140 599
1648150 599
1648160 606
1648170 612
1648180 612
1648190 620
1648200 627
1648210 627
1648220 633
1648230 638
1648240 638
1648250 644
1648260 652
1648270 652
1648280 659
1648290 667
1648300 667
1648310 674
1648320 681
1648330 684
1648340 690
1648350 697
1648360 697
1648370 702
1648380 707
1648390 707
1648400 711
1648410 716
1648420 716
1648430 720
1648440 724
1648450 724
1648460 728
1648470 730
1648480 735
1648490 735
1648500 740
1648510 746
1648520 746
1648530 752
1648540 759
1648550 759
1648560 766
1648570 772
1648580 772
1648590 776
1648600 780
1648610 780
1648620 782
1648630 781
1648640 781
1648650 781
1648660 781
1648670 781
1648680 782
1648690 781
1648700 781
1648710 779
1648720 776
1648730 776
1648740 773
1648750 770
1648760 770
1648770 766
1648780 767
1648790 767
1648800 767
1648810 765
1648820 765
1648830 760
1648840 754
1648850 754
1648860 748
1648870 742
1648880 742
1648890 735
1648900 730
1648910 730
1648920 730
1648930 730
1648940 730
1648950 726
1648960 731
1648970 731
1648980 738
1648990 744
1649000 744
1649010 749
1649020 755
1649030 755
1649040 761
1649050 765
1649060 765
1649070 770
1649080 775
1649090 775
1649100 779
1649110 782
1649120 779
1649130 779
1649140 778
1649150 774
1649160 774
1649170 769
1649180 766
1649190 766
1649200 764
1649210 760
1649220 760
1649230 757
1649240 755
1649250 755
1649260 759
1649270 763
1649280 763
1649290 767
1649300 769
1649310 769
1649320 768
1649330 767
1649340 767
1649350 765
1649360 765
1649370 765
1649380 767
1649390 772
1649400 772
1649410 777
1649420 782
1649430 782
1649440 788
1649450 794
1649460 794
1649470 800
1649480 806
1649490 806
1649500 813
1649510 820
1649520 820
1649530 826
1649540 824
1649550 824
1649560 817
1649570 812
1649580 812
1649590 806
1649600 799
1649610 799
1649620 793
1649630 789
1649640 789
1649650 781
1649660 775
1649670 775
1649680 772
1649690 771
1649700 771
1649710 769
1649720 769
1649730 769
1649740 768
1649750 760
1649760 748
1649770 748
1649780 737
1649790 726
1649800 726
1649810 717
1649820 708
1649830 708
1649840 700
1649850 691
1649860 691
1649870 684
1649880 676
1649890 676
1649900 668
1649910 661
1649920 661
1649930 654
1649940 647
1649950 647
1649960 640
1649970 634
1649980 634
1649990 627
1650000 621
1650010 621
1650020 615
1650030 610
1650040 610
1650050 606
1650060 605
1650070 605
1650080 603
1650090 600
1650100 600
1650110 597
1650120 594
1650130 594
1650140 592
1650150 590
1650160 590
1650170 588
1650180 586
1650190 586
1650200 583
1650210 581
1650220 581
1650230 578
1650240 577
1650250 577
1650260 577
1650270 576
1650280 576
1650290 575
1650300 574
1650310 574
1650320 570
1650330 568
1650340 568
1650350 570
1650360 573
1650370 573
1650380 574
1650390 578
1650400 586
1650410 586
1650420 595
1650430 602
1650440 602
1650450 608
1650460 614
1650470 614
1650480 621
1650490 628
1650500 628
1650510 633
1650520 631
1650530 631
1650540 631
1650550 634
1650560 634
1650570 635
1650580 637
1650590 637
1650600 641
1650610 648
1650620 648
1650630 656
1650640 662
1650650 662
1650660 668
1650670 678
1650680 678
1650690 685
1650700 693
1650710 693
1650720 701
1650730 707
1650740 707
1650750 711
1650760 715
1650770 715
1650780 720
1650790 725
1650800 725
1650810 729
1650820 735
1650830 735
1650840 740
1650850 743
1650860 743
1650870 746
1650880 749
1650890 749
1650900 753
1650910 757
1650920 757
1650930 762
1650940 767
1650950 767
1650960 774
1650970 783
1650980 783
1650990 791
1651000 798
1651010 798
1651020 806
1651030 814
1651040 821
1651050 821
1651060 825
1651070 828
1651080 828
1651090 827
1651100 829
1651110 829
1651120 834
1651130 840
1651140 840
1651150 848
1651160 858
1651170 858
1651180 861
1651190 865
1651200 865
1651210 870
1651220 877
1651230 877
1651240 884
1651250 888
1651260 888
1651270 894
1651280 899
1651290 899
1651300 904
1651310 909
1651320 909
1651330 914
1651340 919
1651350 919
1651360 925
1651370 931
1651380 931
1651390 939
1651400 946
1651410 946
1651420 953
1651430 961
1651440 961
1651450 969
1651460 977
1651470 977
1651480 985
1651490 993
1651500 993
1651510 1001
1651520 1009
1651530 1009
1651540 1017
1651550 1025
1651560 1025
1651570 1034
1651580 1043
1651590 1043
1651600 1051
1651610 1060
1651620 1060
1651630 1068
1651640 1076
1651650 1085
1651660 1085
1651670 1093
1651680 1100
1651690 1100
1651700 1106
1651710 1112
1651720 1112
1651730 1119
1651740 1125
1651750 1125
1651760 1131
1651770 1137
1651780 1137
1651790 1144
1651800 1150
1651810 1150
1651820 1156
1651830 1162
1651840 1162
1651850 1165
1651860 1168
1651870 1168
1651880 1171
1651890 1177
1651900 1177
1651910 1183
1651920 1195
1651930 1195
1651940 1203
1651950 1207
1651960 1207
1651970 1211
1651980 1217
1651990 1217
1652000 1223
1652010 1229
1652020 1229
1652030 1235
1652040 1241
1652050 1241
1652060 1248
1652070 1253
1652080 1253
1652090 1258
1652100 1263
1652110 1263
1652120 1266
1652130 1268
1652140 1268
1652150 1269
1652160 1270
1652170 1270
1652180 1272
1652190 1274
1652200 1274
1652210 1276
1652220 1280
1652230 1280
1652240 1283
1652250 1285
1652260 1285
1652270 1287
1652280 1289
1652290 1292
1652300 1292
1652310 1294
1652320 1296
1652330 1296
1652340 1298
1652350 1300
1652360 1300
1652370 1301
1652380 1303
1652390 1303
1652400 1305
1652410 1306
1652420 1306
1652430 1307
1652440 1307
1652450 1307
1652460 1309
1652470 1311
1652480 1311
1652490 1312
1652500 1314
1652510 1314
1652520 1315
1652530 1316
1652540 1316
1652550 1316
1652560 1317
1652570 1317
1652580 1318
1652590 1318
1652600 1318
1652610 1315
1652620 1310
1652630 1310
1652640 1306
1652650 1304
1652660 1304
1652670 1298
1652680 1295
1652690 1295
1652700 1292
1652710 1287
1652720 1287
1652730 1281
1652740 1278
1652750 1278
1652760 1278
1652770 1278
1652780 1278
1652790 1277
1652800 1277
1652810 1277
1652820 1277
1652830 1278
1652840 1278
1652850 1280
1652860 1282
1652870 1282
1652880 1284
1652890 1287
1652900 1287
1652910 1291
1652920 1294
1652930 1298
1652940 1298
1652950 1300
1652960 1302
1652970 1302
1652980 1296
1652990 1297
1653000 1297
1653010 1298
1653020 1299
1653030 1299
1653040 1299
1653050 1301
1653060 1301
1653070 1302
1653080 1305
1653090 1305
1653100 1308
1653110 1310
1653120 1310
1653130 1309
1653140 1308
1653150 1308
1653160 1306
1653170 1305
1653180 1305
1653190 1303
1653200 1301
1653210 1301
1653220 1299
1653230 1297
1653240 1297
1653250 1294
1653260 1291
1653270 1291
1653280 1288
1653290 1285
1653300 1285
1653310 1282
1653320 1280
1653330 1280
1653340 1279
1653350 1277
1653360 1277
1653370 1276
1653380 1275
1653390 1275
1653400 1274
1653410 1273
1653420 1273
1653430 1273
1653440 1273
1653450 1273
1653460 1272
1653470 1268
1653480 1268
1653490 1262
1653500 1256
1653510 1256
1653520 1249
1653530 1243
1653540 1243
1653550 1236
1653560 1230
1653570 1225
1653580 1225
1653590 1220
1653600 1214
1653610 1214
1653620 1209
1653630 1204
1653640 1204
1653650 1199
1653660 1194
1653670 1194
1653680 1190
1653690 1186
1653700 1186
1653710 1181
1653720 1176
1653730 1176
1653740 1176
1653750 1171
1653760 1171
1653770 1167
1653780 1162
1653790 1162
1653800 1158
1653810 1153
1653820 1153
1653830 1149
1653840 1144
1653850 1144
1653860 1139
1653870 1133
1653880 1133
1653890 1128
1653900 1123
1653910 1123
1653920 1118
1653930 1113
1653940 1113
1653950 1108
1653960 1103
1653970 1103
1653980 1098
1653990 1093
1654000 1093
1654010 1088
1654020 1082
1654030 1082
1654040 1076
1654050 1070
1654060 1070
1654070 1062
1654080 1054
1654090 1054
1654100 1045
1654110 1037
1654120 1037
1654130 1028
1654140 1020
1654150 1020
1654160 1013
1654170 1006
1654180 1006
1654190 1001
1654200 985
1654210 972
1654220 972
1654230 964
1654240 957
1654250 957
1654260 950
1654270 944
1654280 944
1654290 938
1654300 932
1654310 932
1654320 926
1654330 919
1654340 919
1654350 910
1654360 901
1654370 901
1654380 892
1654390 884
1654400 884
1654410 878
1654420 873
1654430 873
1654440 869
1654450 866
1654460 866
1654470 864
1654480 862
1654490 862
1654500 854
1654510 854
1654520 854
1654530 854
1654540 851
1654550 851
1654560 847
1654570 843
1654580 843
1654590 839
1654600 835
1654610 835
1654620 832
1654630 830
1654640 830
1654650 827
1654660 823
1654670 823
1654680 820
1654690 818
1654700 818
1654710 816
1654720 813
1654730 813
1654740 811
1654750 810
1654760 810
1654770 809
1654780 807
1654790 807
1654800 804
1654810 804
1654820 804
1654830 804
1654840 804
1654850 803
1654860 803
1654870 802
1654880 799
1654890 799
1654900 797
1654910 793
1654920 793
1654930 788
1654940 784
1654950 784
1654960 779
1654970 776
1654980 776
1654990 770
1655000 765
1655010 765
1655020 760
1655030 755
1655040 755
1655050 751
1655060 746
1655070 746
1655080 741
1655090 737
1655100 737
1655110 732
1655120 727
1655130 727
1655140 723
1655150 719
1655160 719
1655170 715
1655180 711
1655190 711
1655200 706
1655210 701
1655220 701
1655230 696
1655240 691
1655250 690
1655260 686
1655270 681
1655280 681
1655290 677
1655300 674
1655310 674
1655320 671
1655330 667
1655340 667
1655350 664
1655360 660
1655370 660
1655380 656
1655390 653
1655400 653
1655410 650
1655420 646
1655430 646
1655440 642
1655450 638
1655460 638
1655470 632
1655480 628
1655490 628
1655500 628
1655510 630
1655520 633
1655530 633
1655540 635
1655550 638
1655560 638
1655570 640
1655580 642
1655590 642
1655600 644
1655610 647
1655620 647
1655630 650
1655640 652
1655650 652
1655660 655
1655670 659
1655680 659
1655690 663
1655700 667
1655710 667
1655720 672
1655730 676
1655740 676
1655750 681
1655760 685
1655770 685
1655780 691
1655790 695
1655800 695
1655810 700
1655820 706
1655830 706
1655840 712
1655850 718
1655860 718
1655870 723
1655880 727
1655890 727
1655900 729
1655910 731
1655920 731
1655930 733
1655940 737
1655950 737
1655960 743
1655970 749
1655980 749
1655990 755
1656000 761
1656010 760
1656020 766
1656030 771
1656040 771
1656050 777
1656060 784
1656070 784
1656080 790
1656090 795
1656100 802
1656110 802
1656120 810
1656130 816
1656140 816
1656150 822
1656160 829
1656170 829
1656180 836
1656190 842
1656200 842
1656210 849
1656220 856
1656230 856
1656240 863
1656250 869
1656260 869
1656270 876
1656280 882
1656290 882
1656300 888
1656310 894
1656320 894
1656330 897
1656340 898
1656350 898
1656360 899
1656370 900
1656380 900
1656390 901
1656400 902
1656410 902
1656420 902
1656430 903
1656440 903
1656450 905
1656460 907
1656470 907
1656480 910
1656490 912
1656500 912
1656510 915
1656520 920
1656530 920
1656540 925
1656550 929
1656560 929
1656570 935
1656580 941
1656590 941
1656600 947
1656610 953
1656620 953
1656630 958
1656640 962
1656650 962
1656660 966
1656670 970
1656680 970
1656690 975
1656700 980
1656710 980
1656720 986
1656730 992
1656740 997
1656750 997
1656760 1009
1656770 1014
1656780 1014
1656790 1018
1656800 1024
1656810 1024
1656820 1030
1656830 1036
1656840 1036
1656850 1043
1656860 1050
1656870 1050
1656880 1057
1656890 1065
1656900 1065
1656910 1072
1656920 1080
1656930 1080
1656940 1088
1656950 1095
1656960 1095
1656970 1103
1656980 1111
1656990 1111
1657000 1118
1657010 1126
1657020 1126
1657030 1133
1657040 1141
1657050 1141
1657060 1148
1657070 1155
1657080 1155
1657090 1163
1657100 1170
1657110 1170
1657120 1178
1657130 1185
1657140 1185
1657150 1191
1657160 1198
1657170 1198
1657180 1206
1657190 1211
1657200 1211
1657210 1218
1657220 1225
1657230 1225
1657240 1232
1657250 1238
1657260 1238
1657270 1243
1657280 1248
1657290 1248
1657300 1253
1657310 1257
1657320 1257
1657330 1261
1657340 1264
1657350 1264
1657360 1265
1657370 1264
1657380 1262
1657390 1262
1657400 1259
1657410 1255
1657420 1255
1657430 1251
1657440 1247
1657450 1247
1657460 1244
1657470 1240
1657480 1240
1657490 1238
1657500 1237
1657510 1237
1657520 1235
1657530 1234
1657540 1234
1657550 1233
1657560 1231
1657570 1231
1657580 1229
1657590 1227
1657600 1227
1657610 1226
1657620 1224
1657630 1224
1657640 1222
1657650 1222
1657660 1222
1657670 1222
1657680 1221
1657690 1221
1657700 1221
1657710 1220
1657720 1220
1657730 1220
1657740 1219
1657750 1219
1657760 1218
1657770 1218
1657780 1218
1657790 1217
1657800 1217
1657810 1217
1657820 1217
1657830 1217
1657840 1217
1657850 1217
1657860 1216
1657870 1216
1657880 1215
1657890 1213
1657900 1213
1657910 1210
1657920 1206
1657930 1206
1657940 1200
1657950 1192
1657960 1192
1657970 1183
1657980 1173
1657990 1173
1658000 1164
1658010 1156
1658020 1148
1658030 1148
1658040 1141
1658050 1133
1658060 1133
1658070 1126
1658080 1119
1658090 1119
1658100 1112
1658110 1102
1658120 1102
1658130 1093
1658140 1086
1658150 1086
1658160 1079
1658170 1077
1658180 1077
1658190 1077
1658200 1075
1658210 1075
1658220 1075
1658230 1074
1658240 1083
1658250 1082
1658260 1084
1658270 1084
1658280 1087
1658290 1089
1658300 1089
1658310 1091
1658320 1093
1658330 1093
1658340 1094
1658350 1096
1658360 1096
1658370 1097
1658380 1096
1658390 1096
1658400 1096
1658410 1096
1658420 1096
1658430 1094
1658440 1087
1658450 1087
1658460 1079
1658470 1071
1658480 1071
1658490 1064
1658500 1054
1658510 1054
1658520 1045
1658530 1037
1658540 1037
1658550 1029
1658560 1022
1658570 1022
1658580 1016
1658590 1010
1658600 1010
1658610 1006
1658620 1001
1658630 1001
1658640 997
1658650 994
1658660 993
1658670 993
1658680 991
1658690 988
1658700 988
1658710 983
1658720 977
1658730 977
1658740 969
1658750 961
1658760 961
1658770 962
1658780 964
1658790 964
1658800 963
1658810 962
1658820 962
1658830 962
1658840 958
1658850 958
1658860 955
1658870 953
1658880 953
1658890 955
1658900 958
1658910 958
1658920 961
1658930 964
1658940 964
1658950 966
1658960 966
1658970 966
1658980 975
1658990 975
1659000 975
1659010 977
1659020 978
1659030 978
1659040 978
1659050 978
1659060 978
1659070 973
1659080 967
1659090 967
1659100 959
1659110 953
1659120 953
1659130 947
1659140 941
1659150 941
1659160 936
1659170 933
1659180 933
1659190 931
1659200 927
1659210 927
1659220 921
1659230 916
1659240 916
1659250 909
1659260 903
1659270 903
1659280 898
1659290 896
1659300 895
1659310 895
1659320 895
1659330 896
1659340 896
1659350 898
1659360 897
1659370 897
1659380 899
1659390 902
1659400 902
1659410 904
1659420 907
1659430 907
1659440 908
1659450 906
1659460 906
1659470 903
1659480 898
1659490 898
1659500 891
1659510 883
1659520 883
1659530 875
1659540 870
1659550 870
1659560 869
1659570 870
1659580 870
1659590 869
1659600 868
1659610 868
1659620 866
1659630 862
1659640 862
1659650 855
1659660 847
1659670 847
1659680 840
1659690 833
1659700 833
1659710 827
1659720 825
1659730 825
1659740 823
1659750 820
1659760 820
1659770 817
1659780 813
1659790 813
1659800 810
1659810 806
1659820 806
1659830 803
1659840 799
1659850 799
1659860 796
1659870 792
1659880 792
1659890 789
1659900 786
1659910 786
1659920 784
1659930 782
1659940 781
1659950 781
1659960 781
1659970 780
1659980 780
1659990 781
