1640000 1145
1640010 1145
1640020 1141
1640030 1139
1640040 1139
1640050 1135
1640060 1130
1640070 1130
1640080 1126
1640090 1123
1640100 1123
1640110 1120
1640120 1116
1640130 1116
1640140 1111
1640150 1106
1640160 1106
1640170 1101
1640180 1095
1640190 1095
1640200 1089
1640210 1084
1640220 1084
1640230 1078
1640240 1073
1640250 1073
1640260 1067
1640270 1062
1640280 1062
1640290 1056
1640300 1050
1640310 1050
1640320 1045
1640330 1041
1640340 1041
1640350 1037
1640360 1033
1640370 1033
1640380 1027
1640390 1022
1640400 1022
1640410 1017
1640420 1012
1640430 1006
1640440 1006
1640450 1000
1640460 994
1640470 994
1640480 989
1640490 983
1640500 983
1640510 978
1640520 972
1640530 972
1640540 966
1640550 960
1640560 960
1640570 954
1640580 948
1640590 948
1640600 942
1640610 936
1640620 936
1640630 931
1640640 925
1640650 925
1640660 919
1640670 915
1640680 915
1640690 911
1640700 907
1640710 907
1640720 906
1640730 907
1640740 907
1640750 906
1640760 904
1640770 904
1640780 901
1640790 900
1640800 900
1640810 900
1640820 899
1640830 899
1640840 896
1640850 895
1640860 895
1640870 890
1640880 886
1640890 886
1640900 882
1640910 879
1640920 879
1640930 876
1640940 873
1640950 873
1640960 868
1640970 864
1640980 864
1640990 866
1641000 872
1641010 872
1641020 876
1641030 881
1641040 881
1641050 886
1641060 892
1641070 892
1641080 897
1641090 902
1641100 906
1641110 906
1641120 910
1641130 908
1641140 908
1641150 904
1641160 900
1641170 900
1641180 895
1641190 891
1641200 891
1641210 886
1641220 884
1641230 884
1641240 885
1641250 888
1641260 888
1641270 891
1641280 894
1641290 894
1641300 898
1641310 902
1641320 902
1641330 904
1641340 905
1641350 905
1641360 905
1641370 905
1641380 905
1641390 909
1641400 913
1641410 913
1641420 918
1641430 922
1641440 922
1641450 927
1641460 932
1641470 932
1641480 936
1641490 941
1641500 941
1641510 945
1641520 949
1641530 949
1641540 952
1641550 954
1641560 954
1641570 955
1641580 952
1641590 952
1641600 944
1641610 936
1641620 936
1641630 931
1641640 923
1641650 923
1641660 916
1641670 906
1641680 906
1641690 899
1641700 893
1641710 893
1641720 886
1641730 878
1641740 871
1641750 871
1641760 865
1641770 857
1641780 857
1641790 849
1641800 841
1641810 841
1641820 833
1641830 826
1641840 826
1641850 820
1641860 813
1641870 813
1641880 807
1641890 801
1641900 801
1641910 795
1641920 794
1641930 794
1641940 791
1641950 785
1641960 785
1641970 780
1641980 776
1641990 776
1642000 773
1642010 769
1642020 769
1642030 768
1642040 766
1642050 766
1642060 762
1642070 761
1642080 761
1642090 761
1642100 761
1642110 761
1642120 760
1642130 759
1642140 759
1642150 756
1642160 753
1642170 753
1642180 752
1642190 751
1642200 751
1642210 748
1642220 739
1642230 739
1642240 730
1642250 722
1642260 722
1642270 711
1642280 698
1642290 698
1642300 700
1642310 707
1642320 707
1642330 712
1642340 716
1642350 716
1642360 721
1642370 726
1642380 730
1642390 730
1642400 734
1642410 738
1642420 738
1642430 741
1642440 743
1642450 743
1642460 747
1642470 750
1642480 750
1642490 758
1642500 759
1642510 759
1642520 759
1642530 758
1642540 758
1642550 756
1642560 752
1642570 752
1642580 746
1642590 740
1642600 740
1642610 736
1642620 732
1642630 732
1642640 732
1642650 733
1642660 733
1642670 734
1642680 735
1642690 735
1642700 735
1642710 738
1642720 738
1642730 744
1642740 751
1642750 751
1642760 757
1642770 762
1642780 762
1642790 767
1642800 772
1642810 772
1642820 777
1642830 781
1642840 781
1642850 785
1642860 788
1642870 788
1642880 791
1642890 793
1642900 793
1642910 795
1642920 796
1642930 796
1642940 797
1642950 797
1642960 797
1642970 799
1642980 800
1642990 800
1643000 802
1643010 802
1643020 802
1643030 802
1643040 802
1643050 801
1643060 801
1643070 799
1643080 798
1643090 798
1643100 797
1643110 796
1643120 796
1643130 794
1643140 792
1643150 792
1643160 790
1643170 786
1643180 786
1643190 783
1643200 778
1643210 778
1643220 773
1643230 766
1643240 766
1643250 761
1643260 758
1643270 758
1643280 754
1643290 751
1643300 757
1643310 753
1643320 749
1643330 749
1643340 745
1643350 741
1643360 741
1643370 736
1643380 731
1643390 731
1643400 727
1643410 722
1643420 722
1643430 716
1643440 710
1643450 710
1643460 705
1643470 699
1643480 699
1643490 693
1643500 687
1643510 687
1643520 681
1643530 675
1643540 675
1643550 670
1643560 667
1643570 667
1643580 665
1643590 661
1643600 661
1643610 657
1643620 653
1643630 653
1643640 649
1643650 645
1643660 641
1643670 641
1643680 636
1643690 630
1643700 630
1643710 625
1643720 620
1643730 620
1643740 615
1643750 612
1643760 612
1643770 609
1643780 606
1643790 606
1643800 604
1643810 603
1643820 603
1643830 599
1643840 595
1643850 595
1643860 588
1643870 578
1643880 578
1643890 568
1643900 559
1643910 559
1643920 551
1643930 543
1643940 543
1643950 539
1643960 532
1643970 532
1643980 528
1643990 531
1644000 531
1644010 533
1644020 531
1644030 531
1644040 530
1644050 529
1644060 529
1644070 528
1644080 528
1644090 528
1644100 530
1644110 536
1644120 536
1644130 533
1644140 530
1644150 530
1644160 527
1644170 524
1644180 524
1644190 519
1644200 511
1644210 511
1644220 503
1644230 496
1644240 496
1644250 486
1644260 478
1644270 478
1644280 476
1644290 481
1644300 481
1644310 483
1644320 483
1644330 483
1644340 483
1644350 484
1644360 486
1644370 486
1644380 487
1644390 488
1644400 488
1644410 490
1644420 491
1644430 491
1644440 492
1644450 492
1644460 492
1644470 493
1644480 493
1644490 493
1644500 495
1644510 496
1644520 496
1644530 497
1644540 493
1644550 493
1644560 488
1644570 486
1644580 486
1644590 485
1644600 482
1644610 482
1644620 480
1644630 476
1644640 476
1644650 471
1644660 464
1644670 464
1644680 455
1644690 447
1644700 447
1644710 443
1644720 443
1644730 443
1644740 443
1644750 443
1644760 443
1644770 442
1644780 442
1644790 442
1644800 438
1644810 435
1644820 435
1644830 436
1644840 444
1644850 444
1644860 450
1644870 457
1644880 457
1644890 464
1644900 470
1644910 470
1644920 477
1644930 483
1644940 483
1644950 488
1644960 493
1644970 497
1644980 497
1644990 500
1645000 502
1645010 502
1645020 503
1645030 504
1645040 504
1645050 503
1645060 502
1645070 502
1645080 499
1645090 492
1645100 492
1645110 482
1645120 474
1645130 474
1645140 463
1645150 452
1645160 452
1645170 443
1645180 445
1645190 445
1645200 443
1645210 441
1645220 441
1645230 435
1645240 427
1645250 427
1645260 422
1645270 420
1645280 420
1645290 417
1645300 416
1645310 416
1645320 416
1645330 416
1645340 416
1645350 416
1645360 416
1645370 416
1645380 416
1645390 416
1645400 416
1645410 416
1645420 416
1645430 416
1645440 416
1645450 416
1645460 416
1645470 416
1645480 416
1645490 416
1645500 417
1645510 417
1645520 417
1645530 417
1645540 417
1645550 417
1645560 417
1645570 417
1645580 417
1645590 418
1645600 418
1645610 418
1645620 418
1645630 418
1645640 418
1645650 418
1645660 418
1645670 418
1645680 418
1645690 418
1645700 418
1645710 418
1645720 417
1645730 416
1645740 416
1645750 415
1645760 415
1645770 415
1645780 415
1645790 415
1645800 415
1645810 415
1645820 415
1645830 415
1645840 417
1645850 419
1645860 419
1645870 419
1645880 419
1645890 419
1645900 419
1645910 419
1645920 419
1645930 419
1645940 419
1645950 419
1645960 419
1645970 418
1645980 418
1645990 418
1646000 418
1646010 418
1646020 418
1646030 418
1646040 418
1646050 418
1646060 418
1646070 418
1646080 418
1646090 418
1646100 418
1646110 418
1646120 418
1646130 418
1646140 419
1646150 419
1646160 419
1646170 418
1646180 418
1646190 418
1646200 418
1646210 418
1646220 418
1646230 418
1646240 418
1646250 418
1646260 418
1646270 418
1646280 417
1646290 417
1646300 418
1646310 418
1646320 418
1646330 418
1646340 418
1646350 418
1646360 418
1646370 418
1646380 418
1646390 418
1646400 418
1646410 418
1646420 417
1646430 417
1646440 417
1646450 417
1646460 417
1646470 417
1646480 416
1646490 416
1646500 416
1646510 417
1646520 416
1646530 416
1646540 416
1646550 416
1646560 416
1646570 416
1646580 416
1646590 416
1646600 416
1646610 416
1646620 416
1646630 416
1646640 415
1646650 415
1646660 415
1646670 415
1646680 415
1646690 416
1646700 416
1646710 416
1646720 416
1646730 416
1646740 416
1646750 416
1646760 415
1646770 415
1646780 413
1646790 413
1646800 413
1646810 413
1646820 413
1646830 413
1646840 414
1646850 415
1646860 415
1646870 416
1646880 417
1646890 419
1646900 419
1646910 423
1646920 428
1646930 428
1646940 434
1646950 440
1646960 440
1646970 446
1646980 454
1646990 454
1647000 464
1647010 472
1647020 472
1647030 471
1647040 463
1647050 463
1647060 461
1647070 467
1647080 467
1647090 472
1647100 476
1647110 476
1647120 480
1647130 484
1647140 484
1647150 490
1647160 493
1647170 493
1647180 498
1647190 503
1647200 503
1647210 509
1647220 514
1647230 514
1647240 520
1647250 527
1647260 527
1647270 535
1647280 542
1647290 542
1647300 548
1647310 553
1647320 553
1647330 562
1647340 569
1647350 569
1647360 576
1647370 582
1647380 582
1647390 587
1647400 591
1647410 591
1647420 595
1647430 595
1647440 595
1647450 589
1647460 582
1647470 582
1647480 576
1647490 569
1647500 569
1647510 561
1647520 554
1647530 554
1647540 547
1647550 541
1647560 534
1647570 534
1647580 527
1647590 521
1647600 521
1647610 516
1647620 510
1647630 510
1647640 504
1647650 498
1647660 498
1647670 493
1647680 488
1647690 488
1647700 485
1647710 483
1647720 483
1647730 483
1647740 482
1647750 482
1647760 483
1647770 488
1647780 488
1647790 492
1647800 495
1647810 495
1647820 499
1647830 503
1647840 503
1647850 506
1647860 511
1647870 511
1647880 515
1647890 520
1647900 520
1647910 524
1647920 528
1647930 528
1647940 534
1647950 545
1647960 545
1647970 552
1647980 554
1647990 554
1648000 554
1648010 554
1648020 554
1648030 553
1648040 552
1648050 552
1648060 549
1648070 546
1648080 546
1648090 543
1648100 533
1648110 533
1648120 530
1648130 530
1648140 530
1648150 527
1648160 521
1648170 521
1648180 517
1648190 515
1648200 511
1648210 511
1648220 506
1648230 500
1648240 500
1648250 495
1648260 494
1648270 494
1648280 498
1648290 511
1648300 511
1648310 521
1648320 529
1648330 529
1648340 538
1648350 545
1648360 545
1648370 551
1648380 558
1648390 558
1648400 565
1648410 571
1648420 571
1648430 579
1648440 585
1648450 585
1648460 588
1648470 591
1648480 591
1648490 595
1648500 598
1648510 598
1648520 602
1648530 607
1648540 607
1648550 611
1648560 614
1648570 614
1648580 616
1648590 617
1648600 617
1648610 617
1648620 617
1648630 617
1648640 618
1648650 620
1648660 620
1648670 622
1648680 624
1648690 624
1648700 627
1648710 629
1648720 629
1648730 632
1648740 634
1648750 634
1648760 636
1648770 636
1648780 636
1648790 637
1648800 638
1648810 638
1648820 639
1648830 640
1648840 642
1648850 642
1648860 642
1648870 643
1648880 646
1648890 646
1648900 647
1648910 647
1648920 645
1648930 644
1648940 644
1648950 643
1648960 642
1648970 642
1648980 641
1648990 640
1649000 640
1649010 639
1649020 638
1649030 638
1649040 638
1649050 637
1649060 637
1649070 637
1649080 636
1649090 636
1649100 635
1649110 634
1649120 634
1649130 632
1649140 630
1649150 630
1649160 629
1649170 627
1649180 627
1649190 626
1649200 624
1649210 624
1649220 623
1649230 622
1649240 622
1649250 623
1649260 624
1649270 624
1649280 626
1649290 628
1649300 628
1649310 630
1649320 631
1649330 631
1649340 633
1649350 635
1649360 635
1649370 636
1649380 638
1649390 638
1649400 639
1649410 640
1649420 640
1649430 641
1649440 642
1649450 642
1649460 643
1649470 643
1649480 643
1649490 643
1649500 643
1649510 642
1649520 642
1649530 640
1649540 636
1649550 636
1649560 629
1649570 621
1649580 621
1649590 610
1649600 601
1649610 601
1649620 596
1649630 593
1649640 593
1649650 590
1649660 585
1649670 580
1649680 574
1649690 570
1649700 570
1649710 565
1649720 562
1649730 562
1649740 559
1649750 554
1649760 554
1649770 548
1649780 546
1649790 546
1649800 545
1649810 544
1649820 544
1649830 540
1649840 535
1649850 535
1649860 532
1649870 531
1649880 531
1649890 531
1649900 531
1649910 531
1649920 530
1649930 528
1649940 528
1649950 526
1649960 525
1649970 525
1649980 525
1649990 525
1650000 525
1650010 523
1650020 519
1650030 519
1650040 518
1650050 516
1650060 516
1650070 514
1650080 512
1650090 512
1650100 511
1650110 508
1650120 508
1650130 508
1650140 507
1650150 507
1650160 507
1650170 506
1650180 505
1650190 505
1650200 504
1650210 503
1650220 503
1650230 504
1650240 504
1650250 504
1650260 504
1650270 505
1650280 505
1650290 507
1650300 507
1650310 507
1650320 507
1650330 507
1650340 507
1650350 507
1650360 507
1650370 507
1650380 507
1650390 507
1650400 507
1650410 510
1650420 514
1650430 514
1650440 519
1650450 522
1650460 522
1650470 528
1650480 533
1650490 533
1650500 539
1650510 544
1650520 544
1650530 549
1650540 554
1650550 554
1650560 559
1650570 563
1650580 563
1650590 567
1650600 571
1650610 571
1650620 574
1650630 578
1650640 578
1650650 580
1650660 580
1650670 580
1650680 580
1650690 582
1650700 582
1650710 585
1650720 588
1650730 588
1650740 592
1650750 596
1650760 600
1650770 600
1650780 603
1650790 607
1650800 607
1650810 612
1650820 617
1650830 617
1650840 622
1650850 626
1650860 626
1650870 631
1650880 635
1650890 635
1650900 639
1650910 643
1650920 643
1650930 648
1650940 651
1650950 651
1650960 654
1650970 658
1650980 658
1650990 662
1651000 666
1651010 666
1651020 669
1651030 668
1651040 668
1651050 668
1651060 674
1651070 674
1651080 680
1651090 685
1651100 685
1651110 689
1651120 692
1651130 692
1651140 696
1651150 700
1651160 700
1651170 704
1651180 708
1651190 708
1651200 712
1651210 717
1651220 717
1651230 724
1651240 730
1651250 730
1651260 735
1651270 740
1651280 740
1651290 741
1651300 741
1651310 741
1651320 743
1651330 743
1651340 743
1651350 746
1651360 749
1651370 749
1651380 752
1651390 756
1651400 756
1651410 759
1651420 762
1651430 767
1651440 767
1651450 770
1651460 774
1651470 774
1651480 777
1651490 782
1651500 782
1651510 786
1651520 789
1651530 789
1651540 790
1651550 792
1651560 792
1651570 796
1651580 799
1651590 799
1651600 802
1651610 805
1651620 805
1651630 806
1651640 810
1651650 810
1651660 814
1651670 819
1651680 819
1651690 824
1651700 827
1651710 827
1651720 832
1651730 839
1651740 839
1651750 846
1651760 853
1651770 853
1651780 859
1651790 865
1651800 865
1651810 871
1651820 878
1651830 878
1651840 885
1651850 892
1651860 892
1651870 899
1651880 906
1651890 906
1651900 906
1651910 900
1651920 900
1651930 895
1651940 892
1651950 892
1651960 892
1651970 892
1651980 892
1651990 886
1652000 890
1652010 890
1652020 886
1652030 878
1652040 878
1652050 874
1652060 872
1652070 865
1652080 865
1652090 858
1652100 860
1652110 860
1652120 871
1652130 878
1652140 878
1652150 882
1652160 887
1652170 887
1652180 893
1652190 899
1652200 899
1652210 906
1652220 910
1652230 910
1652240 913
1652250 915
1652260 915
1652270 918
1652280 920
1652290 920
1652300 930
1652310 930
1652320 930
1652330 922
1652340 917
1652350 917
1652360 913
1652370 913
1652380 913
1652390 916
1652400 922
1652410 922
1652420 928
1652430 934
1652440 934
1652450 940
1652460 946
1652470 946
1652480 953
1652490 960
1652500 960
1652510 963
1652520 959
1652530 959
1652540 956
1652550 952
1652560 952
1652570 945
1652580 939
1652590 939
1652600 932
1652610 926
1652620 926
1652630 919
1652640 915
1652650 915
1652660 915
1652670 913
1652680 913
1652690 908
1652700 903
1652710 898
1652720 898
1652730 892
1652740 887
1652750 887
1652760 876
1652770 871
1652780 871
1652790 865
1652800 859
1652810 859
1652820 855
1652830 852
1652840 852
1652850 851
1652860 849
1652870 849
1652880 847
1652890 845
1652900 845
1652910 844
1652920 844
1652930 844
1652940 843
1652950 844
1652960 844
1652970 844
1652980 845
1652990 845
1653000 847
1653010 850
1653020 850
1653030 850
1653040 848
1653050 848
1653060 842
1653070 842
1653080 842
1653090 849
1653100 853
1653110 853
1653120 859
1653130 867
1653140 867
1653150 873
1653160 879
1653170 879
1653180 884
1653190 890
1653200 890
1653210 894
1653220 895
1653230 895
1653240 892
1653250 882
1653260 882
1653270 888
1653280 885
1653290 885
1653300 885
1653310 890
1653320 890
1653330 898
1653340 907
1653350 916
1653360 916
1653370 926
1653380 936
1653390 936
1653400 945
1653410 957
1653420 957
1653430 985
1653440 992
1653450 992
1653460 995
1653470 998
1653480 998
1653490 1004
1653500 1011
1653510 1011
1653520 1004
1653530 1002
1653540 1002
1653550 1004
1653560 1004
1653570 1004
1653580 1001
1653590 1003
1653600 1003
1653610 1003
1653620 1002
1653630 1002
1653640 1005
1653650 1009
1653660 1009
1653670 1008
1653680 1011
1653690 1011
1653700 1017
1653710 1020
1653720 1020
1653730 1018
1653740 1020
1653750 1020
1653760 1027
1653770 1034
1653780 1034
1653790 1037
1653800 1040
1653810 1040
1653820 1043
1653830 1044
1653840 1044
1653850 1044
1653860 1044
1653870 1044
1653880 1041
1653890 1038
1653900 1038
1653910 1042
1653920 1044
1653930 1044
1653940 1048
1653950 1052
1653960 1052
1653970 1054
1653980 1053
1653990 1056
1654000 1056
1654010 1060
1654020 1063
1654030 1063
1654040 1066
1654050 1068
1654060 1068
1654070 1071
1654080 1071
1654090 1071
1654100 1067
1654110 1066
1654120 1066
1654130 1070
1654140 1074
1654150 1074
1654160 1078
1654170 1083
1654180 1083
1654190 1086
1654200 1089
1654210 1089
1654220 1090
1654230 1090
1654240 1090
1654250 1091
1654260 1091
1654270 1091
1654280 1081
1654290 1076
1654300 1076
1654310 1069
1654320 1061
1654330 1061
1654340 1054
1654350 1046
1654360 1046
1654370 1038
1654380 1031
1654390 1031
1654400 1023
1654410 1016
1654420 1016
1654430 1009
1654440 1002
1654450 1002
1654460 995
1654470 989
1654480 989
1654490 983
1654500 977
1654510 977
1654520 971
1654530 966
1654540 966
1654550 961
1654560 955
1654570 955
1654580 949
1654590 945
1654600 945
1654610 938
1654620 930
1654630 924
1654640 924
1654650 917
1654660 910
1654670 910
1654680 903
1654690 895
1654700 895
1654710 888
1654720 880
1654730 880
1654740 874
1654750 869
1654760 869
1654770 864
1654780 860
1654790 860
1654800 855
1654810 849
1654820 849
1654830 844
1654840 839
1654850 839
1654860 836
1654870 832
1654880 832
1654890 829
1654900 826
1654910 826
1654920 821
1654930 816
1654940 816
1654950 810
1654960 803
1654970 803
1654980 797
1654990 791
1655000 791
1655010 786
1655020 782
1655030 788
1655040 786
1655050 783
1655060 783
1655070 782
1655080 781
1655090 781
1655100 778
1655110 775
1655120 775
1655130 771
1655140 768
1655150 768
1655160 763
1655170 759
1655180 759
1655190 756
1655200 752
1655210 752
1655220 747
1655230 743
1655240 743
1655250 738
1655260 733
1655270 728
1655280 728
1655290 723
1655300 718
1655310 718
1655320 714
1655330 709
1655340 709
1655350 705
1655360 701
1655370 701
1655380 697
1655390 693
1655400 693
1655410 690
1655420 688
1655430 688
1655440 687
1655450 686
1655460 686
1655470 682
1655480 681
1655490 681
1655500 680
1655510 679
1655520 679
1655530 680
1655540 681
1655550 681
1655560 682
1655570 683
1655580 683
1655590 685
1655600 686
1655610 686
1655620 688
1655630 689
1655640 689
1655650 691
1655660 694
1655670 694
1655680 697
1655690 700
1655700 700
1655710 703
1655720 707
1655730 707
1655740 710
1655750 713
1655760 713
1655770 717
1655780 721
1655790 720
1655800 725
1655810 729
1655820 729
1655830 733
1655840 738
1655850 738
1655860 742
1655870 747
1655880 747
1655890 752
1655900 756
1655910 756
1655920 761
1655930 767
1655940 772
1655950 772
1655960 777
1655970 783
1655980 783
1655990 788
1656000 794
1656010 794
1656020 799
1656030 805
1656040 805
1656050 810
1656060 815
1656070 815
1656080 821
1656090 826
1656100 826
1656110 832
1656120 839
1656130 839
1656140 845
1656150 850
1656160 850
1656170 855
1656180 861
1656190 861
1656200 866
1656210 871
1656220 871
1656230 876
1656240 881
1656250 881
1656260 886
1656270 891
1656280 891
1656290 895
1656300 899
1656310 899
1656320 903
1656330 909
1656340 909
1656350 914
1656360 920
1656370 920
1656380 926
1656390 932
1656400 932
1656410 938
1656420 944
1656430 944
1656440 950
1656450 956
1656460 956
1656470 962
1656480 968
1656490 968
1656500 975
1656510 981
1656520 981
1656530 987
1656540 993
1656550 993
1656560 999
1656570 1005
1656580 1011
1656590 1011
1656600 1017
1656610 1023
1656620 1023
1656630 1028
1656640 1033
1656650 1033
1656660 1038
1656670 1043
1656680 1043
1656690 1048
1656700 1054
1656710 1054
1656720 1059
1656730 1064
1656740 1064
1656750 1069
1656760 1075
1656770 1075
1656780 1081
1656790 1086
1656800 1086
1656810 1091
1656820 1096
1656830 1096
1656840 1101
1656850 1105
1656860 1105
1656870 1110
1656880 1115
1656890 1115
1656900 1121
1656910 1127
1656920 1127
1656930 1135
1656940 1142
1656950 1142
1656960 1150
1656970 1156
1656980 1156
1656990 1163
1657000 1170
1657010 1170
1657020 1177
1657030 1183
1657040 1183
1657050 1189
1657060 1195
1657070 1195
1657080 1200
1657090 1206
1657100 1206
1657110 1211
1657120 1215
1657130 1215
1657140 1220
1657150 1225
1657160 1225
1657170 1229
1657180 1233
1657190 1233
1657200 1236
1657210 1239
1657220 1243
1657230 1243
1657240 1247
1657250 1250
1657260 1250
1657270 1255
1657280 1256
1657290 1256
1657300 1262
1657310 1268
1657320 1268
1657330 1274
1657340 1280
1657350 1280
1657360 1286
1657370 1293
1657380 1293
1657390 1299
1657400 1305
1657410 1305
1657420 1311
1657430 1316
1657440 1316
1657450 1320
1657460 1324
1657470 1324
1657480 1327
1657490 1329
1657500 1329
1657510 1330
1657520 1330
1657530 1330
1657540 1330
1657550 1329
1657560 1329
1657570 1328
1657580 1323
1657590 1323
1657600 1318
1657610 1312
1657620 1312
1657630 1307
1657640 1303
1657650 1303
1657660 1301
1657670 1301
1657680 1301
1657690 1301
1657700 1300
1657710 1300
1657720 1299
1657730 1298
1657740 1298
1657750 1296
1657760 1295
1657770 1295
1657780 1294
1657790 1292
1657800 1292
1657810 1291
1657820 1289
1657830 1289
1657840 1288
1657850 1286
1657860 1285
1657870 1285
1657880 1284
1657890 1283
1657900 1283
1657910 1283
1657920 1282
1657930 1282
1657940 1282
1657950 1281
1657960 1281
1657970 1280
1657980 1279
1657990 1279
1658000 1280
1658010 1280
1658020 1280
1658030 1280
1658040 1281
1658050 1281
1658060 1281
1658070 1281
1658080 1281
1658090 1282
1658100 1282
1658110 1282
1658120 1284
1658130 1285
1658140 1285
1658150 1286
1658160 1288
1658170 1288
1658180 1290
1658190 1291
1658200 1291
1658210 1293
1658220 1294
1658230 1294
1658240 1295
1658250 1296
1658260 1296
1658270 1297
1658280 1297
1658290 1297
1658300 1298
1658310 1298
1658320 1298
1658330 1298
1658340 1297
1658350 1297
1658360 1296
1658370 1295
1658380 1295
1658390 1294
1658400 1292
1658410 1292
1658420 1291
1658430 1288
1658440 1288
1658450 1286
1658460 1283
1658470 1283
1658480 1280
1658490 1278
1658500 1276
1658510 1276
1658520 1274
1658530 1271
1658540 1271
1658550 1269
1658560 1266
1658570 1266
1658580 1264
1658590 1261
1658600 1261
1658610 1258
1658620 1255
1658630 1255
1658640 1252
1658650 1249
1658660 1249
1658670 1245
1658680 1242
1658690 1242
1658700 1239
1658710 1235
1658720 1235
1658730 1232
1658740 1228
1658750 1228
1658760 1225
1658770 1218
1658780 1218
1658790 1214
1658800 1210
1658810 1210
1658820 1205
1658830 1202
1658840 1202
1658850 1199
1658860 1193
1658870 1193
1658880 1188
1658890 1184
1658900 1184
1658910 1179
1658920 1174
1658930 1174
1658940 1170
1658950 1167
1658960 1167
1658970 1162
1658980 1158
1658990 1158
1659000 1154
1659010 1148
1659020 1148
1659030 1141
1659040 1134
1659050 1134
1659060 1127
1659070 1122
1659080 1122
1659090 1117
1659100 1111
1659110 1111
1659120 1105
1659130 1100
1659140 1096
1659150 1096
1659160 1091
1659170 1087
1659180 1087
1659190 1084
1659200 1081
1659210 1081
1659220 1078
1659230 1076
1659240 1076
1659250 1075
1659260 1075
1659270 1075
1659280 1075
1659290 1075
1659300 1075
1659310 1073
1659320 1070
1659330 1070
1659340 1067
1659350 1063
1659360 1063
1659370 1061
1659380 1060
1659390 1060
1659400 1059
1659410 1058
1659420 1058
1659430 1056
1659440 1052
1659450 1052
1659460 1049
1659470 1046
1659480 1046
1659490 1041
1659500 1037
1659510 1040
1659520 1038
1659530 1036
1659540 1036
1659550 1032
1659560 1028
1659570 1028
1659580 1023
1659590 1019
1659600 1019
1659610 1014
1659620 1011
1659630 1011
1659640 1006
1659650 1002
1659660 1002
1659670 998
1659680 994
1659690 994
1659700 991
1659710 986
1659720 986
1659730 981
1659740 975
1659750 975
1659760 968
1659770 962
1659780 962
1659790 959
1659800 959
1659810 961
1659820 961
1659830 963
1659840 965
1659850 965
1659860 968
1659870 972
1659880 972
1659890 976
1659900 981
1659910 981
1659920 984
1659930 988
1659940 988
1659950 992
1659960 996
1659970 996
1659980 1000
1659990 1004
