1640000 957
1640010 957
1640020 957
1640030 957
1640040 957
1640050 957
1640060 956
1640070 955
1640080 955
1640090 954
1640100 953
1640110 953
1640120 952
1640130 950
1640140 950
1640150 948
1640160 945
1640170 945
1640180 943
1640190 940
1640200 940
1640210 938
1640220 935
1640230 935
1640240 932
1640250 928
1640260 928
1640270 925
1640280 923
1640290 923
1640300 921
1640310 919
1640320 919
1640330 917
1640340 914
1640350 914
1640360 910
1640370 905
1640380 905
1640390 900
1640400 895
1640410 895
1640420 891
1640430 887
1640440 887
1640450 881
1640460 876
1640470 876
1640480 872
1640490 868
1640500 868
1640510 864
1640520 862
1640530 862
1640540 860
1640550 856
1640560 856
1640570 852
1640580 848
1640590 846
1640600 846
1640610 842
1640620 839
1640630 839
1640640 836
1640650 831
1640660 831
1640670 825
1640680 820
1640690 820
1640700 813
1640710 804
1640720 804
1640730 796
1640740 790
1640750 790
1640760 790
1640770 791
1640780 791
1640790 790
1640800 790
1640810 790
1640820 791
1640830 792
1640840 792
1640850 791
1640860 795
1640870 795
1640880 800
1640890 801
1640900 801
1640910 799
1640920 797
1640930 797
1640940 799
1640950 803
1640960 803
1640970 808
1640980 814
1640990 814
1641000 820
1641010 825
1641020 825
1641030 831
1641040 837
1641050 837
1641060 843
1641070 848
1641080 848
1641090 854
1641100 859
1641110 859
1641120 864
1641130 869
1641140 869
1641150 874
1641160 879
1641170 879
1641180 884
1641190 890
1641200 890
1641210 895
1641220 901
1641230 908
1641240 908
1641250 913
1641260 919
1641270 919
1641280 924
1641290 929
1641300 929
1641310 930
1641320 926
1641330 926
1641340 920
1641350 912
1641360 912
1641370 906
1641380 900
1641390 900
1641400 896
1641410 892
1641420 892
1641430 888
1641440 885
1641450 885
1641460 882
1641470 879
1641480 879
1641490 876
1641500 872
1641510 872
1641520 870
1641530 868
1641540 868
1641550 866
1641560 867
1641570 867
1641580 869
1641590 872
1641600 872
1641610 876
1641620 879
1641630 879
1641640 883
1641650 887
1641660 887
1641670 891
1641680 896
1641690 896
1641700 900
1641710 904
1641720 904
1641730 908
1641740 911
1641750 911
1641760 915
1641770 918
1641780 918
1641790 918
1641800 913
1641810 913
1641820 908
1641830 905
1641840 905
1641850 904
1641860 902
1641870 902
1641880 903
1641890 900
1641900 897
1641910 897
1641920 890
1641930 883
1641940 883
1641950 878
1641960 874
1641970 874
1641980 867
1641990 860
1642000 860
1642010 853
1642020 847
1642030 847
1642040 840
1642050 834
1642060 834
1642070 827
1642080 821
1642090 821
1642100 815
1642110 817
1642120 817
1642130 817
1642140 821
1642150 821
1642160 825
1642170 829
1642180 829
1642190 833
1642200 836
1642210 836
1642220 840
1642230 844
1642240 844
1642250 847
1642260 849
1642270 849
1642280 850
1642290 851
1642300 851
1642310 852
1642320 853
1642330 853
1642340 851
1642350 848
1642360 848
1642370 852
1642380 859
1642390 859
1642400 864
1642410 869
1642420 869
1642430 873
1642440 876
1642450 876
1642460 879
1642470 881
1642480 881
1642490 882
1642500 883
1642510 883
1642520 889
1642530 896
1642540 896
1642550 902
1642560 909
1642570 914
1642580 914
1642590 920
1642600 926
1642610 926
1642620 931
1642630 937
1642640 937
1642650 943
1642660 950
1642670 950
1642680 956
1642690 962
1642700 962
1642710 968
1642720 974
1642730 974
1642740 980
1642750 986
1642760 986
1642770 993
1642780 999
1642790 999
1642800 1005
1642810 1011
1642820 1011
1642830 1017
1642840 1023
1642850 1023
1642860 1028
1642870 1033
1642880 1033
1642890 1037
1642900 1040
1642910 1040
1642920 1042
1642930 1044
1642940 1041
1642950 1043
1642960 1042
1642970 1042
1642980 1040
1642990 1035
1643000 1035
1643010 1029
1643020 1022
1643030 1022
1643040 1017
1643050 1009
1643060 1009
1643070 1001
1643080 994
1643090 994
1643100 988
1643110 983
1643120 983
1643130 978
1643140 976
1643150 976
1643160 975
1643170 973
1643180 973
1643190 969
1643200 964
1643210 961
1643220 961
1643230 960
1643240 958
1643250 958
1643260 955
1643270 952
1643280 952
1643290 948
1643300 943
1643310 943
1643320 938
1643330 933
1643340 933
1643350 927
1643360 922
1643370 922
1643380 916
1643390 910
1643400 910
1643410 905
1643420 901
1643430 901
1643440 898
1643450 895
1643460 895
1643470 890
1643480 885
1643490 885
1643500 879
1643510 880
1643520 880
1643530 885
1643540 890
1643550 890
1643560 893
1643570 896
1643580 896
1643590 897
1643600 898
1643610 898
1643620 898
1643630 898
1643640 898
1643650 898
1643660 899
1643670 899
1643680 899
1643690 898
1643700 898
1643710 895
1643720 892
1643730 892
1643740 888
1643750 888
1643760 888
1643770 884
1643780 878
1643790 878
1643800 871
1643810 864
1643820 864
1643830 857
1643840 849
1643850 849
1643860 837
1643870 833
1643880 831
1643890 831
1643900 824
1643910 816
1643920 816
1643930 808
1643940 802
1643950 802
1643960 796
1643970 790
1643980 790
1643990 783
1644000 775
1644010 775
1644020 771
1644030 767
1644040 767
1644050 763
1644060 757
1644070 757
1644080 747
1644090 737
1644100 737
1644110 729
1644120 720
1644130 720
1644140 713
1644150 706
1644160 706
1644170 694
1644180 681
1644190 681
1644200 674
1644210 669
1644220 669
1644230 661
1644240 655
1644250 655
1644260 658
1644270 664
1644280 664
1644290 661
1644300 660
1644310 660
1644320 662
1644330 664
1644340 664
1644350 675
1644360 686
1644370 686
1644380 691
1644390 692
1644400 692
1644410 695
1644420 700
1644430 700
1644440 705
1644450 708
1644460 708
1644470 712
1644480 717
1644490 717
1644500 721
1644510 725
1644520 725
1644530 730
1644540 735
1644550 740
1644560 746
1644570 751
1644580 757
1644590 757
1644600 764
1644610 768
1644620 768
1644630 771
1644640 772
1644650 772
1644660 774
1644670 776
1644680 776
1644690 781
1644700 779
1644710 779
1644720 772
1644730 764
1644740 764
1644750 758
1644760 751
1644770 751
1644780 744
1644790 738
1644800 738
1644810 731
1644820 723
1644830 723
1644840 716
1644850 708
1644860 708
1644870 702
1644880 696
1644890 696
1644900 690
1644910 684
1644920 684
1644930 677
1644940 671
1644950 671
1644960 663
1644970 657
1644980 657
1644990 649
1645000 643
1645010 643
1645020 637
1645030 630
1645040 630
1645050 621
1645060 613
1645070 613
1645080 606
1645090 600
1645100 600
1645110 592
1645120 583
1645130 583
1645140 574
1645150 566
1645160 566
1645170 559
1645180 553
1645190 548
1645200 548
1645210 541
1645220 532
1645230 532
1645240 524
1645250 519
1645260 519
1645270 514
1645280 509
1645290 509
1645300 504
1645310 501
1645320 501
1645330 496
1645340 490
1645350 490
1645360 493
1645370 499
1645380 499
1645390 503
1645400 506
1645410 506
1645420 508
1645430 510
1645440 510
1645450 512
1645460 513
1645470 513
1645480 517
1645490 521
1645500 521
1645510 524
1645520 526
1645530 526
1645540 526
1645550 524
1645560 524
1645570 522
1645580 522
1645590 522
1645600 525
1645610 530
1645620 530
1645630 537
1645640 543
1645650 543
1645660 544
1645670 541
1645680 541
1645690 539
1645700 537
1645710 537
1645720 536
1645730 536
1645740 536
1645750 535
1645760 535
1645770 535
1645780 539
1645790 541
1645800 541
1645810 541
1645820 541
1645830 541
1645840 538
1645850 537
1645860 535
1645870 535
1645880 535
1645890 536
1645900 536
1645910 537
1645920 541
1645930 541
1645940 544
1645950 543
1645960 543
1645970 541
1645980 541
1645990 541
1646000 542
1646010 547
1646020 547
1646030 549
1646040 552
1646050 552
1646060 557
1646070 562
1646080 562
1646090 567
1646100 572
1646110 572
1646120 575
1646130 577
1646140 577
1646150 578
1646160 588
1646170 588
1646180 586
1646190 583
1646200 583
1646210 578
1646220 571
1646230 571
1646240 559
1646250 548
1646260 548
1646270 544
1646280 541
1646290 541
1646300 533
1646310 520
1646320 520
1646330 507
1646340 495
1646350 495
1646360 481
1646370 473
1646380 473
1646390 463
1646400 456
1646410 456
1646420 450
1646430 444
1646440 444
1646450 439
1646460 432
1646470 432
1646480 425
1646490 420
1646500 420
1646510 416
1646520 415
1646530 414
1646540 414
1646550 413
1646560 414
1646570 414
1646580 417
1646590 415
1646600 415
1646610 410
1646620 409
1646630 409
1646640 410
1646650 410
1646660 410
1646670 411
1646680 413
1646690 413
1646700 413
1646710 412
1646720 412
1646730 412
1646740 412
1646750 412
1646760 412
1646770 412
1646780 412
1646790 412
1646800 412
1646810 412
1646820 412
1646830 412
1646840 412
1646850 412
1646860 412
1646870 412
1646880 412
1646890 412
1646900 412
1646910 413
1646920 413
1646930 413
1646940 413
1646950 413
1646960 413
1646970 413
1646980 414
1646990 414
1647000 414
1647010 414
1647020 414
1647030 413
1647040 413
1647050 413
1647060 413
1647070 413
1647080 413
1647090 413
1647100 413
1647110 413
1647120 413
1647130 413
1647140 413
1647150 413
1647160 413
1647170 413
1647180 413
1647190 413
1647200 413
1647210 413
1647220 413
1647230 413
1647240 413
1647250 413
1647260 412
1647270 412
1647280 412
1647290 412
1647300 412
1647310 413
1647320 413
1647330 413
1647340 413
1647350 413
1647360 413
1647370 413
1647380 413
1647390 413
1647400 413
1647410 413
1647420 413
1647430 412
1647440 412
1647450 412
1647460 413
1647470 413
1647480 413
1647490 413
1647500 413
1647510 413
1647520 414
1647530 415
1647540 415
1647550 416
1647560 417
1647570 417
1647580 418
1647590 420
1647600 420
1647610 421
1647620 422
1647630 422
1647640 423
1647650 424
1647660 424
1647670 423
1647680 424
1647690 424
1647700 427
1647710 428
1647720 428
1647730 431
1647740 437
1647750 430
1647760 436
1647770 444
1647780 444
1647790 452
1647800 459
1647810 459
1647820 462
1647830 457
1647840 448
1647850 448
1647860 441
1647870 435
1647880 435
1647890 429
1647900 427
1647910 427
1647920 426
1647930 422
1647940 422
1647950 422
1647960 422
1647970 422
1647980 421
1647990 420
1648000 420
1648010 424
1648020 428
1648030 428
1648040 428
1648050 428
1648060 428
1648070 429
1648080 429
1648090 429
1648100 430
1648110 432
1648120 432
1648130 436
1648140 441
1648150 441
1648160 447
1648170 453
1648180 453
1648190 459
1648200 464
1648210 464
1648220 469
1648230 473
1648240 473
1648250 476
1648260 480
1648270 480
1648280 481
1648290 481
1648300 481
1648310 481
1648320 481
1648330 481
1648340 480
1648350 479
1648360 479
1648370 477
1648380 474
1648390 474
1648400 472
1648410 470
1648420 470
1648430 469
1648440 470
1648450 470
1648460 469
1648470 467
1648480 467
1648490 463
1648500 457
1648510 450
1648520 450
1648530 453
1648540 451
1648550 451
1648560 452
1648570 452
1648580 452
1648590 453
1648600 456
1648610 456
1648620 456
1648630 456
1648640 456
1648650 457
1648660 459
1648670 459
1648680 457
1648690 458
1648700 458
1648710 457
1648720 456
1648730 456
1648740 457
1648750 458
1648760 458
1648770 460
1648780 462
1648790 462
1648800 461
1648810 463
1648820 463
1648830 466
1648840 470
1648850 470
1648860 475
1648870 482
1648880 482
1648890 487
1648900 493
1648910 493
1648920 497
1648930 500
1648940 500
1648950 503
1648960 504
1648970 504
1648980 505
1648990 505
1649000 505
1649010 505
1649020 505
1649030 505
1649040 505
1649050 506
1649060 506
1649070 506
1649080 507
1649090 507
1649100 507
1649110 508
1649120 508
1649130 509
1649140 510
1649150 510
1649160 508
1649170 508
1649180 511
1649190 511
1649200 515
1649210 520
1649220 520
1649230 526
1649240 530
1649250 530
1649260 534
1649270 537
1649280 537
1649290 539
1649300 540
1649310 540
1649320 545
1649330 547
1649340 547
1649350 549
1649360 552
1649370 552
1649380 554
1649390 553
1649400 553
1649410 553
1649420 554
1649430 554
1649440 555
1649450 558
1649460 558
1649470 559
1649480 561
1649490 561
1649500 565
1649510 567
1649520 567
1649530 569
1649540 571
1649550 571
1649560 572
1649570 572
1649580 572
1649590 571
1649600 567
1649610 567
1649620 564
1649630 563
1649640 563
1649650 561
1649660 559
1649670 559
1649680 554
1649690 551
1649700 551
1649710 555
1649720 556
1649730 556
1649740 557
1649750 558
1649760 558
1649770 558
1649780 559
1649790 559
1649800 559
1649810 559
1649820 558
1649830 558
1649840 558
1649850 558
1649860 558
1649870 557
1649880 555
1649890 555
1649900 553
1649910 553
1649920 553
1649930 553
1649940 553
1649950 553
1649960 554
1649970 554
1649980 554
1649990 555
1650000 554
1650010 554
1650020 552
1650030 550
1650040 550
1650050 547
1650060 546
1650070 546
1650080 545
1650090 543
1650100 547
1650110 545
1650120 543
1650130 543
1650140 540
1650150 538
1650160 538
1650170 535
1650180 533
1650190 533
1650200 532
1650210 530
1650220 530
1650230 529
1650240 529
1650250 529
1650260 526
1650270 521
1650280 521
1650290 519
1650300 517
1650310 517
1650320 515
1650330 512
1650340 512
1650350 510
1650360 509
1650370 509
1650380 507
1650390 505
1650400 505
1650410 501
1650420 495
1650430 495
1650440 489
1650450 485
1650460 485
1650470 483
1650480 481
1650490 479
1650500 479
1650510 475
1650520 470
1650530 470
1650540 465
1650550 461
1650560 461
1650570 458
1650580 455
1650590 455
1650600 453
1650610 453
1650620 453
1650630 453
1650640 453
1650650 453
1650660 452
1650670 452
1650680 452
1650690 452
1650700 451
1650710 451
1650720 452
1650730 451
1650740 451
1650750 451
1650760 451
1650770 451
1650780 450
1650790 448
1650800 448
1650810 449
1650820 450
1650830 450
1650840 452
1650850 458
1650860 458
1650870 464
1650880 464
1650890 464
1650900 469
1650910 473
1650920 473
1650930 476
1650940 479
1650950 479
1650960 482
1650970 485
1650980 485
1650990 487
1651000 488
1651010 488
1651020 490
1651030 491
1651040 491
1651050 492
1651060 491
1651070 491
1651080 489
1651090 489
1651100 489
1651110 490
1651120 491
1651130 493
1651140 493
1651150 494
1651160 496
1651170 496
1651180 497
1651190 498
1651200 498
1651210 498
1651220 498
1651230 498
1651240 498
1651250 498
1651260 498
1651270 498
1651280 498
1651290 498
1651300 498
1651310 498
1651320 498
1651330 498
1651340 498
1651350 498
1651360 499
1651370 499
1651380 499
1651390 500
1651400 500
1651410 500
1651420 497
1651430 491
1651440 491
1651450 488
1651460 488
1651470 488
1651480 490
1651490 492
1651500 492
1651510 493
1651520 493
1651530 493
1651540 493
1651550 493
1651560 493
1651570 495
1651580 498
1651590 498
1651600 501
1651610 503
1651620 503
1651630 505
1651640 506
1651650 504
1651660 505
1651670 506
1651680 506
1651690 506
1651700 504
1651710 504
1651720 502
1651730 498
1651740 498
1651750 496
1651760 494
1651770 494
1651780 493
1651790 494
1651800 494
1651810 494
1651820 493
1651830 492
1651840 492
1651850 492
1651860 492
1651870 492
1651880 492
1651890 492
1651900 492
1651910 491
1651920 491
1651930 491
1651940 493
1651950 494
1651960 494
1651970 495
1651980 498
1651990 498
1652000 499
1652010 500
1652020 500
1652030 500
1652040 498
1652050 498
1652060 497
1652070 497
1652080 497
1652090 498
1652100 498
1652110 498
1652120 499
1652130 504
1652140 504
1652150 510
1652160 514
1652170 514
1652180 518
1652190 522
1652200 522
1652210 525
1652220 527
1652230 527
1652240 529
1652250 530
1652260 530
1652270 531
1652280 531
1652290 531
1652300 529
1652310 526
1652320 526
1652330 524
1652340 525
1652350 525
1652360 526
1652370 528
1652380 528
1652390 530
1652400 533
1652410 533
1652420 537
1652430 541
1652440 541
1652450 544
1652460 546
1652470 547
1652480 547
1652490 548
1652500 548
1652510 548
1652520 549
1652530 550
1652540 550
1652550 551
1652560 551
1652570 551
1652580 551
1652590 551
1652600 551
1652610 550
1652620 550
1652630 550
1652640 550
1652650 550
1652660 550
1652670 551
1652680 552
1652690 552
1652700 553
1652710 553
1652720 553
1652730 554
1652740 555
1652750 555
1652760 556
1652770 556
1652780 556
1652790 555
1652800 553
1652810 553
1652820 551
1652830 549
1652840 549
1652850 549
1652860 549
1652870 549
1652880 550
1652890 550
1652900 550
1652910 551
1652920 552
1652930 552
1652940 552
1652950 552
1652960 552
1652970 552
1652980 552
1652990 552
1653000 551
1653010 551
1653020 551
1653030 550
1653040 550
1653050 550
1653060 549
1653070 549
1653080 549
1653090 550
1653100 550
1653110 551
1653120 551
1653130 551
1653140 552
1653150 552
1653160 552
1653170 552
1653180 549
1653190 549
1653200 549
1653210 549
1653220 549
1653230 548
1653240 548
1653250 548
1653260 547
1653270 547
1653280 546
1653290 545
1653300 545
1653310 544
1653320 543
1653330 543
1653340 542
1653350 541
1653360 541
1653370 540
1653380 539
1653390 539
1653400 538
1653410 537
1653420 537
1653430 536
1653440 535
1653450 535
1653460 535
1653470 534
1653480 534
1653490 533
1653500 533
1653510 533
1653520 532
1653530 531
1653540 531
1653550 530
1653560 529
1653570 529
1653580 528
1653590 528
1653600 528
1653610 528
1653620 529
1653630 529
1653640 529
1653650 530
1653660 530
1653670 531
1653680 532
1653690 532
1653700 534
1653710 535
1653720 535
1653730 535
1653740 536
1653750 536
1653760 536
1653770 535
1653780 534
1653790 534
1653800 534
1653810 534
1653820 534
1653830 534
1653840 535
1653850 535
1653860 535
1653870 536
1653880 536
1653890 537
1653900 537
1653910 537
1653920 538
1653930 539
1653940 537
1653950 537
1653960 537
1653970 537
1653980 537
1653990 538
1654000 538
1654010 537
1654020 537
1654030 537
1654040 538
1654050 538
1654060 538
1654070 539
1654080 540
1654090 540
1654100 540
1654110 539
1654120 539
1654130 537
1654140 535
1654150 535
1654160 534
1654170 534
1654180 534
1654190 535
1654200 536
1654210 536
1654220 538
1654230 539
1654240 539
1654250 540
1654260 542
1654270 542
1654280 544
1654290 545
1654300 545
1654310 547
1654320 547
1654330 547
1654340 549
1654350 550
1654360 550
1654370 554
1654380 558
1654390 558
1654400 562
1654410 566
1654420 569
1654430 569
1654440 573
1654450 576
1654460 576
1654470 578
1654480 581
1654490 581
1654500 583
1654510 585
1654520 585
1654530 587
1654540 589
1654550 589
1654560 591
1654570 592
1654580 592
1654590 594
1654600 596
1654610 596
1654620 598
1654630 599
1654640 599
1654650 600
1654660 600
1654670 600
1654680 595
1654690 590
1654700 584
1654710 579
1654720 575
1654730 575
1654740 571
1654750 567
1654760 567
1654770 562
1654780 560
1654790 560
1654800 560
1654810 560
1654820 560
1654830 560
1654840 560
1654850 560
1654860 557
1654870 557
1654880 557
1654890 559
1654900 560
1654910 560
1654920 561
1654930 563
1654940 563
1654950 564
1654960 564
1654970 564
1654980 565
1654990 566
1655000 566
1655010 567
1655020 569
1655030 569
1655040 572
1655050 578
1655060 578
1655070 583
1655080 589
1655090 593
1655100 593
1655110 595
1655120 601
1655130 601
1655140 607
1655150 612
1655160 612
1655170 617
1655180 620
1655190 620
1655200 622
1655210 624
1655220 624
1655230 626
1655240 628
1655250 628
1655260 633
1655270 639
1655280 639
1655290 645
1655300 651
1655310 651
1655320 656
1655330 659
1655340 659
1655350 662
1655360 667
1655370 667
1655380 672
1655390 677
1655400 677
1655410 683
1655420 689
1655430 689
1655440 696
1655450 703
1655460 703
1655470 709
1655480 717
1655490 717
1655500 724
1655510 731
1655520 731
1655530 738
1655540 745
1655550 745
1655560 752
1655570 759
1655580 759
1655590 765
1655600 772
1655610 772
1655620 778
1655630 784
1655640 784
1655650 789
1655660 794
1655670 794
1655680 796
1655690 797
1655700 797
1655710 798
1655720 801
1655730 801
1655740 804
1655750 805
1655760 806
1655770 806
1655780 808
1655790 811
1655800 811
1655810 813
1655820 816
1655830 816
1655840 817
1655850 819
1655860 819
1655870 823
1655880 827
1655890 827
1655900 831
1655910 836
1655920 836
1655930 842
1655940 848
1655950 848
1655960 855
1655970 861
1655980 861
1655990 868
1656000 874
1656010 874
1656020 881
1656030 888
1656040 888
1656050 895
1656060 902
1656070 902
1656080 909
1656090 916
1656100 916
1656110 922
1656120 927
1656130 927
1656140 933
1656150 938
1656160 938
1656170 943
1656180 947
1656190 947
1656200 952
1656210 961
1656220 961
1656230 965
1656240 969
1656250 969
1656260 974
1656270 978
1656280 978
1656290 983
1656300 986
1656310 986
1656320 989
1656330 988
1656340 988
1656350 985
1656360 980
1656370 980
1656380 975
1656390 972
1656400 969
1656410 969
1656420 966
1656430 963
1656440 963
1656450 963
1656460 964
1656470 964
1656480 964
1656490 963
1656500 963
1656510 960
1656520 955
1656530 955
1656540 950
1656550 948
1656560 948
1656570 950
1656580 953
1656590 953
1656600 956
1656610 959
1656620 959
1656630 962
1656640 965
1656650 965
1656660 968
1656670 972
1656680 972
1656690 975
1656700 978
1656710 978
1656720 981
1656730 984
1656740 984
1656750 987
1656760 990
1656770 990
1656780 990
1656790 989
1656800 989
1656810 991
1656820 994
1656830 994
1656840 997
1656850 1000
1656860 1000
1656870 1004
1656880 1006
1656890 1006
1656900 1009
1656910 1010
1656920 1010
1656930 1011
1656940 1012
1656950 1017
1656960 1013
1656970 1007
1656980 1007
1656990 1003
1657000 998
1657010 998
1657020 996
1657030 997
1657040 997
1657050 999
1657060 1002
1657070 1005
1657080 1005
1657090 1008
1657100 1012
1657110 1012
1657120 1017
1657130 1021
1657140 1021
1657150 1026
1657160 1030
1657170 1030
1657180 1032
1657190 1035
1657200 1035
1657210 1038
1657220 1039
1657230 1039
1657240 1039
1657250 1039
1657260 1039
1657270 1038
1657280 1037
1657290 1037
1657300 1033
1657310 1028
1657320 1028
1657330 1025
1657340 1024
1657350 1024
1657360 1027
1657370 1032
1657380 1032
1657390 1035
1657400 1039
1657410 1039
1657420 1043
1657430 1047
1657440 1047
1657450 1050
1657460 1053
1657470 1053
1657480 1055
1657490 1057
1657500 1057
1657510 1059
1657520 1060
1657530 1060
1657540 1062
1657550 1064
1657560 1064
1657570 1066
1657580 1069
1657590 1069
1657600 1071
1657610 1075
1657620 1075
1657630 1080
1657640 1086
1657650 1086
1657660 1091
1657670 1097
1657680 1097
1657690 1103
1657700 1111
1657710 1111
1657720 1117
1657730 1123
1657740 1129
1657750 1129
1657760 1135
1657770 1141
1657780 1141
1657790 1145
1657800 1151
1657810 1151
1657820 1157
1657830 1163
1657840 1163
1657850 1168
1657860 1172
1657870 1172
1657880 1177
1657890 1180
1657900 1180
1657910 1183
1657920 1185
1657930 1185
1657940 1188
1657950 1191
1657960 1191
1657970 1193
1657980 1196
1657990 1196
1658000 1197
1658010 1198
1658020 1198
1658030 1200
1658040 1201
1658050 1201
1658060 1201
1658070 1201
1658080 1201
1658090 1201
1658100 1200
1658110 1200
1658120 1200
1658130 1199
1658140 1199
1658150 1197
1658160 1196
1658170 1196
1658180 1195
1658190 1193
1658200 1193
1658210 1191
1658220 1188
1658230 1188
1658240 1184
1658250 1180
1658260 1180
1658270 1175
1658280 1168
1658290 1168
1658300 1162
1658310 1155
1658320 1155
1658330 1148
1658340 1141
1658350 1141
1658360 1134
1658370 1128
1658380 1122
1658390 1122
1658400 1117
1658410 1111
1658420 1111
1658430 1106
1658440 1102
1658450 1102
1658460 1097
1658470 1093
1658480 1093
1658490 1089
1658500 1084
1658510 1084
1658520 1079
1658530 1074
1658540 1074
1658550 1071
1658560 1068
1658570 1068
1658580 1065
1658590 1062
1658600 1062
1658610 1060
1658620 1056
1658630 1056
1658640 1052
1658650 1049
1658660 1049
1658670 1045
1658680 1041
1658690 1041
1658700 1037
1658710 1033
1658720 1033
1658730 1031
1658740 1028
1658750 1028
1658760 1027
1658770 1025
1658780 1025
1658790 1024
1658800 1023
1658810 1023
1658820 1021
1658830 1020
1658840 1020
1658850 1018
1658860 1017
1658870 1017
1658880 1015
1658890 1014
1658900 1014
1658910 1012
1658920 1011
1658930 1011
1658940 1010
1658950 1009
1658960 1009
1658970 1008
1658980 1008
1658990 1008
1659000 1007
1659010 1008
1659020 1008
1659030 1008
1659040 1006
1659050 1006
1659060 1006
1659070 1005
1659080 1005
1659090 1005
1659100 1004
1659110 1003
1659120 1003
1659130 1003
1659140 1002
1659150 1002
1659160 1002
1659170 1003
1659180 1004
1659190 1004
1659200 1005
1659210 1005
1659220 1005
1659230 1005
1659240 1005
1659250 1005
1659260 1005
1659270 1005
1659280 1005
1659290 1004
1659300 1004
1659310 1002
1659320 1002
1659330 1002
1659340 1001
1659350 1002
1659360 1002
1659370 1003
1659380 1003
1659390 1003
1659400 1003
1659410 1002
1659420 1002
1659430 1001
1659440 999
1659450 999
1659460 997
1659470 997
1659480 997
1659490 997
1659500 996
1659510 996
1659520 995
1659530 994
1659540 994
1659550 993
1659560 992
1659570 992
1659580 991
1659590 990
1659600 990
1659610 989
1659620 988
1659630 988
1659640 987
1659650 987
1659660 987
1659670 988
1659680 988
1659690 988
1659700 986
1659710 986
1659720 986
1659730 986
1659740 986
1659750 985
1659760 985
1659770 983
1659780 982
1659790 982
1659800 980
1659810 982
1659820 982
1659830 983
1659840 984
1659850 984
1659860 984
1659870 983
1659880 983
1659890 981
1659900 979
1659910 979
1659920 979
1659930 979
1659940 979
1659950 981
1659960 983
1659970 983
1659980 983
1659990 982
