1640000 600
1640010 597
1640020 597
1640030 593
1640040 590
1640050 590
1640060 588
1640070 585
1640080 585
1640090 582
1640100 580
1640110 580
1640120 576
1640130 573
1640140 573
1640150 569
1640160 565
1640170 565
1640180 563
1640190 560
1640200 560
1640210 557
1640220 555
1640230 555
1640240 550
1640250 544
1640260 544
1640270 536
1640280 529
1640290 529
1640300 525
1640310 526
1640320 526
1640330 527
1640340 528
1640350 531
1640360 531
1640370 534
1640380 538
1640390 538
1640400 542
1640410 547
1640420 547
1640430 551
1640440 555
1640450 555
1640460 558
1640470 560
1640480 560
1640490 564
1640500 570
1640510 570
1640520 576
1640530 582
1640540 582
1640550 587
1640560 592
1640570 592
1640580 597
1640590 602
1640600 602
1640610 608
1640620 613
1640630 613
1640640 618
1640650 624
1640660 624
1640670 630
1640680 636
1640690 636
1640700 642
1640710 648
1640720 648
1640730 655
1640740 661
1640750 661
1640760 669
1640770 677
1640780 677
1640790 685
1640800 697
1640810 697
1640820 709
1640830 717
1640840 717
1640850 723
1640860 730
1640870 730
1640880 735
1640890 740
1640900 740
1640910 743
1640920 748
1640930 748
1640940 753
1640950 759
1640960 759
1640970 765
1640980 773
1640990 773
1641000 780
1641010 785
1641020 791
1641030 791
1641040 799
1641050 807
1641060 807
1641070 817
1641080 827
1641090 827
1641100 836
1641110 844
1641120 844
1641130 849
1641140 852
1641150 852
1641160 855
1641170 859
1641180 859
1641190 862
1641200 864
1641210 864
1641220 866
1641230 867
1641240 867
1641250 868
1641260 870
1641270 870
1641280 869
1641290 871
1641300 871
1641310 872
1641320 874
1641330 874
1641340 876
1641350 879
1641360 879
1641370 881
1641380 884
1641390 884
1641400 886
1641410 888
1641420 888
1641430 889
1641440 890
1641450 890
1641460 891
1641470 892
1641480 892
1641490 892
1641500 893
1641510 893
1641520 893
1641530 894
1641540 894
1641550 894
1641560 894
1641570 894
1641580 894
1641590 893
1641600 893
1641610 893
1641620 893
1641630 893
1641640 892
1641650 891
1641660 891
1641670 890
1641680 889
1641690 889
1641700 888
1641710 886
1641720 884
1641730 884
1641740 882
1641750 879
1641760 879
1641770 877
1641780 874
1641790 874
1641800 870
1641810 866
1641820 866
1641830 861
1641840 857
1641850 857
1641860 853
1641870 849
1641880 849
1641890 845
1641900 841
1641910 841
1641920 838
1641930 834
1641940 834
1641950 830
1641960 828
1641970 828
1641980 825
1641990 824
1642000 824
1642010 823
1642020 822
1642030 822
1642040 821
1642050 822
1642060 822
1642070 823
1642080 824
1642090 824
1642100 823
1642110 821
1642120 821
1642130 821
1642140 823
1642150 823
1642160 826
1642170 829
1642180 829
1642190 832
1642200 834
1642210 834
1642220 837
1642230 840
1642240 840
1642250 843
1642260 845
1642270 845
1642280 848
1642290 851
1642300 851
1642310 854
1642320 856
1642330 856
1642340 859
1642350 861
1642360 861
1642370 864
1642380 867
1642390 869
1642400 869
1642410 871
1642420 873
1642430 873
1642440 873
1642450 873
1642460 873
1642470 873
1642480 873
1642490 873
1642500 875
1642510 877
1642520 877
1642530 880
1642540 883
1642550 883
1642560 886
1642570 889
1642580 889
1642590 891
1642600 894
1642610 894
1642620 898
1642630 901
1642640 901
1642650 904
1642660 907
1642670 907
1642680 910
1642690 913
1642700 913
1642710 916
1642720 920
1642730 920
1642740 923
1642750 926
1642760 926
1642770 930
1642780 934
1642790 934
1642800 939
1642810 944
1642820 944
1642830 950
1642840 955
1642850 955
1642860 960
1642870 964
1642880 964
1642890 968
1642900 972
1642910 972
1642920 975
1642930 977
1642940 977
1642950 979
1642960 981
1642970 981
1642980 983
1642990 984
1643000 984
1643010 986
1643020 988
1643030 988
1643040 990
1643050 992
1643060 992
1643070 994
1643080 996
1643090 997
1643100 997
1643110 999
1643120 1001
1643130 1001
1643140 1002
1643150 1004
1643160 1004
1643170 1006
1643180 1008
1643190 1008
1643200 1010
1643210 1011
1643220 1011
1643230 1012
1643240 1013
1643250 1013
1643260 1014
1643270 1014
1643280 1014
1643290 1016
1643300 1017
1643310 1017
1643320 1020
1643330 1022
1643340 1022
1643350 1025
1643360 1027
1643370 1027
1643380 1028
1643390 1027
1643400 1027
1643410 1025
1643420 1022
1643430 1022
1643440 1020
1643450 1018
1643460 1018
1643470 1015
1643480 1013
1643490 1013
1643500 1011
1643510 1008
1643520 1008
1643530 1006
1643540 1004
1643550 1004
1643560 1002
1643570 1000
1643580 1000
1643590 999
1643600 997
1643610 997
1643620 996
1643630 994
1643640 994
1643650 993
1643660 991
1643670 991
1643680 988
1643690 985
1643700 985
1643710 982
1643720 978
1643730 979
1643740 974
1643750 970
1643760 965
1643770 965
1643780 960
1643790 957
1643800 957
1643810 954
1643820 952
1643830 952
1643840 949
1643850 946
1643860 946
1643870 945
1643880 944
1643890 944
1643900 944
1643910 942
1643920 942
1643930 940
1643940 938
1643950 938
1643960 936
1643970 935
1643980 935
1643990 934
1644000 932
1644010 932
1644020 931
1644030 931
1644040 931
1644050 933
1644060 936
1644070 936
1644080 938
1644090 941
1644100 941
1644110 942
1644120 943
1644130 943
1644140 945
1644150 947
1644160 947
1644170 948
1644180 950
1644190 950
1644200 952
1644210 953
1644220 953
1644230 954
1644240 955
1644250 955
1644260 957
1644270 958
1644280 958
1644290 960
1644300 962
1644310 962
1644320 964
1644330 967
1644340 967
1644350 969
1644360 971
1644370 971
1644380 972
1644390 972
1644400 972
1644410 973
1644420 974
1644430 974
1644440 974
1644450 974
1644460 973
1644470 973
1644480 970
1644490 965
1644500 965
1644510 958
1644520 951
1644530 950
1644540 943
1644550 937
1644560 937
1644570 931
1644580 926
1644590 926
1644600 922
1644610 918
1644620 918
1644630 914
1644640 911
1644650 911
1644660 906
1644670 903
1644680 903
1644690 898
1644700 894
1644710 894
1644720 890
1644730 887
1644740 887
1644750 884
1644760 881
1644770 881
1644780 877
1644790 874
1644800 874
1644810 870
1644820 866
1644830 866
1644840 861
1644850 857
1644860 857
1644870 856
1644880 857
1644890 857
1644900 859
1644910 862
1644920 862
1644930 865
1644940 867
1644950 867
1644960 870
1644970 873
1644980 873
1644990 877
1645000 881
1645010 881
1645020 885
1645030 890
1645040 890
1645050 894
1645060 899
1645070 899
1645080 904
1645090 909
1645100 909
1645110 914
1645120 919
1645130 924
1645140 924
1645150 928
1645160 934
1645170 934
1645180 939
1645190 944
1645200 944
1645210 949
1645220 954
1645230 954
1645240 959
1645250 964
1645260 964
1645270 969
1645280 975
1645290 975
1645300 980
1645310 985
1645320 985
1645330 990
1645340 992
1645350 992
1645360 996
1645370 1001
1645380 1001
1645390 1005
1645400 1009
1645410 1009
1645420 1014
1645430 1019
1645440 1019
1645450 1023
1645460 1027
1645470 1027
1645480 1031
1645490 1035
1645500 1035
1645510 1039
1645520 1043
1645530 1043
1645540 1046
1645550 1048
1645560 1048
1645570 1049
1645580 1046
1645590 1046
1645600 1042
1645610 1037
1645620 1037
1645630 1033
1645640 1027
1645650 1027
1645660 1020
1645670 1013
1645680 1013
1645690 1006
1645700 1000
1645710 1000
1645720 995
1645730 991
1645740 991
1645750 987
1645760 983
1645770 983
1645780 979
1645790 975
1645800 975
1645810 972
1645820 970
1645830 967
1645840 967
1645850 965
1645860 963
1645870 963
1645880 963
1645890 963
1645900 963
1645910 962
1645920 962
1645930 962
1645940 962
1645950 963
1645960 963
1645970 963
1645980 964
1645990 964
1646000 964
1646010 963
1646020 963
1646030 962
1646040 960
1646050 960
1646060 958
1646070 955
1646080 955
1646090 952
1646100 948
1646110 948
1646120 942
1646130 934
1646140 935
1646150 928
1646160 917
1646170 917
1646180 907
1646190 899
1646200 899
1646210 893
1646220 886
1646230 886
1646240 879
1646250 870
1646260 870
1646270 863
1646280 856
1646290 856
1646300 850
1646310 844
1646320 844
1646330 839
1646340 833
1646350 833
1646360 827
1646370 821
1646380 821
1646390 815
1646400 810
1646410 810
1646420 805
1646430 800
1646440 800
1646450 796
1646460 793
1646470 793
1646480 788
1646490 784
1646500 780
1646510 780
1646520 777
1646530 772
1646540 772
1646550 768
1646560 764
1646570 764
1646580 760
1646590 756
1646600 756
1646610 752
1646620 747
1646630 747
1646640 738
1646650 729
1646660 729
1646670 724
1646680 723
1646690 723
1646700 719
1646710 715
1646720 715
1646730 712
1646740 707
1646750 707
1646760 701
1646770 697
1646780 697
1646790 696
1646800 693
1646810 693
1646820 691
1646830 690
1646840 690
1646850 687
1646860 684
1646870 684
1646880 681
1646890 677
1646900 677
1646910 673
1646920 668
1646930 671
1646940 667
1646950 659
1646960 659
1646970 652
1646980 649
1646990 649
1647000 645
1647010 640
1647020 640
1647030 639
1647040 637
1647050 637
1647060 635
1647070 634
1647080 634
1647090 633
1647100 632
1647110 632
1647120 632
1647130 631
1647140 631
1647150 630
1647160 628
1647170 628
1647180 627
1647190 625
1647200 623
1647210 623
1647220 620
1647230 615
1647240 615
1647250 610
1647260 605
1647270 605
1647280 599
1647290 594
1647300 594
1647310 588
1647320 581
1647330 581
1647340 570
1647350 563
1647360 563
1647370 569
1647380 575
1647390 575
1647400 578
1647410 582
1647420 582
1647430 585
1647440 588
1647450 588
1647460 591
1647470 592
1647480 592
1647490 590
1647500 591
1647510 591
1647520 592
1647530 594
1647540 594
1647550 596
1647560 599
1647570 599
1647580 601
1647590 602
1647600 602
1647610 604
1647620 608
1647630 608
1647640 610
1647650 610
1647660 610
1647670 611
1647680 613
1647690 613
1647700 615
1647710 618
1647720 625
1647730 628
1647740 630
1647750 630
1647760 631
1647770 629
1647780 629
1647790 626
1647800 621
1647810 621
1647820 614
1647830 609
1647840 609
1647850 604
1647860 600
1647870 600
1647880 596
1647890 593
1647900 591
1647910 591
1647920 589
1647930 587
1647940 587
1647950 585
1647960 584
1647970 584
1647980 580
1647990 575
1648000 575
1648010 569
1648020 565
1648030 565
1648040 562
1648050 559
1648060 559
1648070 556
1648080 552
1648090 552
1648100 545
1648110 544
1648120 544
1648130 545
1648140 541
1648150 541
1648160 541
1648170 542
1648180 542
1648190 542
1648200 544
1648210 544
1648220 544
1648230 545
1648240 545
1648250 547
1648260 549
1648270 549
1648280 551
1648290 554
1648300 554
1648310 555
1648320 555
1648330 555
1648340 554
1648350 554
1648360 554
1648370 553
1648380 552
1648390 552
1648400 551
1648410 551
1648420 551
1648430 550
1648440 549
1648450 549
1648460 546
1648470 540
1648480 540
1648490 538
1648500 538
1648510 542
1648520 539
1648530 537
1648540 537
1648550 535
1648560 534
1648570 533
1648580 533
1648590 531
1648600 527
1648610 527
1648620 523
1648630 520
1648640 520
1648650 517
1648660 515
1648670 515
1648680 513
1648690 512
1648700 512
1648710 508
1648720 502
1648730 502
1648740 494
1648750 485
1648760 485
1648770 483
1648780 481
1648790 481
1648800 474
1648810 468
1648820 468
1648830 465
1648840 460
1648850 460
1648860 456
1648870 456
1648880 456
1648890 456
1648900 457
1648910 457
1648920 457
1648930 459
1648940 459
1648950 465
1648960 468
1648970 468
1648980 466
1648990 463
1649000 463
1649010 459
1649020 456
1649030 456
1649040 454
1649050 451
1649060 451
1649070 448
1649080 442
1649090 442
1649100 433
1649110 427
1649120 427
1649130 422
1649140 418
1649150 418
1649160 418
1649170 419
1649180 419
1649190 418
1649200 418
1649210 418
1649220 416
1649230 415
1649240 415
1649250 413
1649260 413
1649270 414
1649280 414
1649290 421
1649300 421
1649310 421
1649320 422
1649330 424
1649340 424
1649350 424
1649360 424
1649370 424
1649380 424
1649390 424
1649400 424
1649410 425
1649420 425
1649430 425
1649440 425
1649450 426
1649460 426
1649470 427
1649480 431
1649490 431
1649500 438
1649510 447
1649520 447
1649530 456
1649540 467
1649550 467
1649560 477
1649570 484
1649580 484
1649590 490
1649600 496
1649610 496
1649620 502
1649630 507
1649640 507
1649650 511
1649660 513
1649670 513
1649680 513
1649690 511
1649700 511
1649710 508
1649720 504
1649730 504
1649740 500
1649750 496
1649760 496
1649770 490
1649780 484
1649790 484
1649800 477
1649810 471
1649820 471
1649830 465
1649840 460
1649850 460
1649860 454
1649870 448
1649880 448
1649890 442
1649900 436
1649910 436
1649920 431
1649930 424
1649940 419
1649950 419
1649960 413
1649970 409
1649980 409
1649990 407
1650000 407
1650010 407
1650020 407
1650030 407
1650040 407
1650050 407
1650060 406
1650070 406
1650080 405
1650090 404
1650100 404
1650110 399
1650120 398
1650130 398
1650140 397
1650150 397
1650160 397
1650170 399
1650180 401
1650190 401
1650200 403
1650210 405
1650220 405
1650230 406
1650240 407
1650250 407
1650260 407
1650270 407
1650280 407
1650290 408
1650300 410
1650310 410
1650320 415
1650330 421
1650340 421
1650350 426
1650360 431
1650370 431
1650380 437
1650390 443
1650400 443
1650410 449
1650420 452
1650430 452
1650440 454
1650450 454
1650460 454
1650470 454
1650480 456
1650490 456
1650500 457
1650510 453
1650520 453
1650530 451
1650540 446
1650550 446
1650560 445
1650570 453
1650580 453
1650590 460
1650600 465
1650610 465
1650620 470
1650630 478
1650640 483
1650650 483
1650660 485
1650670 483
1650680 483
1650690 483
1650700 484
1650710 484
1650720 486
1650730 491
1650740 491
1650750 496
1650760 499
1650770 499
1650780 501
1650790 501
1650800 501
1650810 502
1650820 503
1650830 503
1650840 506
1650850 515
1650860 515
1650870 519
1650880 523
1650890 523
1650900 525
1650910 529
1650920 529
1650930 533
1650940 536
1650950 536
1650960 539
1650970 540
1650980 540
1650990 537
1651000 531
1651010 531
1651020 525
1651030 520
1651040 520
1651050 516
1651060 512
1651070 512
1651080 508
1651090 504
1651100 504
1651110 506
1651120 511
1651130 511
1651140 514
1651150 518
1651160 518
1651170 519
1651180 519
1651190 519
1651200 518
1651210 516
1651220 516
1651230 511
1651240 502
1651250 502
1651260 499
1651270 506
1651280 506
1651290 515
1651300 520
1651310 523
1651320 523
1651330 527
1651340 531
1651350 531
1651360 535
1651370 540
1651380 540
1651390 545
1651400 548
1651410 548
1651420 553
1651430 556
1651440 556
1651450 558
1651460 561
1651470 561
1651480 564
1651490 567
1651500 567
1651510 569
1651520 571
1651530 571
1651540 574
1651550 576
1651560 576
1651570 578
1651580 580
1651590 580
1651600 582
1651610 584
1651620 580
1651630 582
1651640 584
1651650 584
1651660 586
1651670 588
1651680 588
1651690 591
1651700 594
1651710 594
1651720 597
1651730 599
1651740 599
1651750 602
1651760 603
1651770 603
1651780 604
1651790 605
1651800 605
1651810 604
1651820 604
1651830 604
1651840 603
1651850 602
1651860 602
1651870 600
1651880 596
1651890 596
1651900 592
1651910 588
1651920 588
1651930 584
1651940 579
1651950 579
1651960 574
1651970 573
1651980 573
1651990 570
1652000 565
1652010 560
1652020 560
1652030 555
1652040 552
1652050 552
1652060 548
1652070 543
1652080 543
1652090 543
1652100 545
1652110 545
1652120 547
1652130 552
1652140 552
1652150 558
1652160 564
1652170 564
1652180 571
1652190 576
1652200 576
1652210 572
1652220 564
1652230 564
1652240 557
1652250 552
1652260 552
1652270 548
1652280 553
1652290 553
1652300 560
1652310 557
1652320 557
1652330 556
1652340 557
1652350 557
1652360 561
1652370 566
1652380 566
1652390 568
1652400 569
1652410 569
1652420 572
1652430 574
1652440 574
1652450 576
1652460 577
1652470 577
1652480 576
1652490 571
1652500 571
1652510 568
1652520 564
1652530 564
1652540 560
1652550 557
1652560 557
1652570 554
1652580 550
1652590 550
1652600 546
1652610 545
1652620 545
1652630 544
1652640 544
1652650 544
1652660 544
1652670 544
1652680 546
1652690 546
1652700 548
1652710 550
1652720 550
1652730 554
1652740 557
1652750 557
1652760 563
1652770 567
1652780 567
1652790 572
1652800 576
1652810 576
1652820 580
1652830 584
1652840 584
1652850 589
1652860 593
1652870 593
1652880 600
1652890 607
1652900 607
1652910 613
1652920 620
1652930 620
1652940 626
1652950 629
1652960 629
1652970 633
1652980 636
1652990 636
1653000 637
1653010 637
1653020 637
1653030 638
1653040 638
1653050 638
1653060 639
1653070 642
1653080 642
1653090 646
1653100 651
1653110 651
1653120 655
1653130 660
1653140 660
1653150 663
1653160 661
1653170 661
1653180 664
1653190 666
1653200 666
1653210 669
1653220 672
1653230 672
1653240 672
1653250 676
1653260 676
1653270 681
1653280 685
1653290 685
1653300 689
1653310 692
1653320 692
1653330 695
1653340 696
1653350 703
1653360 703
1653370 718
1653380 726
1653390 726
1653400 732
1653410 741
1653420 741
1653430 745
1653440 748
1653450 748
1653460 750
1653470 753
1653480 753
1653490 757
1653500 761
1653510 761
1653520 765
1653530 763
1653540 763
1653550 759
1653560 756
1653570 756
1653580 753
1653590 750
1653600 750
1653610 748
1653620 747
1653630 747
1653640 747
1653650 748
1653660 748
1653670 750
1653680 752
1653690 752
1653700 754
1653710 756
1653720 756
1653730 757
1653740 759
1653750 759
1653760 760
1653770 761
1653780 761
1653790 762
1653800 763
1653810 763
1653820 764
1653830 765
1653840 765
1653850 765
1653860 764
1653870 764
1653880 762
1653890 756
1653900 756
1653910 750
1653920 745
1653930 745
1653940 740
1653950 738
1653960 738
1653970 736
1653980 735
1653990 735
1654000 733
1654010 732
1654020 732
1654030 732
1654040 732
1654050 731
1654060 731
1654070 730
1654080 728
1654090 728
1654100 725
1654110 722
1654120 722
1654130 720
1654140 717
1654150 717
1654160 713
1654170 708
1654180 708
1654190 702
1654200 697
1654210 697
1654220 691
1654230 686
1654240 686
1654250 681
1654260 676
1654270 676
1654280 672
1654290 668
1654300 668
1654310 664
1654320 660
1654330 660
1654340 657
1654350 654
1654360 654
1654370 651
1654380 648
1654390 648
1654400 644
1654410 640
1654420 640
1654430 636
1654440 632
1654450 632
1654460 626
1654470 623
1654480 623
1654490 621
1654500 618
1654510 618
1654520 617
1654530 616
1654540 616
1654550 616
1654560 616
1654570 616
1654580 614
1654590 612
1654600 612
1654610 608
1654620 605
1654630 605
1654640 603
1654650 602
1654660 602
1654670 601
1654680 601
1654690 601
1654700 600
1654710 600
1654720 600
1654730 600
1654740 600
1654750 600
1654760 600
1654770 599
1654780 598
1654790 598
1654800 598
1654810 598
1654820 598
1654830 598
1654840 598
1654850 598
1654860 598
1654870 597
1654880 597
1654890 597
1654900 597
1654910 597
1654920 596
1654930 595
1654940 595
1654950 594
1654960 593
1654970 593
1654980 593
1654990 593
1655000 593
1655010 593
1655020 593
1655030 593
1655040 593
1655050 592
1655060 592
1655070 592
1655080 592
1655090 592
1655100 592
1655110 592
1655120 592
1655130 592
1655140 591
1655150 591
1655160 590
1655170 589
1655180 589
1655190 588
1655200 587
1655210 587
1655220 587
1655230 587
1655240 587
1655250 587
1655260 588
1655270 588
1655280 589
1655290 590
1655300 590
1655310 591
1655320 593
1655330 593
1655340 594
1655350 596
1655360 596
1655370 597
1655380 600
1655390 600
1655400 602
1655410 605
1655420 608
1655430 605
1655440 609
1655450 612
1655460 612
1655470 616
1655480 619
1655490 619
1655500 622
1655510 624
1655520 624
1655530 625
1655540 626
1655550 626
1655560 628
1655570 630
1655580 630
1655590 632
1655600 635
1655610 635
1655620 638
1655630 642
1655640 642
1655650 646
1655660 649
1655670 649
1655680 652
1655690 655
1655700 655
1655710 658
1655720 662
1655730 662
1655740 665
1655750 668
1655760 668
1655770 670
1655780 673
1655790 673
1655800 675
1655810 677
1655820 677
1655830 679
1655840 680
1655850 680
1655860 681
1655870 682
1655880 682
1655890 682
1655900 682
1655910 682
1655920 683
1655930 682
1655940 682
1655950 681
1655960 677
1655970 677
1655980 672
1655990 667
1656000 667
1656010 662
1656020 657
1656030 657
1656040 652
1656050 647
1656060 647
1656070 643
1656080 638
1656090 635
1656100 635
1656110 632
1656120 630
1656130 630
1656140 628
1656150 626
1656160 626
1656170 625
1656180 623
1656190 623
1656200 623
1656210 624
1656220 624
1656230 626
1656240 627
1656250 627
1656260 629
1656270 630
1656280 630
1656290 632
1656300 633
1656310 633
1656320 634
1656330 635
1656340 635
1656350 637
1656360 639
1656370 639
1656380 640
1656390 641
1656400 641
1656410 642
1656420 643
1656430 643
1656440 644
1656450 646
1656460 646
1656470 648
1656480 649
1656490 649
1656500 651
1656510 652
1656520 652
1656530 653
1656540 653
1656550 653
1656560 652
1656570 650
1656580 650
1656590 642
1656600 633
1656610 633
1656620 626
1656630 620
1656640 620
1656650 617
1656660 616
1656670 616
1656680 617
1656690 617
1656700 617
1656710 618
1656720 617
1656730 617
1656740 619
1656750 620
1656760 620
1656770 620
1656780 621
1656790 621
1656800 621
1656810 622
1656820 622
1656830 622
1656840 623
1656850 624
1656860 624
1656870 625
1656880 626
1656890 626
1656900 627
1656910 628
1656920 628
1656930 629
1656940 630
1656950 630
1656960 631
1656970 632
1656980 632
1656990 633
1657000 634
1657010 634
1657020 635
1657030 637
1657040 637
1657050 638
1657060 639
1657070 639
1657080 641
1657090 642
1657100 642
1657110 643
1657120 645
1657130 645
1657140 646
1657150 648
1657160 648
1657170 650
1657180 652
1657190 652
1657200 654
1657210 655
1657220 655
1657230 656
1657240 658
1657250 658
1657260 659
1657270 660
1657280 660
1657290 662
1657300 663
1657310 663
1657320 665
1657330 666
1657340 666
1657350 668
1657360 670
1657370 670
1657380 671
1657390 673
1657400 673
1657410 674
1657420 676
1657430 676
1657440 678
1657450 679
1657460 681
1657470 681
1657480 682
1657490 684
1657500 684
1657510 685
1657520 687
1657530 687
1657540 688
1657550 689
1657560 689
1657570 691
1657580 692
1657590 692
1657600 694
1657610 696
1657620 696
1657630 697
1657640 700
1657650 700
1657660 702
1657670 704
1657680 705
1657690 708
1657700 710
1657710 710
1657720 710
1657730 707
1657740 707
1657750 708
1657760 710
1657770 710
1657780 712
1657790 713
1657800 713
1657810 715
1657820 718
1657830 718
1657840 720
1657850 723
1657860 723
1657870 725
1657880 727
1657890 727
1657900 730
1657910 733
1657920 733
1657930 735
1657940 737
1657950 737
1657960 740
1657970 743
1657980 743
1657990 745
1658000 748
1658010 748
1658020 752
1658030 755
1658040 755
1658050 758
1658060 762
1658070 762
1658080 767
1658090 772
1658100 772
1658110 777
1658120 781
1658130 781
1658140 786
1658150 790
1658160 793
1658170 793
1658180 797
1658190 800
1658200 800
1658210 802
1658220 803
1658230 803
1658240 804
1658250 804
1658260 804
1658270 805
1658280 808
1658290 808
1658300 814
1658310 821
1658320 821
1658330 827
1658340 832
1658350 832
1658360 837
1658370 841
1658380 841
1658390 846
1658400 850
1658410 850
1658420 852
1658430 856
1658440 856
1658450 860
1658460 864
1658470 864
1658480 867
1658490 871
1658500 871
1658510 875
1658520 880
1658530 880
1658540 884
1658550 889
1658560 889
1658570 894
1658580 899
1658590 899
1658600 904
1658610 909
1658620 909
1658630 912
1658640 913
1658650 913
1658660 917
1658670 918
1658680 918
1658690 922
1658700 926
1658710 926
1658720 932
1658730 935
1658740 935
1658750 941
1658760 949
1658770 949
1658780 957
1658790 967
1658800 967
1658810 978
1658820 985
1658830 992
1658840 992
1658850 1001
1658860 1008
1658870 1008
1658880 1018
1658890 1026
1658900 1026
1658910 1032
1658920 1040
1658930 1040
1658940 1047
1658950 1055
1658960 1055
1658970 1062
1658980 1069
1658990 1069
1659000 1076
1659010 1083
1659020 1083
1659030 1089
1659040 1096
1659050 1096
1659060 1102
1659070 1109
1659080 1109
1659090 1116
1659100 1122
1659110 1122
1659120 1129
1659130 1135
1659140 1135
1659150 1141
1659160 1145
1659170 1145
1659180 1151
1659190 1157
1659200 1157
1659210 1164
1659220 1171
1659230 1171
1659240 1179
1659250 1180
1659260 1180
1659270 1175
1659280 1169
1659290 1169
1659300 1163
1659310 1156
1659320 1156
1659330 1150
1659340 1144
1659350 1144
1659360 1139
1659370 1135
1659380 1135
1659390 1130
1659400 1124
1659410 1124
1659420 1119
1659430 1114
1659440 1114
1659450 1109
1659460 1104
1659470 1104
1659480 1099
1659490 1095
1659500 1095
1659510 1092
1659520 1087
1659530 1084
1659540 1084
1659550 1081
1659560 1078
1659570 1078
1659580 1075
1659590 1072
1659600 1072
1659610 1069
1659620 1066
1659630 1066
1659640 1064
1659650 1063
1659660 1063
1659670 1063
1659680 1063
1659690 1063
1659700 1063
1659710 1062
1659720 1062
1659730 1060
1659740 1058
1659750 1058
1659760 1057
1659770 1056
1659780 1056
1659790 1055
1659800 1054
1659810 1054
1659820 1052
1659830 1051
1659840 1051
1659850 1049
1659860 1048
1659870 1048
1659880 1047
1659890 1046
1659900 1049
1659910 1048
1659920 1047
1659930 1047
1659940 1046
1659950 1045
1659960 1045
1659970 1044
1659980 1044
1659990 1044
