1640000 511
1640010 516
1640020 516
1640030 521
1640040 526
1640050 526
1640060 532
1640070 537
1640080 537
1640090 543
1640100 549
1640110 549
1640120 556
1640130 565
1640140 565
1640150 567
1640160 570
1640170 570
1640180 575
1640190 580
1640200 580
1640210 584
1640220 587
1640230 587
1640240 591
1640250 595
1640260 595
1640270 599
1640280 602
1640290 602
1640300 605
1640310 609
1640320 609
1640330 612
1640340 616
1640350 616
1640360 619
1640370 620
1640380 620
1640390 621
1640400 622
1640410 620
1640420 620
1640430 616
1640440 611
1640450 611
1640460 608
1640470 606
1640480 606
1640490 606
1640500 607
1640510 607
1640520 607
1640530 615
1640540 615
1640550 616
1640560 619
1640570 619
1640580 622
1640590 625
1640600 625
1640610 628
1640620 630
1640630 630
1640640 634
1640650 636
1640660 636
1640670 640
1640680 643
1640690 643
1640700 646
1640710 647
1640720 647
1640730 650
1640740 653
1640750 653
1640760 655
1640770 656
1640780 656
1640790 658
1640800 658
1640810 658
1640820 658
1640830 658
1640840 658
1640850 657
1640860 657
1640870 657
1640880 656
1640890 656
1640900 656
1640910 656
1640920 656
1640930 656
1640940 655
1640950 654
1640960 654
1640970 652
1640980 650
1640990 650
1641000 649
1641010 649
1641020 649
1641030 648
1641040 646
1641050 646
1641060 644
1641070 641
1641080 639
1641090 639
1641100 640
1641110 641
1641120 641
1641130 643
1641140 645
1641150 645
1641160 648
1641170 650
1641180 650
1641190 653
1641200 655
1641210 655
1641220 657
1641230 658
1641240 658
1641250 658
1641260 658
1641270 658
1641280 658
1641290 657
1641300 657
1641310 658
1641320 661
1641330 661
1641340 666
1641350 673
1641360 672
1641370 677
1641380 681
1641390 681
1641400 692
1641410 702
1641420 702
1641430 710
1641440 715
1641450 715
1641460 720
1641470 724
1641480 724
1641490 727
1641500 730
1641510 730
1641520 732
1641530 735
1641540 735
1641550 738
1641560 741
1641570 741
1641580 743
1641590 744
1641600 744
1641610 745
1641620 746
1641630 746
1641640 748
1641650 749
1641660 749
1641670 750
1641680 750
1641690 750
1641700 751
1641710 751
1641720 751
1641730 752
1641740 752
1641750 752
1641760 750
1641770 747
1641780 745
1641790 745
1641800 743
1641810 741
1641820 741
1641830 737
1641840 733
1641850 733
1641860 731
1641870 730
1641880 730
1641890 730
1641900 732
1641910 732
1641920 736
1641930 742
1641940 742
1641950 748
1641960 752
1641970 752
1641980 757
1641990 762
1642000 762
1642010 767
1642020 772
1642030 772
1642040 776
1642050 781
1642060 781
1642070 786
1642080 791
1642090 791
1642100 795
1642110 799
1642120 799
1642130 804
1642140 809
1642150 809
1642160 814
1642170 819
1642180 820
1642190 825
1642200 830
1642210 830
1642220 834
1642230 839
1642240 839
1642250 844
1642260 849
1642270 849
1642280 854
1642290 858
1642300 858
1642310 863
1642320 867
1642330 867
1642340 872
1642350 876
1642360 876
1642370 881
1642380 886
1642390 886
1642400 889
1642410 892
1642420 892
1642430 894
1642440 897
1642450 897
1642460 900
1642470 902
1642480 904
1642490 904
1642500 905
1642510 906
1642520 906
1642530 908
1642540 911
1642550 911
1642560 913
1642570 915
1642580 915
1642590 917
1642600 918
1642610 918
1642620 919
1642630 921
1642640 921
1642650 922
1642660 923
1642670 923
1642680 924
1642690 925
1642700 925
1642710 925
1642720 923
1642730 923
1642740 921
1642750 920
1642760 920
1642770 920
1642780 920
1642790 920
1642800 920
1642810 920
1642820 920
1642830 921
1642840 921
1642850 921
1642860 922
1642870 923
1642880 923
1642890 923
1642900 922
1642910 922
1642920 922
1642930 922
1642940 922
1642950 921
1642960 921
1642970 921
1642980 921
1642990 918
1643000 918
1643010 917
1643020 916
1643030 916
1643040 915
1643050 914
1643060 914
1643070 911
1643080 908
1643090 908
1643100 906
1643110 903
1643120 903
1643130 901
1643140 898
1643150 898
1643160 896
1643170 894
1643180 892
1643190 892
1643200 891
1643210 888
1643220 888
1643230 885
1643240 880
1643250 880
1643260 876
1643270 872
1643280 872
1643290 868
1643300 864
1643310 864
1643320 861
1643330 861
1643340 861
1643350 861
1643360 860
1643370 860
1643380 860
1643390 859
1643400 859
1643410 858
1643420 858
1643430 858
1643440 859
1643450 859
1643460 859
1643470 860
1643480 859
1643490 859
1643500 859
1643510 858
1643520 858
1643530 858
1643540 857
1643550 857
1643560 856
1643570 855
1643580 855
1643590 854
1643600 852
1643610 852
1643620 851
1643630 849
1643640 849
1643650 847
1643660 845
1643670 845
1643680 843
1643690 841
1643700 841
1643710 838
1643720 837
1643730 837
1643740 835
1643750 832
1643760 832
1643770 831
1643780 829
1643790 829
1643800 826
1643810 824
1643820 824
1643830 822
1643840 818
1643850 817
1643860 817
1643870 817
1643880 817
1643890 817
1643900 815
1643910 812
1643920 812
1643930 815
1643940 821
1643950 821
1643960 828
1643970 834
1643980 834
1643990 840
1644000 848
1644010 848
1644020 855
1644030 863
1644040 863
1644050 870
1644060 876
1644070 876
1644080 883
1644090 889
1644100 889
1644110 897
1644120 902
1644130 902
1644140 908
1644150 914
1644160 914
1644170 919
1644180 924
1644190 924
1644200 928
1644210 931
1644220 931
1644230 934
1644240 937
1644250 937
1644260 940
1644270 944
1644280 944
1644290 945
1644300 945
1644310 945
1644320 944
1644330 943
1644340 943
1644350 942
1644360 940
1644370 940
1644380 937
1644390 934
1644400 934
1644410 931
1644420 928
1644430 928
1644440 925
1644450 922
1644460 922
1644470 920
1644480 917
1644490 917
1644500 915
1644510 913
1644520 913
1644530 911
1644540 909
1644550 906
1644560 906
1644570 904
1644580 901
1644590 901
1644600 896
1644610 886
1644620 886
1644630 879
1644640 873
1644650 873
1644660 866
1644670 860
1644680 860
1644690 855
1644700 849
1644710 849
1644720 846
1644730 843
1644740 843
1644750 839
1644760 836
1644770 836
1644780 834
1644790 830
1644800 830
1644810 824
1644820 815
1644830 815
1644840 809
1644850 802
1644860 802
1644870 798
1644880 792
1644890 792
1644900 787
1644910 781
1644920 781
1644930 776
1644940 784
1644950 784
1644960 791
1644970 797
1644980 797
1644990 804
1645000 809
1645010 809
1645020 817
1645030 824
1645040 824
1645050 834
1645060 841
1645070 841
1645080 847
1645090 853
1645100 853
1645110 854
1645120 855
1645130 855
1645140 854
1645150 856
1645160 856
1645170 858
1645180 862
1645190 862
1645200 866
1645210 870
1645220 870
1645230 875
1645240 879
1645250 891
1645260 891
1645270 903
1645280 915
1645290 915
1645300 918
1645310 919
1645320 919
1645330 919
1645340 920
1645350 920
1645360 921
1645370 922
1645380 922
1645390 922
1645400 922
1645410 923
1645420 924
1645430 924
1645440 924
1645450 926
1645460 926
1645470 926
1645480 927
1645490 927
1645500 927
1645510 927
1645520 928
1645530 928
1645540 928
1645550 928
1645560 928
1645570 927
1645580 927
1645590 927
1645600 926
1645610 925
1645620 925
1645630 924
1645640 922
1645650 922
1645660 921
1645670 919
1645680 919
1645690 917
1645700 915
1645710 915
1645720 912
1645730 910
1645740 910
1645750 906
1645760 902
1645770 902
1645780 898
1645790 894
1645800 894
1645810 892
1645820 889
1645830 889
1645840 887
1645850 884
1645860 884
1645870 881
1645880 879
1645890 879
1645900 878
1645910 877
1645920 877
1645930 876
1645940 875
1645950 874
1645960 874
1645970 874
1645980 873
1645990 873
1646000 874
1646010 873
1646020 873
1646030 871
1646040 868
1646050 868
1646060 865
1646070 860
1646080 860
1646090 857
1646100 853
1646110 853
1646120 850
1646130 849
1646140 849
1646150 847
1646160 845
1646170 845
1646180 842
1646190 838
1646200 838
1646210 831
1646220 825
1646230 825
1646240 818
1646250 810
1646260 810
1646270 805
1646280 802
1646290 802
1646300 801
1646310 800
1646320 800
1646330 799
1646340 797
1646350 797
1646360 795
1646370 793
1646380 793
1646390 792
1646400 790
1646410 790
1646420 788
1646430 785
1646440 785
1646450 782
1646460 779
1646470 779
1646480 772
1646490 765
1646500 765
1646510 760
1646520 758
1646530 758
1646540 754
1646550 749
1646560 749
1646570 743
1646580 741
1646590 741
1646600 742
1646610 745
1646620 745
1646630 746
1646640 748
1646650 750
1646660 750
1646670 754
1646680 759
1646690 759
1646700 758
1646710 757
1646720 757
1646730 755
1646740 755
1646750 755
1646760 759
1646770 764
1646780 764
1646790 769
1646800 775
1646810 775
1646820 780
1646830 790
1646840 790
1646850 799
1646860 799
1646870 799
1646880 796
1646890 791
1646900 791
1646910 786
1646920 780
1646930 780
1646940 775
1646950 770
1646960 770
1646970 770
1646980 774
1646990 774
1647000 780
1647010 786
1647020 786
1647030 789
1647040 791
1647050 791
1647060 793
1647070 794
1647080 794
1647090 795
1647100 795
1647110 795
1647120 796
1647130 796
1647140 796
1647150 796
1647160 796
1647170 796
1647180 794
1647190 790
1647200 790
1647210 785
1647220 780
1647230 780
1647240 776
1647250 777
1647260 777
1647270 778
1647280 776
1647290 776
1647300 778
1647310 780
1647320 780
1647330 780
1647340 778
1647350 775
1647360 775
1647370 776
1647380 778
1647390 778
1647400 781
1647410 784
1647420 784
1647430 788
1647440 790
1647450 790
1647460 791
1647470 792
1647480 792
1647490 791
1647500 786
1647510 786
1647520 781
1647530 775
1647540 775
1647550 770
1647560 763
1647570 763
1647580 757
1647590 750
1647600 750
1647610 751
1647620 752
1647630 752
1647640 753
1647650 756
1647660 756
1647670 757
1647680 758
1647690 758
1647700 757
1647710 754
1647720 754
1647730 750
1647740 743
1647750 743
1647760 736
1647770 731
1647780 731
1647790 730
1647800 736
1647810 736
1647820 734
1647830 730
1647840 730
1647850 726
1647860 726
1647870 726
1647880 727
1647890 725
1647900 725
1647910 721
1647920 713
1647930 713
1647940 712
1647950 709
1647960 709
1647970 705
1647980 704
1647990 704
1648000 704
1648010 707
1648020 707
1648030 712
1648040 715
1648050 716
1648060 716
1648070 717
1648080 716
1648090 716
1648100 716
1648110 718
1648120 718
1648130 720
1648140 723
1648150 723
1648160 726
1648170 729
1648180 729
1648190 731
1648200 733
1648210 733
1648220 736
1648230 737
1648240 737
1648250 736
1648260 732
1648270 732
1648280 729
1648290 729
1648300 729
1648310 730
1648320 729
1648330 729
1648340 730
1648350 732
1648360 732
1648370 732
1648380 730
1648390 730
1648400 727
1648410 723
1648420 723
1648430 719
1648440 713
1648450 713
1648460 707
1648470 704
1648480 704
1648490 702
1648500 700
1648510 700
1648520 698
1648530 694
1648540 694
1648550 690
1648560 685
1648570 685
1648580 683
1648590 683
1648600 683
1648610 679
1648620 675
1648630 675
1648640 672
1648650 669
1648660 669
1648670 667
1648680 661
1648690 661
1648700 656
1648710 650
1648720 650
1648730 648
1648740 654
1648750 659
1648760 659
1648770 664
1648780 666
1648790 666
1648800 666
1648810 666
1648820 666
1648830 664
1648840 662
1648850 662
1648860 659
1648870 657
1648880 657
1648890 654
1648900 652
1648910 652
1648920 649
1648930 646
1648940 646
1648950 644
1648960 641
1648970 641
1648980 636
1648990 631
1649000 631
1649010 627
1649020 624
1649030 624
1649040 619
1649050 611
1649060 611
1649070 608
1649080 602
1649090 602
1649100 596
1649110 591
1649120 591
1649130 587
1649140 584
1649150 584
1649160 581
1649170 577
1649180 577
1649190 570
1649200 564
1649210 564
1649220 565
1649230 575
1649240 575
1649250 583
1649260 585
1649270 585
1649280 589
1649290 592
1649300 592
1649310 593
1649320 592
1649330 592
1649340 591
1649350 588
1649360 588
1649370 588
1649380 585
1649390 585
1649400 583
1649410 580
1649420 577
1649430 577
1649440 575
1649450 571
1649460 571
1649470 568
1649480 565
1649490 565
1649500 561
1649510 558
1649520 558
1649530 556
1649540 555
1649550 555
1649560 554
1649570 553
1649580 553
1649590 552
1649600 550
1649610 550
1649620 549
1649630 549
1649640 549
1649650 548
1649660 548
1649670 548
1649680 546
1649690 545
1649700 545
1649710 543
1649720 541
1649730 541
1649740 541
1649750 540
1649760 540
1649770 539
1649780 537
1649790 537
1649800 535
1649810 533
1649820 533
1649830 530
1649840 529
1649850 529
1649860 528
1649870 526
1649880 526
1649890 525
1649900 523
1649910 523
1649920 520
1649930 516
1649940 516
1649950 508
1649960 502
1649970 502
1649980 497
1649990 491
1650000 491
1650010 486
1650020 482
1650030 482
1650040 479
1650050 475
1650060 475
1650070 472
1650080 469
1650090 469
1650100 466
1650110 465
1650120 463
1650130 463
1650140 459
1650150 459
1650160 459
1650170 453
1650180 448
1650190 448
1650200 444
1650210 441
1650220 441
1650230 443
1650240 445
1650250 445
1650260 443
1650270 442
1650280 442
1650290 440
1650300 436
1650310 436
1650320 432
1650330 427
1650340 427
1650350 424
1650360 422
1650370 422
1650380 420
1650390 419
1650400 419
1650410 418
1650420 417
1650430 417
1650440 415
1650450 415
1650460 415
1650470 415
1650480 414
1650490 414
1650500 414
1650510 412
1650520 412
1650530 409
1650540 405
1650550 405
1650560 402
1650570 399
1650580 399
1650590 394
1650600 393
1650610 393
1650620 393
1650630 402
1650640 402
1650650 415
1650660 420
1650670 420
1650680 424
1650690 427
1650700 427
1650710 431
1650720 435
1650730 435
1650740 439
1650750 442
1650760 442
1650770 446
1650780 449
1650790 449
1650800 452
1650810 454
1650820 457
1650830 457
1650840 460
1650850 459
1650860 459
1650870 457
1650880 458
1650890 458
1650900 460
1650910 463
1650920 463
1650930 461
1650940 467
1650950 467
1650960 470
1650970 472
1650980 472
1650990 472
1651000 471
1651010 471
1651020 469
1651030 466
1651040 466
1651050 464
1651060 462
1651070 462
1651080 461
1651090 462
1651100 462
1651110 461
1651120 457
1651130 457
1651140 453
1651150 447
1651160 447
1651170 442
1651180 436
1651190 436
1651200 434
1651210 436
1651220 436
1651230 439
1651240 442
1651250 442
1651260 444
1651270 447
1651280 447
1651290 451
1651300 457
1651310 457
1651320 462
1651330 468
1651340 468
1651350 473
1651360 476
1651370 476
1651380 481
1651390 485
1651400 485
1651410 490
1651420 495
1651430 495
1651440 500
1651450 503
1651460 503
1651470 507
1651480 509
1651490 509
1651500 511
1651510 510
1651520 507
1651530 507
1651540 501
1651550 494
1651560 494
1651570 488
1651580 482
1651590 482
1651600 477
1651610 472
1651620 472
1651630 466
1651640 462
1651650 462
1651660 457
1651670 452
1651680 452
1651690 446
1651700 446
1651710 446
1651720 449
1651730 452
1651740 452
1651750 456
1651760 458
1651770 458
1651780 461
1651790 464
1651800 464
1651810 466
1651820 469
1651830 469
1651840 472
1651850 475
1651860 475
1651870 479
1651880 484
1651890 484
1651900 487
1651910 481
1651920 481
1651930 471
1651940 464
1651950 464
1651960 462
1651970 466
1651980 466
1651990 466
1652000 467
1652010 467
1652020 468
1652030 468
1652040 468
1652050 469
1652060 469
1652070 469
1652080 469
1652090 472
1652100 472
1652110 476
1652120 481
1652130 481
1652140 486
1652150 491
1652160 491
1652170 496
1652180 501
1652190 501
1652200 506
1652210 511
1652220 514
1652230 514
1652240 516
1652250 518
1652260 518
1652270 521
1652280 524
1652290 524
1652300 527
1652310 530
1652320 530
1652330 535
1652340 540
1652350 540
1652360 545
1652370 550
1652380 550
1652390 555
1652400 560
1652410 560
1652420 564
1652430 567
1652440 567
1652450 569
1652460 572
1652470 573
1652480 576
1652490 578
1652500 578
1652510 580
1652520 582
1652530 582
1652540 584
1652550 585
1652560 585
1652570 587
1652580 589
1652590 589
1652600 591
1652610 593
1652620 593
1652630 595
1652640 597
1652650 597
1652660 599
1652670 601
1652680 601
1652690 604
1652700 607
1652710 607
1652720 609
1652730 608
1652740 608
1652750 606
1652760 606
1652770 606
1652780 605
1652790 604
1652800 604
1652810 603
1652820 603
1652830 603
1652840 601
1652850 595
1652860 595
1652870 590
1652880 586
1652890 583
1652900 583
1652910 580
1652920 578
1652930 578
1652940 576
1652950 574
1652960 574
1652970 570
1652980 564
1652990 564
1653000 563
1653010 562
1653020 562
1653030 560
1653040 558
1653050 558
1653060 558
1653070 561
1653080 561
1653090 563
1653100 566
1653110 566
1653120 569
1653130 570
1653140 570
1653150 572
1653160 574
1653170 574
1653180 576
1653190 578
1653200 578
1653210 581
1653220 584
1653230 587
1653240 591
1653250 595
1653260 595
1653270 594
1653280 596
1653290 596
1653300 600
1653310 604
1653320 604
1653330 608
1653340 612
1653350 612
1653360 617
1653370 621
1653380 621
1653390 624
1653400 626
1653410 626
1653420 626
1653430 627
1653440 627
1653450 630
1653460 636
1653470 636
1653480 641
1653490 642
1653500 642
1653510 642
1653520 642
1653530 642
1653540 642
1653550 644
1653560 644
1653570 645
1653580 646
1653590 651
1653600 651
1653610 656
1653620 660
1653630 660
1653640 665
1653650 671
1653660 671
1653670 677
1653680 684
1653690 684
1653700 689
1653710 689
1653720 689
1653730 689
1653740 691
1653750 691
1653760 693
1653770 696
1653780 696
1653790 698
1653800 700
1653810 700
1653820 701
1653830 701
1653840 701
1653850 700
1653860 700
1653870 700
1653880 699
1653890 699
1653900 699
1653910 697
1653920 696
1653930 696
1653940 694
1653950 693
1653960 693
1653970 692
1653980 691
1653990 689
1654000 687
1654010 685
1654020 685
1654030 684
1654040 683
1654050 683
1654060 682
1654070 680
1654080 680
1654090 679
1654100 678
1654110 678
1654120 677
1654130 677
1654140 677
1654150 677
1654160 676
1654170 676
1654180 675
1654190 675
1654200 675
1654210 675
1654220 676
1654230 676
1654240 677
1654250 677
1654260 677
1654270 677
1654280 676
1654290 675
1654300 675
1654310 677
1654320 679
1654330 679
1654340 682
1654350 684
1654360 684
1654370 687
1654380 690
1654390 690
1654400 692
1654410 695
1654420 695
1654430 698
1654440 701
1654450 701
1654460 703
1654470 706
1654480 706
1654490 708
1654500 710
1654510 710
1654520 712
1654530 714
1654540 714
1654550 715
1654560 716
1654570 716
1654580 717
1654590 718
1654600 718
1654610 719
1654620 720
1654630 720
1654640 720
1654650 720
1654660 720
1654670 719
1654680 719
1654690 719
1654700 718
1654710 714
1654720 714
1654730 708
1654740 705
1654750 708
1654760 705
1654770 702
1654780 702
1654790 698
1654800 701
1654810 701
1654820 706
1654830 710
1654840 710
1654850 714
1654860 714
1654870 714
1654880 713
1654890 710
1654900 710
1654910 704
1654920 701
1654930 701
1654940 697
1654950 692
1654960 692
1654970 686
1654980 683
1654990 681
1655000 681
1655010 681
1655020 681
1655030 681
1655040 682
1655050 682
1655060 682
1655070 682
1655080 680
1655090 680
1655100 679
1655110 678
1655120 678
1655130 677
1655140 676
1655150 676
1655160 674
1655170 672
1655180 672
1655190 668
1655200 663
1655210 663
1655220 659
1655230 655
1655240 655
1655250 652
1655260 649
1655270 649
1655280 645
1655290 642
1655300 642
1655310 637
1655320 633
1655330 633
1655340 630
1655350 627
1655360 627
1655370 625
1655380 622
1655390 622
1655400 618
1655410 614
1655420 614
1655430 611
1655440 610
1655450 610
1655460 608
1655470 605
1655480 605
1655490 603
1655500 604
1655510 604
1655520 604
1655530 604
1655540 604
1655550 604
1655560 604
1655570 604
1655580 603
1655590 603
1655600 603
1655610 602
1655620 601
1655630 601
1655640 600
1655650 599
1655660 598
1655670 598
1655680 596
1655690 595
1655700 595
1655710 594
1655720 592
1655730 592
1655740 591
1655750 590
1655760 590
1655770 589
1655780 587
1655790 587
1655800 586
1655810 586
1655820 586
1655830 585
1655840 584
1655850 584
1655860 583
1655870 583
1655880 583
1655890 582
1655900 582
1655910 582
1655920 581
1655930 581
1655940 581
1655950 581
1655960 580
1655970 580
1655980 579
1655990 579
1656000 579
1656010 578
1656020 578
1656030 578
1656040 578
1656050 577
1656060 577
1656070 577
1656080 577
1656090 577
1656100 577
1656110 577
1656120 577
1656130 577
1656140 577
1656150 577
1656160 577
1656170 578
1656180 578
1656190 579
1656200 580
1656210 580
1656220 580
1656230 580
1656240 580
1656250 580
1656260 581
1656270 581
1656280 581
1656290 581
1656300 581
1656310 581
1656320 582
1656330 582
1656340 582
1656350 583
1656360 584
1656370 584
1656380 584
1656390 584
1656400 584
1656410 585
1656420 586
1656430 586
1656440 587
1656450 587
1656460 587
1656470 588
1656480 589
1656490 589
1656500 589
1656510 590
1656520 590
1656530 590
1656540 591
1656550 591
1656560 591
1656570 592
1656580 592
1656590 592
1656600 592
1656610 592
1656620 591
1656630 592
1656640 592
1656650 592
1656660 593
1656670 593
1656680 593
1656690 593
1656700 593
1656710 593
1656720 592
1656730 592
1656740 592
1656750 592
1656760 592
1656770 593
1656780 594
1656790 594
1656800 596
1656810 599
1656820 599
1656830 602
1656840 605
1656850 605
1656860 608
1656870 612
1656880 612
1656890 616
1656900 619
1656910 619
1656920 622
1656930 623
1656940 623
1656950 623
1656960 622
1656970 622
1656980 623
1656990 625
1657000 625
1657010 623
1657020 626
1657030 626
1657040 628
1657050 632
1657060 636
1657070 636
1657080 639
1657090 643
1657100 643
1657110 646
1657120 647
1657130 647
1657140 648
1657150 650
1657160 650
1657170 655
1657180 659
1657190 659
1657200 662
1657210 665
1657220 665
1657230 669
1657240 673
1657250 673
1657260 675
1657270 678
1657280 678
1657290 681
1657300 684
1657310 684
1657320 686
1657330 689
1657340 689
1657350 691
1657360 693
1657370 693
1657380 695
1657390 698
1657400 698
1657410 701
1657420 702
1657430 702
1657440 704
1657450 705
1657460 705
1657470 707
1657480 708
1657490 708
1657500 710
1657510 712
1657520 712
1657530 713
1657540 715
1657550 715
1657560 716
1657570 717
1657580 717
1657590 718
1657600 720
1657610 720
1657620 722
1657630 723
1657640 723
1657650 725
1657660 727
1657670 727
1657680 729
1657690 730
1657700 730
1657710 732
1657720 734
1657730 734
1657740 736
1657750 739
1657760 740
1657770 740
1657780 741
1657790 737
1657800 737
1657810 731
1657820 725
1657830 725
1657840 718
1657850 712
1657860 712
1657870 710
1657880 708
1657890 708
1657900 706
1657910 707
1657920 707
1657930 709
1657940 711
1657950 711
1657960 711
1657970 712
1657980 712
1657990 717
1658000 721
1658010 721
1658020 726
1658030 730
1658040 730
1658050 734
1658060 738
1658070 738
1658080 742
1658090 746
1658100 746
1658110 751
1658120 756
1658130 756
1658140 762
1658150 768
1658160 768
1658170 773
1658180 777
1658190 777
1658200 780
1658210 780
1658220 780
1658230 779
1658240 778
1658250 778
1658260 778
1658270 779
1658280 779
1658290 781
1658300 784
1658310 784
1658320 786
1658330 788
1658340 788
1658350 790
1658360 792
1658370 792
1658380 794
1658390 797
1658400 797
1658410 802
1658420 808
1658430 814
1658440 814
1658450 819
1658460 823
1658470 823
1658480 827
1658490 834
1658500 834
1658510 838
1658520 841
1658530 841
1658540 844
1658550 847
1658560 847
1658570 848
1658580 849
1658590 849
1658600 850
1658610 853
1658620 853
1658630 858
1658640 864
1658650 864
1658660 869
1658670 873
1658680 873
1658690 877
1658700 881
1658710 881
1658720 884
1658730 888
1658740 888
1658750 895
1658760 903
1658770 903
1658780 911
1658790 917
1658800 917
1658810 925
1658820 931
1658830 931
1658840 939
1658850 946
1658860 946
1658870 953
1658880 960
1658890 960
1658900 967
1658910 975
1658920 975
1658930 981
1658940 988
1658950 988
1658960 995
1658970 1002
1658980 1002
1658990 1009
1659000 1015
1659010 1015
1659020 1022
1659030 1029
1659040 1029
1659050 1035
1659060 1042
1659070 1042
1659080 1049
1659090 1055
1659100 1055
1659110 1062
1659120 1068
1659130 1075
1659140 1075
1659150 1082
1659160 1088
1659170 1088
1659180 1095
1659190 1101
1659200 1101
1659210 1108
1659220 1114
1659230 1116
1659240 1122
1659250 1128
1659260 1128
1659270 1135
1659280 1141
1659290 1141
1659300 1146
1659310 1151
1659320 1151
1659330 1155
1659340 1157
1659350 1157
1659360 1158
1659370 1158
1659380 1158
1659390 1158
1659400 1158
1659410 1158
1659420 1157
1659430 1157
1659440 1157
1659450 1158
1659460 1158
1659470 1158
1659480 1158
1659490 1159
1659500 1159
1659510 1159
1659520 1160
1659530 1160
1659540 1161
1659550 1162
1659560 1162
1659570 1163
1659580 1164
1659590 1164
1659600 1165
1659610 1166
1659620 1166
1659630 1166
1659640 1166
1659650 1166
1659660 1166
1659670 1166
1659680 1166
1659690 1165
1659700 1165
1659710 1165
1659720 1164
1659730 1164
1659740 1164
1659750 1163
1659760 1163
1659770 1163
1659780 1162
1659790 1161
1659800 1161
1659810 1160
1659820 1159
1659830 1159
1659840 1159
1659850 1159
1659860 1159
1659870 1159
1659880 1159
1659890 1159
1659900 1159
1659910 1158
1659920 1157
1659930 1157
1659940 1156
1659950 1155
1659960 1155
1659970 1153
1659980 1151
1659990 1151
