1640000 632
1640010 624
1640020 618
1640030 618
1640040 611
1640050 604
1640060 604
1640070 598
1640080 594
1640090 594
1640100 592
1640110 596
1640120 596
1640130 603
1640140 609
1640150 616
1640160 617
1640170 623
1640180 629
1640190 629
1640200 635
1640210 641
1640220 641
1640230 646
1640240 652
1640250 652
1640260 657
1640270 663
1640280 663
1640290 669
1640300 675
1640310 675
1640320 680
1640330 686
1640340 686
1640350 692
1640360 697
1640370 697
1640380 703
1640390 708
1640400 708
1640410 713
1640420 717
1640430 717
1640440 721
1640450 724
1640460 724
1640470 727
1640480 727
1640490 727
1640500 722
1640510 715
1640520 715
1640530 708
1640540 700
1640550 700
1640560 694
1640570 687
1640580 687
1640590 680
1640600 674
1640610 674
1640620 668
1640630 662
1640640 662
1640650 656
1640660 650
1640670 650
1640680 643
1640690 635
1640700 635
1640710 629
1640720 623
1640730 623
1640740 619
1640750 619
1640760 619
1640770 620
1640780 622
1640790 622
1640800 624
1640810 625
1640820 625
1640830 626
1640840 626
1640850 626
1640860 623
1640870 616
1640880 609
1640890 609
1640900 602
1640910 596
1640920 596
1640930 590
1640940 584
1640950 584
1640960 579
1640970 574
1640980 575
1640990 571
1641000 568
1641010 568
1641020 566
1641030 563
1641040 563
1641050 564
1641060 567
1641070 567
1641080 572
1641090 577
1641100 577
1641110 582
1641120 587
1641130 587
1641140 591
1641150 596
1641160 596
1641170 601
1641180 605
1641190 605
1641200 610
1641210 614
1641220 614
1641230 618
1641240 622
1641250 622
1641260 625
1641270 628
1641280 628
1641290 633
1641300 639
1641310 639
1641320 644
1641330 649
1641340 649
1641350 653
1641360 656
1641370 656
1641380 657
1641390 657
1641400 657
1641410 656
1641420 654
1641430 654
1641440 652
1641450 649
1641460 649
1641470 646
1641480 642
1641490 642
1641500 636
1641510 629
1641520 629
1641530 622
1641540 616
1641550 616
1641560 609
1641570 603
1641580 603
1641590 598
1641600 592
1641610 585
1641620 585
1641630 579
1641640 575
1641650 575
1641660 571
1641670 569
1641680 569
1641690 570
1641700 573
1641710 573
1641720 575
1641730 577
1641740 577
1641750 579
1641760 580
1641770 580
1641780 581
1641790 582
1641800 586
1641810 586
1641820 584
1641830 584
1641840 583
1641850 582
1641860 582
1641870 579
1641880 575
1641890 575
1641900 570
1641910 563
1641920 563
1641930 557
1641940 550
1641950 550
1641960 546
1641970 541
1641980 541
1641990 537
1642000 534
1642010 534
1642020 531
1642030 529
1642040 529
1642050 527
1642060 524
1642070 524
1642080 523
1642090 523
1642100 523
1642110 522
1642120 522
1642130 522
1642140 522
1642150 522
1642160 522
1642170 522
1642180 521
1642190 521
1642200 518
1642210 517
1642220 517
1642230 516
1642240 516
1642250 516
1642260 516
1642270 516
1642280 516
1642290 516
1642300 515
1642310 515
1642320 512
1642330 509
1642340 508
1642350 508
1642360 507
1642370 506
1642380 506
1642390 505
1642400 505
1642410 505
1642420 504
1642430 503
1642440 503
1642450 501
1642460 501
1642470 501
1642480 500
1642490 498
1642500 498
1642510 497
1642520 496
1642530 496
1642540 496
1642550 496
1642560 496
1642570 497
1642580 497
1642590 497
1642600 496
1642610 496
1642620 497
1642630 496
1642640 495
1642650 495
1642660 495
1642670 494
1642680 494
1642690 494
1642700 493
1642710 493
1642720 493
1642730 492
1642740 492
1642750 491
1642760 490
1642770 490
1642780 489
1642790 489
1642800 489
1642810 489
1642820 489
1642830 489
1642840 489
1642850 488
1642860 488
1642870 488
1642880 487
1642890 487
1642900 487
1642910 487
1642920 487
1642930 487
1642940 487
1642950 487
1642960 488
1642970 488
1642980 488
1642990 489
1643000 490
1643010 490
1643020 490
1643030 491
1643040 491
1643050 492
1643060 492
1643070 493
1643080 493
1643090 495
1643100 497
1643110 497
1643120 498
1643130 499
1643140 499
1643150 501
1643160 502
1643170 502
1643180 504
1643190 505
1643200 505
1643210 508
1643220 510
1643230 510
1643240 511
1643250 513
1643260 513
1643270 514
1643280 514
1643290 514
1643300 513
1643310 512
1643320 512
1643330 512
1643340 513
1643350 513
1643360 514
1643370 515
1643380 515
1643390 515
1643400 516
1643410 516
1643420 516
1643430 516
1643440 510
1643450 509
1643460 509
1643470 509
1643480 509
1643490 510
1643500 510
1643510 511
1643520 512
1643530 512
1643540 512
1643550 513
1643560 513
1643570 514
1643580 515
1643590 515
1643600 516
1643610 518
1643620 518
1643630 520
1643640 521
1643650 521
1643660 523
1643670 525
1643680 525
1643690 527
1643700 528
1643710 528
1643720 529
1643730 530
1643740 530
1643750 532
1643760 535
1643770 535
1643780 537
1643790 539
1643800 541
1643810 541
1643820 543
1643830 544
1643840 544
1643850 546
1643860 547
1643870 547
1643880 549
1643890 552
1643900 552
1643910 554
1643920 556
1643930 556
1643940 559
1643950 561
1643960 561
1643970 563
1643980 564
1643990 564
1644000 566
1644010 567
1644020 567
1644030 569
1644040 571
1644050 571
1644060 573
1644070 575
1644080 575
1644090 576
1644100 577
1644110 577
1644120 578
1644130 579
1644140 579
1644150 580
1644160 581
1644170 581
1644180 581
1644190 582
1644200 582
1644210 582
1644220 583
1644230 583
1644240 584
1644250 582
1644260 582
1644270 583
1644280 584
1644290 584
1644300 585
1644310 585
1644320 585
1644330 586
1644340 587
1644350 587
1644360 588
1644370 590
1644380 590
1644390 591
1644400 591
1644410 591
1644420 591
1644430 591
1644440 591
1644450 590
1644460 589
1644470 589
1644480 586
1644490 582
1644500 582
1644510 577
1644520 568
1644530 568
1644540 568
1644550 569
1644560 565
1644570 565
1644580 565
1644590 566
1644600 566
1644610 563
1644620 561
1644630 561
1644640 559
1644650 557
1644660 557
1644670 552
1644680 547
1644690 547
1644700 542
1644710 540
1644720 540
1644730 539
1644740 538
1644750 538
1644760 535
1644770 533
1644780 533
1644790 531
1644800 529
1644810 529
1644820 526
1644830 523
1644840 523
1644850 522
1644860 522
1644870 522
1644880 521
1644890 520
1644900 520
1644910 519
1644920 518
1644930 518
1644940 517
1644950 515
1644960 515
1644970 513
1644980 512
1644990 512
1645000 511
1645010 510
1645020 510
1645030 508
1645040 503
1645050 501
1645060 497
1645070 490
1645080 490
1645090 484
1645100 483
1645110 483
1645120 489
1645130 496
1645140 496
1645150 504
1645160 508
1645170 508
1645180 512
1645190 516
1645200 516
1645210 519
1645220 522
1645230 522
1645240 525
1645250 528
1645260 533
1645270 533
1645280 536
1645290 540
1645300 540
1645310 544
1645320 548
1645330 548
1645340 551
1645350 554
1645360 554
1645370 557
1645380 560
1645390 560
1645400 563
1645410 565
1645420 565
1645430 569
1645440 573
1645450 573
1645460 576
1645470 579
1645480 579
1645490 583
1645500 587
1645510 587
1645520 591
1645530 594
1645540 594
1645550 598
1645560 601
1645570 601
1645580 604
1645590 607
1645600 607
1645610 613
1645620 616
1645630 616
1645640 619
1645650 626
1645660 626
1645670 633
1645680 639
1645690 639
1645700 646
1645710 651
1645720 651
1645730 656
1645740 659
1645750 659
1645760 664
1645770 668
1645780 668
1645790 671
1645800 672
1645810 672
1645820 673
1645830 674
1645840 674
1645850 682
1645860 687
1645870 687
1645880 691
1645890 694
1645900 694
1645910 699
1645920 703
1645930 703
1645940 708
1645950 712
1645960 712
1645970 716
1645980 722
1645990 725
1646000 725
1646010 729
1646020 734
1646030 734
1646040 739
1646050 745
1646060 745
1646070 748
1646080 751
1646090 751
1646100 754
1646110 758
1646120 758
1646130 760
1646140 760
1646150 760
1646160 762
1646170 765
1646180 765
1646190 772
1646200 779
1646210 779
1646220 786
1646230 790
1646240 790
1646250 795
1646260 801
1646270 801
1646280 808
1646290 814
1646300 814
1646310 819
1646320 825
1646330 825
1646340 830
1646350 837
1646360 837
1646370 842
1646380 845
1646390 845
1646400 849
1646410 851
1646420 851
1646430 852
1646440 855
1646450 855
1646460 860
1646470 865
1646480 865
1646490 870
1646500 875
1646510 875
1646520 882
1646530 894
1646540 894
1646550 904
1646560 904
1646570 904
1646580 906
1646590 906
1646600 906
1646610 908
1646620 908
1646630 908
1646640 908
1646650 910
1646660 910
1646670 907
1646680 908
1646690 908
1646700 912
1646710 918
1646720 922
1646730 922
1646740 924
1646750 926
1646760 926
1646770 929
1646780 929
1646790 929
1646800 928
1646810 928
1646820 928
1646830 928
1646840 928
1646850 928
1646860 927
1646870 926
1646880 926
1646890 923
1646900 920
1646910 920
1646920 918
1646930 916
1646940 916
1646950 913
1646960 911
1646970 911
1646980 909
1646990 909
1647000 909
1647010 909
1647020 910
1647030 910
1647040 910
1647050 909
1647060 909
1647070 909
1647080 910
1647090 910
1647100 911
1647110 911
1647120 911
1647130 913
1647140 914
1647150 914
1647160 915
1647170 916
1647180 916
1647190 916
1647200 916
1647210 916
1647220 917
1647230 918
1647240 918
1647250 920
1647260 921
1647270 921
1647280 923
1647290 923
1647300 923
1647310 923
1647320 925
1647330 925
1647340 926
1647350 928
1647360 928
1647370 929
1647380 931
1647390 931
1647400 931
1647410 931
1647420 931
1647430 931
1647440 933
1647450 933
1647460 933
1647470 934
1647480 934
1647490 934
1647500 935
1647510 935
1647520 935
1647530 936
1647540 937
1647550 937
1647560 937
1647570 938
1647580 938
1647590 938
1647600 939
1647610 939
1647620 939
1647630 939
1647640 939
1647650 940
1647660 940
1647670 940
1647680 940
1647690 940
1647700 940
1647710 940
1647720 940
1647730 940
1647740 940
1647750 940
1647760 940
1647770 940
1647780 940
1647790 940
1647800 941
1647810 942
1647820 942
1647830 942
1647840 941
1647850 941
1647860 939
1647870 939
1647880 939
1647890 938
1647900 937
1647910 937
1647920 937
1647930 936
1647940 936
1647950 935
1647960 934
1647970 934
1647980 933
1647990 933
1648000 933
1648010 932
1648020 932
1648030 932
1648040 932
1648050 931
1648060 931
1648070 930
1648080 930
1648090 930
1648100 929
1648110 928
1648120 928
1648130 927
1648140 925
1648150 925
1648160 924
1648170 923
1648180 921
1648190 921
1648200 918
1648210 915
1648220 915
1648230 911
1648240 908
1648250 908
1648260 906
1648270 904
1648280 904
1648290 901
1648300 897
1648310 897
1648320 894
1648330 891
1648340 891
1648350 887
1648360 882
1648370 882
1648380 877
1648390 874
1648400 874
1648410 871
1648420 869
1648430 869
1648440 866
1648450 864
1648460 864
1648470 861
1648480 860
1648490 860
1648500 861
1648510 862
1648520 862
1648530 861
1648540 861
1648550 861
1648560 860
1648570 860
1648580 860
1648590 859
1648600 860
1648610 860
1648620 859
1648630 859
1648640 859
1648650 858
1648660 857
1648670 857
1648680 856
1648690 854
1648700 854
1648710 852
1648720 850
1648730 850
1648740 847
1648750 842
1648760 842
1648770 838
1648780 833
1648790 833
1648800 827
1648810 822
1648820 822
1648830 818
1648840 817
1648850 817
1648860 818
1648870 816
1648880 816
1648890 815
1648900 814
1648910 813
1648920 813
1648930 809
1648940 804
1648950 804
1648960 798
1648970 793
1648980 793
1648990 789
1649000 784
1649010 784
1649020 774
1649030 770
1649040 770
1649050 765
1649060 760
1649070 760
1649080 756
1649090 753
1649100 753
1649110 750
1649120 747
1649130 747
1649140 743
1649150 740
1649160 740
1649170 735
1649180 731
1649190 731
1649200 728
1649210 726
1649220 726
1649230 724
1649240 721
1649250 721
1649260 717
1649270 713
1649280 713
1649290 710
1649300 707
1649310 707
1649320 703
1649330 702
1649340 702
1649350 699
1649360 696
1649370 696
1649380 692
1649390 689
1649400 689
1649410 685
1649420 683
1649430 683
1649440 679
1649450 676
1649460 676
1649470 675
1649480 673
1649490 673
1649500 671
1649510 669
1649520 669
1649530 668
1649540 667
1649550 667
1649560 665
1649570 664
1649580 664
1649590 662
1649600 660
1649610 660
1649620 658
1649630 657
1649640 654
1649650 654
1649660 652
1649670 650
1649680 650
1649690 647
1649700 643
1649710 643
1649720 640
1649730 637
1649740 637
1649750 635
1649760 631
1649770 631
1649780 624
1649790 619
1649800 618
1649810 614
1649820 610
1649830 610
1649840 604
1649850 599
1649860 599
1649870 598
1649880 597
1649890 597
1649900 598
1649910 598
1649920 598
1649930 598
1649940 598
1649950 598
1649960 600
1649970 602
1649980 602
1649990 604
1650000 607
1650010 607
1650020 610
1650030 614
1650040 614
1650050 618
1650060 621
1650070 621
1650080 624
1650090 626
1650100 626
1650110 628
1650120 630
1650130 630
1650140 631
1650150 630
1650160 630
1650170 629
1650180 627
1650190 627
1650200 622
1650210 618
1650220 618
1650230 614
1650240 610
1650250 610
1650260 606
1650270 603
1650280 603
1650290 600
1650300 598
1650310 598
1650320 595
1650330 592
1650340 592
1650350 589
1650360 586
1650370 582
1650380 582
1650390 579
1650400 576
1650410 576
1650420 573
1650430 568
1650440 568
1650450 563
1650460 560
1650470 560
1650480 554
1650490 552
1650500 552
1650510 552
1650520 550
1650530 550
1650540 547
1650550 544
1650560 544
1650570 542
1650580 543
1650590 543
1650600 541
1650610 538
1650620 538
1650630 535
1650640 535
1650650 535
1650660 535
1650670 536
1650680 536
1650690 537
1650700 536
1650710 536
1650720 536
1650730 535
1650740 535
1650750 534
1650760 532
1650770 532
1650780 530
1650790 529
1650800 529
1650810 528
1650820 524
1650830 524
1650840 519
1650850 516
1650860 516
1650870 515
1650880 515
1650890 515
1650900 515
1650910 514
1650920 514
1650930 513
1650940 513
1650950 513
1650960 516
1650970 519
1650980 519
1650990 515
1651000 509
1651010 509
1651020 507
1651030 506
1651040 506
1651050 503
1651060 499
1651070 499
1651080 493
1651090 487
1651100 483
1651110 483
1651120 478
1651130 473
1651140 473
1651150 469
1651160 464
1651170 464
1651180 461
1651190 459
1651200 459
1651210 459
1651220 458
1651230 458
1651240 453
1651250 447
1651260 447
1651270 439
1651280 430
1651290 430
1651300 423
1651310 416
1651320 416
1651330 410
1651340 405
1651350 404
1651360 401
1651370 400
1651380 400
1651390 395
1651400 385
1651410 385
1651420 383
1651430 383
1651440 383
1651450 384
1651460 389
1651470 389
1651480 395
1651490 400
1651500 400
1651510 408
1651520 417
1651530 417
1651540 425
1651550 435
1651560 435
1651570 451
1651580 464
1651590 464
1651600 470
1651610 474
1651620 474
1651630 480
1651640 487
1651650 487
1651660 495
1651670 505
1651680 505
1651690 518
1651700 526
1651710 526
1651720 533
1651730 537
1651740 537
1651750 538
1651760 538
1651770 538
1651780 538
1651790 539
1651800 539
1651810 540
1651820 541
1651830 542
1651840 542
1651850 544
1651860 548
1651870 548
1651880 551
1651890 552
1651900 552
1651910 554
1651920 556
1651930 556
1651940 555
1651950 555
1651960 555
1651970 556
1651980 555
1651990 555
1652000 555
1652010 556
1652020 556
1652030 559
1652040 564
1652050 564
1652060 569
1652070 575
1652080 575
1652090 581
1652100 588
1652110 588
1652120 599
1652130 613
1652140 613
1652150 625
1652160 634
1652170 634
1652180 642
1652190 650
1652200 650
1652210 660
1652220 669
1652230 669
1652240 672
1652250 674
1652260 674
1652270 674
1652280 672
1652290 672
1652300 673
1652310 673
1652320 673
1652330 673
1652340 673
1652350 673
1652360 675
1652370 677
1652380 677
1652390 679
1652400 680
1652410 680
1652420 681
1652430 682
1652440 682
1652450 687
1652460 691
1652470 691
1652480 693
1652490 693
1652500 693
1652510 693
1652520 693
1652530 693
1652540 693
1652550 693
1652560 694
1652570 694
1652580 695
1652590 696
1652600 696
1652610 697
1652620 697
1652630 697
1652640 696
1652650 696
1652660 696
1652670 694
1652680 690
1652690 690
1652700 685
1652710 680
1652720 680
1652730 676
1652740 671
1652750 671
1652760 667
1652770 663
1652780 663
1652790 660
1652800 656
1652810 656
1652820 653
1652830 650
1652840 650
1652850 647
1652860 645
1652870 645
1652880 643
1652890 643
1652900 643
1652910 640
1652920 638
1652930 638
1652940 635
1652950 631
1652960 631
1652970 629
1652980 626
1652990 626
1653000 623
1653010 620
1653020 620
1653030 619
1653040 618
1653050 618
1653060 620
1653070 624
1653080 624
1653090 626
1653100 629
1653110 629
1653120 633
1653130 636
1653140 636
1653150 640
1653160 644
1653170 644
1653180 647
1653190 651
1653200 651
1653210 654
1653220 657
1653230 657
1653240 661
1653250 665
1653260 670
1653270 670
1653280 676
1653290 686
1653300 686
1653310 691
1653320 692
1653330 692
1653340 692
1653350 692
1653360 692
1653370 693
1653380 696
1653390 696
1653400 700
1653410 704
1653420 704
1653430 708
1653440 712
1653450 712
1653460 716
1653470 721
1653480 721
1653490 725
1653500 730
1653510 730
1653520 735
1653530 740
1653540 740
1653550 745
1653560 750
1653570 750
1653580 755
1653590 759
1653600 759
1653610 764
1653620 769
1653630 769
1653640 774
1653650 776
1653660 776
1653670 781
1653680 786
1653690 786
1653700 790
1653710 795
1653720 795
1653730 800
1653740 804
1653750 804
1653760 808
1653770 812
1653780 812
1653790 816
1653800 820
1653810 820
1653820 823
1653830 826
1653840 826
1653850 827
1653860 828
1653870 828
1653880 827
1653890 827
1653900 827
1653910 828
1653920 828
1653930 828
1653940 829
1653950 831
1653960 831
1653970 833
1653980 836
1653990 838
1654000 838
1654010 840
1654020 843
1654030 843
1654040 844
1654050 845
1654060 845
1654070 844
1654080 839
1654090 839
1654100 832
1654110 826
1654120 826
1654130 820
1654140 814
1654150 814
1654160 808
1654170 802
1654180 802
1654190 796
1654200 790
1654210 790
1654220 783
1654230 776
1654240 776
1654250 770
1654260 763
1654270 763
1654280 758
1654290 753
1654300 753
1654310 749
1654320 744
1654330 744
1654340 740
1654350 736
1654360 736
1654370 732
1654380 728
1654390 728
1654400 725
1654410 720
1654420 720
1654430 716
1654440 721
1654450 721
1654460 725
1654470 728
1654480 728
1654490 729
1654500 729
1654510 729
1654520 727
1654530 721
1654540 721
1654550 714
1654560 709
1654570 709
1654580 711
1654590 714
1654600 714
1654610 716
1654620 717
1654630 717
1654640 717
1654650 716
1654660 716
1654670 712
1654680 705
1654690 705
1654700 697
1654710 689
1654720 686
1654730 686
1654740 687
1654750 687
1654760 687
1654770 686
1654780 689
1654790 689
1654800 691
1654810 692
1654820 692
1654830 692
1654840 692
1654850 692
1654860 689
1654870 684
1654880 684
1654890 684
1654900 685
1654910 685
1654920 685
1654930 686
1654940 686
1654950 685
1654960 685
1654970 685
1654980 684
1654990 682
1655000 682
1655010 681
1655020 679
1655030 679
1655040 678
1655050 675
1655060 675
1655070 673
1655080 672
1655090 672
1655100 671
1655110 669
1655120 669
1655130 668
1655140 666
1655150 666
1655160 665
1655170 668
1655180 668
1655190 665
1655200 661
1655210 661
1655220 657
1655230 652
1655240 652
1655250 646
1655260 640
1655270 640
1655280 633
1655290 627
1655300 627
1655310 620
1655320 614
1655330 614
1655340 608
1655350 606
1655360 606
1655370 605
1655380 604
1655390 604
1655400 603
1655410 603
1655420 603
1655430 604
1655440 606
1655450 608
1655460 608
1655470 609
1655480 609
1655490 609
1655500 608
1655510 609
1655520 609
1655530 609
1655540 610
1655550 610
1655560 610
1655570 610
1655580 610
1655590 610
1655600 610
1655610 610
1655620 609
1655630 609
1655640 609
1655650 609
1655660 608
1655670 608
1655680 607
1655690 604
1655700 604
1655710 602
1655720 601
1655730 601
1655740 599
1655750 597
1655760 597
1655770 595
1655780 592
1655790 592
1655800 589
1655810 588
1655820 588
1655830 586
1655840 584
1655850 584
1655860 584
1655870 584
1655880 584
1655890 584
1655900 582
1655910 582
1655920 583
1655930 582
1655940 582
1655950 582
1655960 581
1655970 581
1655980 581
1655990 581
1656000 581
1656010 581
1656020 581
1656030 581
1656040 580
1656050 580
1656060 580
1656070 580
1656080 580
1656090 580
1656100 579
1656110 577
1656120 577
1656130 574
1656140 573
1656150 573
1656160 571
1656170 570
1656180 568
1656190 568
1656200 567
1656210 566
1656220 566
1656230 566
1656240 565
1656250 565
1656260 565
1656270 564
1656280 564
1656290 563
1656300 563
1656310 563
1656320 562
1656330 562
1656340 562
1656350 562
1656360 563
1656370 563
1656380 563
1656390 563
1656400 563
1656410 563
1656420 564
1656430 564
1656440 565
1656450 567
1656460 567
1656470 569
1656480 570
1656490 570
1656500 572
1656510 573
1656520 573
1656530 574
1656540 576
1656550 576
1656560 577
1656570 579
1656580 579
1656590 579
1656600 580
1656610 580
1656620 580
1656630 580
1656640 580
1656650 580
1656660 579
1656670 578
1656680 576
1656690 575
1656700 575
1656710 574
1656720 573
1656730 573
1656740 571
1656750 570
1656760 570
1656770 568
1656780 565
1656790 565
1656800 563
1656810 562
1656820 562
1656830 562
1656840 562
1656850 562
1656860 560
1656870 557
1656880 557
1656890 553
1656900 551
1656910 550
1656920 550
1656930 549
1656940 548
1656950 548
1656960 548
1656970 547
1656980 547
1656990 547
1657000 547
1657010 547
1657020 546
1657030 546
1657040 546
1657050 546
1657060 545
1657070 545
1657080 545
1657090 544
1657100 544
1657110 545
1657120 545
1657130 545
1657140 545
1657150 546
1657160 546
1657170 549
1657180 555
1657190 555
1657200 560
1657210 565
1657220 565
1657230 570
1657240 575
1657250 575
1657260 580
1657270 585
1657280 585
1657290 590
1657300 595
1657310 595
1657320 600
1657330 606
1657340 606
1657350 612
1657360 617
1657370 617
1657380 622
1657390 627
1657400 627
1657410 632
1657420 638
1657430 638
1657440 644
1657450 649
1657460 649
1657470 654
1657480 659
1657490 659
1657500 660
1657510 661
1657520 661
1657530 662
1657540 665
1657550 665
1657560 668
1657570 672
1657580 672
1657590 675
1657600 677
1657610 677
1657620 679
1657630 679
1657640 675
1657650 675
1657660 670
1657670 670
1657680 670
1657690 671
1657700 673
1657710 673
1657720 675
1657730 675
1657740 675
1657750 675
1657760 674
1657770 674
1657780 674
1657790 674
1657800 674
1657810 675
1657820 675
1657830 675
1657840 672
1657850 668
1657860 668
1657870 670
1657880 672
1657890 672
1657900 675
1657910 677
1657920 677
1657930 679
1657940 682
1657950 682
1657960 684
1657970 687
1657980 687
1657990 688
1658000 690
1658010 690
1658020 692
1658030 693
1658040 693
1658050 695
1658060 696
1658070 696
1658080 698
1658090 698
1658100 698
1658110 699
1658120 698
1658130 698
1658140 695
1658150 690
1658160 686
1658170 681
1658180 679
1658190 679
1658200 678
1658210 679
1658220 679
1658230 682
1658240 687
1658250 687
1658260 692
1658270 698
1658280 698
1658290 702
1658300 708
1658310 708
1658320 712
1658330 716
1658340 716
1658350 718
1658360 720
1658370 720
1658380 720
1658390 716
1658400 713
1658410 713
1658420 709
1658430 705
1658440 705
1658450 705
1658460 709
1658470 709
1658480 714
1658490 719
1658500 719
1658510 725
1658520 730
1658530 730
1658540 735
1658550 740
1658560 740
1658570 744
1658580 748
1658590 748
1658600 752
1658610 756
1658620 756
1658630 759
1658640 763
1658650 763
1658660 767
1658670 771
1658680 771
1658690 774
1658700 777
1658710 777
1658720 780
1658730 783
1658740 783
1658750 786
1658760 788
1658770 788
1658780 791
1658790 793
1658800 793
1658810 796
1658820 799
1658830 799
1658840 801
1658850 803
1658860 803
1658870 803
1658880 801
1658890 801
1658900 799
1658910 792
1658920 792
1658930 787
1658940 778
1658950 778
1658960 770
1658970 764
1658980 764
1658990 757
1659000 751
1659010 751
1659020 746
1659030 742
1659040 742
1659050 737
1659060 733
1659070 733
1659080 729
1659090 727
1659100 725
1659110 725
1659120 724
1659130 724
1659140 724
1659150 722
1659160 721
1659170 721
1659180 719
1659190 716
1659200 716
1659210 714
1659220 712
1659230 712
1659240 710
1659250 711
1659260 711
1659270 712
1659280 714
1659290 714
1659300 716
1659310 718
1659320 718
1659330 719
1659340 721
1659350 721
1659360 723
1659370 725
1659380 725
1659390 727
1659400 729
1659410 729
1659420 731
1659430 732
1659440 732
1659450 734
1659460 735
1659470 735
1659480 736
1659490 736
1659500 736
1659510 736
1659520 736
1659530 736
1659540 735
1659550 733
1659560 733
1659570 731
1659580 725
1659590 725
1659600 717
1659610 710
1659620 710
1659630 702
1659640 695
1659650 695
1659660 686
1659670 680
1659680 680
1659690 671
1659700 664
1659710 664
1659720 657
1659730 649
1659740 649
1659750 642
1659760 636
1659770 636
1659780 631
1659790 626
1659800 626
1659810 622
1659820 618
1659830 613
1659840 613
1659850 607
1659860 601
1659870 601
1659880 596
1659890 595
1659900 595
1659910 597
1659920 602
1659930 602
1659940 606
1659950 611
1659960 611
1659970 616
1659980 620
1659990 620
