1640000 738
1640010 738
1640020 740
1640030 742
1640040 746
1640050 751
1640060 754
1640070 757
1640080 757
1640090 759
1640100 760
1640110 760
1640120 759
1640130 756
1640140 756
1640150 751
1640160 745
1640170 745
1640180 739
1640190 732
1640200 732
1640210 725
1640220 718
1640230 718
1640240 712
1640250 708
1640260 708
1640270 712
1640280 716
1640290 716
1640300 721
1640310 725
1640320 725
1640330 729
1640340 732
1640350 732
1640360 735
1640370 737
1640380 737
1640390 739
1640400 742
1640410 742
1640420 745
1640430 749
1640440 749
1640450 752
1640460 756
1640470 756
1640480 760
1640490 763
1640500 763
1640510 766
1640520 769
1640530 769
1640540 771
1640550 772
1640560 772
1640570 773
1640580 772
1640590 772
1640600 770
1640610 768
1640620 768
1640630 763
1640640 758
1640650 758
1640660 753
1640670 748
1640680 748
1640690 743
1640700 738
1640710 738
1640720 733
1640730 728
1640740 728
1640750 721
1640760 714
1640770 707
1640780 707
1640790 699
1640800 691
1640810 691
1640820 682
1640830 675
1640840 675
1640850 668
1640860 661
1640870 661
1640880 656
1640890 654
1640900 654
1640910 659
1640920 665
1640930 665
1640940 670
1640950 674
1640960 674
1640970 679
1640980 684
1640990 684
1641000 688
1641010 693
1641020 693
1641030 698
1641040 702
1641050 702
1641060 707
1641070 712
1641080 712
1641090 716
1641100 720
1641110 720
1641120 724
1641130 728
1641140 728
1641150 731
1641160 734
1641170 734
1641180 737
1641190 739
1641200 739
1641210 740
1641220 741
1641230 741
1641240 740
1641250 735
1641260 735
1641270 730
1641280 724
1641290 724
1641300 718
1641310 713
1641320 713
1641330 708
1641340 702
1641350 702
1641360 696
1641370 690
1641380 690
1641390 684
1641400 677
1641410 677
1641420 670
1641430 666
1641440 666
1641450 663
1641460 659
1641470 659
1641480 655
1641490 650
1641500 644
1641510 644
1641520 638
1641530 632
1641540 632
1641550 626
1641560 619
1641570 619
1641580 613
1641590 605
1641600 605
1641610 598
1641620 590
1641630 590
1641640 583
1641650 576
1641660 576
1641670 569
1641680 565
1641690 565
1641700 559
1641710 562
1641720 562
1641730 568
1641740 575
1641750 575
1641760 581
1641770 587
1641780 587
1641790 594
1641800 599
1641810 599
1641820 603
1641830 606
1641840 606
1641850 608
1641860 610
1641870 610
1641880 612
1641890 613
1641900 613
1641910 614
1641920 615
1641930 615
1641940 617
1641950 619
1641960 619
1641970 621
1641980 623
1641990 623
1642000 623
1642010 623
1642020 623
1642030 621
1642040 619
1642050 619
1642060 615
1642070 611
1642080 611
1642090 606
1642100 601
1642110 601
1642120 596
1642130 591
1642140 591
1642150 585
1642160 580
1642170 580
1642180 575
1642190 570
1642200 570
1642210 565
1642220 558
1642230 552
1642240 552
1642250 547
1642260 541
1642270 541
1642280 535
1642290 532
1642300 532
1642310 530
1642320 528
1642330 528
1642340 527
1642350 527
1642360 527
1642370 527
1642380 527
1642390 527
1642400 524
1642410 527
1642420 527
1642430 538
1642440 546
1642450 546
1642460 552
1642470 558
1642480 558
1642490 561
1642500 562
1642510 562
1642520 554
1642530 556
1642540 556
1642550 560
1642560 565
1642570 565
1642580 570
1642590 576
1642600 576
1642610 581
1642620 587
1642630 587
1642640 593
1642650 599
1642660 599
1642670 605
1642680 611
1642690 611
1642700 617
1642710 623
1642720 623
1642730 629
1642740 634
1642750 634
1642760 639
1642770 640
1642780 640
1642790 640
1642800 637
1642810 637
1642820 635
1642830 634
1642840 634
1642850 634
1642860 634
1642870 634
1642880 631
1642890 629
1642900 629
1642910 627
1642920 626
1642930 626
1642940 624
1642950 623
1642960 622
1642970 622
1642980 620
1642990 618
1643000 618
1643010 616
1643020 613
1643030 613
1643040 611
1643050 608
1643060 608
1643070 605
1643080 600
1643090 600
1643100 593
1643110 586
1643120 586
1643130 581
1643140 579
1643150 579
1643160 577
1643170 577
1643180 577
1643190 579
1643200 579
1643210 579
1643220 578
1643230 577
1643240 577
1643250 576
1643260 576
1643270 576
1643280 574
1643290 570
1643300 570
1643310 565
1643320 560
1643330 566
1643340 562
1643350 561
1643360 561
1643370 559
1643380 556
1643390 556
1643400 553
1643410 550
1643420 550
1643430 545
1643440 539
1643450 539
1643460 537
1643470 536
1643480 536
1643490 534
1643500 532
1643510 532
1643520 532
1643530 531
1643540 531
1643550 526
1643560 521
1643570 521
1643580 517
1643590 514
1643600 514
1643610 512
1643620 510
1643630 510
1643640 509
1643650 508
1643660 508
1643670 507
1643680 505
1643690 505
1643700 504
1643710 502
1643720 501
1643730 501
1643740 501
1643750 502
1643760 502
1643770 502
1643780 501
1643790 501
1643800 499
1643810 495
1643820 495
1643830 493
1643840 490
1643850 490
1643860 488
1643870 485
1643880 485
1643890 480
1643900 473
1643910 473
1643920 469
1643930 467
1643940 467
1643950 465
1643960 465
1643970 465
1643980 465
1643990 463
1644000 463
1644010 462
1644020 463
1644030 463
1644040 463
1644050 463
1644060 463
1644070 465
1644080 467
1644090 467
1644100 469
1644110 471
1644120 471
1644130 472
1644140 472
1644150 472
1644160 474
1644170 478
1644180 478
1644190 477
1644200 479
1644210 479
1644220 482
1644230 484
1644240 484
1644250 488
1644260 492
1644270 492
1644280 496
1644290 500
1644300 500
1644310 504
1644320 508
1644330 508
1644340 512
1644350 515
1644360 515
1644370 520
1644380 525
1644390 525
1644400 529
1644410 530
1644420 530
1644430 533
1644440 534
1644450 536
1644460 536
1644470 538
1644480 538
1644490 538
1644500 538
1644510 535
1644520 535
1644530 532
1644540 529
1644550 529
1644560 525
1644570 522
1644580 522
1644590 517
1644600 510
1644610 510
1644620 504
1644630 500
1644640 500
1644650 497
1644660 494
1644670 494
1644680 494
1644690 494
1644700 494
1644710 493
1644720 489
1644730 489
1644740 484
1644750 480
1644760 480
1644770 473
1644780 470
1644790 470
1644800 470
1644810 470
1644820 470
1644830 469
1644840 471
1644850 471
1644860 475
1644870 479
1644880 479
1644890 481
1644900 484
1644910 484
1644920 487
1644930 490
1644940 490
1644950 498
1644960 506
1644970 506
1644980 510
1644990 507
1645000 507
1645010 505
1645020 511
1645030 511
1645040 517
1645050 522
1645060 522
1645070 528
1645080 536
1645090 536
1645100 541
1645110 546
1645120 546
1645130 549
1645140 550
1645150 550
1645160 551
1645170 551
1645180 552
1645190 552
1645200 554
1645210 557
1645220 557
1645230 559
1645240 560
1645250 560
1645260 565
1645270 570
1645280 570
1645290 574
1645300 577
1645310 577
1645320 580
1645330 583
1645340 583
1645350 587
1645360 590
1645370 590
1645380 593
1645390 597
1645400 597
1645410 599
1645420 602
1645430 602
1645440 606
1645450 610
1645460 610
1645470 614
1645480 619
1645490 619
1645500 624
1645510 629
1645520 629
1645530 633
1645540 636
1645550 636
1645560 641
1645570 646
1645580 646
1645590 650
1645600 655
1645610 655
1645620 659
1645630 662
1645640 662
1645650 662
1645660 663
1645670 663
1645680 665
1645690 668
1645700 668
1645710 670
1645720 672
1645730 672
1645740 675
1645750 677
1645760 677
1645770 680
1645780 682
1645790 682
1645800 684
1645810 687
1645820 687
1645830 689
1645840 693
1645850 693
1645860 697
1645870 700
1645880 700
1645890 704
1645900 707
1645910 710
1645920 710
1645930 714
1645940 717
1645950 717
1645960 720
1645970 723
1645980 723
1645990 726
1646000 731
1646010 731
1646020 732
1646030 732
1646040 732
1646050 734
1646060 736
1646070 736
1646080 739
1646090 742
1646100 742
1646110 747
1646120 753
1646130 753
1646140 759
1646150 765
1646160 765
1646170 770
1646180 775
1646190 775
1646200 776
1646210 778
1646220 778
1646230 780
1646240 783
1646250 783
1646260 787
1646270 789
1646280 789
1646290 793
1646300 798
1646310 798
1646320 805
1646330 811
1646340 811
1646350 815
1646360 819
1646370 819
1646380 824
1646390 829
1646400 829
1646410 834
1646420 838
1646430 838
1646440 842
1646450 846
1646460 846
1646470 848
1646480 851
1646490 851
1646500 853
1646510 856
1646520 856
1646530 859
1646540 864
1646550 859
1646560 864
1646570 868
1646580 868
1646590 869
1646600 871
1646610 871
1646620 873
1646630 875
1646640 877
1646650 877
1646660 879
1646670 881
1646680 881
1646690 882
1646700 883
1646710 883
1646720 884
1646730 885
1646740 885
1646750 885
1646760 885
1646770 885
1646780 886
1646790 887
1646800 887
1646810 886
1646820 885
1646830 885
1646840 884
1646850 884
1646860 884
1646870 885
1646880 886
1646890 886
1646900 886
1646910 886
1646920 886
1646930 887
1646940 889
1646950 889
1646960 891
1646970 893
1646980 893
1646990 895
1647000 896
1647010 896
1647020 897
1647030 897
1647040 897
1647050 899
1647060 901
1647070 901
1647080 901
1647090 902
1647100 902
1647110 903
1647120 903
1647130 903
1647140 903
1647150 904
1647160 904
1647170 904
1647180 904
1647190 904
1647200 904
1647210 905
1647220 905
1647230 905
1647240 906
1647250 906
1647260 906
1647270 906
1647280 906
1647290 906
1647300 906
1647310 906
1647320 906
1647330 906
1647340 903
1647350 902
1647360 902
1647370 902
1647380 902
1647390 902
1647400 901
1647410 901
1647420 900
1647430 900
1647440 900
1647450 900
1647460 899
1647470 899
1647480 899
1647490 899
1647500 899
1647510 899
1647520 898
1647530 898
1647540 898
1647550 897
1647560 897
1647570 897
1647580 896
1647590 896
1647600 896
1647610 895
1647620 895
1647630 894
1647640 892
1647650 892
1647660 891
1647670 890
1647680 890
1647690 888
1647700 886
1647710 886
1647720 884
1647730 883
1647740 883
1647750 883
1647760 882
1647770 882
1647780 882
1647790 881
1647800 881
1647810 880
1647820 879
1647830 879
1647840 878
1647850 877
1647860 877
1647870 876
1647880 875
1647890 875
1647900 874
1647910 873
1647920 873
1647930 872
1647940 872
1647950 872
1647960 871
1647970 871
1647980 871
1647990 869
1648000 868
1648010 868
1648020 867
1648030 865
1648040 865
1648050 863
1648060 863
1648070 863
1648080 864
1648090 863
1648100 863
1648110 863
1648120 863
1648130 860
1648140 860
1648150 858
1648160 855
1648170 855
1648180 853
1648190 851
1648200 851
1648210 850
1648220 849
1648230 849
1648240 848
1648250 846
1648260 846
1648270 844
1648280 843
1648290 843
1648300 841
1648310 837
1648320 837
1648330 834
1648340 830
1648350 830
1648360 827
1648370 824
1648380 824
1648390 816
1648400 808
1648410 808
1648420 802
1648430 798
1648440 798
1648450 796
1648460 795
1648470 795
1648480 793
1648490 790
1648500 790
1648510 785
1648520 779
1648530 779
1648540 776
1648550 772
1648560 772
1648570 768
1648580 764
1648590 764
1648600 760
1648610 757
1648620 757
1648630 754
1648640 751
1648650 751
1648660 748
1648670 744
1648680 744
1648690 740
1648700 735
1648710 735
1648720 731
1648730 727
1648740 727
1648750 723
1648760 719
1648770 719
1648780 716
1648790 713
1648800 713
1648810 710
1648820 708
1648830 708
1648840 706
1648850 703
1648860 699
1648870 699
1648880 696
1648890 694
1648900 694
1648910 690
1648920 684
1648930 684
1648940 680
1648950 676
1648960 676
1648970 671
1648980 664
1648990 664
1649000 661
1649010 658
1649020 658
1649030 656
1649040 655
1649050 655
1649060 653
1649070 652
1649080 652
1649090 649
1649100 646
1649110 646
1649120 643
1649130 640
1649140 640
1649150 637
1649160 634
1649170 634
1649180 632
1649190 628
1649200 628
1649210 625
1649220 623
1649230 623
1649240 623
1649250 621
1649260 621
1649270 621
1649280 620
1649290 620
1649300 621
1649310 623
1649320 623
1649330 623
1649340 622
1649350 622
1649360 619
1649370 616
1649380 616
1649390 611
1649400 608
1649410 608
1649420 607
1649430 606
1649440 606
1649450 604
1649460 602
1649470 602
1649480 600
1649490 598
1649500 598
1649510 597
1649520 596
1649530 596
1649540 595
1649550 593
1649560 593
1649570 592
1649580 591
1649590 590
1649600 590
1649610 589
1649620 588
1649630 588
1649640 587
1649650 587
1649660 587
1649670 586
1649680 585
1649690 585
1649700 584
1649710 584
1649720 584
1649730 582
1649740 581
1649750 581
1649760 580
1649770 580
1649780 580
1649790 579
1649800 581
1649810 581
1649820 587
1649830 593
1649840 593
1649850 598
1649860 602
1649870 602
1649880 606
1649890 609
1649900 609
1649910 615
1649920 619
1649930 619
1649940 624
1649950 627
1649960 627
1649970 631
1649980 635
1649990 635
1650000 639
1650010 643
1650020 643
1650030 648
1650040 652
1650050 652
1650060 656
1650070 659
1650080 659
1650090 662
1650100 666
1650110 666
1650120 670
1650130 672
1650140 672
1650150 673
1650160 674
1650170 674
1650180 675
1650190 676
1650200 676
1650210 676
1650220 676
1650230 676
1650240 675
1650250 674
1650260 674
1650270 671
1650280 667
1650290 667
1650300 664
1650310 662
1650320 661
1650330 661
1650340 661
1650350 661
1650360 661
1650370 660
1650380 658
1650390 658
1650400 657
1650410 657
1650420 657
1650430 657
1650440 656
1650450 656
1650460 655
1650470 653
1650480 655
1650490 654
1650500 652
1650510 652
1650520 651
1650530 651
1650540 651
1650550 652
1650560 652
1650570 652
1650580 650
1650590 648
1650600 648
1650610 646
1650620 644
1650630 644
1650640 642
1650650 640
1650660 640
1650670 637
1650680 633
1650690 633
1650700 633
1650710 634
1650720 634
1650730 634
1650740 634
1650750 634
1650760 632
1650770 630
1650780 630
1650790 629
1650800 627
1650810 627
1650820 628
1650830 629
1650840 629
1650850 630
1650860 632
1650870 632
1650880 635
1650890 638
1650900 638
1650910 640
1650920 641
1650930 641
1650940 636
1650950 626
1650960 626
1650970 615
1650980 606
1650990 606
1651000 597
1651010 589
1651020 589
1651030 580
1651040 572
1651050 572
1651060 563
1651070 555
1651080 546
1651090 546
1651100 538
1651110 529
1651120 529
1651130 520
1651140 511
1651150 511
1651160 503
1651170 496
1651180 496
1651190 489
1651200 479
1651210 479
1651220 468
1651230 452
1651240 452
1651250 438
1651260 426
1651270 426
1651280 412
1651290 399
1651300 399
1651310 390
1651320 390
1651330 390
1651340 385
1651350 382
1651360 382
1651370 382
1651380 385
1651390 385
1651400 392
1651410 397
1651420 397
1651430 403
1651440 406
1651450 406
1651460 409
1651470 413
1651480 413
1651490 417
1651500 420
1651510 420
1651520 424
1651530 428
1651540 428
1651550 432
1651560 436
1651570 436
1651580 441
1651590 445
1651600 445
1651610 451
1651620 458
1651630 458
1651640 464
1651650 468
1651660 468
1651670 472
1651680 477
1651690 477
1651700 482
1651710 487
1651720 487
1651730 493
1651740 498
1651750 498
1651760 503
1651770 510
1651780 510
1651790 519
1651800 526
1651810 533
1651820 533
1651830 536
1651840 539
1651850 539
1651860 542
1651870 545
1651880 545
1651890 548
1651900 552
1651910 552
1651920 557
1651930 561
1651940 561
1651950 564
1651960 569
1651970 569
1651980 577
1651990 586
1652000 586
1652010 591
1652020 597
1652030 597
1652040 603
1652050 611
1652060 611
1652070 616
1652080 622
1652090 622
1652100 627
1652110 632
1652120 632
1652130 638
1652140 645
1652150 645
1652160 652
1652170 659
1652180 659
1652190 665
1652200 671
1652210 671
1652220 675
1652230 679
1652240 679
1652250 684
1652260 687
1652270 687
1652280 688
1652290 688
1652300 688
1652310 688
1652320 688
1652330 688
1652340 688
1652350 686
1652360 686
1652370 685
1652380 683
1652390 683
1652400 682
1652410 681
1652420 681
1652430 679
1652440 677
1652450 677
1652460 675
1652470 672
1652480 672
1652490 669
1652500 666
1652510 666
1652520 663
1652530 661
1652540 659
1652550 659
1652560 655
1652570 652
1652580 652
1652590 647
1652600 640
1652610 640
1652620 632
1652630 627
1652640 627
1652650 621
1652660 617
1652670 617
1652680 614
1652690 612
1652700 612
1652710 610
1652720 608
1652730 608
1652740 606
1652750 603
1652760 603
1652770 599
1652780 596
1652790 594
1652800 591
1652810 589
1652820 589
1652830 591
1652840 594
1652850 594
1652860 597
1652870 601
1652880 601
1652890 604
1652900 607
1652910 607
1652920 610
1652930 612
1652940 612
1652950 615
1652960 618
1652970 618
1652980 621
1652990 624
1653000 624
1653010 626
1653020 630
1653030 630
1653040 633
1653050 636
1653060 636
1653070 640
1653080 644
1653090 644
1653100 648
1653110 653
1653120 653
1653130 659
1653140 664
1653150 664
1653160 671
1653170 677
1653180 677
1653190 682
1653200 689
1653210 689
1653220 695
1653230 703
1653240 703
1653250 718
1653260 727
1653270 733
1653280 733
1653290 738
1653300 743
1653310 743
1653320 750
1653330 757
1653340 757
1653350 765
1653360 769
1653370 769
1653380 772
1653390 776
1653400 776
1653410 778
1653420 781
1653430 781
1653440 783
1653450 786
1653460 786
1653470 788
1653480 790
1653490 790
1653500 793
1653510 795
1653520 795
1653530 798
1653540 800
1653550 802
1653560 805
1653570 807
1653580 807
1653590 807
1653600 804
1653610 804
1653620 801
1653630 796
1653640 796
1653650 791
1653660 787
1653670 787
1653680 787
1653690 785
1653700 785
1653710 781
1653720 776
1653730 776
1653740 774
1653750 775
1653760 775
1653770 779
1653780 785
1653790 785
1653800 789
1653810 794
1653820 794
1653830 799
1653840 804
1653850 804
1653860 808
1653870 814
1653880 814
1653890 819
1653900 823
1653910 823
1653920 828
1653930 833
1653940 833
1653950 837
1653960 842
1653970 842
1653980 847
1653990 852
1654000 857
1654010 857
1654020 863
1654030 868
1654040 868
1654050 873
1654060 878
1654070 878
1654080 884
1654090 889
1654100 889
1654110 895
1654120 900
1654130 900
1654140 906
1654150 910
1654160 910
1654170 914
1654180 914
1654190 914
1654200 913
1654210 912
1654220 912
1654230 911
1654240 908
1654250 908
1654260 905
1654270 899
1654280 899
1654290 891
1654300 883
1654310 881
1654320 873
1654330 865
1654340 865
1654350 857
1654360 850
1654370 850
1654380 841
1654390 835
1654400 835
1654410 828
1654420 821
1654430 821
1654440 815
1654450 809
1654460 809
1654470 802
1654480 797
1654490 797
1654500 791
1654510 785
1654520 785
1654530 780
1654540 774
1654550 774
1654560 768
1654570 762
1654580 762
1654590 758
1654600 755
1654610 755
1654620 752
1654630 748
1654640 748
1654650 745
1654660 741
1654670 741
1654680 737
1654690 733
1654700 733
1654710 729
1654720 725
1654730 721
1654740 721
1654750 717
1654760 712
1654770 712
1654780 708
1654790 702
1654800 702
1654810 697
1654820 691
1654830 691
1654840 687
1654850 687
1654860 687
1654870 689
1654880 693
1654890 693
1654900 694
1654910 696
1654920 696
1654930 698
1654940 700
1654950 700
1654960 702
1654970 705
1654980 705
1654990 707
1655000 710
1655010 710
1655020 713
1655030 717
1655040 717
1655050 720
1655060 723
1655070 727
1655080 729
1655090 729
1655100 729
1655110 728
1655120 729
1655130 729
1655140 733
1655150 735
1655160 735
1655170 737
1655180 738
1655190 738
1655200 739
1655210 741
1655220 741
1655230 743
1655240 746
1655250 746
1655260 749
1655270 752
1655280 752
1655290 755
1655300 757
1655310 757
1655320 759
1655330 761
1655340 761
1655350 762
1655360 760
1655370 760
1655380 760
1655390 762
1655400 762
1655410 764
1655420 767
1655430 767
1655440 769
1655450 771
1655460 771
1655470 773
1655480 775
1655490 777
1655500 777
1655510 778
1655520 779
1655530 779
1655540 781
1655550 782
1655560 782
1655570 782
1655580 782
1655590 782
1655600 781
1655610 779
1655620 779
1655630 776
1655640 772
1655650 772
1655660 769
1655670 766
1655680 766
1655690 765
1655700 764
1655710 764
1655720 763
1655730 762
1655740 762
1655750 762
1655760 761
1655770 761
1655780 761
1655790 760
1655800 760
1655810 760
1655820 763
1655830 763
1655840 760
1655850 753
1655860 753
1655870 747
1655880 745
1655890 745
1655900 743
1655910 742
1655920 742
1655930 740
1655940 739
1655950 739
1655960 739
1655970 739
1655980 739
1655990 738
1656000 736
1656010 736
1656020 733
1656030 729
1656040 729
1656050 725
1656060 722
1656070 722
1656080 722
1656090 724
1656100 724
1656110 727
1656120 730
1656130 730
1656140 732
1656150 733
1656160 733
1656170 732
1656180 729
1656190 729
1656200 722
1656210 716
1656220 711
1656230 711
1656240 705
1656250 699
1656260 699
1656270 695
1656280 693
1656290 693
1656300 690
1656310 686
1656320 686
1656330 682
1656340 681
1656350 681
1656360 677
1656370 672
1656380 672
1656390 668
1656400 664
1656410 664
1656420 660
1656430 656
1656440 656
1656450 653
1656460 651
1656470 651
1656480 648
1656490 645
1656500 645
1656510 640
1656520 635
1656530 635
1656540 629
1656550 623
1656560 623
1656570 621
1656580 615
1656590 615
1656600 607
1656610 601
1656620 601
1656630 596
1656640 592
1656650 592
1656660 589
1656670 586
1656680 586
1656690 582
1656700 579
1656710 579
1656720 575
1656730 572
1656740 572
1656750 569
1656760 566
1656770 566
1656780 563
1656790 561
1656800 561
1656810 558
1656820 556
1656830 556
1656840 554
1656850 553
1656860 553
1656870 551
1656880 550
1656890 550
1656900 549
1656910 548
1656920 548
1656930 547
1656940 546
1656950 545
1656960 545
1656970 545
1656980 544
1656990 544
1657000 543
1657010 543
1657020 543
1657030 543
1657040 542
1657050 542
1657060 542
1657070 542
1657080 542
1657090 541
1657100 541
1657110 541
1657120 540
1657130 540
1657140 540
1657150 540
1657160 540
1657170 540
1657180 540
1657190 540
1657200 540
1657210 540
1657220 540
1657230 540
1657240 541
1657250 542
1657260 542
1657270 543
1657280 544
1657290 544
1657300 547
1657310 552
1657320 549
1657330 554
1657340 557
1657350 557
1657360 560
1657370 563
1657380 563
1657390 565
1657400 566
1657410 566
1657420 567
1657430 566
1657440 566
1657450 567
1657460 566
1657470 566
1657480 566
1657490 567
1657500 567
1657510 567
1657520 567
1657530 567
1657540 568
1657550 568
1657560 568
1657570 570
1657580 572
1657590 572
1657600 573
1657610 573
1657620 573
1657630 574
1657640 576
1657650 576
1657660 578
1657670 579
1657680 581
1657690 581
1657700 583
1657710 586
1657720 586
1657730 589
1657740 591
1657750 591
1657760 593
1657770 596
1657780 596
1657790 601
1657800 605
1657810 605
1657820 609
1657830 612
1657840 612
1657850 615
1657860 618
1657870 618
1657880 619
1657890 621
1657900 621
1657910 625
1657920 630
1657930 630
1657940 635
1657950 640
1657960 640
1657970 645
1657980 650
1657990 650
1658000 654
1658010 658
1658020 658
1658030 662
1658040 665
1658050 665
1658060 667
1658070 675
1658080 675
1658090 677
1658100 678
1658110 678
1658120 678
1658130 678
1658140 678
1658150 677
1658160 676
1658170 676
1658180 674
1658190 672
1658200 672
1658210 670
1658220 668
1658230 668
1658240 666
1658250 664
1658260 664
1658270 662
1658280 660
1658290 660
1658300 658
1658310 655
1658320 655
1658330 651
1658340 649
1658350 649
1658360 645
1658370 641
1658380 641
1658390 638
1658400 635
1658410 633
1658420 633
1658430 630
1658440 626
1658450 626
1658460 622
1658470 620
1658480 620
1658490 621
1658500 625
1658510 625
1658520 629
1658530 632
1658540 632
1658550 634
1658560 635
1658570 635
1658580 632
1658590 625
1658600 625
1658610 622
1658620 624
1658630 624
1658640 628
1658650 632
1658660 632
1658670 636
1658680 638
1658690 638
1658700 639
1658710 639
1658720 639
1658730 638
1658740 635
1658750 635
1658760 632
1658770 633
1658780 633
1658790 636
1658800 640
1658810 638
1658820 641
1658830 641
1658840 641
1658850 639
1658860 638
1658870 638
1658880 642
1658890 647
1658900 647
1658910 652
1658920 656
1658930 656
1658940 659
1658950 662
1658960 662
1658970 664
1658980 665
1658990 665
1659000 666
1659010 666
1659020 666
1659030 666
1659040 666
1659050 666
1659060 665
1659070 664
1659080 664
1659090 663
1659100 661
1659110 661
1659120 658
1659130 657
1659140 656
1659150 656
1659160 654
1659170 653
1659180 653
1659190 651
1659200 650
1659210 650
1659220 650
1659230 651
1659240 651
1659250 650
1659260 650
1659270 650
1659280 649
1659290 648
1659300 648
1659310 647
1659320 646
1659330 646
1659340 645
1659350 643
1659360 643
1659370 641
1659380 641
1659390 641
1659400 639
1659410 638
1659420 638
1659430 637
1659440 635
1659450 635
1659460 633
1659470 630
1659480 630
1659490 625
1659500 620
1659510 620
1659520 613
1659530 606
1659540 606
1659550 599
1659560 592
1659570 592
1659580 586
1659590 582
1659600 582
1659610 581
1659620 579
1659630 579
1659640 578
1659650 576
1659660 576
1659670 575
1659680 575
1659690 575
1659700 575
1659710 576
1659720 576
1659730 576
1659740 577
1659750 577
1659760 577
1659770 578
1659780 578
1659790 579
1659800 582
1659810 582
1659820 586
1659830 589
1659840 589
1659850 593
1659860 597
1659870 597
1659880 601
1659890 604
1659900 607
1659910 607
1659920 610
1659930 613
1659940 613
1659950 615
1659960 615
1659970 615
1659980 612
1659990 610
