1640000 824
1640010 819
1640020 813
1640030 813
1640040 808
1640050 805
1640060 805
1640070 803
1640080 802
1640090 802
1640100 800
1640110 799
1640120 799
1640130 799
1640140 798
1640150 798
1640160 796
1640170 796
1640180 796
1640190 797
1640200 799
1640210 799
1640220 802
1640230 802
1640240 802
1640250 797
1640260 795
1640270 795
1640280 801
1640290 808
1640300 815
1640310 815
1640320 824
1640330 831
1640340 831
1640350 838
1640360 845
1640370 845
1640380 850
1640390 854
1640400 854
1640410 858
1640420 861
1640430 861
1640440 864
1640450 868
1640460 868
1640470 870
1640480 871
1640490 871
1640500 872
1640510 873
1640520 873
1640530 873
1640540 874
1640550 874
1640560 874
1640570 874
1640580 874
1640590 874
1640600 874
1640610 874
1640620 873
1640630 872
1640640 872
1640650 871
1640660 869
1640670 869
1640680 868
1640690 867
1640700 867
1640710 865
1640720 863
1640730 863
1640740 861
1640750 860
1640760 860
1640770 858
1640780 856
1640790 856
1640800 853
1640810 851
1640820 851
1640830 849
1640840 846
1640850 846
1640860 844
1640870 841
1640880 841
1640890 837
1640900 834
1640910 834
1640920 830
1640930 824
1640940 824
1640950 817
1640960 810
1640970 810
1640980 803
1640990 796
1641000 796
1641010 789
1641020 782
1641030 782
1641040 775
1641050 768
1641060 768
1641070 761
1641080 754
1641090 748
1641100 748
1641110 743
1641120 738
1641130 738
1641140 734
1641150 732
1641160 732
1641170 730
1641180 729
1641190 729
1641200 727
1641210 726
1641220 726
1641230 724
1641240 724
1641250 731
1641260 731
1641270 731
1641280 731
1641290 729
1641300 727
1641310 727
1641320 724
1641330 721
1641340 721
1641350 718
1641360 715
1641370 715
1641380 712
1641390 710
1641400 710
1641410 707
1641420 703
1641430 703
1641440 698
1641450 693
1641460 693
1641470 687
1641480 680
1641490 680
1641500 672
1641510 663
1641520 663
1641530 655
1641540 647
1641550 647
1641560 640
1641570 634
1641580 634
1641590 627
1641600 619
1641610 619
1641620 610
1641630 600
1641640 600
1641650 592
1641660 588
1641670 588
1641680 589
1641690 590
1641700 590
1641710 591
1641720 590
1641730 590
1641740 590
1641750 588
1641760 588
1641770 587
1641780 584
1641790 584
1641800 582
1641810 579
1641820 579
1641830 576
1641840 573
1641850 573
1641860 570
1641870 564
1641880 557
1641890 557
1641900 549
1641910 542
1641920 542
1641930 537
1641940 534
1641950 534
1641960 531
1641970 529
1641980 529
1641990 526
1642000 524
1642010 524
1642020 522
1642030 519
1642040 519
1642050 517
1642060 515
1642070 519
1642080 516
1642090 513
1642100 513
1642110 509
1642120 506
1642130 506
1642140 502
1642150 497
1642160 497
1642170 490
1642180 487
1642190 487
1642200 484
1642210 482
1642220 482
1642230 480
1642240 480
1642250 480
1642260 480
1642270 480
1642280 480
1642290 479
1642300 478
1642310 478
1642320 477
1642330 475
1642340 475
1642350 471
1642360 468
1642370 468
1642380 466
1642390 462
1642400 462
1642410 458
1642420 454
1642430 454
1642440 450
1642450 446
1642460 446
1642470 444
1642480 444
1642490 444
1642500 443
1642510 442
1642520 442
1642530 445
1642540 449
1642550 449
1642560 449
1642570 450
1642580 450
1642590 450
1642600 451
1642610 451
1642620 452
1642630 454
1642640 454
1642650 454
1642660 455
1642670 455
1642680 455
1642690 453
1642700 453
1642710 453
1642720 453
1642730 454
1642740 454
1642750 455
1642760 457
1642770 457
1642780 459
1642790 461
1642800 461
1642810 462
1642820 464
1642830 464
1642840 466
1642850 468
1642860 468
1642870 470
1642880 472
1642890 468
1642900 470
1642910 472
1642920 472
1642930 473
1642940 475
1642950 475
1642960 476
1642970 479
1642980 479
1642990 481
1643000 484
1643010 484
1643020 486
1643030 488
1643040 488
1643050 489
1643060 490
1643070 490
1643080 492
1643090 494
1643100 494
1643110 498
1643120 499
1643130 499
1643140 498
1643150 497
1643160 497
1643170 496
1643180 495
1643190 495
1643200 493
1643210 490
1643220 490
1643230 488
1643240 485
1643250 485
1643260 483
1643270 480
1643280 480
1643290 477
1643300 472
1643310 472
1643320 467
1643330 462
1643340 462
1643350 457
1643360 452
1643370 452
1643380 447
1643390 443
1643400 443
1643410 438
1643420 434
1643430 430
1643440 430
1643450 424
1643460 418
1643470 418
1643480 417
1643490 416
1643500 416
1643510 417
1643520 417
1643530 417
1643540 416
1643550 417
1643560 417
1643570 417
1643580 417
1643590 417
1643600 417
1643610 418
1643620 418
1643630 418
1643640 419
1643650 419
1643660 420
1643670 426
1643680 426
1643690 426
1643700 420
1643710 420
1643720 420
1643730 420
1643740 420
1643750 421
1643760 421
1643770 421
1643780 421
1643790 421
1643800 421
1643810 422
1643820 422
1643830 422
1643840 422
1643850 423
1643860 423
1643870 423
1643880 423
1643890 423
1643900 424
1643910 424
1643920 424
1643930 425
1643940 425
1643950 425
1643960 425
1643970 426
1643980 426
1643990 426
1644000 427
1644010 427
1644020 428
1644030 429
1644040 429
1644050 430
1644060 432
1644070 432
1644080 434
1644090 435
1644100 435
1644110 436
1644120 437
1644130 437
1644140 438
1644150 439
1644160 439
1644170 440
1644180 441
1644190 441
1644200 442
1644210 443
1644220 444
1644230 444
1644240 446
1644250 447
1644260 447
1644270 449
1644280 450
1644290 450
1644300 451
1644310 453
1644320 453
1644330 455
1644340 456
1644350 456
1644360 455
1644370 453
1644380 453
1644390 455
1644400 458
1644410 458
1644420 463
1644430 467
1644440 467
1644450 470
1644460 474
1644470 474
1644480 477
1644490 481
1644500 481
1644510 490
1644520 494
1644530 494
1644540 498
1644550 501
1644560 501
1644570 505
1644580 507
1644590 507
1644600 507
1644610 506
1644620 506
1644630 506
1644640 506
1644650 506
1644660 504
1644670 505
1644680 505
1644690 508
1644700 509
1644710 509
1644720 510
1644730 510
1644740 510
1644750 509
1644760 509
1644770 509
1644780 509
1644790 512
1644800 512
1644810 516
1644820 522
1644830 522
1644840 529
1644850 537
1644860 537
1644870 544
1644880 551
1644890 551
1644900 558
1644910 565
1644920 565
1644930 572
1644940 579
1644950 579
1644960 586
1644970 592
1644980 592
1644990 598
1645000 601
1645010 602
1645020 602
1645030 603
1645040 605
1645050 605
1645060 607
1645070 611
1645080 611
1645090 615
1645100 620
1645110 620
1645120 625
1645130 631
1645140 631
1645150 636
1645160 642
1645170 642
1645180 648
1645190 655
1645200 655
1645210 662
1645220 670
1645230 670
1645240 673
1645250 681
1645260 681
1645270 688
1645280 694
1645290 694
1645300 701
1645310 708
1645320 708
1645330 715
1645340 721
1645350 721
1645360 728
1645370 734
1645380 734
1645390 739
1645400 742
1645410 742
1645420 739
1645430 735
1645440 735
1645450 732
1645460 733
1645470 733
1645480 734
1645490 735
1645500 735
1645510 737
1645520 741
1645530 741
1645540 742
1645550 743
1645560 743
1645570 744
1645580 748
1645590 748
1645600 753
1645610 756
1645620 756
1645630 756
1645640 758
1645650 758
1645660 762
1645670 766
1645680 766
1645690 771
1645700 777
1645710 777
1645720 784
1645730 790
1645740 790
1645750 797
1645760 804
1645770 804
1645780 811
1645790 817
1645800 822
1645810 822
1645820 826
1645830 829
1645840 829
1645850 832
1645860 836
1645870 836
1645880 839
1645890 843
1645900 843
1645910 847
1645920 851
1645930 851
1645940 856
1645950 860
1645960 860
1645970 865
1645980 870
1645990 870
1646000 875
1646010 881
1646020 881
1646030 886
1646040 891
1646050 891
1646060 896
1646070 899
1646080 899
1646090 898
1646100 897
1646110 894
1646120 892
1646130 891
1646140 891
1646150 889
1646160 887
1646170 887
1646180 884
1646190 882
1646200 882
1646210 879
1646220 876
1646230 876
1646240 874
1646250 871
1646260 871
1646270 867
1646280 863
1646290 863
1646300 858
1646310 853
1646320 853
1646330 847
1646340 841
1646350 841
1646360 835
1646370 828
1646380 828
1646390 821
1646400 815
1646410 815
1646420 808
1646430 802
1646440 802
1646450 796
1646460 790
1646470 790
1646480 784
1646490 778
1646500 778
1646510 772
1646520 766
1646530 766
1646540 760
1646550 753
1646560 744
1646570 744
1646580 738
1646590 733
1646600 733
1646610 730
1646620 724
1646630 724
1646640 718
1646650 713
1646660 713
1646670 710
1646680 707
1646690 707
1646700 701
1646710 696
1646720 696
1646730 691
1646740 686
1646750 686
1646760 679
1646770 674
1646780 674
1646790 666
1646800 661
1646810 661
1646820 658
1646830 654
1646840 654
1646850 647
1646860 640
1646870 640
1646880 633
1646890 626
1646900 626
1646910 625
1646920 622
1646930 622
1646940 622
1646950 621
1646960 621
1646970 617
1646980 614
1646990 614
1647000 611
1647010 608
1647020 608
1647030 606
1647040 601
1647050 601
1647060 599
1647070 595
1647080 595
1647090 591
1647100 586
1647110 586
1647120 581
1647130 576
1647140 576
1647150 571
1647160 565
1647170 565
1647180 560
1647190 554
1647200 554
1647210 549
1647220 544
1647230 544
1647240 540
1647250 535
1647260 535
1647270 531
1647280 526
1647290 526
1647300 522
1647310 518
1647320 518
1647330 514
1647340 510
1647350 506
1647360 506
1647370 503
1647380 500
1647390 500
1647400 496
1647410 497
1647420 497
1647430 498
1647440 498
1647450 498
1647460 498
1647470 496
1647480 496
1647490 492
1647500 487
1647510 487
1647520 483
1647530 482
1647540 482
1647550 484
1647560 491
1647570 491
1647580 496
1647590 501
1647600 501
1647610 506
1647620 511
1647630 511
1647640 515
1647650 520
1647660 520
1647670 525
1647680 529
1647690 529
1647700 534
1647710 539
1647720 539
1647730 544
1647740 550
1647750 550
1647760 555
1647770 560
1647780 560
1647790 564
1647800 569
1647810 569
1647820 574
1647830 579
1647840 579
1647850 583
1647860 587
1647870 587
1647880 591
1647890 595
1647900 595
1647910 599
1647920 603
1647930 603
1647940 608
1647950 613
1647960 613
1647970 618
1647980 623
1647990 623
1648000 628
1648010 633
1648020 633
1648030 637
1648040 642
1648050 642
1648060 646
1648070 650
1648080 650
1648090 654
1648100 657
1648110 657
1648120 661
1648130 665
1648140 668
1648150 668
1648160 672
1648170 674
1648180 674
1648190 678
1648200 683
1648210 683
1648220 688
1648230 692
1648240 692
1648250 697
1648260 701
1648270 701
1648280 706
1648290 711
1648300 711
1648310 715
1648320 719
1648330 719
1648340 724
1648350 728
1648360 728
1648370 732
1648380 736
1648390 736
1648400 739
1648410 742
1648420 742
1648430 743
1648440 738
1648450 738
1648460 731
1648470 725
1648480 725
1648490 722
1648500 718
1648510 718
1648520 714
1648530 710
1648540 710
1648550 707
1648560 704
1648570 704
1648580 701
1648590 697
1648600 697
1648610 694
1648620 691
1648630 691
1648640 689
1648650 686
1648660 686
1648670 683
1648680 680
1648690 680
1648700 678
1648710 674
1648720 674
1648730 671
1648740 669
1648750 669
1648760 665
1648770 662
1648780 662
1648790 658
1648800 653
1648810 653
1648820 649
1648830 646
1648840 646
1648850 640
1648860 633
1648870 633
1648880 626
1648890 623
1648900 623
1648910 620
1648920 616
1648930 613
1648940 613
1648950 610
1648960 607
1648970 607
1648980 606
1648990 604
1649000 604
1649010 603
1649020 602
1649030 602
1649040 600
1649050 598
1649060 598
1649070 597
1649080 596
1649090 596
1649100 596
1649110 594
1649120 594
1649130 592
1649140 591
1649150 591
1649160 589
1649170 587
1649180 587
1649190 584
1649200 582
1649210 582
1649220 580
1649230 578
1649240 578
1649250 575
1649260 572
1649270 572
1649280 573
1649290 570
1649300 570
1649310 567
1649320 565
1649330 565
1649340 563
1649350 561
1649360 561
1649370 559
1649380 556
1649390 556
1649400 554
1649410 551
1649420 551
1649430 549
1649440 546
1649450 546
1649460 543
1649470 541
1649480 541
1649490 539
1649500 538
1649510 538
1649520 537
1649530 537
1649540 537
1649550 536
1649560 537
1649570 537
1649580 538
1649590 539
1649600 539
1649610 540
1649620 537
1649630 537
1649640 536
1649650 534
1649660 534
1649670 533
1649680 530
1649690 530
1649700 528
1649710 526
1649720 523
1649730 523
1649740 521
1649750 518
1649760 518
1649770 515
1649780 512
1649790 512
1649800 509
1649810 505
1649820 505
1649830 501
1649840 497
1649850 497
1649860 493
1649870 487
1649880 487
1649890 484
1649900 481
1649910 481
1649920 476
1649930 471
1649940 471
1649950 467
1649960 463
1649970 463
1649980 458
1649990 453
1650000 453
1650010 449
1650020 445
1650030 445
1650040 442
1650050 437
1650060 433
1650070 429
1650080 425
1650090 425
1650100 422
1650110 420
1650120 420
1650130 414
1650140 408
1650150 408
1650160 403
1650170 398
1650180 398
1650190 396
1650200 392
1650210 392
1650220 387
1650230 383
1650240 383
1650250 380
1650260 373
1650270 373
1650280 368
1650290 367
1650300 367
1650310 367
1650320 368
1650330 368
1650340 375
1650350 383
1650360 383
1650370 384
1650380 384
1650390 384
1650400 383
1650410 383
1650420 383
1650430 383
1650440 383
1650450 383
1650460 384
1650470 385
1650480 385
1650490 388
1650500 393
1650510 398
1650520 398
1650530 404
1650540 410
1650550 410
1650560 416
1650570 423
1650580 423
1650590 429
1650600 434
1650610 434
1650620 441
1650630 447
1650640 447
1650650 454
1650660 461
1650670 461
1650680 467
1650690 474
1650700 474
1650710 479
1650720 481
1650730 481
1650740 480
1650750 480
1650760 480
1650770 480
1650780 481
1650790 481
1650800 483
1650810 485
1650820 485
1650830 485
1650840 487
1650850 487
1650860 490
1650870 493
1650880 493
1650890 496
1650900 497
1650910 497
1650920 499
1650930 501
1650940 501
1650950 503
1650960 506
1650970 506
1650980 509
1650990 512
1651000 512
1651010 517
1651020 521
1651030 521
1651040 523
1651050 526
1651060 526
1651070 531
1651080 538
1651090 538
1651100 543
1651110 544
1651120 544
1651130 546
1651140 547
1651150 547
1651160 549
1651170 551
1651180 551
1651190 553
1651200 556
1651210 556
1651220 559
1651230 562
1651240 562
1651250 565
1651260 568
1651270 571
1651280 571
1651290 573
1651300 574
1651310 574
1651320 577
1651330 579
1651340 579
1651350 580
1651360 582
1651370 582
1651380 584
1651390 587
1651400 587
1651410 590
1651420 593
1651430 593
1651440 596
1651450 599
1651460 599
1651470 602
1651480 604
1651490 604
1651500 604
1651510 606
1651520 606
1651530 608
1651540 610
1651550 610
1651560 612
1651570 614
1651580 614
1651590 616
1651600 618
1651610 613
1651620 615
1651630 616
1651640 616
1651650 618
1651660 620
1651670 620
1651680 622
1651690 625
1651700 625
1651710 628
1651720 629
1651730 629
1651740 632
1651750 631
1651760 631
1651770 628
1651780 629
1651790 629
1651800 630
1651810 631
1651820 631
1651830 631
1651840 632
1651850 632
1651860 632
1651870 633
1651880 633
1651890 633
1651900 634
1651910 634
1651920 634
1651930 635
1651940 635
1651950 636
1651960 637
1651970 637
1651980 638
1651990 640
1652000 640
1652010 639
1652020 638
1652030 638
1652040 637
1652050 637
1652060 637
1652070 637
1652080 637
1652090 637
1652100 637
1652110 636
1652120 636
1652130 636
1652140 636
1652150 636
1652160 636
1652170 636
1652180 636
1652190 636
1652200 636
1652210 635
1652220 635
1652230 634
1652240 634
1652250 634
1652260 633
1652270 631
1652280 631
1652290 629
1652300 626
1652310 626
1652320 623
1652330 619
1652340 619
1652350 616
1652360 615
1652370 615
1652380 613
1652390 612
1652400 612
1652410 612
1652420 611
1652430 611
1652440 610
1652450 610
1652460 610
1652470 609
1652480 608
1652490 608
1652500 607
1652510 606
1652520 606
1652530 606
1652540 605
1652550 605
1652560 604
1652570 604
1652580 604
1652590 603
1652600 602
1652610 602
1652620 601
1652630 600
1652640 600
1652650 599
1652660 598
1652670 598
1652680 597
1652690 597
1652700 597
1652710 596
1652720 596
1652730 596
1652740 595
1652750 595
1652760 595
1652770 595
1652780 595
1652790 595
1652800 595
1652810 595
1652820 595
1652830 595
1652840 595
1652850 594
1652860 594
1652870 594
1652880 593
1652890 593
1652900 592
1652910 591
1652920 591
1652930 589
1652940 587
1652950 587
1652960 586
1652970 583
1652980 583
1652990 580
1653000 576
1653010 576
1653020 573
1653030 571
1653040 571
1653050 570
1653060 569
1653070 569
1653080 568
1653090 568
1653100 568
1653110 568
1653120 567
1653130 567
1653140 566
1653150 566
1653160 566
1653170 566
1653180 566
1653190 566
1653200 567
1653210 567
1653220 567
1653230 567
1653240 568
1653250 568
1653260 568
1653270 569
1653280 569
1653290 569
1653300 570
1653310 570
1653320 570
1653330 571
1653340 571
1653350 571
1653360 572
1653370 572
1653380 572
1653390 573
1653400 573
1653410 573
1653420 573
1653430 573
1653440 572
1653450 569
1653460 569
1653470 565
1653480 560
1653490 560
1653500 555
1653510 551
1653520 551
1653530 546
1653540 539
1653550 539
1653560 532
1653570 523
1653580 523
1653590 514
1653600 504
1653610 504
1653620 495
1653630 486
1653640 478
1653650 478
1653660 471
1653670 463
1653680 463
1653690 456
1653700 450
1653710 450
1653720 445
1653730 440
1653740 440
1653750 436
1653760 434
1653770 434
1653780 433
1653790 432
1653800 432
1653810 432
1653820 432
1653830 432
1653840 433
1653850 435
1653860 435
1653870 437
1653880 440
1653890 440
1653900 443
1653910 446
1653920 446
1653930 449
1653940 452
1653950 452
1653960 455
1653970 458
1653980 458
1653990 462
1654000 465
1654010 465
1654020 468
1654030 471
1654040 471
1654050 472
1654060 474
1654070 474
1654080 476
1654090 478
1654100 478
1654110 480
1654120 480
1654130 480
1654140 481
1654150 482
1654160 482
1654170 484
1654180 485
1654190 485
1654200 488
1654210 491
1654220 491
1654230 495
1654240 500
1654250 500
1654260 504
1654270 508
1654280 508
1654290 511
1654300 515
1654310 515
1654320 518
1654330 521
1654340 521
1654350 523
1654360 526
1654370 526
1654380 528
1654390 531
1654400 531
1654410 534
1654420 537
1654430 541
1654440 541
1654450 544
1654460 547
1654470 547
1654480 550
1654490 552
1654500 552
1654510 554
1654520 556
1654530 556
1654540 558
1654550 560
1654560 560
1654570 563
1654580 566
1654590 566
1654600 568
1654610 570
1654620 570
1654630 573
1654640 575
1654650 575
1654660 577
1654670 581
1654680 581
1654690 585
1654700 589
1654710 589
1654720 592
1654730 595
1654740 595
1654750 599
1654760 602
1654770 602
1654780 605
1654790 607
1654800 607
1654810 609
1654820 611
1654830 611
1654840 613
1654850 615
1654860 615
1654870 618
1654880 619
1654890 619
1654900 620
1654910 620
1654920 620
1654930 617
1654940 615
1654950 615
1654960 613
1654970 609
1654980 609
1654990 604
1655000 601
1655010 601
1655020 600
1655030 599
1655040 599
1655050 598
1655060 597
1655070 597
1655080 596
1655090 594
1655100 594
1655110 593
1655120 589
1655130 589
1655140 586
1655150 583
1655160 583
1655170 580
1655180 577
1655190 577
1655200 575
1655210 571
1655220 567
1655230 567
1655240 564
1655250 561
1655260 561
1655270 558
1655280 556
1655290 556
1655300 555
1655310 553
1655320 553
1655330 550
1655340 547
1655350 547
1655360 543
1655370 538
1655380 538
1655390 534
1655400 532
1655410 532
1655420 526
1655430 523
1655440 523
1655450 520
1655460 519
1655470 519
1655480 525
1655490 530
1655500 530
1655510 534
1655520 537
1655530 537
1655540 541
1655550 545
1655560 545
1655570 549
1655580 551
1655590 551
1655600 549
1655610 547
1655620 547
1655630 545
1655640 545
1655650 545
1655660 545
1655670 547
1655680 547
1655690 550
1655700 556
1655710 556
1655720 564
1655730 571
1655740 571
1655750 575
1655760 576
1655770 576
1655780 579
1655790 584
1655800 584
1655810 589
1655820 594
1655830 594
1655840 599
1655850 602
1655860 602
1655870 606
1655880 608
1655890 608
1655900 610
1655910 612
1655920 612
1655930 615
1655940 620
1655950 620
1655960 625
1655970 629
1655980 635
1655990 635
1656000 640
1656010 643
1656020 643
1656030 647
1656040 652
1656050 652
1656060 657
1656070 661
1656080 661
1656090 666
1656100 671
1656110 671
1656120 675
1656130 680
1656140 680
1656150 684
1656160 689
1656170 686
1656180 690
1656190 692
1656200 692
1656210 693
1656220 691
1656230 691
1656240 691
1656250 693
1656260 693
1656270 696
1656280 699
1656290 699
1656300 701
1656310 704
1656320 704
1656330 707
1656340 710
1656350 710
1656360 713
1656370 716
1656380 716
1656390 720
1656400 724
1656410 724
1656420 729
1656430 733
1656440 733
1656450 737
1656460 741
1656470 741
1656480 745
1656490 749
1656500 749
1656510 754
1656520 759
1656530 759
1656540 765
1656550 769
1656560 769
1656570 774
1656580 778
1656590 778
1656600 782
1656610 786
1656620 786
1656630 789
1656640 792
1656650 792
1656660 795
1656670 799
1656680 799
1656690 802
1656700 805
1656710 805
1656720 808
1656730 811
1656740 811
1656750 813
1656760 815
1656770 817
1656780 817
1656790 819
1656800 821
1656810 821
1656820 823
1656830 826
1656840 826
1656850 827
1656860 829
1656870 829
1656880 831
1656890 833
1656900 833
1656910 834
1656920 839
1656930 839
1656940 840
1656950 842
1656960 842
1656970 843
1656980 844
1656990 844
1657000 844
1657010 845
1657020 845
1657030 847
1657040 848
1657050 848
1657060 849
1657070 851
1657080 851
1657090 853
1657100 856
1657110 856
1657120 858
1657130 859
1657140 859
1657150 860
1657160 861
1657170 861
1657180 862
1657190 863
1657200 863
1657210 864
1657220 865
1657230 865
1657240 865
1657250 865
1657260 865
1657270 865
1657280 865
1657290 865
1657300 865
1657310 865
1657320 865
1657330 865
1657340 865
1657350 865
1657360 864
1657370 863
1657380 863
1657390 861
1657400 860
1657410 860
1657420 858
1657430 856
1657440 856
1657450 853
1657460 851
1657470 851
1657480 849
1657490 846
1657500 846
1657510 845
1657520 843
1657530 843
1657540 842
1657550 841
1657560 840
1657570 840
1657580 840
1657590 839
1657600 839
1657610 838
1657620 837
1657630 837
1657640 836
1657650 835
1657660 835
1657670 823
1657680 807
1657690 807
1657700 796
1657710 785
1657720 785
1657730 777
1657740 769
1657750 769
1657760 761
1657770 753
1657780 753
1657790 746
1657800 740
1657810 740
1657820 733
1657830 728
1657840 728
1657850 722
1657860 717
1657870 717
1657880 712
1657890 708
1657900 708
1657910 704
1657920 700
1657930 700
1657940 697
1657950 696
1657960 696
1657970 693
1657980 690
1657990 690
1658000 687
1658010 685
1658020 685
1658030 684
1658040 684
1658050 684
1658060 680
1658070 668
1658080 668
1658090 652
1658100 645
1658110 645
1658120 640
1658130 637
1658140 637
1658150 633
1658160 627
1658170 627
1658180 620
1658190 615
1658200 615
1658210 609
1658220 603
1658230 603
1658240 596
1658250 588
1658260 588
1658270 581
1658280 575
1658290 575
1658300 569
1658310 564
1658320 564
1658330 557
1658340 549
1658350 543
1658360 543
1658370 537
1658380 530
1658390 530
1658400 523
1658410 518
1658420 518
1658430 510
1658440 505
1658450 505
1658460 505
1658470 506
1658480 506
1658490 508
1658500 511
1658510 511
1658520 513
1658530 516
1658540 516
1658550 518
1658560 521
1658570 521
1658580 525
1658590 528
1658600 528
1658610 532
1658620 536
1658630 536
1658640 540
1658650 544
1658660 544
1658670 548
1658680 552
1658690 552
1658700 557
1658710 563
1658720 563
1658730 568
1658740 574
1658750 574
1658760 579
1658770 585
1658780 585
1658790 590
1658800 595
1658810 595
1658820 599
1658830 603
1658840 603
1658850 608
1658860 613
1658870 613
1658880 619
1658890 625
1658900 625
1658910 632
1658920 639
1658930 639
1658940 645
1658950 652
1658960 652
1658970 659
1658980 665
1658990 665
1659000 671
1659010 678
1659020 678
1659030 684
1659040 691
1659050 691
1659060 698
1659070 708
1659080 708
1659090 716
1659100 724
1659110 724
1659120 732
1659130 741
1659140 747
1659150 739
1659160 747
1659170 763
1659180 763
1659190 779
1659200 784
1659210 784
1659220 782
1659230 779
1659240 779
1659250 784
1659260 791
1659270 791
1659280 800
1659290 814
1659300 814
1659310 827
1659320 839
1659330 839
1659340 848
1659350 854
1659360 854
1659370 859
1659380 866
1659390 866
1659400 871
1659410 877
1659420 877
1659430 882
1659440 887
1659450 887
1659460 894
1659470 901
1659480 901
1659490 911
1659500 919
1659510 919
1659520 930
1659530 938
1659540 938
1659550 947
1659560 960
1659570 960
1659580 967
1659590 973
1659600 973
1659610 979
1659620 986
1659630 986
1659640 993
1659650 998
1659660 998
1659670 1002
1659680 1005
1659690 1005
1659700 1008
1659710 1010
1659720 1010
1659730 1013
1659740 1015
1659750 1015
1659760 1018
1659770 1020
1659780 1020
1659790 1021
1659800 1023
1659810 1023
1659820 1023
1659830 1023
1659840 1023
1659850 1024
1659860 1025
1659870 1025
1659880 1028
1659890 1039
1659900 1039
1659910 1042
1659920 1044
1659930 1046
1659940 1046
1659950 1050
1659960 1055
1659970 1055
1659980 1061
1659990 1065
