1640000 887
1640010 884
1640020 884
1640030 881
1640040 878
1640050 878
1640060 875
1640070 873
1640080 873
1640090 870
1640100 866
1640110 866
1640120 861
1640130 854
1640140 848
1640150 848
1640160 843
1640170 838
1640180 838
1640190 834
1640200 831
1640210 831
1640220 829
1640230 827
1640240 827
1640250 824
1640260 821
1640270 821
1640280 817
1640290 814
1640300 814
1640310 815
1640320 819
1640330 819
1640340 824
1640350 830
1640360 830
1640370 835
1640380 839
1640390 839
1640400 844
1640410 848
1640420 848
1640430 853
1640440 857
1640450 857
1640460 862
1640470 866
1640480 866
1640490 870
1640500 874
1640510 874
1640520 879
1640530 883
1640540 883
1640550 888
1640560 893
1640570 893
1640580 896
1640590 899
1640600 899
1640610 900
1640620 901
1640630 901
1640640 901
1640650 901
1640660 903
1640670 904
1640680 904
1640690 904
1640700 905
1640710 905
1640720 905
1640730 904
1640740 903
1640750 903
1640760 903
1640770 902
1640780 902
1640790 902
1640800 901
1640810 901
1640820 900
1640830 897
1640840 897
1640850 895
1640860 893
1640870 893
1640880 890
1640890 887
1640900 887
1640910 884
1640920 881
1640930 878
1640940 878
1640950 874
1640960 870
1640970 870
1640980 866
1640990 862
1641000 862
1641010 857
1641020 853
1641030 853
1641040 849
1641050 845
1641060 845
1641070 843
1641080 841
1641090 841
1641100 840
1641110 840
1641120 840
1641130 839
1641140 837
1641150 837
1641160 835
1641170 833
1641180 833
1641190 830
1641200 827
1641210 827
1641220 823
1641230 818
1641240 818
1641250 810
1641260 802
1641270 802
1641280 795
1641290 788
1641300 788
1641310 781
1641320 775
1641330 775
1641340 767
1641350 760
1641360 760
1641370 754
1641380 748
1641390 748
1641400 743
1641410 735
1641420 735
1641430 726
1641440 718
1641450 718
1641460 710
1641470 704
1641480 704
1641490 704
1641500 702
1641510 702
1641520 700
1641530 698
1641540 698
1641550 695
1641560 693
1641570 693
1641580 691
1641590 690
1641600 690
1641610 690
1641620 689
1641630 689
1641640 688
1641650 685
1641660 685
1641670 681
1641680 676
1641690 676
1641700 671
1641710 665
1641720 658
1641730 658
1641740 648
1641750 639
1641760 639
1641770 631
1641780 625
1641790 625
1641800 622
1641810 621
1641820 621
1641830 620
1641840 619
1641850 619
1641860 617
1641870 615
1641880 615
1641890 612
1641900 610
1641910 610
1641920 609
1641930 608
1641940 608
1641950 607
1641960 607
1641970 607
1641980 605
1641990 604
1642000 604
1642010 601
1642020 597
1642030 597
1642040 594
1642050 589
1642060 589
1642070 583
1642080 575
1642090 575
1642100 567
1642110 559
1642120 559
1642130 553
1642140 547
1642150 547
1642160 541
1642170 537
1642180 537
1642190 534
1642200 534
1642210 534
1642220 534
1642230 534
1642240 534
1642250 533
1642260 532
1642270 532
1642280 530
1642290 529
1642300 529
1642310 531
1642320 528
1642330 528
1642340 526
1642350 523
1642360 523
1642370 520
1642380 514
1642390 514
1642400 507
1642410 500
1642420 500
1642430 494
1642440 488
1642450 488
1642460 484
1642470 480
1642480 480
1642490 478
1642500 477
1642510 477
1642520 477
1642530 478
1642540 480
1642550 480
1642560 482
1642570 483
1642580 483
1642590 484
1642600 483
1642610 483
1642620 478
1642630 474
1642640 474
1642650 470
1642660 465
1642670 465
1642680 461
1642690 457
1642700 457
1642710 451
1642720 445
1642730 445
1642740 440
1642750 437
1642760 437
1642770 434
1642780 432
1642790 432
1642800 430
1642810 430
1642820 430
1642830 431
1642840 431
1642850 431
1642860 432
1642870 433
1642880 433
1642890 434
1642900 435
1642910 435
1642920 437
1642930 438
1642940 438
1642950 440
1642960 443
1642970 443
1642980 445
1642990 447
1643000 447
1643010 448
1643020 449
1643030 449
1643040 450
1643050 451
1643060 451
1643070 451
1643080 452
1643090 452
1643100 453
1643110 453
1643120 450
1643130 450
1643140 450
1643150 450
1643160 450
1643170 448
1643180 448
1643190 446
1643200 446
1643210 446
1643220 445
1643230 443
1643240 443
1643250 442
1643260 441
1643270 441
1643280 440
1643290 438
1643300 437
1643310 437
1643320 434
1643330 432
1643340 432
1643350 430
1643360 428
1643370 428
1643380 426
1643390 424
1643400 424
1643410 422
1643420 419
1643430 419
1643440 417
1643450 416
1643460 416
1643470 415
1643480 415
1643490 415
1643500 415
1643510 415
1643520 415
1643530 415
1643540 414
1643550 414
1643560 414
1643570 415
1643580 415
1643590 417
1643600 423
1643610 423
1643620 426
1643630 429
1643640 429
1643650 437
1643660 441
1643670 441
1643680 446
1643690 451
1643700 451
1643710 456
1643720 461
1643730 461
1643740 464
1643750 468
1643760 468
1643770 473
1643780 478
1643790 478
1643800 481
1643810 483
1643820 483
1643830 483
1643840 483
1643850 483
1643860 482
1643870 482
1643880 482
1643890 480
1643900 479
1643910 479
1643920 478
1643930 481
1643940 481
1643950 479
1643960 477
1643970 477
1643980 476
1643990 475
1644000 475
1644010 475
1644020 475
1644030 475
1644040 476
1644050 479
1644060 479
1644070 484
1644080 489
1644090 494
1644100 494
1644110 500
1644120 506
1644130 506
1644140 512
1644150 518
1644160 518
1644170 524
1644180 530
1644190 530
1644200 534
1644210 537
1644220 537
1644230 540
1644240 542
1644250 542
1644260 545
1644270 547
1644280 547
1644290 548
1644300 550
1644310 550
1644320 552
1644330 553
1644340 553
1644350 554
1644360 553
1644370 553
1644380 549
1644390 545
1644400 545
1644410 542
1644420 543
1644430 543
1644440 544
1644450 545
1644460 545
1644470 544
1644480 542
1644490 542
1644500 541
1644510 542
1644520 542
1644530 545
1644540 548
1644550 548
1644560 552
1644570 557
1644580 557
1644590 563
1644600 569
1644610 569
1644620 575
1644630 581
1644640 581
1644650 587
1644660 593
1644670 593
1644680 599
1644690 603
1644700 603
1644710 602
1644720 602
1644730 602
1644740 609
1644750 610
1644760 610
1644770 613
1644780 616
1644790 616
1644800 618
1644810 620
1644820 620
1644830 621
1644840 621
1644850 622
1644860 622
1644870 622
1644880 624
1644890 624
1644900 627
1644910 628
1644920 628
1644930 629
1644940 631
1644950 631
1644960 634
1644970 637
1644980 637
1644990 640
1645000 642
1645010 642
1645020 645
1645030 647
1645040 647
1645050 651
1645060 655
1645070 655
1645080 658
1645090 663
1645100 663
1645110 669
1645120 674
1645130 674
1645140 679
1645150 685
1645160 685
1645170 690
1645180 695
1645190 695
1645200 700
1645210 705
1645220 705
1645230 709
1645240 713
1645250 713
1645260 715
1645270 716
1645280 716
1645290 717
1645300 717
1645310 717
1645320 719
1645330 720
1645340 720
1645350 722
1645360 725
1645370 725
1645380 727
1645390 730
1645400 730
1645410 734
1645420 738
1645430 738
1645440 743
1645450 749
1645460 749
1645470 754
1645480 760
1645490 760
1645500 765
1645510 770
1645520 770
1645530 776
1645540 778
1645550 778
1645560 783
1645570 788
1645580 788
1645590 792
1645600 798
1645610 798
1645620 803
1645630 810
1645640 818
1645650 818
1645660 827
1645670 835
1645680 835
1645690 841
1645700 847
1645710 847
1645720 852
1645730 855
1645740 855
1645750 859
1645760 862
1645770 862
1645780 865
1645790 867
1645800 867
1645810 869
1645820 869
1645830 869
1645840 868
1645850 868
1645860 868
1645870 867
1645880 865
1645890 865
1645900 863
1645910 862
1645920 862
1645930 861
1645940 860
1645950 860
1645960 860
1645970 859
1645980 859
1645990 858
1646000 858
1646010 858
1646020 858
1646030 858
1646040 858
1646050 857
1646060 857
1646070 857
1646080 856
1646090 855
1646100 855
1646110 854
1646120 852
1646130 852
1646140 850
1646150 849
1646160 849
1646170 847
1646180 845
1646190 845
1646200 843
1646210 842
1646220 842
1646230 840
1646240 838
1646250 838
1646260 835
1646270 834
1646280 834
1646290 833
1646300 831
1646310 831
1646320 830
1646330 828
1646340 825
1646350 824
1646360 823
1646370 823
1646380 822
1646390 821
1646400 821
1646410 820
1646420 819
1646430 818
1646440 818
1646450 817
1646460 816
1646470 816
1646480 815
1646490 815
1646500 815
1646510 814
1646520 813
1646530 813
1646540 812
1646550 811
1646560 811
1646570 811
1646580 810
1646590 810
1646600 809
1646610 807
1646620 807
1646630 805
1646640 802
1646650 802
1646660 796
1646670 790
1646680 790
1646690 785
1646700 781
1646710 781
1646720 777
1646730 771
1646740 771
1646750 765
1646760 759
1646770 759
1646780 753
1646790 748
1646800 748
1646810 745
1646820 742
1646830 742
1646840 739
1646850 734
1646860 734
1646870 730
1646880 728
1646890 728
1646900 726
1646910 722
1646920 722
1646930 719
1646940 714
1646950 714
1646960 708
1646970 700
1646980 700
1646990 693
1647000 687
1647010 687
1647020 684
1647030 679
1647040 679
1647050 675
1647060 672
1647070 672
1647080 668
1647090 662
1647100 662
1647110 653
1647120 645
1647130 646
1647140 636
1647150 627
1647160 627
1647170 618
1647180 607
1647190 607
1647200 598
1647210 589
1647220 581
1647230 581
1647240 574
1647250 567
1647260 567
1647270 560
1647280 553
1647290 553
1647300 545
1647310 539
1647320 539
1647330 532
1647340 525
1647350 525
1647360 519
1647370 513
1647380 513
1647390 507
1647400 502
1647410 502
1647420 497
1647430 492
1647440 492
1647450 487
1647460 481
1647470 481
1647480 474
1647490 466
1647500 466
1647510 465
1647520 469
1647530 469
1647540 475
1647550 480
1647560 480
1647570 486
1647580 492
1647590 492
1647600 498
1647610 504
1647620 504
1647630 509
1647640 515
1647650 515
1647660 520
1647670 525
1647680 525
1647690 530
1647700 536
1647710 536
1647720 542
1647730 547
1647740 547
1647750 553
1647760 559
1647770 559
1647780 565
1647790 570
1647800 570
1647810 576
1647820 581
1647830 581
1647840 587
1647850 593
1647860 593
1647870 599
1647880 606
1647890 606
1647900 612
1647910 617
1647920 617
1647930 625
1647940 630
1647950 630
1647960 636
1647970 642
1647980 642
1647990 648
1648000 654
1648010 660
1648020 660
1648030 665
1648040 671
1648050 671
1648060 677
1648070 681
1648080 681
1648090 686
1648100 692
1648110 692
1648120 698
1648130 705
1648140 705
1648150 712
1648160 719
1648170 719
1648180 725
1648190 731
1648200 731
1648210 735
1648220 739
1648230 739
1648240 744
1648250 750
1648260 750
1648270 755
1648280 759
1648290 759
1648300 763
1648310 766
1648320 766
1648330 768
1648340 768
1648350 768
1648360 767
1648370 766
1648380 766
1648390 765
1648400 761
1648410 761
1648420 755
1648430 749
1648440 749
1648450 744
1648460 741
1648470 741
1648480 738
1648490 735
1648500 735
1648510 734
1648520 732
1648530 732
1648540 732
1648550 731
1648560 731
1648570 730
1648580 730
1648590 730
1648600 730
1648610 732
1648620 732
1648630 733
1648640 735
1648650 735
1648660 737
1648670 739
1648680 739
1648690 743
1648700 744
1648710 739
1648720 741
1648730 741
1648740 741
1648750 738
1648760 732
1648770 732
1648780 727
1648790 723
1648800 718
1648810 718
1648820 714
1648830 710
1648840 710
1648850 707
1648860 703
1648870 703
1648880 698
1648890 694
1648900 694
1648910 689
1648920 684
1648930 684
1648940 678
1648950 672
1648960 672
1648970 666
1648980 661
1648990 661
1649000 655
1649010 650
1649020 650
1649030 644
1649040 639
1649050 639
1649060 633
1649070 626
1649080 626
1649090 620
1649100 614
1649110 614
1649120 608
1649130 603
1649140 603
1649150 597
1649160 591
1649170 591
1649180 586
1649190 580
1649200 580
1649210 575
1649220 570
1649230 570
1649240 564
1649250 560
1649260 560
1649270 556
1649280 553
1649290 553
1649300 550
1649310 547
1649320 547
1649330 543
1649340 540
1649350 540
1649360 538
1649370 537
1649380 537
1649390 536
1649400 534
1649410 534
1649420 532
1649430 531
1649440 531
1649450 529
1649460 527
1649470 527
1649480 526
1649490 524
1649500 522
1649510 522
1649520 522
1649530 522
1649540 521
1649550 520
1649560 520
1649570 518
1649580 516
1649590 514
1649600 514
1649610 513
1649620 511
1649630 511
1649640 510
1649650 509
1649660 509
1649670 508
1649680 507
1649690 507
1649700 506
1649710 504
1649720 504
1649730 502
1649740 500
1649750 500
1649760 499
1649770 497
1649780 497
1649790 491
1649800 486
1649810 486
1649820 480
1649830 474
1649840 474
1649850 467
1649860 462
1649870 462
1649880 457
1649890 454
1649900 454
1649910 452
1649920 450
1649930 450
1649940 448
1649950 446
1649960 446
1649970 443
1649980 440
1649990 440
1650000 438
1650010 435
1650020 435
1650030 431
1650040 429
1650050 429
1650060 427
1650070 424
1650080 424
1650090 421
1650100 417
1650110 417
1650120 412
1650130 408
1650140 408
1650150 403
1650160 398
1650170 398
1650180 391
1650190 383
1650200 383
1650210 380
1650220 375
1650230 375
1650240 370
1650250 367
1650260 367
1650270 367
1650280 367
1650290 367
1650300 370
1650310 374
1650320 374
1650330 380
1650340 383
1650350 383
1650360 384
1650370 384
1650380 384
1650390 384
1650400 385
1650410 386
1650420 386
1650430 387
1650440 388
1650450 388
1650460 390
1650470 391
1650480 391
1650490 391
1650500 393
1650510 393
1650520 395
1650530 397
1650540 397
1650550 400
1650560 403
1650570 403
1650580 405
1650590 408
1650600 408
1650610 411
1650620 414
1650630 414
1650640 416
1650650 419
1650660 419
1650670 421
1650680 424
1650690 424
1650700 426
1650710 428
1650720 428
1650730 430
1650740 433
1650750 433
1650760 436
1650770 440
1650780 440
1650790 443
1650800 446
1650810 446
1650820 449
1650830 451
1650840 451
1650850 454
1650860 456
1650870 456
1650880 459
1650890 462
1650900 462
1650910 465
1650920 468
1650930 468
1650940 471
1650950 474
1650960 474
1650970 477
1650980 480
1650990 480
1651000 483
1651010 486
1651020 486
1651030 490
1651040 493
1651050 492
1651060 495
1651070 498
1651080 498
1651090 502
1651100 506
1651110 506
1651120 511
1651130 514
1651140 514
1651150 516
1651160 517
1651170 519
1651180 519
1651190 522
1651200 524
1651210 524
1651220 526
1651230 528
1651240 528
1651250 530
1651260 533
1651270 533
1651280 535
1651290 538
1651300 538
1651310 540
1651320 542
1651330 542
1651340 544
1651350 547
1651360 547
1651370 549
1651380 552
1651390 552
1651400 556
1651410 559
1651420 559
1651430 562
1651440 565
1651450 565
1651460 568
1651470 570
1651480 570
1651490 571
1651500 573
1651510 573
1651520 574
1651530 576
1651540 576
1651550 577
1651560 579
1651570 579
1651580 580
1651590 581
1651600 581
1651610 583
1651620 584
1651630 584
1651640 585
1651650 586
1651660 586
1651670 587
1651680 588
1651690 588
1651700 589
1651710 590
1651720 590
1651730 591
1651740 592
1651750 592
1651760 593
1651770 594
1651780 594
1651790 595
1651800 596
1651810 596
1651820 597
1651830 596
1651840 596
1651850 597
1651860 598
1651870 598
1651880 598
1651890 599
1651900 599
1651910 599
1651920 600
1651930 600
1651940 601
1651950 602
1651960 602
1651970 602
1651980 603
1651990 603
1652000 603
1652010 604
1652020 605
1652030 605
1652040 605
1652050 606
1652060 606
1652070 606
1652080 607
1652090 607
1652100 607
1652110 607
1652120 607
1652130 607
1652140 607
1652150 607
1652160 606
1652170 606
1652180 606
1652190 605
1652200 605
1652210 605
1652220 604
1652230 602
1652240 602
1652250 600
1652260 597
1652270 597
1652280 594
1652290 590
1652300 590
1652310 584
1652320 579
1652330 579
1652340 576
1652350 573
1652360 573
1652370 570
1652380 568
1652390 568
1652400 565
1652410 563
1652420 563
1652430 561
1652440 557
1652450 557
1652460 551
1652470 547
1652480 547
1652490 548
1652500 552
1652510 552
1652520 554
1652530 556
1652540 556
1652550 557
1652560 557
1652570 557
1652580 559
1652590 555
1652600 555
1652610 555
1652620 559
1652630 559
1652640 562
1652650 565
1652660 565
1652670 567
1652680 570
1652690 570
1652700 573
1652710 577
1652720 577
1652730 580
1652740 583
1652750 584
1652760 584
1652770 585
1652780 584
1652790 584
1652800 583
1652810 582
1652820 582
1652830 580
1652840 578
1652850 578
1652860 576
1652870 575
1652880 575
1652890 573
1652900 572
1652910 572
1652920 571
1652930 570
1652940 570
1652950 569
1652960 568
1652970 568
1652980 566
1652990 565
1653000 565
1653010 563
1653020 560
1653030 560
1653040 556
1653050 552
1653060 552
1653070 547
1653080 542
1653090 542
1653100 538
1653110 538
1653120 538
1653130 539
1653140 542
1653150 542
1653160 543
1653170 545
1653180 545
1653190 546
1653200 548
1653210 548
1653220 550
1653230 552
1653240 552
1653250 554
1653260 556
1653270 556
1653280 558
1653290 560
1653300 560
1653310 562
1653320 563
1653330 563
1653340 565
1653350 568
1653360 568
1653370 570
1653380 572
1653390 572
1653400 574
1653410 575
1653420 575
1653430 574
1653440 571
1653450 571
1653460 566
1653470 560
1653480 560
1653490 554
1653500 548
1653510 548
1653520 540
1653530 532
1653540 523
1653550 523
1653560 514
1653570 505
1653580 505
1653590 496
1653600 488
1653610 488
1653620 480
1653630 474
1653640 474
1653650 468
1653660 461
1653670 461
1653680 455
1653690 450
1653700 450
1653710 447
1653720 442
1653730 442
1653740 437
1653750 433
1653760 433
1653770 429
1653780 426
1653790 426
1653800 424
1653810 423
1653820 423
1653830 423
1653840 425
1653850 425
1653860 429
1653870 435
1653880 435
1653890 441
1653900 447
1653910 447
1653920 452
1653930 458
1653940 458
1653950 463
1653960 469
1653970 469
1653980 474
1653990 480
1654000 480
1654010 486
1654020 492
1654030 492
1654040 499
1654050 506
1654060 506
1654070 512
1654080 517
1654090 517
1654100 519
1654110 519
1654120 526
1654130 527
1654140 528
1654150 528
1654160 530
1654170 533
1654180 533
1654190 536
1654200 536
1654210 536
1654220 535
1654230 534
1654240 534
1654250 532
1654260 530
1654270 530
1654280 530
1654290 530
1654300 530
1654310 530
1654320 532
1654330 534
1654340 534
1654350 536
1654360 539
1654370 539
1654380 542
1654390 546
1654400 546
1654410 548
1654420 550
1654430 550
1654440 550
1654450 550
1654460 550
1654470 550
1654480 550
1654490 550
1654500 551
1654510 552
1654520 552
1654530 554
1654540 554
1654550 554
1654560 554
1654570 555
1654580 555
1654590 556
1654600 557
1654610 557
1654620 557
1654630 558
1654640 558
1654650 558
1654660 559
1654670 559
1654680 559
1654690 559
1654700 559
1654710 560
1654720 560
1654730 560
1654740 560
1654750 561
1654760 561
1654770 562
1654780 563
1654790 563
1654800 564
1654810 565
1654820 565
1654830 565
1654840 564
1654850 564
1654860 563
1654870 562
1654880 557
1654890 556
1654900 553
1654910 553
1654920 551
1654930 550
1654940 550
1654950 549
1654960 548
1654970 548
1654980 547
1654990 546
1655000 546
1655010 546
1655020 546
1655030 546
1655040 546
1655050 546
1655060 546
1655070 546
1655080 544
1655090 541
1655100 541
1655110 536
1655120 532
1655130 532
1655140 528
1655150 525
1655160 525
1655170 522
1655180 520
1655190 520
1655200 518
1655210 516
1655220 516
1655230 513
1655240 510
1655250 510
1655260 508
1655270 506
1655280 506
1655290 504
1655300 504
1655310 504
1655320 503
1655330 501
1655340 501
1655350 500
1655360 499
1655370 499
1655380 499
1655390 498
1655400 498
1655410 497
1655420 496
1655430 496
1655440 493
1655450 493
1655460 493
1655470 495
1655480 498
1655490 498
1655500 501
1655510 504
1655520 504
1655530 506
1655540 509
1655550 509
1655560 513
1655570 516
1655580 516
1655590 520
1655600 525
1655610 525
1655620 531
1655630 536
1655640 540
1655650 545
1655660 550
1655670 550
1655680 553
1655690 554
1655700 554
1655710 554
1655720 556
1655730 556
1655740 558
1655750 559
1655760 559
1655770 562
1655780 564
1655790 564
1655800 567
1655810 569
1655820 569
1655830 571
1655840 573
1655850 573
1655860 575
1655870 578
1655880 580
1655890 580
1655900 584
1655910 587
1655920 587
1655930 589
1655940 592
1655950 592
1655960 595
1655970 599
1655980 599
1655990 601
1656000 605
1656010 605
1656020 608
1656030 612
1656040 612
1656050 614
1656060 618
1656070 618
1656080 621
1656090 624
1656100 624
1656110 627
1656120 630
1656130 630
1656140 634
1656150 637
1656160 637
1656170 640
1656180 645
1656190 645
1656200 650
1656210 654
1656220 654
1656230 658
1656240 661
1656250 661
1656260 664
1656270 669
1656280 669
1656290 674
1656300 678
1656310 678
1656320 683
1656330 688
1656340 688
1656350 694
1656360 702
1656370 702
1656380 710
1656390 720
1656400 720
1656410 727
1656420 735
1656430 735
1656440 742
1656450 749
1656460 749
1656470 756
1656480 761
1656490 761
1656500 766
1656510 771
1656520 771
1656530 776
1656540 781
1656550 781
1656560 786
1656570 792
1656580 792
1656590 797
1656600 802
1656610 802
1656620 806
1656630 810
1656640 810
1656650 814
1656660 819
1656670 819
1656680 823
1656690 827
1656700 831
1656710 831
1656720 836
1656730 841
1656740 841
1656750 845
1656760 849
1656770 849
1656780 854
1656790 859
1656800 859
1656810 863
1656820 867
1656830 867
1656840 871
1656850 874
1656860 874
1656870 877
1656880 880
1656890 880
1656900 883
1656910 885
1656920 885
1656930 888
1656940 890
1656950 890
1656960 893
1656970 896
1656980 896
1656990 899
1657000 901
1657010 901
1657020 904
1657030 907
1657040 907
1657050 910
1657060 912
1657070 912
1657080 915
1657090 918
1657100 918
1657110 921
1657120 923
1657130 923
1657140 930
1657150 933
1657160 933
1657170 934
1657180 932
1657190 932
1657200 928
1657210 920
1657220 920
1657230 914
1657240 908
1657250 908
1657260 902
1657270 896
1657280 896
1657290 890
1657300 884
1657310 884
1657320 880
1657330 875
1657340 875
1657350 871
1657360 866
1657370 866
1657380 862
1657390 858
1657400 858
1657410 854
1657420 851
1657430 851
1657440 849
1657450 849
1657460 849
1657470 847
1657480 842
1657490 832
1657500 832
1657510 825
1657520 819
1657530 819
1657540 813
1657550 807
1657560 807
1657570 802
1657580 797
1657590 797
1657600 789
1657610 782
1657620 782
1657630 776
1657640 771
1657650 771
1657660 767
1657670 763
1657680 763
1657690 758
1657700 753
1657710 753
1657720 750
1657730 747
1657740 747
1657750 743
1657760 739
1657770 739
1657780 734
1657790 729
1657800 729
1657810 724
1657820 719
1657830 719
1657840 714
1657850 710
1657860 710
1657870 706
1657880 698
1657890 698
1657900 695
1657910 692
1657920 692
1657930 687
1657940 681
1657950 681
1657960 674
1657970 669
1657980 669
1657990 665
1658000 661
1658010 661
1658020 656
1658030 652
1658040 652
1658050 647
1658060 641
1658070 641
1658080 636
1658090 629
1658100 629
1658110 623
1658120 617
1658130 617
1658140 609
1658150 601
1658160 601
1658170 593
1658180 585
1658190 585
1658200 579
1658210 575
1658220 575
1658230 570
1658240 564
1658250 560
1658260 560
1658270 556
1658280 551
1658290 551
1658300 547
1658310 542
1658320 542
1658330 537
1658340 532
1658350 532
1658360 528
1658370 524
1658380 524
1658390 521
1658400 517
1658410 517
1658420 515
1658430 512
1658440 512
1658450 507
1658460 501
1658470 501
1658480 492
1658490 490
1658500 490
1658510 484
1658520 482
1658530 482
1658540 485
1658550 494
1658560 494
1658570 504
1658580 512
1658590 512
1658600 521
1658610 530
1658620 534
1658630 542
1658640 550
1658650 550
1658660 558
1658670 569
1658680 569
1658690 580
1658700 584
1658710 584
1658720 590
1658730 597
1658740 597
1658750 605
1658760 612
1658770 612
1658780 616
1658790 619
1658800 619
1658810 622
1658820 626
1658830 626
1658840 630
1658850 633
1658860 633
1658870 636
1658880 639
1658890 639
1658900 641
1658910 644
1658920 644
1658930 648
1658940 653
1658950 653
1658960 657
1658970 662
1658980 662
1658990 667
1659000 672
1659010 672
1659020 677
1659030 681
1659040 685
1659050 685
1659060 689
1659070 694
1659080 694
1659090 700
1659100 706
1659110 706
1659120 712
1659130 717
1659140 717
1659150 719
1659160 720
1659170 720
1659180 721
1659190 722
1659200 722
1659210 726
1659220 731
1659230 731
1659240 735
1659250 737
1659260 737
1659270 741
1659280 747
1659290 747
1659300 753
1659310 758
1659320 758
1659330 764
1659340 770
1659350 770
1659360 778
1659370 784
1659380 784
1659390 789
1659400 798
1659410 798
1659420 806
1659430 812
1659440 812
1659450 819
1659460 827
1659470 827
1659480 845
1659490 864
1659500 864
1659510 872
1659520 879
1659530 879
1659540 887
1659550 894
1659560 894
1659570 901
1659580 908
1659590 908
1659600 916
1659610 924
1659620 924
1659630 931
1659640 939
1659650 939
1659660 946
1659670 954
1659680 954
1659690 962
1659700 972
1659710 972
1659720 982
1659730 988
1659740 988
1659750 991
1659760 991
1659770 991
1659780 994
1659790 997
1659800 997
1659810 1000
1659820 1002
1659830 1005
1659840 1005
1659850 1007
1659860 1010
1659870 1010
1659880 1012
1659890 1013
1659900 1013
1659910 1014
1659920 1015
1659930 1015
1659940 1013
1659950 1009
1659960 1009
1659970 1006
1659980 1004
1659990 1004
