1640000 489
1640010 490
1640020 490
1640030 490
1640040 491
1640050 491
1640060 491
1640070 492
1640080 492
1640090 492
1640100 493
1640110 493
1640120 493
1640130 493
1640140 494
1640150 494
1640160 494
1640170 494
1640180 494
1640190 493
1640200 492
1640210 492
1640220 489
1640230 487
1640240 487
1640250 486
1640260 489
1640270 489
1640280 488
1640290 488
1640300 488
1640310 487
1640320 486
1640330 486
1640340 485
1640350 485
1640360 485
1640370 484
1640380 481
1640390 481
1640400 484
1640410 484
1640420 484
1640430 484
1640440 485
1640450 485
1640460 484
1640470 483
1640480 483
1640490 482
1640500 482
1640510 482
1640520 481
1640530 481
1640540 481
1640550 481
1640560 480
1640570 480
1640580 479
1640590 478
1640600 478
1640610 478
1640620 477
1640630 477
1640640 477
1640650 477
1640660 475
1640670 475
1640680 474
1640690 474
1640700 473
1640710 473
1640720 473
1640730 472
1640740 470
1640750 470
1640760 469
1640770 471
1640780 471
1640790 470
1640800 470
1640810 470
1640820 469
1640830 468
1640840 468
1640850 467
1640860 466
1640870 466
1640880 465
1640890 464
1640900 461
1640910 461
1640920 462
1640930 463
1640940 463
1640950 463
1640960 462
1640970 462
1640980 460
1640990 458
1641000 458
1641010 455
1641020 453
1641030 453
1641040 451
1641050 452
1641060 452
1641070 454
1641080 457
1641090 457
1641100 457
1641110 456
1641120 456
1641130 455
1641140 454
1641150 454
1641160 453
1641170 450
1641180 450
1641190 447
1641200 447
1641210 447
1641220 450
1641230 450
1641240 450
1641250 449
1641260 451
1641270 451
1641280 450
1641290 445
1641300 445
1641310 445
1641320 449
1641330 449
1641340 450
1641350 450
1641360 450
1641370 448
1641380 446
1641390 446
1641400 444
1641410 442
1641420 442
1641430 443
1641440 446
1641450 446
1641460 449
1641470 450
1641480 453
1641490 455
1641500 457
1641510 457
1641520 460
1641530 462
1641540 462
1641550 464
1641560 467
1641570 467
1641580 469
1641590 472
1641600 472
1641610 474
1641620 476
1641630 476
1641640 477
1641650 479
1641660 479
1641670 481
1641680 482
1641690 482
1641700 484
1641710 485
1641720 485
1641730 486
1641740 487
1641750 487
1641760 487
1641770 486
1641780 484
1641790 484
1641800 481
1641810 479
1641820 479
1641830 476
1641840 474
1641850 474
1641860 472
1641870 470
1641880 470
1641890 468
1641900 464
1641910 464
1641920 464
1641930 468
1641940 468
1641950 471
1641960 474
1641970 474
1641980 476
1641990 478
1642000 478
1642010 481
1642020 484
1642030 484
1642040 487
1642050 490
1642060 490
1642070 493
1642080 496
1642090 496
1642100 499
1642110 502
1642120 502
1642130 505
1642140 508
1642150 508
1642160 511
1642170 513
1642180 513
1642190 514
1642200 516
1642210 516
1642220 518
1642230 520
1642240 520
1642250 521
1642260 523
1642270 523
1642280 524
1642290 525
1642300 521
1642310 522
1642320 523
1642330 523
1642340 525
1642350 526
1642360 526
1642370 527
1642380 528
1642390 528
1642400 529
1642410 530
1642420 530
1642430 531
1642440 532
1642450 532
1642460 532
1642470 534
1642480 534
1642490 535
1642500 536
1642510 536
1642520 537
1642530 538
1642540 538
1642550 539
1642560 540
1642570 540
1642580 541
1642590 542
1642600 542
1642610 543
1642620 544
1642630 545
1642640 545
1642650 546
1642660 548
1642670 548
1642680 549
1642690 550
1642700 550
1642710 551
1642720 551
1642730 551
1642740 552
1642750 552
1642760 552
1642770 552
1642780 552
1642790 552
1642800 551
1642810 551
1642820 551
1642830 550
1642840 550
1642850 550
1642860 549
1642870 548
1642880 548
1642890 547
1642900 545
1642910 545
1642920 543
1642930 541
1642940 541
1642950 538
1642960 536
1642970 536
1642980 533
1642990 530
1643000 530
1643010 526
1643020 523
1643030 523
1643040 518
1643050 515
1643060 515
1643070 512
1643080 508
1643090 508
1643100 504
1643110 500
1643120 496
1643130 493
1643140 489
1643150 489
1643160 486
1643170 483
1643180 483
1643190 480
1643200 477
1643210 477
1643220 475
1643230 474
1643240 474
1643250 471
1643260 468
1643270 468
1643280 466
1643290 463
1643300 463
1643310 460
1643320 458
1643330 458
1643340 454
1643350 450
1643360 450
1643370 446
1643380 446
1643390 446
1643400 444
1643410 443
1643420 443
1643430 441
1643440 438
1643450 438
1643460 436
1643470 434
1643480 431
1643490 431
1643500 431
1643510 430
1643520 430
1643530 428
1643540 426
1643550 426
1643560 425
1643570 425
1643580 425
1643590 425
1643600 425
1643610 425
1643620 425
1643630 426
1643640 426
1643650 424
1643660 424
1643670 424
1643680 423
1643690 422
1643700 422
1643710 421
1643720 420
1643730 420
1643740 419
1643750 418
1643760 418
1643770 418
1643780 417
1643790 417
1643800 417
1643810 416
1643820 416
1643830 416
1643840 415
1643850 415
1643860 413
1643870 413
1643880 413
1643890 412
1643900 411
1643910 411
1643920 410
1643930 409
1643940 409
1643950 408
1643960 407
1643970 407
1643980 406
1643990 406
1644000 406
1644010 406
1644020 406
1644030 406
1644040 406
1644050 406
1644060 406
1644070 406
1644080 406
1644090 406
1644100 405
1644110 405
1644120 405
1644130 405
1644140 405
1644150 405
1644160 405
1644170 404
1644180 404
1644190 404
1644200 404
1644210 404
1644220 403
1644230 403
1644240 403
1644250 402
1644260 402
1644270 402
1644280 401
1644290 400
1644300 400
1644310 400
1644320 399
1644330 397
1644340 397
1644350 396
1644360 395
1644370 395
1644380 393
1644390 391
1644400 391
1644410 382
1644420 368
1644430 368
1644440 365
1644450 360
1644460 360
1644470 357
1644480 357
1644490 357
1644500 357
1644510 356
1644520 356
1644530 353
1644540 345
1644550 345
1644560 344
1644570 344
1644580 344
1644590 344
1644600 344
1644610 344
1644620 345
1644630 344
1644640 344
1644650 350
1644660 357
1644670 357
1644680 361
1644690 361
1644700 361
1644710 359
1644720 355
1644730 350
1644740 349
1644750 350
1644760 350
1644770 350
1644780 350
1644790 350
1644800 350
1644810 351
1644820 351
1644830 353
1644840 354
1644850 354
1644860 357
1644870 360
1644880 360
1644890 362
1644900 362
1644910 362
1644920 361
1644930 360
1644940 360
1644950 360
1644960 361
1644970 361
1644980 363
1644990 367
1645000 367
1645010 371
1645020 373
1645030 373
1645040 376
1645050 378
1645060 378
1645070 380
1645080 383
1645090 383
1645100 386
1645110 388
1645120 388
1645130 389
1645140 391
1645150 391
1645160 392
1645170 394
1645180 394
1645190 395
1645200 395
1645210 396
1645220 396
1645230 397
1645240 396
1645250 396
1645260 395
1645270 395
1645280 395
1645290 395
1645300 395
1645310 395
1645320 397
1645330 399
1645340 399
1645350 401
1645360 403
1645370 403
1645380 404
1645390 406
1645400 406
1645410 409
1645420 411
1645430 411
1645440 413
1645450 416
1645460 416
1645470 418
1645480 421
1645490 421
1645500 425
1645510 429
1645520 429
1645530 432
1645540 431
1645550 431
1645560 434
1645570 438
1645580 438
1645590 442
1645600 445
1645610 445
1645620 448
1645630 451
1645640 451
1645650 453
1645660 455
1645670 455
1645680 457
1645690 459
1645700 459
1645710 461
1645720 463
1645730 463
1645740 464
1645750 465
1645760 465
1645770 466
1645780 467
1645790 467
1645800 467
1645810 468
1645820 468
1645830 469
1645840 470
1645850 470
1645860 470
1645870 471
1645880 471
1645890 471
1645900 472
1645910 472
1645920 473
1645930 474
1645940 474
1645950 475
1645960 476
1645970 476
1645980 477
1645990 478
1646000 478
1646010 478
1646020 479
1646030 479
1646040 480
1646050 481
1646060 482
1646070 482
1646080 482
1646090 483
1646100 483
1646110 484
1646120 484
1646130 484
1646140 485
1646150 486
1646160 486
1646170 487
1646180 488
1646190 488
1646200 489
1646210 489
1646220 489
1646230 489
1646240 489
1646250 489
1646260 489
1646270 490
1646280 490
1646290 490
1646300 491
1646310 491
1646320 493
1646330 494
1646340 489
1646350 490
1646360 492
1646370 492
1646380 493
1646390 493
1646400 493
1646410 492
1646420 492
1646430 492
1646440 493
1646450 493
1646460 493
1646470 494
1646480 495
1646490 495
1646500 495
1646510 496
1646520 496
1646530 496
1646540 496
1646550 496
1646560 497
1646570 497
1646580 497
1646590 497
1646600 496
1646610 496
1646620 496
1646630 495
1646640 495
1646650 495
1646660 494
1646670 494
1646680 493
1646690 493
1646700 493
1646710 493
1646720 493
1646730 493
1646740 493
1646750 492
1646760 492
1646770 492
1646780 491
1646790 491
1646800 491
1646810 491
1646820 491
1646830 491
1646840 490
1646850 490
1646860 490
1646870 489
1646880 489
1646890 489
1646900 489
1646910 489
1646920 488
1646930 488
1646940 488
1646950 488
1646960 488
1646970 487
1646980 487
1646990 487
1647000 487
1647010 487
1647020 486
1647030 486
1647040 486
1647050 485
1647060 485
1647070 485
1647080 484
1647090 483
1647100 483
1647110 483
1647120 482
1647130 477
1647140 477
1647150 476
1647160 476
1647170 476
1647180 475
1647190 475
1647200 475
1647210 475
1647220 475
1647230 474
1647240 473
1647250 473
1647260 472
1647270 472
1647280 472
1647290 472
1647300 471
1647310 471
1647320 470
1647330 469
1647340 469
1647350 468
1647360 466
1647370 466
1647380 464
1647390 461
1647400 461
1647410 457
1647420 452
1647430 452
1647440 446
1647450 440
1647460 440
1647470 435
1647480 430
1647490 430
1647500 425
1647510 419
1647520 419
1647530 414
1647540 410
1647550 410
1647560 405
1647570 400
1647580 400
1647590 394
1647600 390
1647610 390
1647620 393
1647630 399
1647640 399
1647650 406
1647660 411
1647670 411
1647680 417
1647690 422
1647700 422
1647710 427
1647720 432
1647730 432
1647740 437
1647750 441
1647760 441
1647770 445
1647780 448
1647790 450
1647800 450
1647810 452
1647820 453
1647830 453
1647840 455
1647850 456
1647860 456
1647870 458
1647880 460
1647890 460
1647900 461
1647910 461
1647920 461
1647930 457
1647940 458
1647950 458
1647960 459
1647970 460
1647980 460
1647990 461
1648000 463
1648010 463
1648020 464
1648030 465
1648040 465
1648050 466
1648060 468
1648070 468
1648080 468
1648090 469
1648100 469
1648110 471
1648120 473
1648130 473
1648140 473
1648150 475
1648160 475
1648170 476
1648180 477
1648190 477
1648200 479
1648210 480
1648220 480
1648230 482
1648240 483
1648250 483
1648260 484
1648270 486
1648280 486
1648290 488
1648300 488
1648310 488
1648320 490
1648330 492
1648340 492
1648350 493
1648360 495
1648370 495
1648380 496
1648390 497
1648400 497
1648410 499
1648420 501
1648430 501
1648440 503
1648450 505
1648460 505
1648470 507
1648480 509
1648490 509
1648500 510
1648510 512
1648520 512
1648530 513
1648540 514
1648550 514
1648560 515
1648570 517
1648580 517
1648590 518
1648600 519
1648610 519
1648620 521
1648630 523
1648640 523
1648650 525
1648660 526
1648670 527
1648680 527
1648690 527
1648700 528
1648710 524
1648720 524
1648730 524
1648740 524
1648750 523
1648760 522
1648770 522
1648780 520
1648790 518
1648800 518
1648810 518
1648820 517
1648830 517
1648840 516
1648850 516
1648860 516
1648870 516
1648880 516
1648890 516
1648900 515
1648910 514
1648920 514
1648930 515
1648940 515
1648950 515
1648960 515
1648970 515
1648980 515
1648990 514
1649000 513
1649010 513
1649020 511
1649030 507
1649040 507
1649050 504
1649060 502
1649070 502
1649080 500
1649090 498
1649100 498
1649110 495
1649120 494
1649130 494
1649140 493
1649150 492
1649160 492
1649170 491
1649180 490
1649190 490
1649200 490
1649210 492
1649220 492
1649230 495
1649240 499
1649250 499
1649260 502
1649270 503
1649280 503
1649290 504
1649300 506
1649310 506
1649320 508
1649330 509
1649340 509
1649350 511
1649360 513
1649370 513
1649380 515
1649390 516
1649400 516
1649410 516
1649420 517
1649430 517
1649440 518
1649450 518
1649460 518
1649470 518
1649480 520
1649490 520
1649500 520
1649510 522
1649520 522
1649530 523
1649540 525
1649550 527
1649560 527
1649570 531
1649580 534
1649590 534
1649600 538
1649610 541
1649620 541
1649630 544
1649640 547
1649650 547
1649660 549
1649670 552
1649680 552
1649690 554
1649700 555
1649710 555
1649720 556
1649730 557
1649740 557
1649750 559
1649760 560
1649770 560
1649780 562
1649790 563
1649800 563
1649810 565
1649820 566
1649830 566
1649840 568
1649850 569
1649860 569
1649870 571
1649880 574
1649890 574
1649900 578
1649910 581
1649920 581
1649930 584
1649940 587
1649950 587
1649960 589
1649970 590
1649980 590
1649990 590
1650000 591
1650010 591
1650020 591
1650030 590
1650040 590
1650050 589
1650060 589
1650070 589
1650080 588
1650090 588
1650100 588
1650110 589
1650120 589
1650130 589
1650140 588
1650150 588
1650160 588
1650170 587
1650180 586
1650190 586
1650200 585
1650210 583
1650220 583
1650230 581
1650240 579
1650250 579
1650260 578
1650270 577
1650280 580
1650290 579
1650300 579
1650310 579
1650320 579
1650330 579
1650340 579
1650350 578
1650360 577
1650370 577
1650380 576
1650390 575
1650400 574
1650410 574
1650420 573
1650430 571
1650440 571
1650450 570
1650460 569
1650470 569
1650480 567
1650490 563
1650500 563
1650510 560
1650520 555
1650530 555
1650540 551
1650550 546
1650560 546
1650570 543
1650580 540
1650590 540
1650600 538
1650610 536
1650620 536
1650630 534
1650640 532
1650650 532
1650660 530
1650670 527
1650680 527
1650690 525
1650700 522
1650710 522
1650720 520
1650730 518
1650740 518
1650750 515
1650760 512
1650770 512
1650780 510
1650790 507
1650800 507
1650810 505
1650820 501
1650830 501
1650840 499
1650850 497
1650860 497
1650870 495
1650880 493
1650890 493
1650900 491
1650910 487
1650920 487
1650930 486
1650940 487
1650950 487
1650960 487
1650970 486
1650980 486
1650990 487
1651000 489
1651010 489
1651020 490
1651030 490
1651040 490
1651050 489
1651060 490
1651070 490
1651080 491
1651090 492
1651100 492
1651110 493
1651120 494
1651130 494
1651140 495
1651150 495
1651160 495
1651170 496
1651180 496
1651190 496
1651200 497
1651210 498
1651220 498
1651230 499
1651240 500
1651250 500
1651260 501
1651270 501
1651280 502
1651290 502
1651300 503
1651310 504
1651320 504
1651330 505
1651340 506
1651350 506
1651360 507
1651370 507
1651380 507
1651390 508
1651400 510
1651410 510
1651420 511
1651430 512
1651440 512
1651450 512
1651460 513
1651470 513
1651480 513
1651490 513
1651500 513
1651510 513
1651520 513
1651530 513
1651540 513
1651550 513
1651560 513
1651570 513
1651580 512
1651590 512
1651600 510
1651610 508
1651620 508
1651630 506
1651640 505
1651650 505
1651660 509
1651670 512
1651680 512
1651690 513
1651700 514
1651710 514
1651720 515
1651730 514
1651740 514
1651750 513
1651760 515
1651770 515
1651780 517
1651790 518
1651800 518
1651810 519
1651820 520
1651830 516
1651840 519
1651850 521
1651860 521
1651870 522
1651880 523
1651890 523
1651900 522
1651910 522
1651920 522
1651930 523
1651940 526
1651950 526
1651960 528
1651970 529
1651980 529
1651990 530
1652000 532
1652010 532
1652020 533
1652030 534
1652040 534
1652050 535
1652060 536
1652070 536
1652080 536
1652090 538
1652100 538
1652110 539
1652120 539
1652130 539
1652140 540
1652150 541
1652160 542
1652170 542
1652180 543
1652190 543
1652200 543
1652210 544
1652220 545
1652230 545
1652240 545
1652250 546
1652260 546
1652270 546
1652280 547
1652290 547
1652300 547
1652310 548
1652320 548
1652330 548
1652340 548
1652350 548
1652360 549
1652370 549
1652380 549
1652390 549
1652400 549
1652410 549
1652420 551
1652430 552
1652440 552
1652450 552
1652460 553
1652470 553
1652480 553
1652490 553
1652500 553
1652510 554
1652520 553
1652530 553
1652540 554
1652550 555
1652560 555
1652570 556
1652580 556
1652590 554
1652600 554
1652610 554
1652620 554
1652630 554
1652640 554
1652650 554
1652660 554
1652670 554
1652680 554
1652690 554
1652700 554
1652710 554
1652720 555
1652730 554
1652740 554
1652750 554
1652760 553
1652770 553
1652780 553
1652790 553
1652800 553
1652810 553
1652820 552
1652830 552
1652840 551
1652850 550
1652860 550
1652870 549
1652880 548
1652890 548
1652900 546
1652910 543
1652920 543
1652930 545
1652940 547
1652950 547
1652960 545
1652970 543
1652980 543
1652990 541
1653000 538
1653010 540
1653020 540
1653030 544
1653040 544
1653050 544
1653060 543
1653070 541
1653080 541
1653090 541
1653100 541
1653110 541
1653120 542
1653130 542
1653140 542
1653150 538
1653160 540
1653170 540
1653180 545
1653190 546
1653200 546
1653210 546
1653220 547
1653230 547
1653240 547
1653250 548
1653260 548
1653270 546
1653280 548
1653290 548
1653300 550
1653310 550
1653320 550
1653330 549
1653340 552
1653350 552
1653360 550
1653370 551
1653380 551
1653390 553
1653400 553
1653410 553
1653420 554
1653430 554
1653440 554
1653450 554
1653460 555
1653470 555
1653480 556
1653490 557
1653500 557
1653510 558
1653520 559
1653530 559
1653540 560
1653550 561
1653560 561
1653570 561
1653580 562
1653590 562
1653600 562
1653610 562
1653620 562
1653630 562
1653640 563
1653650 563
1653660 564
1653670 565
1653680 565
1653690 567
1653700 568
1653710 568
1653720 570
1653730 571
1653740 571
1653750 571
1653760 571
1653770 571
1653780 570
1653790 570
1653800 570
1653810 568
1653820 567
1653830 567
1653840 564
1653850 560
1653860 560
1653870 555
1653880 550
1653890 545
1653900 545
1653910 542
1653920 539
1653930 539
1653940 536
1653950 533
1653960 533
1653970 531
1653980 528
1653990 528
1654000 526
1654010 523
1654020 523
1654030 521
1654040 519
1654050 519
1654060 517
1654070 514
1654080 514
1654090 512
1654100 510
1654110 510
1654120 506
1654130 503
1654140 503
1654150 499
1654160 495
1654170 495
1654180 491
1654190 486
1654200 486
1654210 481
1654220 477
1654230 477
1654240 475
1654250 475
1654260 475
1654270 474
1654280 473
1654290 473
1654300 472
1654310 470
1654320 470
1654330 467
1654340 463
1654350 463
1654360 460
1654370 459
1654380 459
1654390 459
1654400 459
1654410 459
1654420 460
1654430 463
1654440 463
1654450 467
1654460 472
1654470 472
1654480 477
1654490 481
1654500 481
1654510 486
1654520 489
1654530 489
1654540 493
1654550 495
1654560 495
1654570 499
1654580 502
1654590 502
1654600 506
1654610 509
1654620 509
1654630 512
1654640 514
1654650 514
1654660 514
1654670 515
1654680 515
1654690 517
1654700 519
1654710 519
1654720 522
1654730 525
1654740 525
1654750 528
1654760 531
1654770 531
1654780 531
1654790 532
1654800 533
1654810 533
1654820 537
1654830 540
1654840 540
1654850 542
1654860 543
1654870 543
1654880 544
1654890 545
1654900 545
1654910 545
1654920 545
1654930 545
1654940 545
1654950 545
1654960 545
1654970 544
1654980 543
1654990 543
1655000 541
1655010 540
1655020 540
1655030 539
1655040 538
1655050 538
1655060 536
1655070 534
1655080 534
1655090 533
1655100 531
1655110 531
1655120 529
1655130 528
1655140 528
1655150 526
1655160 524
1655170 524
1655180 522
1655190 520
1655200 520
1655210 517
1655220 515
1655230 515
1655240 513
1655250 510
1655260 510
1655270 506
1655280 501
1655290 501
1655300 496
1655310 492
1655320 492
1655330 488
1655340 484
1655350 484
1655360 479
1655370 474
1655380 474
1655390 471
1655400 471
1655410 471
1655420 472
1655430 475
1655440 475
1655450 479
1655460 483
1655470 483
1655480 487
1655490 490
1655500 490
1655510 494
1655520 497
1655530 497
1655540 500
1655550 502
1655560 502
1655570 504
1655580 506
1655590 506
1655600 507
1655610 507
1655620 506
1655630 506
1655640 504
1655650 503
1655660 503
1655670 503
1655680 502
1655690 502
1655700 501
1655710 501
1655720 501
1655730 500
1655740 499
1655750 499
1655760 498
1655770 497
1655780 497
1655790 496
1655800 495
1655810 495
1655820 495
1655830 494
1655840 494
1655850 493
1655860 493
1655870 493
1655880 492
1655890 490
1655900 490
1655910 486
1655920 489
1655930 489
1655940 492
1655950 492
1655960 492
1655970 491
1655980 490
1655990 490
1656000 489
1656010 487
1656020 487
1656030 486
1656040 485
1656050 485
1656060 484
1656070 482
1656080 482
1656090 482
1656100 484
1656110 484
1656120 487
1656130 490
1656140 490
1656150 493
1656160 494
1656170 494
1656180 496
1656190 497
1656200 497
1656210 499
1656220 500
1656230 500
1656240 501
1656250 502
1656260 502
1656270 504
1656280 505
1656290 505
1656300 506
1656310 507
1656320 507
1656330 509
1656340 510
1656350 510
1656360 511
1656370 514
1656380 514
1656390 514
1656400 516
1656410 516
1656420 518
1656430 521
1656440 521
1656450 524
1656460 525
1656470 525
1656480 526
1656490 527
1656500 527
1656510 527
1656520 527
1656530 527
1656540 527
1656550 528
1656560 528
1656570 528
1656580 528
1656590 528
1656600 528
1656610 528
1656620 528
1656630 528
1656640 528
1656650 529
1656660 529
1656670 529
1656680 528
1656690 528
1656700 527
1656710 527
1656720 527
1656730 526
1656740 526
1656750 526
1656760 525
1656770 523
1656780 523
1656790 520
1656800 518
1656810 518
1656820 516
1656830 516
1656840 516
1656850 517
1656860 519
1656870 519
1656880 520
1656890 520
1656900 520
1656910 522
1656920 524
1656930 524
1656940 525
1656950 529
1656960 529
1656970 530
1656980 532
1656990 532
1657000 531
1657010 534
1657020 534
1657030 536
1657040 537
1657050 537
1657060 539
1657070 538
1657080 538
1657090 539
1657100 543
1657110 543
1657120 544
1657130 546
1657140 550
1657150 551
1657160 553
1657170 553
1657180 555
1657190 556
1657200 556
1657210 558
1657220 559
1657230 559
1657240 561
1657250 562
1657260 562
1657270 563
1657280 565
1657290 565
1657300 567
1657310 566
1657320 566
1657330 569
1657340 571
1657350 572
1657360 572
1657370 573
1657380 574
1657390 574
1657400 575
1657410 575
1657420 575
1657430 577
1657440 577
1657450 577
1657460 577
1657470 578
1657480 578
1657490 578
1657500 580
1657510 580
1657520 582
1657530 582
1657540 582
1657550 583
1657560 584
1657570 584
1657580 587
1657590 590
1657600 590
1657610 592
1657620 593
1657630 593
1657640 594
1657650 596
1657660 596
1657670 597
1657680 599
1657690 599
1657700 600
1657710 601
1657720 601
1657730 602
1657740 603
1657750 603
1657760 605
1657770 606
1657780 606
1657790 608
1657800 609
1657810 609
1657820 610
1657830 611
1657840 611
1657850 613
1657860 615
1657870 615
1657880 616
1657890 619
1657900 619
1657910 621
1657920 623
1657930 623
1657940 624
1657950 625
1657960 625
1657970 627
1657980 628
1657990 628
1658000 628
1658010 628
1658020 628
1658030 628
1658040 631
1658050 631
1658060 633
1658070 634
1658080 634
1658090 636
1658100 638
1658110 638
1658120 639
1658130 640
1658140 640
1658150 640
1658160 642
1658170 642
1658180 644
1658190 645
1658200 645
1658210 646
1658220 647
1658230 648
1658240 648
1658250 649
1658260 650
1658270 650
1658280 651
1658290 652
1658300 652
1658310 653
1658320 654
1658330 654
1658340 655
1658350 656
1658360 656
1658370 657
1658380 657
1658390 657
1658400 658
1658410 659
1658420 659
1658430 660
1658440 662
1658450 662
1658460 663
1658470 664
1658480 664
1658490 665
1658500 666
1658510 666
1658520 667
1658530 668
1658540 668
1658550 669
1658560 670
1658570 670
1658580 671
1658590 672
1658600 672
1658610 673
1658620 674
1658630 675
1658640 675
1658650 676
1658660 676
1658670 677
1658680 678
1658690 678
1658700 678
1658710 679
1658720 679
1658730 680
1658740 681
1658750 681
1658760 682
1658770 683
1658780 683
1658790 684
1658800 684
1658810 684
1658820 685
1658830 685
1658840 685
1658850 686
1658860 686
1658870 686
1658880 687
1658890 686
1658900 686
1658910 686
1658920 686
1658930 686
1658940 685
1658950 685
1658960 685
1658970 684
1658980 683
1658990 683
1659000 682
1659010 681
1659020 681
1659030 680
1659040 679
1659050 679
1659060 677
1659070 676
1659080 675
1659090 675
1659100 674
1659110 673
1659120 673
1659130 673
1659140 673
1659150 673
1659160 674
1659170 674
1659180 674
1659190 674
1659200 674
1659210 674
1659220 673
1659230 672
1659240 672
1659250 672
1659260 671
1659270 671
1659280 670
1659290 670
1659300 670
1659310 669
1659320 669
1659330 669
1659340 668
1659350 668
1659360 668
1659370 666
1659380 665
1659390 665
1659400 665
1659410 665
1659420 665
1659430 664
1659440 664
1659450 664
1659460 664
1659470 663
1659480 663
1659490 663
1659500 662
1659510 662
1659520 661
1659530 661
1659540 661
1659550 660
1659560 660
1659570 660
1659580 659
1659590 659
1659600 659
1659610 657
1659620 655
1659630 655
1659640 654
1659650 652
1659660 652
1659670 651
1659680 650
1659690 650
1659700 648
1659710 647
1659720 647
1659730 646
1659740 646
1659750 646
1659760 647
1659770 647
1659780 647
1659790 646
1659800 646
1659810 646
1659820 646
1659830 646
1659840 646
1659850 647
1659860 647
1659870 647
1659880 647
1659890 647
1659900 647
1659910 647
1659920 647
1659930 647
1659940 647
1659950 647
1659960 647
1659970 647
1659980 647
1659990 648
