1640000 513
1640010 513
1640020 512
1640030 512
1640040 512
1640050 511
1640060 509
1640070 509
1640080 505
1640090 504
1640100 504
1640110 506
1640120 510
1640130 510
1640140 513
1640150 516
1640160 516
1640170 519
1640180 521
1640190 521
1640200 523
1640210 525
1640220 525
1640230 527
1640240 530
1640250 530
1640260 532
1640270 534
1640280 534
1640290 536
1640300 537
1640310 537
1640320 539
1640330 540
1640340 540
1640350 542
1640360 543
1640370 543
1640380 545
1640390 545
1640400 545
1640410 546
1640420 547
1640430 547
1640440 548
1640450 549
1640460 549
1640470 548
1640480 549
1640490 549
1640500 549
1640510 550
1640520 551
1640530 551
1640540 552
1640550 554
1640560 554
1640570 556
1640580 557
1640590 557
1640600 559
1640610 561
1640620 561
1640630 562
1640640 564
1640650 564
1640660 566
1640670 567
1640680 567
1640690 569
1640700 571
1640710 571
1640720 573
1640730 574
1640740 574
1640750 576
1640760 578
1640770 578
1640780 580
1640790 582
1640800 582
1640810 584
1640820 586
1640830 586
1640840 588
1640850 589
1640860 589
1640870 591
1640880 593
1640890 593
1640900 594
1640910 595
1640920 595
1640930 596
1640940 597
1640950 597
1640960 597
1640970 597
1640980 597
1640990 597
1641000 597
1641010 597
1641020 596
1641030 595
1641040 595
1641050 595
1641060 594
1641070 594
1641080 593
1641090 592
1641100 592
1641110 590
1641120 588
1641130 588
1641140 586
1641150 584
1641160 584
1641170 583
1641180 581
1641190 581
1641200 580
1641210 578
1641220 578
1641230 575
1641240 573
1641250 573
1641260 573
1641270 573
1641280 573
1641290 573
1641300 573
1641310 573
1641320 570
1641330 569
1641340 569
1641350 568
1641360 567
1641370 567
1641380 565
1641390 563
1641400 562
1641410 562
1641420 560
1641430 559
1641440 559
1641450 557
1641460 556
1641470 556
1641480 555
1641490 554
1641500 554
1641510 554
1641520 552
1641530 552
1641540 551
1641550 550
1641560 550
1641570 549
1641580 547
1641590 547
1641600 546
1641610 545
1641620 545
1641630 543
1641640 541
1641650 541
1641660 538
1641670 535
1641680 535
1641690 533
1641700 529
1641710 529
1641720 524
1641730 522
1641740 522
1641750 521
1641760 520
1641770 520
1641780 519
1641790 517
1641800 517
1641810 516
1641820 515
1641830 515
1641840 513
1641850 512
1641860 512
1641870 511
1641880 510
1641890 510
1641900 510
1641910 509
1641920 509
1641930 509
1641940 508
1641950 508
1641960 508
1641970 507
1641980 507
1641990 505
1642000 503
1642010 503
1642020 501
1642030 500
1642040 500
1642050 499
1642060 497
1642070 497
1642080 496
1642090 494
1642100 494
1642110 492
1642120 492
1642130 492
1642140 489
1642150 486
1642160 486
1642170 483
1642180 482
1642190 482
1642200 481
1642210 477
1642220 477
1642230 474
1642240 471
1642250 471
1642260 468
1642270 465
1642280 461
1642290 461
1642300 459
1642310 456
1642320 456
1642330 454
1642340 453
1642350 453
1642360 451
1642370 449
1642380 449
1642390 447
1642400 445
1642410 445
1642420 443
1642430 440
1642440 440
1642450 438
1642460 435
1642470 435
1642480 431
1642490 427
1642500 427
1642510 423
1642520 421
1642530 421
1642540 418
1642550 416
1642560 416
1642570 414
1642580 412
1642590 412
1642600 411
1642610 409
1642620 409
1642630 407
1642640 405
1642650 405
1642660 404
1642670 401
1642680 401
1642690 399
1642700 399
1642710 399
1642720 398
1642730 396
1642740 396
1642750 395
1642760 394
1642770 394
1642780 394
1642790 392
1642800 392
1642810 389
1642820 388
1642830 388
1642840 387
1642850 386
1642860 386
1642870 382
1642880 378
1642890 378
1642900 371
1642910 367
1642920 367
1642930 362
1642940 361
1642950 361
1642960 359
1642970 359
1642980 359
1642990 358
1643000 358
1643010 358
1643020 358
1643030 357
1643040 357
1643050 357
1643060 356
1643070 356
1643080 356
1643090 354
1643100 354
1643110 352
1643120 351
1643130 351
1643140 348
1643150 345
1643160 344
1643170 344
1643180 343
1643190 347
1643200 347
1643210 349
1643220 350
1643230 350
1643240 349
1643250 349
1643260 349
1643270 349
1643280 350
1643290 350
1643300 349
1643310 347
1643320 347
1643330 345
1643340 344
1643350 344
1643360 344
1643370 343
1643380 343
1643390 341
1643400 341
1643410 341
1643420 340
1643430 341
1643440 341
1643450 341
1643460 341
1643470 341
1643480 341
1643490 341
1643500 341
1643510 342
1643520 343
1643530 343
1643540 347
1643550 351
1643560 351
1643570 352
1643580 354
1643590 354
1643600 355
1643610 355
1643620 355
1643630 356
1643640 356
1643650 356
1643660 357
1643670 359
1643680 359
1643690 359
1643700 360
1643710 360
1643720 361
1643730 362
1643740 362
1643750 366
1643760 369
1643770 369
1643780 371
1643790 372
1643800 372
1643810 372
1643820 371
1643830 371
1643840 371
1643850 371
1643860 371
1643870 370
1643880 365
1643890 365
1643900 366
1643910 369
1643920 369
1643930 375
1643940 380
1643950 380
1643960 384
1643970 388
1643980 388
1643990 391
1644000 395
1644010 395
1644020 398
1644030 401
1644040 405
1644050 405
1644060 409
1644070 412
1644080 412
1644090 414
1644100 415
1644110 415
1644120 417
1644130 417
1644140 417
1644150 418
1644160 418
1644170 418
1644180 418
1644190 418
1644200 418
1644210 418
1644220 418
1644230 418
1644240 417
1644250 417
1644260 417
1644270 416
1644280 416
1644290 416
1644300 417
1644310 418
1644320 418
1644330 419
1644340 421
1644350 421
1644360 422
1644370 424
1644380 424
1644390 426
1644400 427
1644410 427
1644420 429
1644430 430
1644440 430
1644450 431
1644460 432
1644470 432
1644480 432
1644490 431
1644500 431
1644510 431
1644520 431
1644530 431
1644540 430
1644550 434
1644560 434
1644570 434
1644580 433
1644590 433
1644600 433
1644610 433
1644620 433
1644630 434
1644640 436
1644650 436
1644660 439
1644670 441
1644680 441
1644690 441
1644700 443
1644710 443
1644720 446
1644730 448
1644740 448
1644750 451
1644760 454
1644770 454
1644780 456
1644790 461
1644800 461
1644810 464
1644820 467
1644830 467
1644840 470
1644850 473
1644860 473
1644870 476
1644880 478
1644890 478
1644900 480
1644910 483
1644920 485
1644930 485
1644940 486
1644950 489
1644960 489
1644970 491
1644980 493
1644990 493
1645000 495
1645010 497
1645020 497
1645030 499
1645040 501
1645050 501
1645060 504
1645070 506
1645080 506
1645090 508
1645100 511
1645110 511
1645120 513
1645130 515
1645140 515
1645150 518
1645160 520
1645170 520
1645180 522
1645190 524
1645200 524
1645210 525
1645220 527
1645230 527
1645240 528
1645250 530
1645260 530
1645270 531
1645280 532
1645290 532
1645300 533
1645310 534
1645320 534
1645330 535
1645340 535
1645350 535
1645360 537
1645370 537
1645380 537
1645390 537
1645400 537
1645410 537
1645420 537
1645430 537
1645440 537
1645450 536
1645460 536
1645470 536
1645480 536
1645490 535
1645500 535
1645510 534
1645520 534
1645530 534
1645540 533
1645550 533
1645560 533
1645570 532
1645580 532
1645590 532
1645600 531
1645610 530
1645620 530
1645630 529
1645640 528
1645650 528
1645660 526
1645670 524
1645680 524
1645690 522
1645700 519
1645710 519
1645720 514
1645730 509
1645740 509
1645750 505
1645760 502
1645770 502
1645780 499
1645790 496
1645800 496
1645810 494
1645820 492
1645830 490
1645840 490
1645850 485
1645860 481
1645870 481
1645880 477
1645890 474
1645900 474
1645910 472
1645920 468
1645930 468
1645940 465
1645950 461
1645960 461
1645970 457
1645980 454
1645990 454
1646000 455
1646010 456
1646020 456
1646030 460
1646040 463
1646050 463
1646060 466
1646070 467
1646080 467
1646090 463
1646100 457
1646110 457
1646120 451
1646130 446
1646140 446
1646150 439
1646160 441
1646170 441
1646180 439
1646190 441
1646200 441
1646210 450
1646220 455
1646230 455
1646240 459
1646250 463
1646260 463
1646270 468
1646280 473
1646290 473
1646300 479
1646310 484
1646320 484
1646330 489
1646340 492
1646350 492
1646360 495
1646370 498
1646380 498
1646390 501
1646400 503
1646410 503
1646420 505
1646430 507
1646440 507
1646450 508
1646460 510
1646470 510
1646480 512
1646490 513
1646500 513
1646510 515
1646520 516
1646530 516
1646540 518
1646550 519
1646560 519
1646570 520
1646580 520
1646590 520
1646600 521
1646610 522
1646620 522
1646630 522
1646640 522
1646650 522
1646660 522
1646670 522
1646680 522
1646690 521
1646700 519
1646710 518
1646720 518
1646730 517
1646740 516
1646750 516
1646760 515
1646770 515
1646780 515
1646790 515
1646800 515
1646810 515
1646820 516
1646830 517
1646840 517
1646850 519
1646860 520
1646870 520
1646880 523
1646890 527
1646900 527
1646910 530
1646920 532
1646930 532
1646940 534
1646950 536
1646960 537
1646970 538
1646980 540
1646990 540
1647000 541
1647010 542
1647020 542
1647030 543
1647040 543
1647050 543
1647060 543
1647070 544
1647080 544
1647090 544
1647100 544
1647110 544
1647120 544
1647130 544
1647140 544
1647150 544
1647160 543
1647170 543
1647180 543
1647190 542
1647200 542
1647210 541
1647220 539
1647230 539
1647240 534
1647250 528
1647260 528
1647270 522
1647280 516
1647290 516
1647300 511
1647310 507
1647320 507
1647330 503
1647340 502
1647350 502
1647360 504
1647370 506
1647380 506
1647390 507
1647400 508
1647410 508
1647420 509
1647430 509
1647440 509
1647450 510
1647460 512
1647470 512
1647480 513
1647490 514
1647500 514
1647510 515
1647520 516
1647530 516
1647540 517
1647550 518
1647560 518
1647570 518
1647580 518
1647590 518
1647600 518
1647610 519
1647620 519
1647630 519
1647640 520
1647650 520
1647660 520
1647670 521
1647680 521
1647690 521
1647700 520
1647710 518
1647720 518
1647730 515
1647740 513
1647750 514
1647760 511
1647770 507
1647780 507
1647790 502
1647800 497
1647810 497
1647820 496
1647830 492
1647840 492
1647850 486
1647860 481
1647870 481
1647880 479
1647890 479
1647900 479
1647910 476
1647920 473
1647930 473
1647940 471
1647950 469
1647960 469
1647970 466
1647980 460
1647990 460
1648000 457
1648010 457
1648020 457
1648030 458
1648040 459
1648050 459
1648060 460
1648070 461
1648080 461
1648090 462
1648100 464
1648110 464
1648120 466
1648130 466
1648140 466
1648150 469
1648160 472
1648170 472
1648180 473
1648190 474
1648200 474
1648210 477
1648220 480
1648230 480
1648240 481
1648250 482
1648260 482
1648270 483
1648280 485
1648290 485
1648300 489
1648310 490
1648320 490
1648330 492
1648340 494
1648350 494
1648360 497
1648370 499
1648380 499
1648390 501
1648400 504
1648410 504
1648420 507
1648430 508
1648440 508
1648450 510
1648460 511
1648470 512
1648480 512
1648490 514
1648500 515
1648510 515
1648520 516
1648530 517
1648540 517
1648550 517
1648560 516
1648570 516
1648580 515
1648590 512
1648600 512
1648610 507
1648620 504
1648630 504
1648640 500
1648650 498
1648660 498
1648670 495
1648680 492
1648690 492
1648700 490
1648710 487
1648720 487
1648730 485
1648740 482
1648750 482
1648760 482
1648770 480
1648780 480
1648790 479
1648800 477
1648810 477
1648820 476
1648830 475
1648840 475
1648850 474
1648860 472
1648870 472
1648880 472
1648890 471
1648900 471
1648910 470
1648920 467
1648930 467
1648940 462
1648950 458
1648960 458
1648970 455
1648980 453
1648990 453
1649000 445
1649010 441
1649020 441
1649030 445
1649040 453
1649050 453
1649060 458
1649070 461
1649080 461
1649090 463
1649100 466
1649110 466
1649120 468
1649130 470
1649140 470
1649150 471
1649160 473
1649170 473
1649180 475
1649190 476
1649200 476
1649210 476
1649220 475
1649230 475
1649240 475
1649250 474
1649260 474
1649270 474
1649280 473
1649290 473
1649300 472
1649310 472
1649320 474
1649330 473
1649340 473
1649350 473
1649360 472
1649370 472
1649380 471
1649390 471
1649400 469
1649410 468
1649420 468
1649430 466
1649440 463
1649450 463
1649460 460
1649470 457
1649480 457
1649490 454
1649500 450
1649510 450
1649520 447
1649530 442
1649540 442
1649550 437
1649560 439
1649570 439
1649580 444
1649590 446
1649600 446
1649610 448
1649620 449
1649630 449
1649640 452
1649650 455
1649660 455
1649670 456
1649680 458
1649690 458
1649700 459
1649710 460
1649720 460
1649730 461
1649740 462
1649750 462
1649760 462
1649770 463
1649780 463
1649790 463
1649800 462
1649810 462
1649820 462
1649830 462
1649840 462
1649850 461
1649860 460
1649870 460
1649880 459
1649890 459
1649900 459
1649910 457
1649920 454
1649930 454
1649940 453
1649950 452
1649960 452
1649970 450
1649980 447
1649990 447
1650000 448
1650010 449
1650020 449
1650030 450
1650040 451
1650050 451
1650060 453
1650070 455
1650080 455
1650090 456
1650100 456
1650110 456
1650120 456
1650130 454
1650140 454
1650150 452
1650160 451
1650170 451
1650180 452
1650190 455
1650200 455
1650210 456
1650220 457
1650230 457
1650240 458
1650250 459
1650260 460
1650270 460
1650280 460
1650290 460
1650300 460
1650310 460
1650320 460
1650330 460
1650340 458
1650350 456
1650360 456
1650370 454
1650380 451
1650390 451
1650400 448
1650410 444
1650420 444
1650430 440
1650440 433
1650450 433
1650460 426
1650470 432
1650480 432
1650490 436
1650500 439
1650510 439
1650520 441
1650530 443
1650540 443
1650550 446
1650560 451
1650570 451
1650580 456
1650590 460
1650600 460
1650610 465
1650620 469
1650630 469
1650640 473
1650650 475
1650660 475
1650670 477
1650680 478
1650690 478
1650700 480
1650710 482
1650720 482
1650730 484
1650740 485
1650750 485
1650760 486
1650770 487
1650780 487
1650790 488
1650800 488
1650810 488
1650820 488
1650830 488
1650840 488
1650850 487
1650860 487
1650870 487
1650880 489
1650890 488
1650900 488
1650910 488
1650920 487
1650930 487
1650940 486
1650950 485
1650960 485
1650970 484
1650980 482
1650990 482
1651000 481
1651010 479
1651020 479
1651030 475
1651040 471
1651050 471
1651060 466
1651070 462
1651080 462
1651090 461
1651100 461
1651110 461
1651120 459
1651130 458
1651140 458
1651150 457
1651160 456
1651170 454
1651180 454
1651190 453
1651200 452
1651210 452
1651220 451
1651230 450
1651240 450
1651250 449
1651260 449
1651270 449
1651280 448
1651290 448
1651300 448
1651310 447
1651320 447
1651330 447
1651340 446
1651350 446
1651360 446
1651370 445
1651380 445
1651390 445
1651400 444
1651410 444
1651420 444
1651430 444
1651440 443
1651450 443
1651460 442
1651470 441
1651480 441
1651490 441
1651500 441
1651510 441
1651520 442
1651530 442
1651540 442
1651550 442
1651560 442
1651570 442
1651580 442
1651590 442
1651600 442
1651610 442
1651620 442
1651630 442
1651640 441
1651650 444
1651660 444
1651670 443
1651680 440
1651690 440
1651700 435
1651710 429
1651720 429
1651730 425
1651740 425
1651750 425
1651760 427
1651770 429
1651780 429
1651790 429
1651800 429
1651810 429
1651820 428
1651830 427
1651840 427
1651850 427
1651860 426
1651870 426
1651880 424
1651890 422
1651900 422
1651910 421
1651920 418
1651930 418
1651940 416
1651950 416
1651960 416
1651970 417
1651980 419
1651990 419
1652000 419
1652010 419
1652020 419
1652030 420
1652040 419
1652050 419
1652060 419
1652070 420
1652080 421
1652090 421
1652100 421
1652110 420
1652120 420
1652130 420
1652140 419
1652150 419
1652160 419
1652170 419
1652180 419
1652190 419
1652200 419
1652210 419
1652220 418
1652230 417
1652240 417
1652250 417
1652260 416
1652270 416
1652280 415
1652290 415
1652300 415
1652310 415
1652320 415
1652330 415
1652340 416
1652350 416
1652360 416
1652370 416
1652380 416
1652390 416
1652400 416
1652410 415
1652420 419
1652430 418
1652440 416
1652450 416
1652460 415
1652470 415
1652480 415
1652490 414
1652500 414
1652510 414
1652520 414
1652530 414
1652540 414
1652550 414
1652560 414
1652570 414
1652580 415
1652590 415
1652600 415
1652610 415
1652620 416
1652630 416
1652640 416
1652650 416
1652660 416
1652670 417
1652680 417
1652690 417
1652700 418
1652710 418
1652720 418
1652730 418
1652740 418
1652750 418
1652760 418
1652770 418
1652780 418
1652790 418
1652800 419
1652810 419
1652820 419
1652830 419
1652840 419
1652850 419
1652860 419
1652870 419
1652880 420
1652890 419
1652900 419
1652910 419
1652920 419
1652930 419
1652940 419
1652950 420
1652960 419
1652970 419
1652980 419
1652990 419
1653000 419
1653010 418
1653020 418
1653030 418
1653040 418
1653050 418
1653060 418
1653070 418
1653080 418
1653090 418
1653100 416
1653110 416
1653120 416
1653130 416
1653140 416
1653150 416
1653160 417
1653170 418
1653180 418
1653190 418
1653200 419
1653210 419
1653220 419
1653230 419
1653240 419
1653250 420
1653260 420
1653270 420
1653280 420
1653290 421
1653300 421
1653310 421
1653320 422
1653330 422
1653340 422
1653350 422
1653360 422
1653370 423
1653380 422
1653390 422
1653400 422
1653410 423
1653420 423
1653430 423
1653440 424
1653450 424
1653460 424
1653470 424
1653480 424
1653490 424
1653500 424
1653510 424
1653520 425
1653530 425
1653540 425
1653550 426
1653560 427
1653570 427
1653580 427
1653590 428
1653600 428
1653610 428
1653620 429
1653630 429
1653640 429
1653650 429
1653660 429
1653670 429
1653680 429
1653690 429
1653700 430
1653710 430
1653720 430
1653730 431
1653740 432
1653750 432
1653760 432
1653770 432
1653780 432
1653790 432
1653800 433
1653810 433
1653820 433
1653830 434
1653840 434
1653850 434
1653860 434
1653870 435
1653880 435
1653890 435
1653900 435
1653910 435
1653920 434
1653930 434
1653940 434
1653950 435
1653960 435
1653970 435
1653980 435
1653990 435
1654000 435
1654010 434
1654020 434
1654030 434
1654040 433
1654050 433
1654060 433
1654070 433
1654080 432
1654090 432
1654100 432
1654110 432
1654120 432
1654130 431
1654140 431
1654150 431
1654160 431
1654170 430
1654180 430
1654190 430
1654200 430
1654210 430
1654220 429
1654230 429
1654240 429
1654250 429
1654260 428
1654270 428
1654280 428
1654290 427
1654300 427
1654310 427
1654320 427
1654330 427
1654340 426
1654350 426
1654360 426
1654370 426
1654380 426
1654390 426
1654400 426
1654410 425
1654420 425
1654430 425
1654440 425
1654450 425
1654460 426
1654470 426
1654480 426
1654490 426
1654500 425
1654510 425
1654520 424
1654530 426
1654540 426
1654550 426
1654560 426
1654570 426
1654580 427
1654590 427
1654600 427
1654610 427
1654620 428
1654630 428
1654640 428
1654650 428
1654660 428
1654670 428
1654680 428
1654690 428
1654700 428
1654710 427
1654720 427
1654730 427
1654740 428
1654750 428
1654760 428
1654770 428
1654780 428
1654790 428
1654800 428
1654810 429
1654820 429
1654830 429
1654840 429
1654850 429
1654860 429
1654870 428
1654880 428
1654890 428
1654900 429
1654910 429
1654920 429
1654930 429
1654940 429
1654950 430
1654960 430
1654970 430
1654980 430
1654990 430
1655000 430
1655010 430
1655020 430
1655030 430
1655040 430
1655050 431
1655060 431
1655070 431
1655080 431
1655090 431
1655100 431
1655110 431
1655120 431
1655130 431
1655140 432
1655150 432
1655160 433
1655170 433
1655180 433
1655190 433
1655200 433
1655210 433
1655220 432
1655230 433
1655240 433
1655250 434
1655260 434
1655270 434
1655280 434
1655290 434
1655300 434
1655310 434
1655320 434
1655330 434
1655340 434
1655350 434
1655360 434
1655370 434
1655380 434
1655390 434
1655400 434
1655410 435
1655420 435
1655430 435
1655440 435
1655450 435
1655460 435
1655470 435
1655480 435
1655490 435
1655500 435
1655510 435
1655520 436
1655530 436
1655540 436
1655550 436
1655560 436
1655570 436
1655580 436
1655590 437
1655600 437
1655610 438
1655620 440
1655630 441
1655640 441
1655650 440
1655660 443
1655670 443
1655680 444
1655690 445
1655700 445
1655710 447
1655720 448
1655730 448
1655740 449
1655750 450
1655760 450
1655770 451
1655780 452
1655790 452
1655800 453
1655810 454
1655820 454
1655830 455
1655840 456
1655850 456
1655860 453
1655870 452
1655880 452
1655890 456
1655900 458
1655910 458
1655920 460
1655930 462
1655940 462
1655950 463
1655960 464
1655970 464
1655980 466
1655990 468
1656000 468
1656010 469
1656020 471
1656030 471
1656040 472
1656050 474
1656060 474
1656070 475
1656080 477
1656090 477
1656100 479
1656110 479
1656120 479
1656130 480
1656140 484
1656150 484
1656160 486
1656170 487
1656180 487
1656190 490
1656200 491
1656210 491
1656220 490
1656230 491
1656240 491
1656250 492
1656260 494
1656270 494
1656280 496
1656290 497
1656300 497
1656310 499
1656320 501
1656330 501
1656340 503
1656350 502
1656360 502
1656370 504
1656380 508
1656390 508
1656400 509
1656410 511
1656420 511
1656430 511
1656440 513
1656450 513
1656460 515
1656470 517
1656480 517
1656490 518
1656500 520
1656510 522
1656520 522
1656530 524
1656540 526
1656550 526
1656560 530
1656570 542
1656580 542
1656590 549
1656600 549
1656610 549
1656620 550
1656630 549
1656640 549
1656650 548
1656660 547
1656670 547
1656680 546
1656690 546
1656700 546
1656710 547
1656720 547
1656730 547
1656740 548
1656750 549
1656760 549
1656770 550
1656780 552
1656790 552
1656800 553
1656810 554
1656820 554
1656830 555
1656840 557
1656850 557
1656860 559
1656870 561
1656880 561
1656890 563
1656900 564
1656910 564
1656920 566
1656930 568
1656940 568
1656950 569
1656960 570
1656970 570
1656980 569
1656990 570
1657000 570
1657010 571
1657020 571
1657030 571
1657040 572
1657050 573
1657060 573
1657070 574
1657080 576
1657090 576
1657100 577
1657110 578
1657120 578
1657130 579
1657140 581
1657150 581
1657160 582
1657170 583
1657180 583
1657190 585
1657200 586
1657210 586
1657220 587
1657230 589
1657240 589
1657250 590
1657260 591
1657270 591
1657280 592
1657290 593
1657300 593
1657310 595
1657320 596
1657330 596
1657340 597
1657350 597
1657360 597
1657370 598
1657380 599
1657390 600
1657400 600
1657410 601
1657420 602
1657430 602
1657440 603
1657450 603
1657460 603
1657470 604
1657480 605
1657490 605
1657500 605
1657510 605
1657520 605
1657530 605
1657540 605
1657550 605
1657560 604
1657570 604
1657580 604
1657590 605
1657600 605
1657610 605
1657620 604
1657630 606
1657640 606
1657650 606
1657660 605
1657670 605
1657680 602
1657690 602
1657700 602
1657710 602
1657720 599
1657730 599
1657740 598
1657750 597
1657760 597
1657770 597
1657780 597
1657790 597
1657800 598
1657810 600
1657820 600
1657830 601
1657840 602
1657850 602
1657860 604
1657870 605
1657880 605
1657890 606
1657900 606
1657910 606
1657920 606
1657930 606
1657940 606
1657950 605
1657960 606
1657970 606
1657980 607
1657990 608
1658000 608
1658010 609
1658020 610
1658030 610
1658040 611
1658050 611
1658060 611
1658070 612
1658080 612
1658090 612
1658100 612
1658110 612
1658120 612
1658130 611
1658140 612
1658150 612
1658160 613
1658170 614
1658180 614
1658190 614
1658200 615
1658210 615
1658220 616
1658230 618
1658240 618
1658250 618
1658260 618
1658270 619
1658280 619
1658290 619
1658300 619
1658310 619
1658320 620
1658330 620
1658340 620
1658350 620
1658360 621
1658370 621
1658380 621
1658390 621
1658400 621
1658410 621
1658420 621
1658430 621
1658440 621
1658450 621
1658460 619
1658470 619
1658480 618
1658490 618
1658500 617
1658510 617
1658520 617
1658530 616
1658540 616
1658550 616
1658560 615
1658570 615
1658580 615
1658590 614
1658600 615
1658610 615
1658620 615
1658630 616
1658640 616
1658650 615
1658660 614
1658670 614
1658680 611
1658690 614
1658700 614
1658710 614
1658720 613
1658730 613
1658740 611
1658750 610
1658760 610
1658770 609
1658780 609
1658790 609
1658800 607
1658810 603
1658820 603
1658830 602
1658840 601
1658850 601
1658860 600
1658870 599
1658880 599
1658890 598
1658900 598
1658910 598
1658920 597
1658930 596
1658940 596
1658950 595
1658960 595
1658970 595
1658980 594
1658990 594
1659000 594
1659010 592
1659020 590
1659030 590
1659040 588
1659050 586
1659060 586
1659070 584
1659080 581
1659090 581
1659100 576
1659110 568
1659120 568
1659130 568
1659140 569
1659150 569
1659160 570
1659170 572
1659180 577
1659190 577
1659200 572
1659210 571
1659220 571
1659230 570
1659240 569
1659250 569
1659260 571
1659270 572
1659280 572
1659290 574
1659300 576
1659310 576
1659320 577
1659330 577
1659340 577
1659350 576
1659360 576
1659370 576
1659380 576
1659390 576
1659400 576
1659410 577
1659420 578
1659430 578
1659440 578
1659450 578
1659460 578
1659470 578
1659480 578
1659490 578
1659500 578
1659510 578
1659520 578
1659530 578
1659540 578
1659550 578
1659560 578
1659570 578
1659580 578
1659590 578
1659600 578
1659610 578
1659620 578
1659630 578
1659640 578
1659650 578
1659660 578
1659670 578
1659680 578
1659690 579
1659700 579
1659710 579
1659720 579
1659730 579
1659740 580
1659750 580
1659760 580
1659770 580
1659780 580
1659790 580
1659800 579
1659810 579
1659820 579
1659830 579
1659840 579
1659850 579
1659860 578
1659870 577
1659880 577
1659890 577
1659900 577
1659910 577
1659920 576
1659930 574
1659940 577
1659950 576
1659960 575
1659970 575
1659980 573
1659990 571
