1640000 431
1640010 432
1640020 432
1640030 432
1640040 433
1640050 433
1640060 433
1640070 433
1640080 433
1640090 433
1640100 433
1640110 433
1640120 433
1640130 433
1640140 433
1640150 433
1640160 432
1640170 431
1640180 430
1640190 430
1640200 430
1640210 429
1640220 429
1640230 429
1640240 428
1640250 428
1640260 427
1640270 425
1640280 425
1640290 424
1640300 422
1640310 422
1640320 422
1640330 421
1640340 421
1640350 419
1640360 417
1640370 417
1640380 418
1640390 418
1640400 418
1640410 417
1640420 416
1640430 416
1640440 415
1640450 415
1640460 415
1640470 414
1640480 414
1640490 416
1640500 415
1640510 414
1640520 414
1640530 414
1640540 414
1640550 414
1640560 414
1640570 413
1640580 413
1640590 412
1640600 411
1640610 411
1640620 410
1640630 410
1640640 410
1640650 409
1640660 408
1640670 408
1640680 407
1640690 406
1640700 406
1640710 405
1640720 404
1640730 404
1640740 404
1640750 403
1640760 403
1640770 402
1640780 400
1640790 400
1640800 398
1640810 397
1640820 397
1640830 396
1640840 394
1640850 394
1640860 393
1640870 392
1640880 392
1640890 390
1640900 389
1640910 389
1640920 388
1640930 386
1640940 386
1640950 382
1640960 378
1640970 378
1640980 374
1640990 370
1641000 370
1641010 368
1641020 366
1641030 366
1641040 363
1641050 360
1641060 360
1641070 359
1641080 356
1641090 354
1641100 354
1641110 353
1641120 353
1641130 353
1641140 351
1641150 347
1641160 347
1641170 348
1641180 350
1641190 350
1641200 355
1641210 363
1641220 363
1641230 369
1641240 371
1641250 371
1641260 374
1641270 377
1641280 377
1641290 380
1641300 382
1641310 382
1641320 382
1641330 384
1641340 384
1641350 386
1641360 386
1641370 386
1641380 388
1641390 391
1641400 391
1641410 392
1641420 395
1641430 395
1641440 398
1641450 400
1641460 400
1641470 401
1641480 403
1641490 403
1641500 405
1641510 407
1641520 407
1641530 408
1641540 411
1641550 411
1641560 412
1641570 413
1641580 413
1641590 414
1641600 414
1641610 414
1641620 414
1641630 414
1641640 414
1641650 414
1641660 413
1641670 413
1641680 412
1641690 411
1641700 411
1641710 410
1641720 408
1641730 408
1641740 407
1641750 405
1641760 405
1641770 403
1641780 401
1641790 401
1641800 398
1641810 396
1641820 396
1641830 394
1641840 391
1641850 391
1641860 389
1641870 388
1641880 388
1641890 386
1641900 384
1641910 384
1641920 382
1641930 381
1641940 381
1641950 379
1641960 378
1641970 378
1641980 377
1641990 376
1642000 376
1642010 373
1642020 371
1642030 368
1642040 368
1642050 363
1642060 357
1642070 357
1642080 355
1642090 355
1642100 355
1642110 354
1642120 353
1642130 353
1642140 351
1642150 349
1642160 349
1642170 347
1642180 346
1642190 346
1642200 344
1642210 340
1642220 340
1642230 340
1642240 338
1642250 338
1642260 336
1642270 335
1642280 335
1642290 335
1642300 335
1642310 335
1642320 335
1642330 336
1642340 336
1642350 349
1642360 353
1642370 353
1642380 353
1642390 355
1642400 355
1642410 357
1642420 360
1642430 360
1642440 363
1642450 365
1642460 365
1642470 368
1642480 370
1642490 370
1642500 373
1642510 376
1642520 376
1642530 379
1642540 382
1642550 382
1642560 386
1642570 390
1642580 390
1642590 394
1642600 398
1642610 398
1642620 401
1642630 404
1642640 404
1642650 406
1642660 408
1642670 408
1642680 409
1642690 410
1642700 410
1642710 410
1642720 411
1642730 411
1642740 412
1642750 413
1642760 413
1642770 413
1642780 414
1642790 414
1642800 415
1642810 415
1642820 415
1642830 416
1642840 416
1642850 416
1642860 417
1642870 418
1642880 418
1642890 419
1642900 419
1642910 419
1642920 419
1642930 420
1642940 420
1642950 417
1642960 417
1642970 417
1642980 417
1642990 418
1643000 418
1643010 418
1643020 419
1643030 419
1643040 419
1643050 419
1643060 419
1643070 419
1643080 420
1643090 420
1643100 420
1643110 420
1643120 420
1643130 420
1643140 421
1643150 421
1643160 421
1643170 421
1643180 421
1643190 421
1643200 421
1643210 421
1643220 421
1643230 421
1643240 423
1643250 423
1643260 424
1643270 424
1643280 424
1643290 423
1643300 424
1643310 424
1643320 423
1643330 423
1643340 423
1643350 422
1643360 421
1643370 421
1643380 420
1643390 419
1643400 419
1643410 418
1643420 417
1643430 417
1643440 416
1643450 416
1643460 416
1643470 414
1643480 412
1643490 412
1643500 410
1643510 409
1643520 409
1643530 407
1643540 404
1643550 404
1643560 403
1643570 402
1643580 402
1643590 401
1643600 397
1643610 397
1643620 393
1643630 389
1643640 389
1643650 385
1643660 382
1643670 382
1643680 379
1643690 377
1643700 377
1643710 376
1643720 376
1643730 376
1643740 374
1643750 373
1643760 373
1643770 367
1643780 366
1643790 366
1643800 366
1643810 366
1643820 366
1643830 368
1643840 369
1643850 369
1643860 369
1643870 371
1643880 372
1643890 372
1643900 377
1643910 378
1643920 378
1643930 377
1643940 381
1643950 381
1643960 382
1643970 383
1643980 383
1643990 383
1644000 386
1644010 386
1644020 387
1644030 388
1644040 388
1644050 389
1644060 390
1644070 390
1644080 391
1644090 392
1644100 392
1644110 393
1644120 394
1644130 394
1644140 398
1644150 400
1644160 400
1644170 400
1644180 400
1644190 400
1644200 400
1644210 399
1644220 399
1644230 401
1644240 404
1644250 404
1644260 406
1644270 408
1644280 408
1644290 409
1644300 410
1644310 410
1644320 410
1644330 412
1644340 412
1644350 414
1644360 415
1644370 415
1644380 416
1644390 417
1644400 417
1644410 417
1644420 418
1644430 418
1644440 418
1644450 419
1644460 419
1644470 419
1644480 419
1644490 419
1644500 419
1644510 419
1644520 419
1644530 419
1644540 418
1644550 418
1644560 417
1644570 414
1644580 412
1644590 408
1644600 403
1644610 403
1644620 400
1644630 402
1644640 402
1644650 400
1644660 396
1644670 396
1644680 392
1644690 392
1644700 392
1644710 394
1644720 397
1644730 397
1644740 402
1644750 407
1644760 407
1644770 411
1644780 414
1644790 417
1644800 417
1644810 420
1644820 423
1644830 423
1644840 426
1644850 429
1644860 429
1644870 432
1644880 435
1644890 435
1644900 438
1644910 441
1644920 441
1644930 444
1644940 447
1644950 447
1644960 450
1644970 452
1644980 452
1644990 455
1645000 458
1645010 458
1645020 461
1645030 463
1645040 463
1645050 466
1645060 467
1645070 467
1645080 468
1645090 468
1645100 468
1645110 469
1645120 471
1645130 471
1645140 474
1645150 479
1645160 479
1645170 484
1645180 489
1645190 489
1645200 492
1645210 496
1645220 496
1645230 499
1645240 502
1645250 502
1645260 505
1645270 508
1645280 508
1645290 511
1645300 514
1645310 514
1645320 517
1645330 519
1645340 519
1645350 522
1645360 524
1645370 524
1645380 525
1645390 528
1645400 528
1645410 530
1645420 532
1645430 532
1645440 534
1645450 537
1645460 537
1645470 539
1645480 541
1645490 541
1645500 544
1645510 546
1645520 546
1645530 549
1645540 552
1645550 552
1645560 555
1645570 558
1645580 558
1645590 560
1645600 562
1645610 562
1645620 563
1645630 564
1645640 564
1645650 564
1645660 563
1645670 563
1645680 562
1645690 559
1645700 554
1645710 554
1645720 549
1645730 544
1645740 544
1645750 539
1645760 534
1645770 534
1645780 530
1645790 527
1645800 527
1645810 526
1645820 524
1645830 524
1645840 523
1645850 521
1645860 521
1645870 519
1645880 518
1645890 518
1645900 517
1645910 515
1645920 515
1645930 511
1645940 515
1645950 515
1645960 518
1645970 521
1645980 521
1645990 524
1646000 526
1646010 526
1646020 528
1646030 530
1646040 530
1646050 532
1646060 534
1646070 534
1646080 535
1646090 537
1646100 537
1646110 538
1646120 539
1646130 539
1646140 540
1646150 541
1646160 541
1646170 541
1646180 539
1646190 539
1646200 538
1646210 538
1646220 538
1646230 537
1646240 536
1646250 536
1646260 535
1646270 534
1646280 534
1646290 532
1646300 533
1646310 533
1646320 531
1646330 532
1646340 532
1646350 532
1646360 533
1646370 533
1646380 532
1646390 533
1646400 533
1646410 535
1646420 535
1646430 535
1646440 535
1646450 534
1646460 534
1646470 534
1646480 534
1646490 534
1646500 534
1646510 534
1646520 534
1646530 534
1646540 533
1646550 533
1646560 530
1646570 529
1646580 529
1646590 531
1646600 531
1646610 531
1646620 530
1646630 529
1646640 529
1646650 529
1646660 528
1646670 526
1646680 526
1646690 523
1646700 523
1646710 523
1646720 521
1646730 519
1646740 519
1646750 516
1646760 518
1646770 518
1646780 520
1646790 521
1646800 521
1646810 520
1646820 518
1646830 518
1646840 518
1646850 518
1646860 518
1646870 521
1646880 523
1646890 523
1646900 525
1646910 527
1646920 527
1646930 530
1646940 535
1646950 535
1646960 537
1646970 539
1646980 543
1646990 546
1647000 550
1647010 550
1647020 553
1647030 556
1647040 556
1647050 559
1647060 562
1647070 562
1647080 565
1647090 568
1647100 568
1647110 571
1647120 574
1647130 574
1647140 577
1647150 579
1647160 579
1647170 581
1647180 583
1647190 583
1647200 585
1647210 587
1647220 587
1647230 587
1647240 588
1647250 588
1647260 589
1647270 589
1647280 589
1647290 590
1647300 592
1647310 592
1647320 594
1647330 595
1647340 595
1647350 597
1647360 599
1647370 599
1647380 600
1647390 602
1647400 602
1647410 604
1647420 605
1647430 605
1647440 607
1647450 609
1647460 609
1647470 610
1647480 612
1647490 612
1647500 614
1647510 616
1647520 616
1647530 618
1647540 620
1647550 622
1647560 622
1647570 624
1647580 626
1647590 626
1647600 628
1647610 630
1647620 630
1647630 631
1647640 633
1647650 633
1647660 634
1647670 635
1647680 635
1647690 635
1647700 636
1647710 636
1647720 636
1647730 636
1647740 636
1647750 633
1647760 631
1647770 630
1647780 629
1647790 627
1647800 627
1647810 625
1647820 624
1647830 624
1647840 625
1647850 624
1647860 624
1647870 624
1647880 623
1647890 623
1647900 621
1647910 621
1647920 621
1647930 621
1647940 620
1647950 620
1647960 620
1647970 621
1647980 621
1647990 622
1648000 622
1648010 622
1648020 622
1648030 622
1648040 622
1648050 624
1648060 626
1648070 626
1648080 627
1648090 627
1648100 627
1648110 629
1648120 630
1648130 630
1648140 632
1648150 633
1648160 633
1648170 635
1648180 636
1648190 636
1648200 638
1648210 639
1648220 639
1648230 641
1648240 642
1648250 642
1648260 643
1648270 644
1648280 644
1648290 645
1648300 647
1648310 647
1648320 648
1648330 649
1648340 649
1648350 650
1648360 651
1648370 651
1648380 652
1648390 653
1648400 653
1648410 654
1648420 656
1648430 656
1648440 657
1648450 657
1648460 657
1648470 658
1648480 659
1648490 660
1648500 660
1648510 661
1648520 662
1648530 662
1648540 662
1648550 663
1648560 662
1648570 663
1648580 664
1648590 664
1648600 665
1648610 666
1648620 666
1648630 667
1648640 668
1648650 668
1648660 669
1648670 670
1648680 670
1648690 671
1648700 672
1648710 672
1648720 674
1648730 677
1648740 677
1648750 679
1648760 681
1648770 681
1648780 682
1648790 683
1648800 683
1648810 684
1648820 685
1648830 685
1648840 686
1648850 687
1648860 687
1648870 688
1648880 689
1648890 689
1648900 690
1648910 692
1648920 692
1648930 693
1648940 695
1648950 695
1648960 696
1648970 698
1648980 698
1648990 700
1649000 703
1649010 703
1649020 703
1649030 703
1649040 703
1649050 704
1649060 705
1649070 705
1649080 707
1649090 708
1649100 708
1649110 711
1649120 714
1649130 714
1649140 715
1649150 717
1649160 717
1649170 719
1649180 721
1649190 721
1649200 722
1649210 724
1649220 724
1649230 725
1649240 727
1649250 727
1649260 729
1649270 731
1649280 731
1649290 733
1649300 735
1649310 735
1649320 737
1649330 739
1649340 740
1649350 742
1649360 743
1649370 743
1649380 744
1649390 745
1649400 746
1649410 746
1649420 747
1649430 748
1649440 748
1649450 749
1649460 749
1649470 749
1649480 749
1649490 750
1649500 750
1649510 750
1649520 750
1649530 750
1649540 749
1649550 748
1649560 748
1649570 747
1649580 746
1649590 746
1649600 744
1649610 743
1649620 743
1649630 742
1649640 741
1649650 741
1649660 740
1649670 739
1649680 739
1649690 738
1649700 737
1649710 737
1649720 735
1649730 733
1649740 733
1649750 732
1649760 730
1649770 730
1649780 729
1649790 727
1649800 727
1649810 726
1649820 724
1649830 724
1649840 722
1649850 721
1649860 721
1649870 718
1649880 716
1649890 716
1649900 713
1649910 706
1649920 706
1649930 698
1649940 693
1649950 693
1649960 691
1649970 689
1649980 689
1649990 685
1650000 678
1650010 678
1650020 673
1650030 666
1650040 666
1650050 662
1650060 660
1650070 660
1650080 659
1650090 657
1650100 657
1650110 654
1650120 650
1650130 645
1650140 641
1650150 639
1650160 639
1650170 638
1650180 635
1650190 635
1650200 631
1650210 627
1650220 627
1650230 625
1650240 623
1650250 623
1650260 621
1650270 617
1650280 617
1650290 613
1650300 617
1650310 617
1650320 622
1650330 624
1650340 628
1650350 628
1650360 631
1650370 634
1650380 634
1650390 637
1650400 640
1650410 640
1650420 644
1650430 647
1650440 647
1650450 650
1650460 652
1650470 652
1650480 655
1650490 658
1650500 658
1650510 660
1650520 662
1650530 662
1650540 665
1650550 667
1650560 667
1650570 668
1650580 669
1650590 669
1650600 670
1650610 671
1650620 671
1650630 671
1650640 671
1650650 671
1650660 670
1650670 669
1650680 669
1650690 668
1650700 666
1650710 666
1650720 664
1650730 662
1650740 662
1650750 660
1650760 657
1650770 657
1650780 653
1650790 648
1650800 648
1650810 643
1650820 637
1650830 637
1650840 634
1650850 631
1650860 631
1650870 631
1650880 629
1650890 629
1650900 623
1650910 627
1650920 627
1650930 630
1650940 632
1650950 632
1650960 634
1650970 635
1650980 635
1650990 637
1651000 638
1651010 638
1651020 640
1651030 641
1651040 641
1651050 643
1651060 645
1651070 645
1651080 646
1651090 648
1651100 648
1651110 649
1651120 650
1651130 650
1651140 651
1651150 652
1651160 652
1651170 653
1651180 654
1651190 654
1651200 655
1651210 655
1651220 655
1651230 656
1651240 656
1651250 657
1651260 657
1651270 657
1651280 657
1651290 657
1651300 657
1651310 657
1651320 657
1651330 656
1651340 656
1651350 656
1651360 656
1651370 655
1651380 655
1651390 655
1651400 654
1651410 654
1651420 654
1651430 653
1651440 653
1651450 652
1651460 651
1651470 651
1651480 650
1651490 649
1651500 649
1651510 648
1651520 647
1651530 647
1651540 646
1651550 645
1651560 645
1651570 644
1651580 643
1651590 643
1651600 642
1651610 641
1651620 641
1651630 640
1651640 639
1651650 639
1651660 637
1651670 636
1651680 639
1651690 638
1651700 636
1651710 636
1651720 635
1651730 633
1651740 633
1651750 632
1651760 630
1651770 630
1651780 629
1651790 627
1651800 627
1651810 625
1651820 623
1651830 623
1651840 622
1651850 620
1651860 620
1651870 619
1651880 618
1651890 618
1651900 618
1651910 617
1651920 617
1651930 617
1651940 617
1651950 617
1651960 616
1651970 615
1651980 615
1651990 615
1652000 614
1652010 614
1652020 614
1652030 614
1652040 614
1652050 615
1652060 616
1652070 616
1652080 617
1652090 617
1652100 617
1652110 618
1652120 619
1652130 619
1652140 620
1652150 621
1652160 621
1652170 622
1652180 622
1652190 622
1652200 622
1652210 623
1652220 625
1652230 625
1652240 626
1652250 627
1652260 627
1652270 627
1652280 627
1652290 627
1652300 628
1652310 628
1652320 628
1652330 628
1652340 628
1652350 628
1652360 629
1652370 632
1652380 632
1652390 635
1652400 638
1652410 638
1652420 641
1652430 643
1652440 643
1652450 647
1652460 650
1652470 650
1652480 652
1652490 654
1652500 654
1652510 656
1652520 658
1652530 658
1652540 659
1652550 660
1652560 660
1652570 661
1652580 662
1652590 662
1652600 663
1652610 664
1652620 664
1652630 665
1652640 666
1652650 666
1652660 666
1652670 667
1652680 667
1652690 668
1652700 669
1652710 669
1652720 669
1652730 670
1652740 670
1652750 671
1652760 671
1652770 671
1652780 672
1652790 673
1652800 673
1652810 674
1652820 675
1652830 675
1652840 675
1652850 676
1652860 676
1652870 678
1652880 679
1652890 679
1652900 680
1652910 681
1652920 681
1652930 682
1652940 682
1652950 682
1652960 683
1652970 684
1652980 684
1652990 684
1653000 685
1653010 685
1653020 685
1653030 686
1653040 686
1653050 686
1653060 686
1653070 686
1653080 687
1653090 687
1653100 687
1653110 687
1653120 688
1653130 688
1653140 688
1653150 689
1653160 689
1653170 689
1653180 689
1653190 690
1653200 690
1653210 693
1653220 693
1653230 693
1653240 693
1653250 693
1653260 693
1653270 693
1653280 693
1653290 693
1653300 693
1653310 693
1653320 693
1653330 693
1653340 692
1653350 692
1653360 692
1653370 691
1653380 691
1653390 690
1653400 689
1653410 689
1653420 688
1653430 687
1653440 687
1653450 687
1653460 686
1653470 686
1653480 685
1653490 684
1653500 684
1653510 683
1653520 683
1653530 683
1653540 682
1653550 681
1653560 681
1653570 680
1653580 679
1653590 679
1653600 678
1653610 676
1653620 676
1653630 675
1653640 674
1653650 674
1653660 673
1653670 671
1653680 671
1653690 670
1653700 668
1653710 668
1653720 667
1653730 665
1653740 665
1653750 664
1653760 662
1653770 662
1653780 660
1653790 657
1653800 657
1653810 656
1653820 654
1653830 654
1653840 651
1653850 649
1653860 649
1653870 646
1653880 642
1653890 642
1653900 638
1653910 633
1653920 633
1653930 626
1653940 620
1653950 620
1653960 614
1653970 608
1653980 607
1653990 601
1654000 597
1654010 597
1654020 594
1654030 589
1654040 586
1654050 586
1654060 585
1654070 586
1654080 586
1654090 585
1654100 586
1654110 586
1654120 587
1654130 588
1654140 588
1654150 589
1654160 589
1654170 589
1654180 589
1654190 588
1654200 588
1654210 588
1654220 586
1654230 586
1654240 585
1654250 583
1654260 583
1654270 582
1654280 582
1654290 582
1654300 580
1654310 579
1654320 579
1654330 580
1654340 580
1654350 580
1654360 580
1654370 580
1654380 580
1654390 579
1654400 577
1654410 577
1654420 575
1654430 572
1654440 572
1654450 568
1654460 564
1654470 564
1654480 560
1654490 555
1654500 555
1654510 551
1654520 546
1654530 546
1654540 541
1654550 537
1654560 537
1654570 534
1654580 529
1654590 529
1654600 525
1654610 521
1654620 521
1654630 516
1654640 511
1654650 511
1654660 507
1654670 502
1654680 502
1654690 496
1654700 491
1654710 491
1654720 490
1654730 495
1654740 493
1654750 500
1654760 504
1654770 504
1654780 509
1654790 514
1654800 514
1654810 519
1654820 523
1654830 523
1654840 527
1654850 531
1654860 531
1654870 535
1654880 539
1654890 539
1654900 543
1654910 547
1654920 547
1654930 550
1654940 553
1654950 556
1654960 556
1654970 559
1654980 562
1654990 562
1655000 565
1655010 567
1655020 567
1655030 569
1655040 570
1655050 570
1655060 571
1655070 573
1655080 573
1655090 574
1655100 575
1655110 575
1655120 575
1655130 576
1655140 576
1655150 577
1655160 577
1655170 577
1655180 577
1655190 577
1655200 577
1655210 576
1655220 576
1655230 576
1655240 575
1655250 574
1655260 574
1655270 572
1655280 571
1655290 571
1655300 569
1655310 567
1655320 567
1655330 565
1655340 562
1655350 562
1655360 560
1655370 558
1655380 558
1655390 555
1655400 550
1655410 550
1655420 545
1655430 540
1655440 540
1655450 535
1655460 531
1655470 531
1655480 529
1655490 529
1655500 529
1655510 526
1655520 522
1655530 522
1655540 518
1655550 515
1655560 515
1655570 512
1655580 508
1655590 508
1655600 505
1655610 503
1655620 503
1655630 501
1655640 499
1655650 499
1655660 497
1655670 495
1655680 495
1655690 496
1655700 498
1655710 498
1655720 500
1655730 502
1655740 502
1655750 502
1655760 500
1655770 500
1655780 501
1655790 505
1655800 505
1655810 510
1655820 514
1655830 514
1655840 516
1655850 519
1655860 519
1655870 521
1655880 523
1655890 525
1655900 525
1655910 527
1655920 529
1655930 529
1655940 532
1655950 534
1655960 534
1655970 536
1655980 538
1655990 538
1656000 540
1656010 541
1656020 541
1656030 543
1656040 544
1656050 544
1656060 545
1656070 546
1656080 546
1656090 547
1656100 547
1656110 547
1656120 547
1656130 547
1656140 547
1656150 546
1656160 545
1656170 545
1656180 544
1656190 543
1656200 543
1656210 541
1656220 539
1656230 539
1656240 536
1656250 536
1656260 536
1656270 533
1656280 528
1656290 528
1656300 523
1656310 518
1656320 518
1656330 520
1656340 526
1656350 526
1656360 529
1656370 531
1656380 531
1656390 532
1656400 533
1656410 533
1656420 533
1656430 534
1656440 534
1656450 533
1656460 533
1656470 533
1656480 537
1656490 542
1656500 542
1656510 547
1656520 551
1656530 551
1656540 553
1656550 555
1656560 555
1656570 558
1656580 560
1656590 560
1656600 563
1656610 565
1656620 565
1656630 567
1656640 570
1656650 570
1656660 573
1656670 574
1656680 574
1656690 575
1656700 575
1656710 575
1656720 576
1656730 576
1656740 576
1656750 576
1656760 575
1656770 575
1656780 574
1656790 573
1656800 572
1656810 572
1656820 570
1656830 568
1656840 568
1656850 566
1656860 564
1656870 564
1656880 562
1656890 559
1656900 559
1656910 556
1656920 553
1656930 553
1656940 550
1656950 548
1656960 548
1656970 546
1656980 543
1656990 543
1657000 541
1657010 538
1657020 538
1657030 534
1657040 530
1657050 530
1657060 526
1657070 520
1657080 520
1657090 515
1657100 510
1657110 510
1657120 505
1657130 499
1657140 499
1657150 494
1657160 489
1657170 489
1657180 484
1657190 487
1657200 487
1657210 493
1657220 496
1657230 496
1657240 499
1657250 499
1657260 499
1657270 498
1657280 496
1657290 496
1657300 493
1657310 490
1657320 490
1657330 487
1657340 484
1657350 484
1657360 481
1657370 479
1657380 479
1657390 477
1657400 475
1657410 475
1657420 475
1657430 479
1657440 479
1657450 484
1657460 488
1657470 488
1657480 491
1657490 495
1657500 495
1657510 498
1657520 501
1657530 501
1657540 504
1657550 506
1657560 506
1657570 509
1657580 512
1657590 512
1657600 515
1657610 518
1657620 518
1657630 521
1657640 524
1657650 524
1657660 527
1657670 530
1657680 530
1657690 533
1657700 537
1657710 537
1657720 540
1657730 543
1657740 543
1657750 543
1657760 546
1657770 549
1657780 549
1657790 552
1657800 554
1657810 554
1657820 557
1657830 560
1657840 560
1657850 562
1657860 565
1657870 565
1657880 567
1657890 569
1657900 569
1657910 571
1657920 573
1657930 573
1657940 574
1657950 576
1657960 576
1657970 577
1657980 577
1657990 577
1658000 578
1658010 579
1658020 579
1658030 579
1658040 580
1658050 580
1658060 580
1658070 581
1658080 581
1658090 582
1658100 582
1658110 582
1658120 583
1658130 583
1658140 583
1658150 584
1658160 584
1658170 584
1658180 585
1658190 586
1658200 586
1658210 587
1658220 588
1658230 588
1658240 588
1658250 589
1658260 589
1658270 590
1658280 590
1658290 590
1658300 592
1658310 593
1658320 593
1658330 594
1658340 594
1658350 594
1658360 594
1658370 594
1658380 594
1658390 594
1658400 594
1658410 594
1658420 594
1658430 594
1658440 594
1658450 595
1658460 595
1658470 595
1658480 595
1658490 598
1658500 598
1658510 597
1658520 596
1658530 596
1658540 595
1658550 593
1658560 593
1658570 591
1658580 587
1658590 587
1658600 582
1658610 576
1658620 576
1658630 570
1658640 565
1658650 561
1658660 561
1658670 559
1658680 556
1658690 556
1658700 552
1658710 548
1658720 548
1658730 545
1658740 542
1658750 542
1658760 541
1658770 539
1658780 539
1658790 536
1658800 530
1658810 530
1658820 524
1658830 521
1658840 521
1658850 526
1658860 531
1658870 531
1658880 536
1658890 541
1658900 541
1658910 546
1658920 550
1658930 550
1658940 553
1658950 556
1658960 556
1658970 559
1658980 561
1658990 561
1659000 564
1659010 566
1659020 566
1659030 568
1659040 570
1659050 570
1659060 570
1659070 570
1659080 570
1659090 569
1659100 568
1659110 568
1659120 566
1659130 565
1659140 565
1659150 564
1659160 562
1659170 562
1659180 558
1659190 554
1659200 554
1659210 550
1659220 547
1659230 550
1659240 549
1659250 546
1659260 546
1659270 549
1659280 554
1659290 554
1659300 559
1659310 564
1659320 564
1659330 568
1659340 571
1659350 571
1659360 574
1659370 576
1659380 576
1659390 578
1659400 579
1659410 579
1659420 580
1659430 581
1659440 581
1659450 582
1659460 582
1659470 582
1659480 583
1659490 583
1659500 583
1659510 584
1659520 585
1659530 585
1659540 586
1659550 586
1659560 586
1659570 587
1659580 587
1659590 587
1659600 587
1659610 588
1659620 587
1659630 587
1659640 588
1659650 589
1659660 589
1659670 590
1659680 590
1659690 590
1659700 591
1659710 592
1659720 592
1659730 592
1659740 593
1659750 593
1659760 593
1659770 593
1659780 593
1659790 593
1659800 592
1659810 592
1659820 592
1659830 592
1659840 592
1659850 592
1659860 593
1659870 593
1659880 594
1659890 595
1659900 595
1659910 594
1659920 594
1659930 594
1659940 596
1659950 597
1659960 599
1659970 599
1659980 599
1659990 599
