1640000 337
1640010 337
1640020 331
1640030 327
1640040 327
1640050 324
1640060 320
1640070 320
1640080 319
1640090 318
1640100 318
1640110 318
1640120 318
1640130 318
1640140 318
1640150 318
1640160 318
1640170 318
1640180 318
1640190 318
1640200 319
1640210 320
1640220 320
1640230 324
1640240 327
1640250 327
1640260 331
1640270 336
1640280 336
1640290 338
1640300 339
1640310 339
1640320 340
1640330 341
1640340 341
1640350 341
1640360 341
1640370 341
1640380 341
1640390 341
1640400 341
1640410 341
1640420 341
1640430 341
1640440 341
1640450 341
1640460 341
1640470 341
1640480 341
1640490 341
1640500 341
1640510 341
1640520 341
1640530 341
1640540 341
1640550 341
1640560 341
1640570 341
1640580 341
1640590 341
1640600 341
1640610 341
1640620 341
1640630 341
1640640 341
1640650 341
1640660 341
1640670 341
1640680 341
1640690 342
1640700 342
1640710 346
1640720 350
1640730 350
1640740 353
1640750 357
1640760 357
1640770 359
1640780 361
1640790 361
1640800 363
1640810 365
1640820 365
1640830 367
1640840 368
1640850 368
1640860 368
1640870 368
1640880 368
1640890 370
1640900 370
1640910 371
1640920 371
1640930 371
1640940 371
1640950 371
1640960 371
1640970 371
1640980 371
1640990 371
1641000 371
1641010 371
1641020 371
1641030 371
1641040 371
1641050 371
1641060 370
1641070 370
1641080 370
1641090 370
1641100 370
1641110 370
1641120 369
1641130 369
1641140 369
1641150 369
1641160 369
1641170 369
1641180 368
1641190 368
1641200 368
1641210 368
1641220 368
1641230 368
1641240 368
1641250 368
1641260 369
1641270 368
1641280 368
1641290 368
1641300 368
1641310 368
1641320 367
1641330 368
1641340 368
1641350 369
1641360 369
1641370 369
1641380 369
1641390 370
1641400 370
1641410 370
1641420 370
1641430 370
1641440 370
1641450 371
1641460 371
1641470 371
1641480 371
1641490 371
1641500 371
1641510 372
1641520 372
1641530 372
1641540 372
1641550 372
1641560 372
1641570 372
1641580 372
1641590 371
1641600 370
1641610 370
1641620 370
1641630 370
1641640 370
1641650 371
1641660 372
1641670 372
1641680 374
1641690 375
1641700 375
1641710 375
1641720 376
1641730 376
1641740 377
1641750 377
1641760 377
1641770 378
1641780 378
1641790 378
1641800 379
1641810 379
1641820 379
1641830 380
1641840 380
1641850 380
1641860 381
1641870 381
1641880 381
1641890 381
1641900 381
1641910 381
1641920 381
1641930 381
1641940 381
1641950 381
1641960 381
1641970 381
1641980 381
1641990 381
1642000 380
1642010 380
1642020 380
1642030 380
1642040 380
1642050 379
1642060 379
1642070 379
1642080 379
1642090 379
1642100 379
1642110 379
1642120 379
1642130 379
1642140 376
1642150 378
1642160 378
1642170 379
1642180 380
1642190 380
1642200 381
1642210 382
1642220 382
1642230 382
1642240 382
1642250 382
1642260 383
1642270 385
1642280 385
1642290 387
1642300 388
1642310 388
1642320 390
1642330 391
1642340 391
1642350 392
1642360 394
1642370 394
1642380 395
1642390 397
1642400 397
1642410 398
1642420 400
1642430 400
1642440 401
1642450 403
1642460 403
1642470 405
1642480 406
1642490 406
1642500 407
1642510 409
1642520 409
1642530 411
1642540 413
1642550 413
1642560 414
1642570 416
1642580 416
1642590 417
1642600 417
1642610 417
1642620 419
1642630 421
1642640 421
1642650 422
1642660 423
1642670 423
1642680 425
1642690 426
1642700 426
1642710 427
1642720 429
1642730 429
1642740 428
1642750 429
1642760 429
1642770 430
1642780 430
1642790 430
1642800 431
1642810 431
1642820 431
1642830 432
1642840 432
1642850 432
1642860 432
1642870 431
1642880 431
1642890 431
1642900 431
1642910 431
1642920 430
1642930 428
1642940 424
1642950 424
1642960 421
1642970 418
1642980 418
1642990 416
1643000 414
1643010 414
1643020 412
1643030 410
1643040 410
1643050 411
1643060 414
1643070 414
1643080 415
1643090 416
1643100 416
1643110 416
1643120 417
1643130 417
1643140 417
1643150 417
1643160 417
1643170 416
1643180 416
1643190 416
1643200 415
1643210 415
1643220 415
1643230 414
1643240 413
1643250 413
1643260 410
1643270 407
1643280 407
1643290 407
1643300 411
1643310 411
1643320 412
1643330 413
1643340 413
1643350 414
1643360 415
1643370 415
1643380 415
1643390 416
1643400 416
1643410 415
1643420 414
1643430 414
1643440 412
1643450 410
1643460 410
1643470 409
1643480 409
1643490 409
1643500 410
1643510 412
1643520 412
1643530 414
1643540 416
1643550 416
1643560 420
1643570 422
1643580 422
1643590 423
1643600 426
1643610 426
1643620 429
1643630 431
1643640 431
1643650 433
1643660 436
1643670 436
1643680 438
1643690 439
1643700 439
1643710 443
1643720 447
1643730 447
1643740 451
1643750 454
1643760 454
1643770 456
1643780 457
1643790 457
1643800 458
1643810 462
1643820 462
1643830 465
1643840 468
1643850 468
1643860 470
1643870 472
1643880 472
1643890 474
1643900 476
1643910 476
1643920 478
1643930 480
1643940 480
1643950 481
1643960 483
1643970 485
1643980 485
1643990 485
1644000 487
1644010 487
1644020 489
1644030 490
1644040 490
1644050 492
1644060 494
1644070 494
1644080 496
1644090 498
1644100 498
1644110 500
1644120 503
1644130 503
1644140 506
1644150 509
1644160 509
1644170 511
1644180 514
1644190 514
1644200 517
1644210 520
1644220 520
1644230 523
1644240 525
1644250 525
1644260 528
1644270 530
1644280 530
1644290 533
1644300 536
1644310 536
1644320 538
1644330 541
1644340 541
1644350 542
1644360 544
1644370 544
1644380 545
1644390 547
1644400 547
1644410 549
1644420 550
1644430 550
1644440 551
1644450 551
1644460 551
1644470 551
1644480 551
1644490 551
1644500 551
1644510 551
1644520 551
1644530 550
1644540 550
1644550 550
1644560 550
1644570 549
1644580 549
1644590 549
1644600 549
1644610 549
1644620 548
1644630 548
1644640 548
1644650 548
1644660 548
1644670 548
1644680 547
1644690 547
1644700 547
1644710 547
1644720 546
1644730 546
1644740 545
1644750 545
1644760 545
1644770 544
1644780 543
1644790 543
1644800 541
1644810 540
1644820 540
1644830 539
1644840 537
1644850 537
1644860 534
1644870 530
1644880 530
1644890 525
1644900 521
1644910 521
1644920 518
1644930 516
1644940 516
1644950 513
1644960 511
1644970 509
1644980 509
1644990 507
1645000 504
1645010 504
1645020 501
1645030 498
1645040 498
1645050 495
1645060 492
1645070 492
1645080 490
1645090 487
1645100 487
1645110 483
1645120 479
1645130 479
1645140 476
1645150 474
1645160 474
1645170 472
1645180 469
1645190 469
1645200 472
1645210 475
1645220 475
1645230 477
1645240 476
1645250 476
1645260 476
1645270 478
1645280 478
1645290 481
1645300 483
1645310 483
1645320 483
1645330 483
1645340 483
1645350 482
1645360 480
1645370 480
1645380 476
1645390 472
1645400 472
1645410 473
1645420 477
1645430 477
1645440 480
1645450 482
1645460 482
1645470 482
1645480 484
1645490 484
1645500 485
1645510 487
1645520 487
1645530 487
1645540 490
1645550 490
1645560 491
1645570 494
1645580 494
1645590 496
1645600 499
1645610 499
1645620 502
1645630 505
1645640 505
1645650 509
1645660 513
1645670 513
1645680 517
1645690 520
1645700 520
1645710 524
1645720 528
1645730 528
1645740 531
1645750 534
1645760 534
1645770 537
1645780 539
1645790 539
1645800 542
1645810 544
1645820 544
1645830 545
1645840 545
1645850 545
1645860 546
1645870 550
1645880 550
1645890 555
1645900 559
1645910 559
1645920 562
1645930 565
1645940 565
1645950 570
1645960 573
1645970 576
1645980 575
1645990 577
1646000 580
1646010 580
1646020 583
1646030 586
1646040 586
1646050 588
1646060 590
1646070 590
1646080 592
1646090 594
1646100 594
1646110 596
1646120 599
1646130 599
1646140 601
1646150 603
1646160 603
1646170 605
1646180 608
1646190 608
1646200 609
1646210 611
1646220 611
1646230 612
1646240 614
1646250 614
1646260 616
1646270 617
1646280 617
1646290 619
1646300 620
1646310 620
1646320 621
1646330 622
1646340 622
1646350 623
1646360 624
1646370 624
1646380 624
1646390 625
1646400 625
1646410 625
1646420 626
1646430 626
1646440 626
1646450 625
1646460 625
1646470 626
1646480 627
1646490 627
1646500 628
1646510 628
1646520 628
1646530 629
1646540 629
1646550 629
1646560 629
1646570 630
1646580 630
1646590 631
1646600 631
1646610 631
1646620 631
1646630 631
1646640 631
1646650 630
1646660 630
1646670 630
1646680 629
1646690 628
1646700 628
1646710 627
1646720 627
1646730 627
1646740 626
1646750 626
1646760 626
1646770 621
1646780 623
1646790 623
1646800 625
1646810 625
1646820 625
1646830 626
1646840 627
1646850 627
1646860 628
1646870 631
1646880 631
1646890 632
1646900 634
1646910 634
1646920 636
1646930 638
1646940 638
1646950 639
1646960 641
1646970 641
1646980 643
1646990 644
1647000 646
1647010 646
1647020 648
1647030 649
1647040 649
1647050 651
1647060 653
1647070 653
1647080 655
1647090 656
1647100 656
1647110 658
1647120 659
1647130 659
1647140 660
1647150 661
1647160 661
1647170 661
1647180 661
1647190 661
1647200 661
1647210 661
1647220 661
1647230 661
1647240 661
1647250 661
1647260 660
1647270 659
1647280 659
1647290 658
1647300 658
1647310 658
1647320 656
1647330 654
1647340 654
1647350 653
1647360 652
1647370 652
1647380 651
1647390 649
1647400 649
1647410 647
1647420 645
1647430 645
1647440 645
1647450 643
1647460 643
1647470 641
1647480 639
1647490 639
1647500 635
1647510 635
1647520 635
1647530 635
1647540 634
1647550 634
1647560 632
1647570 627
1647580 627
1647590 626
1647600 623
1647610 623
1647620 622
1647630 621
1647640 621
1647650 623
1647660 624
1647670 624
1647680 623
1647690 622
1647700 622
1647710 620
1647720 619
1647730 619
1647740 619
1647750 619
1647760 619
1647770 619
1647780 619
1647790 619
1647800 620
1647810 622
1647820 622
1647830 624
1647840 625
1647850 625
1647860 626
1647870 627
1647880 627
1647890 628
1647900 630
1647910 630
1647920 632
1647930 633
1647940 633
1647950 635
1647960 637
1647970 637
1647980 639
1647990 640
1648000 642
1648010 642
1648020 642
1648030 644
1648040 644
1648050 648
1648060 650
1648070 650
1648080 652
1648090 654
1648100 654
1648110 658
1648120 661
1648130 661
1648140 663
1648150 664
1648160 664
1648170 667
1648180 670
1648190 670
1648200 673
1648210 675
1648220 675
1648230 678
1648240 680
1648250 680
1648260 683
1648270 685
1648280 685
1648290 686
1648300 688
1648310 688
1648320 689
1648330 690
1648340 690
1648350 692
1648360 692
1648370 692
1648380 692
1648390 692
1648400 692
1648410 691
1648420 690
1648430 690
1648440 689
1648450 688
1648460 688
1648470 687
1648480 686
1648490 686
1648500 686
1648510 686
1648520 686
1648530 686
1648540 687
1648550 687
1648560 687
1648570 685
1648580 685
1648590 684
1648600 683
1648610 683
1648620 681
1648630 680
1648640 680
1648650 678
1648660 677
1648670 677
1648680 675
1648690 673
1648700 673
1648710 672
1648720 671
1648730 671
1648740 669
1648750 667
1648760 667
1648770 666
1648780 664
1648790 664
1648800 662
1648810 661
1648820 661
1648830 660
1648840 659
1648850 659
1648860 657
1648870 657
1648880 657
1648890 657
1648900 657
1648910 657
1648920 655
1648930 654
1648940 654
1648950 652
1648960 651
1648970 651
1648980 649
1648990 648
1649000 648
1649010 646
1649020 644
1649030 642
1649040 642
1649050 639
1649060 636
1649070 636
1649080 635
1649090 635
1649100 635
1649110 636
1649120 637
1649130 637
1649140 636
1649150 640
1649160 640
1649170 641
1649180 641
1649190 641
1649200 642
1649210 643
1649220 643
1649230 644
1649240 645
1649250 645
1649260 646
1649270 646
1649280 646
1649290 647
1649300 648
1649310 648
1649320 649
1649330 650
1649340 650
1649350 652
1649360 652
1649370 652
1649380 653
1649390 653
1649400 653
1649410 653
1649420 654
1649430 654
1649440 654
1649450 654
1649460 654
1649470 654
1649480 653
1649490 653
1649500 653
1649510 652
1649520 652
1649530 651
1649540 649
1649550 649
1649560 648
1649570 646
1649580 646
1649590 645
1649600 643
1649610 643
1649620 639
1649630 634
1649640 634
1649650 628
1649660 624
1649670 624
1649680 620
1649690 618
1649700 618
1649710 617
1649720 616
1649730 616
1649740 615
1649750 613
1649760 613
1649770 612
1649780 610
1649790 610
1649800 609
1649810 607
1649820 607
1649830 607
1649840 607
1649850 607
1649860 606
1649870 606
1649880 606
1649890 606
1649900 606
1649910 606
1649920 606
1649930 609
1649940 609
1649950 609
1649960 609
1649970 609
1649980 608
1649990 608
1650000 608
1650010 608
1650020 607
1650030 607
1650040 607
1650050 606
1650060 605
1650070 605
1650080 603
1650090 603
1650100 603
1650110 601
1650120 600
1650130 600
1650140 599
1650150 597
1650160 597
1650170 594
1650180 589
1650190 589
1650200 585
1650210 581
1650220 581
1650230 578
1650240 573
1650250 573
1650260 575
1650270 580
1650280 580
1650290 582
1650300 585
1650310 585
1650320 587
1650330 589
1650340 589
1650350 591
1650360 592
1650370 592
1650380 591
1650390 591
1650400 591
1650410 590
1650420 588
1650430 588
1650440 586
1650450 584
1650460 584
1650470 582
1650480 580
1650490 580
1650500 578
1650510 576
1650520 576
1650530 574
1650540 572
1650550 572
1650560 569
1650570 563
1650580 563
1650590 557
1650600 551
1650610 551
1650620 546
1650630 544
1650640 544
1650650 547
1650660 550
1650670 550
1650680 553
1650690 555
1650700 555
1650710 560
1650720 561
1650730 561
1650740 561
1650750 561
1650760 561
1650770 560
1650780 560
1650790 560
1650800 560
1650810 559
1650820 559
1650830 559
1650840 558
1650850 558
1650860 558
1650870 558
1650880 558
1650890 557
1650900 556
1650910 556
1650920 555
1650930 554
1650940 554
1650950 553
1650960 552
1650970 552
1650980 550
1650990 549
1651000 549
1651010 547
1651020 545
1651030 544
1651040 544
1651050 542
1651060 540
1651070 540
1651080 539
1651090 537
1651100 537
1651110 535
1651120 533
1651130 533
1651140 530
1651150 525
1651160 525
1651170 521
1651180 517
1651190 517
1651200 518
1651210 520
1651220 520
1651230 519
1651240 517
1651250 517
1651260 515
1651270 511
1651280 511
1651290 509
1651300 515
1651310 515
1651320 521
1651330 526
1651340 526
1651350 530
1651360 533
1651370 533
1651380 536
1651390 538
1651400 538
1651410 538
1651420 539
1651430 539
1651440 540
1651450 541
1651460 541
1651470 542
1651480 545
1651490 545
1651500 545
1651510 545
1651520 545
1651530 545
1651540 546
1651550 546
1651560 546
1651570 547
1651580 547
1651590 547
1651600 547
1651610 547
1651620 548
1651630 548
1651640 548
1651650 548
1651660 548
1651670 548
1651680 548
1651690 547
1651700 547
1651710 547
1651720 547
1651730 547
1651740 547
1651750 547
1651760 547
1651770 548
1651780 548
1651790 548
1651800 549
1651810 550
1651820 550
1651830 550
1651840 550
1651850 550
1651860 551
1651870 551
1651880 551
1651890 550
1651900 549
1651910 549
1651920 547
1651930 545
1651940 545
1651950 545
1651960 548
1651970 548
1651980 552
1651990 555
1652000 555
1652010 558
1652020 560
1652030 560
1652040 562
1652050 564
1652060 566
1652070 566
1652080 568
1652090 570
1652100 570
1652110 572
1652120 573
1652130 573
1652140 575
1652150 577
1652160 577
1652170 578
1652180 580
1652190 580
1652200 580
1652210 581
1652220 581
1652230 582
1652240 583
1652250 583
1652260 583
1652270 583
1652280 583
1652290 584
1652300 584
1652310 584
1652320 583
1652330 582
1652340 582
1652350 579
1652360 575
1652370 575
1652380 570
1652390 565
1652400 565
1652410 559
1652420 555
1652430 555
1652440 551
1652450 548
1652460 548
1652470 546
1652480 547
1652490 547
1652500 549
1652510 552
1652520 552
1652530 555
1652540 558
1652550 558
1652560 561
1652570 563
1652580 563
1652590 564
1652600 566
1652610 566
1652620 568
1652630 569
1652640 569
1652650 570
1652660 572
1652670 572
1652680 574
1652690 577
1652700 577
1652710 577
1652720 578
1652730 578
1652740 579
1652750 581
1652760 581
1652770 582
1652780 583
1652790 583
1652800 584
1652810 584
1652820 584
1652830 585
1652840 586
1652850 586
1652860 587
1652870 587
1652880 587
1652890 588
1652900 587
1652910 587
1652920 588
1652930 588
1652940 588
1652950 589
1652960 588
1652970 588
1652980 588
1652990 588
1653000 588
1653010 588
1653020 591
1653030 591
1653040 591
1653050 592
1653060 591
1653070 591
1653080 591
1653090 591
1653100 591
1653110 591
1653120 591
1653130 591
1653140 590
1653150 590
1653160 590
1653170 589
1653180 590
1653190 590
1653200 590
1653210 590
1653220 590
1653230 589
1653240 589
1653250 589
1653260 589
1653270 589
1653280 589
1653290 589
1653300 589
1653310 589
1653320 589
1653330 590
1653340 590
1653350 590
1653360 590
1653370 590
1653380 591
1653390 592
1653400 592
1653410 592
1653420 594
1653430 594
1653440 595
1653450 596
1653460 596
1653470 598
1653480 599
1653490 599
1653500 600
1653510 601
1653520 601
1653530 601
1653540 602
1653550 602
1653560 603
1653570 604
1653580 604
1653590 605
1653600 606
1653610 606
1653620 606
1653630 607
1653640 607
1653650 607
1653660 607
1653670 607
1653680 607
1653690 606
1653700 606
1653710 605
1653720 604
1653730 604
1653740 604
1653750 603
1653760 603
1653770 602
1653780 601
1653790 600
1653800 599
1653810 597
1653820 597
1653830 596
1653840 594
1653850 594
1653860 592
1653870 590
1653880 590
1653890 587
1653900 584
1653910 584
1653920 581
1653930 578
1653940 578
1653950 576
1653960 574
1653970 574
1653980 573
1653990 572
1654000 572
1654010 571
1654020 570
1654030 570
1654040 569
1654050 568
1654060 568
1654070 567
1654080 566
1654090 565
1654100 565
1654110 564
1654120 563
1654130 563
1654140 562
1654150 560
1654160 560
1654170 559
1654180 557
1654190 557
1654200 555
1654210 553
1654220 553
1654230 551
1654240 548
1654250 548
1654260 545
1654270 540
1654280 540
1654290 536
1654300 531
1654310 531
1654320 526
1654330 522
1654340 522
1654350 516
1654360 512
1654370 512
1654380 507
1654390 501
1654400 501
1654410 500
1654420 501
1654430 501
1654440 501
1654450 499
1654460 499
1654470 494
1654480 495
1654490 495
1654500 499
1654510 500
1654520 500
1654530 499
1654540 498
1654550 495
1654560 494
1654570 492
1654580 492
1654590 493
1654600 491
1654610 491
1654620 490
1654630 490
1654640 490
1654650 488
1654660 488
1654670 488
1654680 492
1654690 493
1654700 493
1654710 493
1654720 495
1654730 495
1654740 497
1654750 498
1654760 498
1654770 501
1654780 503
1654790 503
1654800 505
1654810 507
1654820 507
1654830 509
1654840 511
1654850 511
1654860 513
1654870 516
1654880 516
1654890 518
1654900 520
1654910 520
1654920 523
1654930 525
1654940 525
1654950 526
1654960 527
1654970 527
1654980 530
1654990 533
1655000 533
1655010 535
1655020 537
1655030 537
1655040 539
1655050 541
1655060 541
1655070 543
1655080 545
1655090 547
1655100 547
1655110 549
1655120 551
1655130 551
1655140 553
1655150 555
1655160 555
1655170 556
1655180 558
1655190 558
1655200 560
1655210 562
1655220 562
1655230 564
1655240 565
1655250 565
1655260 567
1655270 568
1655280 568
1655290 570
1655300 574
1655310 574
1655320 576
1655330 578
1655340 578
1655350 579
1655360 581
1655370 581
1655380 583
1655390 585
1655400 585
1655410 586
1655420 588
1655430 588
1655440 589
1655450 591
1655460 591
1655470 593
1655480 595
1655490 595
1655500 597
1655510 598
1655520 598
1655530 600
1655540 601
1655550 601
1655560 602
1655570 603
1655580 603
1655590 605
1655600 606
1655610 606
1655620 608
1655630 610
1655640 610
1655650 611
1655660 612
1655670 612
1655680 614
1655690 615
1655700 615
1655710 616
1655720 617
1655730 617
1655740 619
1655750 621
1655760 621
1655770 623
1655780 624
1655790 624
1655800 625
1655810 626
1655820 626
1655830 628
1655840 630
1655850 630
1655860 632
1655870 634
1655880 634
1655890 636
1655900 637
1655910 637
1655920 639
1655930 641
1655940 641
1655950 642
1655960 644
1655970 644
1655980 645
1655990 647
1656000 647
1656010 649
1656020 651
1656030 651
1656040 653
1656050 655
1656060 655
1656070 657
1656080 659
1656090 659
1656100 661
1656110 662
1656120 663
1656130 663
1656140 665
1656150 666
1656160 666
1656170 667
1656180 668
1656190 668
1656200 670
1656210 671
1656220 671
1656230 672
1656240 674
1656250 674
1656260 675
1656270 675
1656280 675
1656290 676
1656300 677
1656310 677
1656320 678
1656330 679
1656340 679
1656350 680
1656360 680
1656370 680
1656380 681
1656390 681
1656400 681
1656410 681
1656420 682
1656430 682
1656440 682
1656450 682
1656460 682
1656470 682
1656480 682
1656490 682
1656500 682
1656510 682
1656520 682
1656530 683
1656540 682
1656550 682
1656560 682
1656570 682
1656580 682
1656590 681
1656600 680
1656610 680
1656620 680
1656630 679
1656640 679
1656650 678
1656660 677
1656670 677
1656680 676
1656690 675
1656700 675
1656710 674
1656720 673
1656730 673
1656740 671
1656750 669
1656760 669
1656770 667
1656780 664
1656790 664
1656800 660
1656810 660
1656820 660
1656830 659
1656840 657
1656850 657
1656860 656
1656870 655
1656880 655
1656890 655
1656900 654
1656910 654
1656920 654
1656930 653
1656940 653
1656950 652
1656960 652
1656970 652
1656980 651
1656990 650
1657000 650
1657010 650
1657020 649
1657030 649
1657040 648
1657050 648
1657060 648
1657070 648
1657080 647
1657090 647
1657100 646
1657110 645
1657120 645
1657130 645
1657140 644
1657150 644
1657160 644
1657170 643
1657180 643
1657190 643
1657200 642
1657210 640
1657220 640
1657230 638
1657240 636
1657250 636
1657260 633
1657270 632
1657280 632
1657290 631
1657300 630
1657310 630
1657320 628
1657330 628
1657340 628
1657350 627
1657360 625
1657370 625
1657380 624
1657390 624
1657400 624
1657410 624
1657420 624
1657430 624
1657440 624
1657450 624
1657460 624
1657470 625
1657480 625
1657490 625
1657500 625
1657510 625
1657520 625
1657530 625
1657540 625
1657550 625
1657560 627
1657570 627
1657580 627
1657590 626
1657600 626
1657610 626
1657620 626
1657630 626
1657640 626
1657650 625
1657660 625
1657670 625
1657680 624
1657690 624
1657700 624
1657710 624
1657720 623
1657730 623
1657740 623
1657750 622
1657760 622
1657770 621
1657780 621
1657790 621
1657800 621
1657810 621
1657820 621
1657830 620
1657840 620
1657850 620
1657860 620
1657870 619
1657880 619
1657890 618
1657900 618
1657910 618
1657920 617
1657930 616
1657940 616
1657950 615
1657960 615
1657970 615
1657980 615
1657990 615
1658000 615
1658010 614
1658020 611
1658030 611
1658040 608
1658050 606
1658060 606
1658070 605
1658080 606
1658090 606
1658100 608
1658110 608
1658120 608
1658130 608
1658140 607
1658150 607
1658160 607
1658170 607
1658180 607
1658190 607
1658200 606
1658210 605
1658220 605
1658230 604
1658240 603
1658250 603
1658260 603
1658270 603
1658280 603
1658290 603
1658300 606
1658310 606
1658320 606
1658330 605
1658340 605
1658350 606
1658360 606
1658370 606
1658380 607
1658390 607
1658400 607
1658410 606
1658420 605
1658430 605
1658440 604
1658450 603
1658460 603
1658470 602
1658480 600
1658490 600
1658500 599
1658510 598
1658520 598
1658530 596
1658540 595
1658550 595
1658560 594
1658570 592
1658580 592
1658590 591
1658600 589
1658610 589
1658620 588
1658630 587
1658640 587
1658650 585
1658660 583
1658670 583
1658680 581
1658690 578
1658700 578
1658710 576
1658720 574
1658730 574
1658740 571
1658750 568
1658760 568
1658770 566
1658780 564
1658790 564
1658800 561
1658810 560
1658820 560
1658830 559
1658840 557
1658850 557
1658860 554
1658870 551
1658880 551
1658890 547
1658900 543
1658910 543
1658920 540
1658930 537
1658940 537
1658950 534
1658960 531
1658970 531
1658980 529
1658990 526
1659000 526
1659010 522
1659020 518
1659030 518
1659040 516
1659050 512
1659060 512
1659070 509
1659080 508
1659090 508
1659100 506
1659110 505
1659120 505
1659130 504
1659140 503
1659150 500
1659160 500
1659170 498
1659180 496
1659190 496
1659200 494
1659210 492
1659220 492
1659230 490
1659240 488
1659250 488
1659260 487
1659270 485
1659280 485
1659290 483
1659300 480
1659310 480
1659320 478
1659330 475
1659340 475
1659350 473
1659360 469
1659370 469
1659380 467
1659390 465
1659400 465
1659410 466
1659420 465
1659430 465
1659440 464
1659450 463
1659460 463
1659470 464
1659480 464
1659490 464
1659500 464
1659510 463
1659520 463
1659530 464
1659540 464
1659550 464
1659560 464
1659570 464
1659580 464
1659590 464
1659600 464
1659610 464
1659620 463
1659630 462
1659640 462
1659650 460
1659660 459
1659670 459
1659680 459
1659690 459
1659700 459
1659710 459
1659720 458
1659730 458
1659740 458
1659750 458
1659760 458
1659770 458
1659780 458
1659790 458
1659800 462
1659810 463
1659820 463
1659830 465
1659840 467
1659850 467
1659860 468
1659870 470
1659880 470
1659890 473
1659900 473
1659910 473
1659920 473
1659930 471
1659940 471
1659950 471
1659960 471
1659970 471
1659980 470
1659990 469
