1640000 416
1640010 416
1640020 416
1640030 417
1640040 417
1640050 417
1640060 418
1640070 419
1640080 419
1640090 420
1640100 421
1640110 421
1640120 422
1640130 424
1640140 424
1640150 425
1640160 426
1640170 426
1640180 427
1640190 428
1640200 428
1640210 429
1640220 431
1640230 431
1640240 432
1640250 433
1640260 434
1640270 435
1640280 436
1640290 436
1640300 437
1640310 438
1640320 438
1640330 439
1640340 440
1640350 440
1640360 441
1640370 441
1640380 441
1640390 442
1640400 443
1640410 443
1640420 443
1640430 443
1640440 443
1640450 444
1640460 444
1640470 444
1640480 444
1640490 444
1640500 444
1640510 443
1640520 444
1640530 444
1640540 444
1640550 443
1640560 443
1640570 442
1640580 442
1640590 442
1640600 441
1640610 440
1640620 440
1640630 438
1640640 437
1640650 437
1640660 436
1640670 434
1640680 434
1640690 432
1640700 430
1640710 430
1640720 428
1640730 427
1640740 427
1640750 425
1640760 423
1640770 423
1640780 421
1640790 419
1640800 417
1640810 417
1640820 415
1640830 414
1640840 414
1640850 412
1640860 411
1640870 411
1640880 409
1640890 408
1640900 408
1640910 408
1640920 407
1640930 407
1640940 405
1640950 404
1640960 404
1640970 403
1640980 402
1640990 402
1641000 400
1641010 398
1641020 398
1641030 396
1641040 395
1641050 395
1641060 393
1641070 390
1641080 390
1641090 390
1641100 389
1641110 389
1641120 390
1641130 391
1641140 391
1641150 390
1641160 390
1641170 390
1641180 391
1641190 391
1641200 391
1641210 391
1641220 392
1641230 392
1641240 392
1641250 393
1641260 393
1641270 394
1641280 395
1641290 395
1641300 396
1641310 397
1641320 397
1641330 398
1641340 399
1641350 399
1641360 399
1641370 400
1641380 400
1641390 400
1641400 401
1641410 401
1641420 401
1641430 401
1641440 401
1641450 402
1641460 402
1641470 402
1641480 402
1641490 402
1641500 402
1641510 403
1641520 403
1641530 403
1641540 402
1641550 401
1641560 401
1641570 400
1641580 399
1641590 399
1641600 399
1641610 398
1641620 398
1641630 396
1641640 394
1641650 394
1641660 393
1641670 391
1641680 391
1641690 387
1641700 385
1641710 385
1641720 382
1641730 381
1641740 381
1641750 378
1641760 376
1641770 376
1641780 373
1641790 371
1641800 371
1641810 369
1641820 368
1641830 368
1641840 366
1641850 364
1641860 364
1641870 361
1641880 358
1641890 355
1641900 355
1641910 351
1641920 348
1641930 348
1641940 349
1641950 352
1641960 352
1641970 353
1641980 353
1641990 353
1642000 353
1642010 352
1642020 352
1642030 351
1642040 350
1642050 350
1642060 349
1642070 347
1642080 347
1642090 346
1642100 344
1642110 344
1642120 342
1642130 341
1642140 341
1642150 340
1642160 338
1642170 338
1642180 336
1642190 333
1642200 333
1642210 329
1642220 329
1642230 329
1642240 332
1642250 335
1642260 335
1642270 336
1642280 336
1642290 336
1642300 338
1642310 337
1642320 337
1642330 336
1642340 336
1642350 336
1642360 335
1642370 335
1642380 335
1642390 335
1642400 335
1642410 335
1642420 334
1642430 334
1642440 334
1642450 334
1642460 334
1642470 334
1642480 334
1642490 333
1642500 333
1642510 332
1642520 331
1642530 331
1642540 331
1642550 330
1642560 330
1642570 330
1642580 330
1642590 330
1642600 330
1642610 330
1642620 330
1642630 330
1642640 330
1642650 330
1642660 330
1642670 330
1642680 330
1642690 330
1642700 329
1642710 329
1642720 329
1642730 329
1642740 329
1642750 329
1642760 329
1642770 329
1642780 329
1642790 329
1642800 329
1642810 329
1642820 329
1642830 329
1642840 329
1642850 329
1642860 329
1642870 329
1642880 329
1642890 329
1642900 328
1642910 328
1642920 328
1642930 328
1642940 328
1642950 328
1642960 328
1642970 328
1642980 327
1642990 327
1643000 327
1643010 327
1643020 327
1643030 324
1643040 323
1643050 323
1643060 322
1643070 322
1643080 322
1643090 321
1643100 315
1643110 315
1643120 312
1643130 311
1643140 311
1643150 311
1643160 310
1643170 310
1643180 310
1643190 310
1643200 310
1643210 310
1643220 309
1643230 309
1643240 309
1643250 310
1643260 310
1643270 312
1643280 312
1643290 312
1643300 312
1643310 310
1643320 310
1643330 307
1643340 306
1643350 306
1643360 306
1643370 306
1643380 306
1643390 305
1643400 305
1643410 305
1643420 304
1643430 303
1643440 303
1643450 303
1643460 302
1643470 302
1643480 302
1643490 302
1643500 302
1643510 302
1643520 302
1643530 302
1643540 303
1643550 303
1643560 303
1643570 303
1643580 303
1643590 303
1643600 304
1643610 303
1643620 303
1643630 302
1643640 302
1643650 302
1643660 302
1643670 302
1643680 302
1643690 302
1643700 302
1643710 302
1643720 302
1643730 302
1643740 302
1643750 302
1643760 302
1643770 302
1643780 302
1643790 302
1643800 302
1643810 302
1643820 304
1643830 304
1643840 307
1643850 311
1643860 311
1643870 311
1643880 312
1643890 312
1643900 316
1643910 321
1643920 321
1643930 323
1643940 325
1643950 325
1643960 329
1643970 329
1643980 329
1643990 329
1644000 329
1644010 329
1644020 329
1644030 330
1644040 330
1644050 330
1644060 330
1644070 330
1644080 330
1644090 330
1644100 329
1644110 329
1644120 329
1644130 329
1644140 329
1644150 328
1644160 327
1644170 327
1644180 327
1644190 326
1644200 326
1644210 326
1644220 325
1644230 325
1644240 325
1644250 325
1644260 325
1644270 325
1644280 326
1644290 326
1644300 328
1644310 329
1644320 329
1644330 329
1644340 329
1644350 327
1644360 327
1644370 326
1644380 326
1644390 325
1644400 323
1644410 323
1644420 317
1644430 315
1644440 315
1644450 319
1644460 324
1644470 324
1644480 325
1644490 325
1644500 325
1644510 325
1644520 325
1644530 325
1644540 325
1644550 325
1644560 325
1644570 325
1644580 325
1644590 325
1644600 325
1644610 325
1644620 325
1644630 325
1644640 326
1644650 326
1644660 327
1644670 328
1644680 328
1644690 329
1644700 330
1644710 330
1644720 332
1644730 334
1644740 334
1644750 336
1644760 338
1644770 338
1644780 339
1644790 341
1644800 341
1644810 342
1644820 345
1644830 345
1644840 347
1644850 348
1644860 348
1644870 349
1644880 348
1644890 348
1644900 347
1644910 345
1644920 345
1644930 343
1644940 340
1644950 340
1644960 337
1644970 335
1644980 335
1644990 333
1645000 326
1645010 326
1645020 318
1645030 320
1645040 320
1645050 328
1645060 331
1645070 331
1645080 333
1645090 334
1645100 334
1645110 336
1645120 338
1645130 338
1645140 339
1645150 341
1645160 342
1645170 342
1645180 344
1645190 345
1645200 345
1645210 347
1645220 348
1645230 348
1645240 349
1645250 350
1645260 350
1645270 350
1645280 351
1645290 351
1645300 352
1645310 352
1645320 352
1645330 353
1645340 353
1645350 353
1645360 354
1645370 354
1645380 354
1645390 355
1645400 355
1645410 355
1645420 355
1645430 356
1645440 356
1645450 356
1645460 356
1645470 356
1645480 356
1645490 356
1645500 356
1645510 356
1645520 355
1645530 355
1645540 355
1645550 354
1645560 354
1645570 353
1645580 352
1645590 352
1645600 352
1645610 351
1645620 351
1645630 350
1645640 348
1645650 348
1645660 347
1645670 346
1645680 346
1645690 345
1645700 345
1645710 345
1645720 345
1645730 345
1645740 345
1645750 345
1645760 344
1645770 344
1645780 344
1645790 344
1645800 344
1645810 344
1645820 343
1645830 343
1645840 340
1645850 339
1645860 339
1645870 340
1645880 340
1645890 340
1645900 340
1645910 340
1645920 340
1645930 341
1645940 341
1645950 341
1645960 342
1645970 342
1645980 342
1645990 342
1646000 342
1646010 342
1646020 342
1646030 342
1646040 342
1646050 342
1646060 344
1646070 344
1646080 346
1646090 349
1646100 349
1646110 350
1646120 351
1646130 351
1646140 352
1646150 353
1646160 353
1646170 353
1646180 354
1646190 354
1646200 355
1646210 356
1646220 356
1646230 358
1646240 359
1646250 360
1646260 360
1646270 360
1646280 360
1646290 360
1646300 362
1646310 363
1646320 363
1646330 364
1646340 365
1646350 365
1646360 365
1646370 366
1646380 366
1646390 366
1646400 367
1646410 367
1646420 368
1646430 369
1646440 369
1646450 369
1646460 370
1646470 370
1646480 370
1646490 371
1646500 371
1646510 371
1646520 371
1646530 371
1646540 372
1646550 371
1646560 371
1646570 371
1646580 374
1646590 374
1646600 376
1646610 377
1646620 377
1646630 378
1646640 379
1646650 379
1646660 380
1646670 380
1646680 380
1646690 381
1646700 381
1646710 381
1646720 382
1646730 382
1646740 382
1646750 383
1646760 385
1646770 385
1646780 385
1646790 386
1646800 386
1646810 386
1646820 387
1646830 387
1646840 387
1646850 387
1646860 387
1646870 388
1646880 388
1646890 388
1646900 389
1646910 389
1646920 389
1646930 389
1646940 389
1646950 389
1646960 390
1646970 389
1646980 389
1646990 388
1647000 388
1647010 388
1647020 387
1647030 385
1647040 385
1647050 386
1647060 384
1647070 384
1647080 381
1647090 377
1647100 377
1647110 375
1647120 376
1647130 376
1647140 377
1647150 378
1647160 378
1647170 380
1647180 381
1647190 381
1647200 382
1647210 383
1647220 383
1647230 384
1647240 384
1647250 384
1647260 384
1647270 384
1647280 384
1647290 385
1647300 385
1647310 385
1647320 385
1647330 386
1647340 386
1647350 386
1647360 386
1647370 387
1647380 387
1647390 387
1647400 387
1647410 387
1647420 388
1647430 388
1647440 388
1647450 387
1647460 386
1647470 386
1647480 385
1647490 384
1647500 384
1647510 385
1647520 388
1647530 388
1647540 390
1647550 389
1647560 389
1647570 392
1647580 395
1647590 395
1647600 397
1647610 401
1647620 401
1647630 402
1647640 403
1647650 403
1647660 405
1647670 406
1647680 406
1647690 408
1647700 409
1647710 409
1647720 410
1647730 412
1647740 412
1647750 413
1647760 414
1647770 414
1647780 416
1647790 418
1647800 418
1647810 419
1647820 420
1647830 420
1647840 422
1647850 423
1647860 423
1647870 425
1647880 426
1647890 426
1647900 427
1647910 428
1647920 428
1647930 429
1647940 430
1647950 430
1647960 432
1647970 433
1647980 433
1647990 433
1648000 434
1648010 434
1648020 435
1648030 436
1648040 436
1648050 437
1648060 437
1648070 437
1648080 438
1648090 439
1648100 439
1648110 439
1648120 439
1648130 439
1648140 440
1648150 439
1648160 439
1648170 439
1648180 439
1648190 439
1648200 439
1648210 439
1648220 439
1648230 439
1648240 439
1648250 439
1648260 439
1648270 435
1648280 435
1648290 437
1648300 440
1648310 440
1648320 441
1648330 441
1648340 441
1648350 439
1648360 440
1648370 440
1648380 440
1648390 441
1648400 441
1648410 442
1648420 442
1648430 442
1648440 442
1648450 443
1648460 443
1648470 443
1648480 444
1648490 444
1648500 444
1648510 445
1648520 445
1648530 445
1648540 445
1648550 445
1648560 445
1648570 446
1648580 446
1648590 446
1648600 446
1648610 446
1648620 446
1648630 446
1648640 446
1648650 446
1648660 446
1648670 445
1648680 445
1648690 445
1648700 444
1648710 444
1648720 444
1648730 445
1648740 445
1648750 446
1648760 446
1648770 446
1648780 446
1648790 446
1648800 446
1648810 446
1648820 446
1648830 446
1648840 447
1648850 447
1648860 447
1648870 448
1648880 448
1648890 448
1648900 449
1648910 449
1648920 449
1648930 449
1648940 450
1648950 450
1648960 451
1648970 451
1648980 451
1648990 452
1649000 452
1649010 452
1649020 453
1649030 453
1649040 453
1649050 453
1649060 454
1649070 454
1649080 454
1649090 454
1649100 454
1649110 454
1649120 453
1649130 452
1649140 452
1649150 451
1649160 451
1649170 451
1649180 450
1649190 450
1649200 449
1649210 448
1649220 448
1649230 446
1649240 445
1649250 445
1649260 443
1649270 442
1649280 442
1649290 441
1649300 439
1649310 439
1649320 437
1649330 435
1649340 435
1649350 434
1649360 432
1649370 432
1649380 430
1649390 428
1649400 428
1649410 427
1649420 425
1649430 425
1649440 423
1649450 422
1649460 422
1649470 420
1649480 419
1649490 419
1649500 418
1649510 417
1649520 416
1649530 416
1649540 415
1649550 414
1649560 414
1649570 414
1649580 413
1649590 413
1649600 413
1649610 412
1649620 412
1649630 411
1649640 411
1649650 411
1649660 410
1649670 409
1649680 409
1649690 408
1649700 408
1649710 408
1649720 407
1649730 406
1649740 406
1649750 405
1649760 404
1649770 404
1649780 403
1649790 402
1649800 402
1649810 401
1649820 400
1649830 400
1649840 399
1649850 398
1649860 398
1649870 397
1649880 396
1649890 396
1649900 394
1649910 392
1649920 392
1649930 389
1649940 387
1649950 387
1649960 382
1649970 380
1649980 380
1649990 379
1650000 378
1650010 378
1650020 376
1650030 378
1650040 378
1650050 379
1650060 381
1650070 381
1650080 383
1650090 386
1650100 386
1650110 390
1650120 393
1650130 393
1650140 396
1650150 399
1650160 399
1650170 402
1650180 404
1650190 404
1650200 407
1650210 411
1650220 411
1650230 412
1650240 413
1650250 413
1650260 414
1650270 416
1650280 416
1650290 418
1650300 422
1650310 422
1650320 424
1650330 425
1650340 425
1650350 427
1650360 428
1650370 428
1650380 430
1650390 432
1650400 432
1650410 434
1650420 436
1650430 436
1650440 437
1650450 439
1650460 439
1650470 441
1650480 442
1650490 442
1650500 444
1650510 445
1650520 445
1650530 447
1650540 448
1650550 448
1650560 449
1650570 451
1650580 451
1650590 452
1650600 453
1650610 454
1650620 454
1650630 455
1650640 456
1650650 456
1650660 456
1650670 457
1650680 457
1650690 457
1650700 457
1650710 457
1650720 458
1650730 459
1650740 459
1650750 459
1650760 459
1650770 459
1650780 459
1650790 459
1650800 459
1650810 459
1650820 459
1650830 459
1650840 458
1650850 458
1650860 458
1650870 457
1650880 456
1650890 456
1650900 456
1650910 455
1650920 455
1650930 454
1650940 453
1650950 453
1650960 452
1650970 450
1650980 450
1650990 448
1651000 446
1651010 446
1651020 444
1651030 441
1651040 441
1651050 437
1651060 435
1651070 435
1651080 433
1651090 431
1651100 431
1651110 430
1651120 429
1651130 429
1651140 431
1651150 431
1651160 431
1651170 431
1651180 431
1651190 431
1651200 432
1651210 432
1651220 432
1651230 432
1651240 433
1651250 433
1651260 432
1651270 432
1651280 432
1651290 432
1651300 432
1651310 432
1651320 432
1651330 431
1651340 431
1651350 431
1651360 430
1651370 430
1651380 429
1651390 429
1651400 429
1651410 428
1651420 427
1651430 427
1651440 425
1651450 424
1651460 424
1651470 422
1651480 421
1651490 421
1651500 419
1651510 418
1651520 418
1651530 417
1651540 415
1651550 415
1651560 413
1651570 411
1651580 411
1651590 408
1651600 406
1651610 406
1651620 404
1651630 402
1651640 402
1651650 399
1651660 397
1651670 397
1651680 394
1651690 392
1651700 390
1651710 390
1651720 388
1651730 388
1651740 388
1651750 387
1651760 388
1651770 388
1651780 388
1651790 388
1651800 388
1651810 389
1651820 389
1651830 389
1651840 390
1651850 390
1651860 390
1651870 389
1651880 388
1651890 388
1651900 387
1651910 386
1651920 386
1651930 385
1651940 383
1651950 383
1651960 384
1651970 384
1651980 384
1651990 384
1652000 384
1652010 384
1652020 384
1652030 384
1652040 384
1652050 384
1652060 384
1652070 384
1652080 385
1652090 385
1652100 385
1652110 386
1652120 386
1652130 386
1652140 387
1652150 387
1652160 387
1652170 386
1652180 386
1652190 386
1652200 386
1652210 386
1652220 386
1652230 385
1652240 384
1652250 384
1652260 385
1652270 384
1652280 384
1652290 384
1652300 384
1652310 384
1652320 384
1652330 384
1652340 384
1652350 384
1652360 384
1652370 384
1652380 384
1652390 383
1652400 383
1652410 383
1652420 383
1652430 383
1652440 382
1652450 382
1652460 382
1652470 382
1652480 382
1652490 382
1652500 382
1652510 381
1652520 381
1652530 380
1652540 379
1652550 379
1652560 379
1652570 379
1652580 379
1652590 379
1652600 379
1652610 379
1652620 379
1652630 379
1652640 379
1652650 379
1652660 379
1652670 379
1652680 379
1652690 379
1652700 379
1652710 380
1652720 380
1652730 380
1652740 379
1652750 379
1652760 379
1652770 379
1652780 379
1652790 379
1652800 379
1652810 379
1652820 379
1652830 379
1652840 379
1652850 379
1652860 379
1652870 379
1652880 379
1652890 379
1652900 379
1652910 379
1652920 379
1652930 378
1652940 377
1652950 377
1652960 379
1652970 380
1652980 380
1652990 380
1653000 380
1653010 381
1653020 381
1653030 382
1653040 382
1653050 382
1653060 382
1653070 382
1653080 383
1653090 383
1653100 383
1653110 384
1653120 385
1653130 385
1653140 386
1653150 387
1653160 387
1653170 387
1653180 388
1653190 388
1653200 389
1653210 390
1653220 390
1653230 390
1653240 391
1653250 391
1653260 392
1653270 393
1653280 393
1653290 394
1653300 395
1653310 395
1653320 396
1653330 397
1653340 397
1653350 398
1653360 399
1653370 399
1653380 400
1653390 402
1653400 402
1653410 403
1653420 404
1653430 404
1653440 404
1653450 405
1653460 405
1653470 407
1653480 408
1653490 408
1653500 409
1653510 410
1653520 410
1653530 413
1653540 414
1653550 414
1653560 416
1653570 417
1653580 417
1653590 419
1653600 421
1653610 421
1653620 423
1653630 424
1653640 424
1653650 426
1653660 428
1653670 428
1653680 429
1653690 431
1653700 431
1653710 433
1653720 434
1653730 434
1653740 435
1653750 437
1653760 437
1653770 440
1653780 441
1653790 441
1653800 443
1653810 444
1653820 444
1653830 446
1653840 447
1653850 447
1653860 448
1653870 449
1653880 450
1653890 450
1653900 451
1653910 452
1653920 452
1653930 453
1653940 454
1653950 454
1653960 455
1653970 457
1653980 457
1653990 457
1654000 458
1654010 458
1654020 459
1654030 460
1654040 460
1654050 461
1654060 462
1654070 462
1654080 464
1654090 465
1654100 465
1654110 465
1654120 466
1654130 466
1654140 467
1654150 469
1654160 469
1654170 470
1654180 471
1654190 471
1654200 471
1654210 472
1654220 472
1654230 473
1654240 474
1654250 474
1654260 474
1654270 475
1654280 475
1654290 476
1654300 477
1654310 477
1654320 478
1654330 478
1654340 478
1654350 479
1654360 479
1654370 479
1654380 480
1654390 481
1654400 481
1654410 482
1654420 483
1654430 483
1654440 483
1654450 484
1654460 484
1654470 485
1654480 486
1654490 486
1654500 487
1654510 488
1654520 488
1654530 490
1654540 493
1654550 493
1654560 494
1654570 495
1654580 495
1654590 497
1654600 498
1654610 498
1654620 500
1654630 501
1654640 501
1654650 503
1654660 503
1654670 503
1654680 503
1654690 503
1654700 503
1654710 503
1654720 504
1654730 504
1654740 504
1654750 503
1654760 503
1654770 501
1654780 498
1654790 498
1654800 499
1654810 498
1654820 498
1654830 496
1654840 496
1654850 496
1654860 496
1654870 496
1654880 496
1654890 497
1654900 497
1654910 497
1654920 497
1654930 497
1654940 497
1654950 497
1654960 497
1654970 497
1654980 497
1654990 498
1655000 499
1655010 499
1655020 500
1655030 500
1655040 500
1655050 500
1655060 504
1655070 504
1655080 505
1655090 505
1655100 505
1655110 505
1655120 505
1655130 505
1655140 506
1655150 507
1655160 507
1655170 508
1655180 509
1655190 509
1655200 509
1655210 510
1655220 510
1655230 510
1655240 510
1655250 510
1655260 511
1655270 511
1655280 511
1655290 508
1655300 508
1655310 508
1655320 508
1655330 508
1655340 508
1655350 508
1655360 508
1655370 508
1655380 508
1655390 507
1655400 507
1655410 507
1655420 506
1655430 506
1655440 507
1655450 507
1655460 507
1655470 507
1655480 506
1655490 506
1655500 505
1655510 504
1655520 504
1655530 504
1655540 503
1655550 503
1655560 503
1655570 502
1655580 502
1655590 502
1655600 501
1655610 501
1655620 499
1655630 499
1655640 499
1655650 498
1655660 498
1655670 498
1655680 498
1655690 499
1655700 499
1655710 499
1655720 499
1655730 499
1655740 498
1655750 497
1655760 497
1655770 498
1655780 498
1655790 498
1655800 498
1655810 498
1655820 498
1655830 499
1655840 500
1655850 500
1655860 502
1655870 504
1655880 504
1655890 506
1655900 506
1655910 506
1655920 505
1655930 506
1655940 506
1655950 506
1655960 504
1655970 504
1655980 501
1655990 501
1656000 501
1656010 500
1656020 497
1656030 497
1656040 499
1656050 499
1656060 499
1656070 499
1656080 499
1656090 498
1656100 498
1656110 498
1656120 499
1656130 499
1656140 500
1656150 501
1656160 501
1656170 504
1656180 506
1656190 506
1656200 509
1656210 510
1656220 510
1656230 512
1656240 515
1656250 515
1656260 518
1656270 520
1656280 520
1656290 523
1656300 524
1656310 524
1656320 525
1656330 525
1656340 525
1656350 524
1656360 521
1656370 521
1656380 518
1656390 516
1656400 516
1656410 512
1656420 509
1656430 509
1656440 506
1656450 503
1656460 503
1656470 499
1656480 497
1656490 497
1656500 503
1656510 510
1656520 510
1656530 515
1656540 521
1656550 521
1656560 527
1656570 533
1656580 533
1656590 540
1656600 544
1656610 544
1656620 550
1656630 556
1656640 556
1656650 561
1656660 566
1656670 566
1656680 570
1656690 573
1656700 573
1656710 574
1656720 575
1656730 575
1656740 578
1656750 581
1656760 581
1656770 586
1656780 592
1656790 592
1656800 598
1656810 602
1656820 602
1656830 605
1656840 607
1656850 607
1656860 609
1656870 612
1656880 612
1656890 615
1656900 617
1656910 617
1656920 621
1656930 624
1656940 624
1656950 627
1656960 629
1656970 629
1656980 631
1656990 633
1657000 633
1657010 635
1657020 637
1657030 637
1657040 640
1657050 642
1657060 642
1657070 645
1657080 647
1657090 647
1657100 650
1657110 654
1657120 654
1657130 658
1657140 662
1657150 665
1657160 665
1657170 668
1657180 669
1657190 669
1657200 670
1657210 670
1657220 670
1657230 669
1657240 668
1657250 668
1657260 667
1657270 665
1657280 665
1657290 663
1657300 661
1657310 661
1657320 659
1657330 657
1657340 657
1657350 654
1657360 652
1657370 652
1657380 649
1657390 646
1657400 646
1657410 643
1657420 639
1657430 639
1657440 635
1657450 631
1657460 631
1657470 626
1657480 621
1657490 621
1657500 615
1657510 611
1657520 611
1657530 606
1657540 602
1657550 603
1657560 598
1657570 593
1657580 593
1657590 587
1657600 580
1657610 580
1657620 574
1657630 568
1657640 568
1657650 561
1657660 554
1657670 554
1657680 547
1657690 540
1657700 540
1657710 535
1657720 531
1657730 531
1657740 527
1657750 523
1657760 523
1657770 518
1657780 512
1657790 512
1657800 507
1657810 505
1657820 505
1657830 507
1657840 510
1657850 510
1657860 513
1657870 515
1657880 515
1657890 518
1657900 522
1657910 522
1657920 525
1657930 529
1657940 529
1657950 532
1657960 534
1657970 534
1657980 535
1657990 536
1658000 536
1658010 537
1658020 537
1658030 537
1658040 538
1658050 539
1658060 539
1658070 540
1658080 541
1658090 541
1658100 542
1658110 543
1658120 543
1658130 544
1658140 545
1658150 545
1658160 547
1658170 549
1658180 549
1658190 550
1658200 552
1658210 552
1658220 553
1658230 554
1658240 556
1658250 556
1658260 558
1658270 559
1658280 559
1658290 558
1658300 561
1658310 561
1658320 562
1658330 565
1658340 565
1658350 566
1658360 568
1658370 568
1658380 569
1658390 570
1658400 570
1658410 572
1658420 573
1658430 573
1658440 574
1658450 575
1658460 575
1658470 575
1658480 576
1658490 576
1658500 576
1658510 575
1658520 575
1658530 575
1658540 574
1658550 574
1658560 573
1658570 571
1658580 571
1658590 570
1658600 568
1658610 568
1658620 566
1658630 564
1658640 564
1658650 562
1658660 560
1658670 560
1658680 557
1658690 555
1658700 555
1658710 551
1658720 548
1658730 548
1658740 551
1658750 550
1658760 550
1658770 547
1658780 550
1658790 550
1658800 550
1658810 550
1658820 550
1658830 550
1658840 550
1658850 550
1658860 551
1658870 551
1658880 551
1658890 551
1658900 550
1658910 550
1658920 547
1658930 543
1658940 543
1658950 539
1658960 534
1658970 534
1658980 532
1658990 536
1659000 536
1659010 541
1659020 546
1659030 545
1659040 549
1659050 552
1659060 552
1659070 554
1659080 557
1659090 557
1659100 559
1659110 561
1659120 561
1659130 564
1659140 567
1659150 567
1659160 568
1659170 571
1659180 571
1659190 574
1659200 577
1659210 577
1659220 578
1659230 581
1659240 581
1659250 584
1659260 588
1659270 588
1659280 591
1659290 594
1659300 594
1659310 597
1659320 601
1659330 604
1659340 604
1659350 606
1659360 609
1659370 609
1659380 612
1659390 614
1659400 614
1659410 617
1659420 620
1659430 620
1659440 622
1659450 625
1659460 625
1659470 627
1659480 630
1659490 630
1659500 633
1659510 636
1659520 636
1659530 639
1659540 642
1659550 642
1659560 644
1659570 647
1659580 647
1659590 650
1659600 653
1659610 653
1659620 656
1659630 659
1659640 659
1659650 661
1659660 664
1659670 664
1659680 668
1659690 671
1659700 671
1659710 675
1659720 678
1659730 678
1659740 680
1659750 683
1659760 683
1659770 683
1659780 685
1659790 685
1659800 687
1659810 689
1659820 689
1659830 691
1659840 693
1659850 693
1659860 695
1659870 697
1659880 697
1659890 698
1659900 699
1659910 699
1659920 700
1659930 701
1659940 701
1659950 702
1659960 703
1659970 703
1659980 704
1659990 704
