1640000 398
1640010 399
1640020 399
1640030 400
1640040 400
1640050 400
1640060 401
1640070 401
1640080 401
1640090 402
1640100 402
1640110 402
1640120 402
1640130 403
1640140 403
1640150 403
1640160 403
1640170 403
1640180 403
1640190 402
1640200 402
1640210 402
1640220 401
1640230 401
1640240 401
1640250 400
1640260 400
1640270 399
1640280 398
1640290 398
1640300 397
1640310 396
1640320 396
1640330 395
1640340 393
1640350 393
1640360 391
1640370 390
1640380 390
1640390 388
1640400 387
1640410 387
1640420 385
1640430 384
1640440 384
1640450 382
1640460 382
1640470 382
1640480 381
1640490 379
1640500 379
1640510 375
1640520 373
1640530 373
1640540 375
1640550 376
1640560 376
1640570 376
1640580 375
1640590 375
1640600 378
1640610 378
1640620 378
1640630 378
1640640 379
1640650 379
1640660 380
1640670 381
1640680 381
1640690 381
1640700 382
1640710 382
1640720 380
1640730 381
1640740 386
1640750 386
1640760 389
1640770 391
1640780 391
1640790 392
1640800 393
1640810 393
1640820 395
1640830 396
1640840 396
1640850 398
1640860 399
1640870 399
1640880 400
1640890 401
1640900 401
1640910 401
1640920 402
1640930 402
1640940 403
1640950 404
1640960 404
1640970 404
1640980 404
1640990 404
1641000 405
1641010 406
1641020 404
1641030 404
1641040 405
1641050 405
1641060 405
1641070 405
1641080 405
1641090 406
1641100 406
1641110 406
1641120 407
1641130 407
1641140 407
1641150 408
1641160 408
1641170 408
1641180 408
1641190 409
1641200 409
1641210 409
1641220 409
1641230 409
1641240 409
1641250 409
1641260 409
1641270 409
1641280 409
1641290 409
1641300 408
1641310 408
1641320 408
1641330 407
1641340 407
1641350 407
1641360 406
1641370 405
1641380 405
1641390 404
1641400 403
1641410 403
1641420 402
1641430 400
1641440 400
1641450 399
1641460 398
1641470 398
1641480 397
1641490 396
1641500 396
1641510 397
1641520 398
1641530 398
1641540 398
1641550 398
1641560 398
1641570 398
1641580 398
1641590 398
1641600 398
1641610 398
1641620 398
1641630 399
1641640 399
1641650 399
1641660 399
1641670 399
1641680 399
1641690 400
1641700 400
1641710 400
1641720 400
1641730 400
1641740 400
1641750 401
1641760 401
1641770 401
1641780 402
1641790 403
1641800 403
1641810 403
1641820 404
1641830 404
1641840 402
1641850 405
1641860 407
1641870 407
1641880 408
1641890 409
1641900 409
1641910 410
1641920 410
1641930 410
1641940 411
1641950 411
1641960 411
1641970 412
1641980 412
1641990 412
1642000 413
1642010 413
1642020 413
1642030 413
1642040 411
1642050 411
1642060 410
1642070 408
1642080 408
1642090 407
1642100 406
1642110 406
1642120 405
1642130 404
1642140 404
1642150 404
1642160 406
1642170 406
1642180 409
1642190 409
1642200 409
1642210 410
1642220 410
1642230 410
1642240 411
1642250 412
1642260 412
1642270 412
1642280 413
1642290 413
1642300 414
1642310 414
1642320 414
1642330 414
1642340 414
1642350 414
1642360 414
1642370 414
1642380 414
1642390 414
1642400 414
1642410 414
1642420 414
1642430 414
1642440 414
1642450 414
1642460 413
1642470 413
1642480 413
1642490 413
1642500 413
1642510 413
1642520 412
1642530 412
1642540 412
1642550 411
1642560 411
1642570 411
1642580 411
1642590 411
1642600 410
1642610 410
1642620 410
1642630 409
1642640 407
1642650 407
1642660 405
1642670 404
1642680 404
1642690 402
1642700 401
1642710 401
1642720 400
1642730 399
1642740 399
1642750 399
1642760 398
1642770 398
1642780 398
1642790 396
1642800 396
1642810 395
1642820 394
1642830 394
1642840 393
1642850 392
1642860 392
1642870 390
1642880 388
1642890 388
1642900 386
1642910 384
1642920 384
1642930 382
1642940 382
1642950 381
1642960 381
1642970 380
1642980 377
1642990 377
1643000 375
1643010 374
1643020 374
1643030 374
1643040 373
1643050 373
1643060 372
1643070 371
1643080 371
1643090 370
1643100 370
1643110 370
1643120 371
1643130 371
1643140 371
1643150 372
1643160 372
1643170 372
1643180 370
1643190 367
1643200 367
1643210 365
1643220 365
1643230 365
1643240 364
1643250 365
1643260 365
1643270 365
1643280 365
1643290 365
1643300 364
1643310 363
1643320 363
1643330 361
1643340 359
1643350 359
1643360 358
1643370 356
1643380 356
1643390 354
1643400 352
1643410 352
1643420 350
1643430 349
1643440 349
1643450 347
1643460 345
1643470 345
1643480 343
1643490 341
1643500 341
1643510 339
1643520 338
1643530 338
1643540 337
1643550 336
1643560 336
1643570 334
1643580 332
1643590 332
1643600 331
1643610 331
1643620 331
1643630 331
1643640 331
1643650 331
1643660 331
1643670 331
1643680 331
1643690 330
1643700 329
1643710 329
1643720 329
1643730 329
1643740 329
1643750 329
1643760 328
1643770 328
1643780 328
1643790 328
1643800 328
1643810 328
1643820 328
1643830 328
1643840 328
1643850 328
1643860 328
1643870 328
1643880 328
1643890 328
1643900 328
1643910 327
1643920 327
1643930 327
1643940 327
1643950 327
1643960 328
1643970 328
1643980 328
1643990 327
1644000 327
1644010 327
1644020 327
1644030 327
1644040 327
1644050 327
1644060 327
1644070 327
1644080 327
1644090 327
1644100 327
1644110 327
1644120 327
1644130 327
1644140 327
1644150 327
1644160 327
1644170 327
1644180 327
1644190 327
1644200 327
1644210 327
1644220 327
1644230 327
1644240 327
1644250 327
1644260 327
1644270 327
1644280 327
1644290 327
1644300 327
1644310 327
1644320 327
1644330 327
1644340 327
1644350 327
1644360 327
1644370 327
1644380 327
1644390 327
1644400 328
1644410 328
1644420 328
1644430 327
1644440 327
1644450 327
1644460 327
1644470 327
1644480 326
1644490 326
1644500 326
1644510 326
1644520 326
1644530 326
1644540 326
1644550 326
1644560 326
1644570 326
1644580 326
1644590 326
1644600 326
1644610 326
1644620 326
1644630 326
1644640 326
1644650 326
1644660 326
1644670 326
1644680 326
1644690 326
1644700 326
1644710 326
1644720 326
1644730 326
1644740 326
1644750 326
1644760 326
1644770 326
1644780 326
1644790 326
1644800 326
1644810 326
1644820 325
1644830 325
1644840 325
1644850 324
1644860 324
1644870 325
1644880 324
1644890 324
1644900 324
1644910 324
1644920 324
1644930 325
1644940 325
1644950 325
1644960 325
1644970 325
1644980 325
1644990 325
1645000 324
1645010 324
1645020 324
1645030 323
1645040 323
1645050 323
1645060 323
1645070 323
1645080 323
1645090 321
1645100 321
1645110 315
1645120 313
1645130 313
1645140 311
1645150 308
1645160 308
1645170 307
1645180 306
1645190 304
1645200 304
1645210 303
1645220 302
1645230 302
1645240 301
1645250 301
1645260 301
1645270 301
1645280 302
1645290 302
1645300 302
1645310 303
1645320 303
1645330 303
1645340 305
1645350 305
1645360 308
1645370 312
1645380 312
1645390 314
1645400 317
1645410 317
1645420 321
1645430 325
1645440 325
1645450 326
1645460 327
1645470 327
1645480 327
1645490 327
1645500 327
1645510 327
1645520 327
1645530 327
1645540 326
1645550 325
1645560 325
1645570 326
1645580 322
1645590 322
1645600 313
1645610 308
1645620 308
1645630 312
1645640 323
1645650 323
1645660 329
1645670 331
1645680 331
1645690 334
1645700 336
1645710 336
1645720 338
1645730 339
1645740 339
1645750 341
1645760 343
1645770 343
1645780 344
1645790 347
1645800 347
1645810 348
1645820 348
1645830 348
1645840 349
1645850 350
1645860 350
1645870 350
1645880 351
1645890 351
1645900 352
1645910 352
1645920 352
1645930 352
1645940 353
1645950 353
1645960 353
1645970 354
1645980 354
1645990 355
1646000 355
1646010 355
1646020 356
1646030 356
1646040 356
1646050 356
1646060 356
1646070 356
1646080 355
1646090 355
1646100 355
1646110 355
1646120 354
1646130 354
1646140 354
1646150 351
1646160 351
1646170 348
1646180 346
1646190 346
1646200 346
1646210 347
1646220 347
1646230 348
1646240 349
1646250 349
1646260 350
1646270 351
1646280 352
1646290 352
1646300 353
1646310 355
1646320 355
1646330 356
1646340 358
1646350 358
1646360 359
1646370 360
1646380 360
1646390 362
1646400 363
1646410 363
1646420 364
1646430 366
1646440 366
1646450 367
1646460 368
1646470 368
1646480 369
1646490 370
1646500 370
1646510 371
1646520 372
1646530 372
1646540 373
1646550 374
1646560 374
1646570 375
1646580 376
1646590 376
1646600 377
1646610 378
1646620 378
1646630 379
1646640 380
1646650 380
1646660 381
1646670 382
1646680 382
1646690 382
1646700 383
1646710 383
1646720 384
1646730 385
1646740 385
1646750 386
1646760 387
1646770 387
1646780 388
1646790 389
1646800 389
1646810 390
1646820 391
1646830 391
1646840 393
1646850 394
1646860 394
1646870 395
1646880 396
1646890 396
1646900 398
1646910 398
1646920 398
1646930 397
1646940 397
1646950 397
1646960 398
1646970 398
1646980 398
1646990 398
1647000 398
1647010 398
1647020 398
1647030 398
1647040 398
1647050 398
1647060 397
1647070 397
1647080 396
1647090 396
1647100 396
1647110 395
1647120 394
1647130 394
1647140 394
1647150 394
1647160 394
1647170 393
1647180 393
1647190 393
1647200 393
1647210 393
1647220 393
1647230 394
1647240 394
1647250 394
1647260 395
1647270 395
1647280 395
1647290 396
1647300 397
1647310 397
1647320 398
1647330 399
1647340 399
1647350 401
1647360 402
1647370 402
1647380 403
1647390 403
1647400 404
1647410 404
1647420 404
1647430 404
1647440 404
1647450 404
1647460 404
1647470 404
1647480 403
1647490 400
1647500 400
1647510 400
1647520 399
1647530 399
1647540 399
1647550 397
1647560 397
1647570 398
1647580 399
1647590 399
1647600 399
1647610 401
1647620 401
1647630 402
1647640 403
1647650 403
1647660 403
1647670 404
1647680 404
1647690 405
1647700 405
1647710 405
1647720 406
1647730 406
1647740 406
1647750 406
1647760 407
1647770 407
1647780 407
1647790 407
1647800 407
1647810 408
1647820 408
1647830 408
1647840 408
1647850 408
1647860 408
1647870 408
1647880 408
1647890 408
1647900 407
1647910 407
1647920 407
1647930 407
1647940 406
1647950 406
1647960 406
1647970 405
1647980 405
1647990 404
1648000 403
1648010 403
1648020 402
1648030 401
1648040 401
1648050 400
1648060 398
1648070 398
1648080 395
1648090 393
1648100 393
1648110 391
1648120 389
1648130 389
1648140 386
1648150 385
1648160 385
1648170 383
1648180 381
1648190 381
1648200 380
1648210 379
1648220 379
1648230 378
1648240 377
1648250 377
1648260 377
1648270 376
1648280 375
1648290 374
1648300 374
1648310 374
1648320 373
1648330 373
1648340 373
1648350 372
1648360 371
1648370 371
1648380 371
1648390 370
1648400 370
1648410 369
1648420 368
1648430 368
1648440 367
1648450 365
1648460 365
1648470 364
1648480 361
1648490 361
1648500 360
1648510 361
1648520 361
1648530 361
1648540 365
1648550 368
1648560 368
1648570 372
1648580 375
1648590 375
1648600 378
1648610 379
1648620 379
1648630 380
1648640 381
1648650 381
1648660 382
1648670 382
1648680 382
1648690 383
1648700 383
1648710 383
1648720 384
1648730 385
1648740 385
1648750 386
1648760 386
1648770 386
1648780 386
1648790 386
1648800 386
1648810 386
1648820 387
1648830 387
1648840 387
1648850 388
1648860 388
1648870 388
1648880 387
1648890 387
1648900 386
1648910 387
1648920 387
1648930 389
1648940 391
1648950 391
1648960 392
1648970 393
1648980 393
1648990 394
1649000 394
1649010 394
1649020 395
1649030 396
1649040 396
1649050 396
1649060 396
1649070 396
1649080 397
1649090 397
1649100 397
1649110 396
1649120 396
1649130 396
1649140 396
1649150 395
1649160 395
1649170 394
1649180 394
1649190 394
1649200 393
1649210 392
1649220 392
1649230 391
1649240 389
1649250 389
1649260 388
1649270 386
1649280 386
1649290 384
1649300 383
1649310 383
1649320 381
1649330 379
1649340 379
1649350 377
1649360 376
1649370 376
1649380 374
1649390 374
1649400 374
1649410 374
1649420 374
1649430 374
1649440 373
1649450 373
1649460 373
1649470 373
1649480 372
1649490 372
1649500 372
1649510 372
1649520 372
1649530 372
1649540 372
1649550 372
1649560 371
1649570 371
1649580 371
1649590 371
1649600 371
1649610 371
1649620 370
1649630 370
1649640 370
1649650 370
1649660 370
1649670 370
1649680 370
1649690 370
1649700 369
1649710 369
1649720 369
1649730 369
1649740 369
1649750 369
1649760 368
1649770 368
1649780 368
1649790 368
1649800 368
1649810 367
1649820 367
1649830 367
1649840 367
1649850 365
1649860 365
1649870 365
1649880 364
1649890 364
1649900 363
1649910 362
1649920 362
1649930 361
1649940 360
1649950 360
1649960 360
1649970 360
1649980 360
1649990 360
1650000 360
1650010 360
1650020 360
1650030 359
1650040 359
1650050 361
1650060 362
1650070 362
1650080 362
1650090 362
1650100 362
1650110 362
1650120 363
1650130 363
1650140 363
1650150 364
1650160 364
1650170 365
1650180 365
1650190 365
1650200 366
1650210 367
1650220 367
1650230 368
1650240 368
1650250 368
1650260 369
1650270 370
1650280 370
1650290 370
1650300 371
1650310 371
1650320 371
1650330 371
1650340 371
1650350 372
1650360 372
1650370 372
1650380 372
1650390 372
1650400 372
1650410 372
1650420 371
1650430 371
1650440 371
1650450 370
1650460 370
1650470 369
1650480 368
1650490 368
1650500 367
1650510 368
1650520 368
1650530 368
1650540 368
1650550 368
1650560 368
1650570 368
1650580 368
1650590 367
1650600 367
1650610 367
1650620 368
1650630 366
1650640 366
1650650 366
1650660 367
1650670 367
1650680 367
1650690 368
1650700 368
1650710 368
1650720 368
1650730 369
1650740 369
1650750 370
1650760 370
1650770 370
1650780 370
1650790 371
1650800 371
1650810 372
1650820 372
1650830 372
1650840 373
1650850 373
1650860 373
1650870 373
1650880 373
1650890 373
1650900 373
1650910 374
1650920 374
1650930 374
1650940 373
1650950 373
1650960 373
1650970 373
1650980 373
1650990 373
1651000 373
1651010 373
1651020 373
1651030 373
1651040 373
1651050 372
1651060 372
1651070 372
1651080 372
1651090 371
1651100 371
1651110 371
1651120 370
1651130 370
1651140 370
1651150 370
1651160 370
1651170 370
1651180 370
1651190 370
1651200 369
1651210 369
1651220 369
1651230 368
1651240 367
1651250 367
1651260 367
1651270 366
1651280 366
1651290 365
1651300 364
1651310 364
1651320 363
1651330 362
1651340 362
1651350 361
1651360 361
1651370 361
1651380 361
1651390 361
1651400 361
1651410 361
1651420 361
1651430 361
1651440 360
1651450 360
1651460 360
1651470 360
1651480 360
1651490 360
1651500 361
1651510 361
1651520 361
1651530 361
1651540 361
1651550 361
1651560 361
1651570 361
1651580 361
1651590 361
1651600 362
1651610 362
1651620 362
1651630 362
1651640 362
1651650 362
1651660 362
1651670 362
1651680 362
1651690 362
1651700 362
1651710 362
1651720 362
1651730 362
1651740 362
1651750 361
1651760 361
1651770 359
1651780 360
1651790 360
1651800 360
1651810 360
1651820 360
1651830 361
1651840 361
1651850 362
1651860 362
1651870 362
1651880 362
1651890 362
1651900 362
1651910 362
1651920 362
1651930 362
1651940 363
1651950 363
1651960 364
1651970 366
1651980 366
1651990 367
1652000 368
1652010 368
1652020 369
1652030 371
1652040 371
1652050 372
1652060 372
1652070 372
1652080 373
1652090 374
1652100 374
1652110 375
1652120 376
1652130 376
1652140 377
1652150 378
1652160 378
1652170 380
1652180 379
1652190 379
1652200 380
1652210 381
1652220 381
1652230 382
1652240 384
1652250 384
1652260 385
1652270 387
1652280 387
1652290 387
1652300 389
1652310 389
1652320 390
1652330 391
1652340 391
1652350 393
1652360 394
1652370 394
1652380 396
1652390 397
1652400 397
1652410 398
1652420 400
1652430 400
1652440 401
1652450 403
1652460 403
1652470 404
1652480 405
1652490 405
1652500 407
1652510 408
1652520 408
1652530 409
1652540 411
1652550 411
1652560 412
1652570 413
1652580 413
1652590 414
1652600 415
1652610 415
1652620 416
1652630 418
1652640 418
1652650 419
1652660 421
1652670 421
1652680 422
1652690 423
1652700 423
1652710 425
1652720 426
1652730 426
1652740 427
1652750 429
1652760 429
1652770 430
1652780 431
1652790 431
1652800 433
1652810 434
1652820 434
1652830 435
1652840 436
1652850 436
1652860 437
1652870 439
1652880 439
1652890 440
1652900 441
1652910 441
1652920 442
1652930 443
1652940 443
1652950 442
1652960 443
1652970 444
1652980 444
1652990 445
1653000 445
1653010 445
1653020 446
1653030 446
1653040 446
1653050 447
1653060 448
1653070 448
1653080 448
1653090 449
1653100 449
1653110 450
1653120 450
1653130 450
1653140 450
1653150 451
1653160 451
1653170 451
1653180 451
1653190 451
1653200 452
1653210 452
1653220 452
1653230 452
1653240 452
1653250 452
1653260 451
1653270 451
1653280 451
1653290 451
1653300 450
1653310 450
1653320 449
1653330 449
1653340 449
1653350 448
1653360 447
1653370 447
1653380 446
1653390 446
1653400 446
1653410 445
1653420 443
1653430 443
1653440 442
1653450 441
1653460 441
1653470 440
1653480 439
1653490 439
1653500 439
1653510 438
1653520 438
1653530 438
1653540 437
1653550 437
1653560 437
1653570 437
1653580 437
1653590 436
1653600 436
1653610 436
1653620 435
1653630 435
1653640 435
1653650 435
1653660 434
1653670 434
1653680 434
1653690 433
1653700 433
1653710 431
1653720 431
1653730 431
1653740 430
1653750 430
1653760 430
1653770 429
1653780 429
1653790 429
1653800 429
1653810 428
1653820 428
1653830 428
1653840 428
1653850 428
1653860 428
1653870 427
1653880 427
1653890 426
1653900 425
1653910 425
1653920 425
1653930 426
1653940 426
1653950 424
1653960 419
1653970 419
1653980 424
1653990 425
1654000 425
1654010 425
1654020 425
1654030 425
1654040 425
1654050 424
1654060 424
1654070 424
1654080 425
1654090 425
1654100 425
1654110 425
1654120 424
1654130 424
1654140 424
1654150 424
1654160 424
1654170 424
1654180 424
1654190 424
1654200 424
1654210 424
1654220 424
1654230 424
1654240 424
1654250 424
1654260 424
1654270 424
1654280 424
1654290 424
1654300 424
1654310 424
1654320 424
1654330 424
1654340 424
1654350 424
1654360 424
1654370 424
1654380 424
1654390 424
1654400 424
1654410 424
1654420 424
1654430 424
1654440 424
1654450 423
1654460 423
1654470 421
1654480 421
1654490 421
1654500 420
1654510 420
1654520 420
1654530 419
1654540 418
1654550 418
1654560 417
1654570 416
1654580 416
1654590 416
1654600 415
1654610 415
1654620 415
1654630 416
1654640 416
1654650 415
1654660 415
1654670 415
1654680 415
1654690 415
1654700 415
1654710 414
1654720 412
1654730 412
1654740 411
1654750 410
1654760 410
1654770 409
1654780 408
1654790 408
1654800 407
1654810 407
1654820 407
1654830 407
1654840 406
1654850 406
1654860 405
1654870 404
1654880 404
1654890 403
1654900 402
1654910 402
1654920 401
1654930 400
1654940 400
1654950 399
1654960 397
1654970 397
1654980 395
1654990 393
1655000 393
1655010 392
1655020 391
1655030 391
1655040 389
1655050 389
1655060 389
1655070 389
1655080 388
1655090 388
1655100 386
1655110 387
1655120 387
1655130 388
1655140 387
1655150 387
1655160 388
1655170 389
1655180 389
1655190 390
1655200 390
1655210 391
1655220 391
1655230 392
1655240 393
1655250 393
1655260 395
1655270 396
1655280 396
1655290 397
1655300 398
1655310 398
1655320 399
1655330 400
1655340 400
1655350 400
1655360 401
1655370 401
1655380 403
1655390 404
1655400 404
1655410 406
1655420 407
1655430 407
1655440 408
1655450 410
1655460 410
1655470 412
1655480 415
1655490 415
1655500 418
1655510 420
1655520 420
1655530 422
1655540 423
1655550 423
1655560 425
1655570 427
1655580 427
1655590 428
1655600 430
1655610 430
1655620 431
1655630 433
1655640 433
1655650 435
1655660 436
1655670 436
1655680 438
1655690 440
1655700 440
1655710 441
1655720 443
1655730 443
1655740 444
1655750 446
1655760 446
1655770 448
1655780 449
1655790 449
1655800 451
1655810 453
1655820 453
1655830 455
1655840 457
1655850 457
1655860 459
1655870 460
1655880 460
1655890 462
1655900 465
1655910 465
1655920 466
1655930 467
1655940 467
1655950 469
1655960 471
1655970 471
1655980 472
1655990 474
1656000 474
1656010 475
1656020 477
1656030 477
1656040 479
1656050 480
1656060 480
1656070 481
1656080 482
1656090 482
1656100 484
1656110 485
1656120 485
1656130 486
1656140 488
1656150 488
1656160 489
1656170 490
1656180 490
1656190 491
1656200 493
1656210 493
1656220 494
1656230 495
1656240 495
1656250 496
1656260 498
1656270 498
1656280 499
1656290 501
1656300 504
1656310 504
1656320 507
1656330 510
1656340 510
1656350 513
1656360 516
1656370 516
1656380 518
1656390 520
1656400 520
1656410 521
1656420 523
1656430 523
1656440 524
1656450 525
1656460 525
1656470 526
1656480 527
1656490 527
1656500 528
1656510 529
1656520 529
1656530 531
1656540 533
1656550 533
1656560 534
1656570 536
1656580 536
1656590 537
1656600 539
1656610 539
1656620 540
1656630 541
1656640 541
1656650 543
1656660 543
1656670 543
1656680 544
1656690 545
1656700 545
1656710 546
1656720 546
1656730 546
1656740 543
1656750 543
1656760 543
1656770 544
1656780 544
1656790 544
1656800 544
1656810 544
1656820 544
1656830 544
1656840 545
1656850 545
1656860 545
1656870 545
1656880 545
1656890 545
1656900 545
1656910 545
1656920 545
1656930 545
1656940 545
1656950 545
1656960 544
1656970 544
1656980 543
1656990 543
1657000 543
1657010 542
1657020 542
1657030 542
1657040 541
1657050 540
1657060 540
1657070 540
1657080 539
1657090 539
1657100 538
1657110 537
1657120 537
1657130 536
1657140 535
1657150 535
1657160 534
1657170 532
1657180 532
1657190 531
1657200 529
1657210 529
1657220 528
1657230 526
1657240 526
1657250 525
1657260 523
1657270 523
1657280 521
1657290 520
1657300 520
1657310 518
1657320 517
1657330 517
1657340 514
1657350 511
1657360 511
1657370 508
1657380 505
1657390 505
1657400 502
1657410 499
1657420 496
1657430 496
1657440 494
1657450 492
1657460 492
1657470 488
1657480 486
1657490 483
1657500 480
1657510 479
1657520 479
1657530 478
1657540 475
1657550 475
1657560 474
1657570 475
1657580 475
1657590 474
1657600 472
1657610 472
1657620 471
1657630 470
1657640 470
1657650 466
1657660 464
1657670 464
1657680 465
1657690 464
1657700 464
1657710 462
1657720 460
1657730 460
1657740 458
1657750 456
1657760 456
1657770 454
1657780 451
1657790 451
1657800 448
1657810 445
1657820 445
1657830 443
1657840 441
1657850 441
1657860 438
1657870 435
1657880 435
1657890 432
1657900 429
1657910 429
1657920 426
1657930 424
1657940 424
1657950 422
1657960 419
1657970 419
1657980 418
1657990 418
1658000 418
1658010 417
1658020 416
1658030 416
1658040 416
1658050 419
1658060 419
1658070 421
1658080 423
1658090 423
1658100 424
1658110 426
1658120 426
1658130 427
1658140 428
1658150 428
1658160 429
1658170 432
1658180 432
1658190 433
1658200 435
1658210 435
1658220 438
1658230 445
1658240 445
1658250 448
1658260 451
1658270 451
1658280 453
1658290 455
1658300 455
1658310 457
1658320 458
1658330 458
1658340 458
1658350 460
1658360 460
1658370 461
1658380 465
1658390 465
1658400 469
1658410 471
1658420 471
1658430 474
1658440 479
1658450 479
1658460 483
1658470 487
1658480 487
1658490 490
1658500 493
1658510 493
1658520 496
1658530 500
1658540 503
1658550 503
1658560 506
1658570 508
1658580 508
1658590 509
1658600 511
1658610 511
1658620 513
1658630 514
1658640 514
1658650 515
1658660 516
1658670 516
1658680 518
1658690 519
1658700 519
1658710 521
1658720 523
1658730 523
1658740 527
1658750 530
1658760 530
1658770 533
1658780 535
1658790 535
1658800 538
1658810 540
1658820 540
1658830 542
1658840 545
1658850 545
1658860 546
1658870 548
1658880 548
1658890 549
1658900 551
1658910 551
1658920 552
1658930 553
1658940 553
1658950 555
1658960 556
1658970 559
1658980 560
1658990 560
1659000 560
1659010 561
1659020 560
1659030 560
1659040 560
1659050 560
1659060 560
1659070 560
1659080 561
1659090 561
1659100 561
1659110 561
1659120 561
1659130 563
1659140 564
1659150 564
1659160 564
1659170 565
1659180 565
1659190 566
1659200 567
1659210 567
1659220 567
1659230 567
1659240 567
1659250 566
1659260 566
1659270 566
1659280 565
1659290 566
1659300 566
1659310 566
1659320 567
1659330 567
1659340 568
1659350 569
1659360 569
1659370 570
1659380 571
1659390 571
1659400 572
1659410 573
1659420 573
1659430 575
1659440 576
1659450 576
1659460 577
1659470 578
1659480 578
1659490 579
1659500 581
1659510 581
1659520 584
1659530 587
1659540 587
1659550 588
1659560 590
1659570 590
1659580 593
1659590 596
1659600 596
1659610 599
1659620 602
1659630 602
1659640 604
1659650 607
1659660 610
1659670 610
1659680 612
1659690 614
1659700 614
1659710 618
1659720 620
1659730 620
1659740 621
1659750 622
1659760 622
1659770 622
1659780 622
1659790 622
1659800 622
1659810 623
1659820 623
1659830 623
1659840 623
1659850 623
1659860 623
1659870 623
1659880 623
1659890 623
1659900 623
1659910 623
1659920 623
1659930 623
1659940 623
1659950 623
1659960 623
1659970 623
1659980 624
1659990 624
