1640000 344
1640010 344
1640020 345
1640030 345
1640040 345
1640050 346
1640060 346
1640070 346
1640080 346
1640090 346
1640100 346
1640110 346
1640120 348
1640130 348
1640140 347
1640150 346
1640160 346
1640170 346
1640180 346
1640190 346
1640200 346
1640210 347
1640220 347
1640230 347
1640240 347
1640250 347
1640260 347
1640270 347
1640280 347
1640290 347
1640300 347
1640310 347
1640320 347
1640330 347
1640340 347
1640350 347
1640360 347
1640370 347
1640380 347
1640390 347
1640400 347
1640410 347
1640420 347
1640430 347
1640440 347
1640450 347
1640460 347
1640470 347
1640480 347
1640490 347
1640500 347
1640510 347
1640520 347
1640530 347
1640540 347
1640550 347
1640560 347
1640570 347
1640580 347
1640590 347
1640600 347
1640610 347
1640620 347
1640630 347
1640640 347
1640650 347
1640660 347
1640670 347
1640680 347
1640690 347
1640700 347
1640710 347
1640720 347
1640730 346
1640740 346
1640750 347
1640760 346
1640770 346
1640780 346
1640790 345
1640800 345
1640810 345
1640820 345
1640830 345
1640840 344
1640850 344
1640860 344
1640870 343
1640880 343
1640890 343
1640900 342
1640910 342
1640920 342
1640930 341
1640940 340
1640950 340
1640960 340
1640970 339
1640980 339
1640990 339
1641000 338
1641010 338
1641020 338
1641030 338
1641040 338
1641050 338
1641060 338
1641070 338
1641080 338
1641090 338
1641100 338
1641110 338
1641120 338
1641130 338
1641140 338
1641150 338
1641160 338
1641170 338
1641180 338
1641190 338
1641200 338
1641210 337
1641220 337
1641230 337
1641240 336
1641250 336
1641260 336
1641270 335
1641280 335
1641290 334
1641300 334
1641310 334
1641320 333
1641330 331
1641340 331
1641350 330
1641360 328
1641370 328
1641380 327
1641390 325
1641400 325
1641410 324
1641420 324
1641430 324
1641440 323
1641450 323
1641460 323
1641470 323
1641480 323
1641490 323
1641500 322
1641510 322
1641520 322
1641530 322
1641540 322
1641550 322
1641560 323
1641570 323
1641580 322
1641590 322
1641600 322
1641610 321
1641620 321
1641630 322
1641640 322
1641650 322
1641660 322
1641670 322
1641680 322
1641690 322
1641700 323
1641710 323
1641720 323
1641730 323
1641740 323
1641750 324
1641760 325
1641770 325
1641780 325
1641790 326
1641800 326
1641810 327
1641820 327
1641830 327
1641840 328
1641850 328
1641860 328
1641870 328
1641880 329
1641890 329
1641900 329
1641910 330
1641920 330
1641930 331
1641940 332
1641950 332
1641960 333
1641970 334
1641980 334
1641990 335
1642000 335
1642010 335
1642020 336
1642030 337
1642040 337
1642050 337
1642060 338
1642070 338
1642080 338
1642090 338
1642100 338
1642110 339
1642120 339
1642130 339
1642140 339
1642150 340
1642160 340
1642170 340
1642180 341
1642190 341
1642200 341
1642210 341
1642220 341
1642230 342
1642240 342
1642250 342
1642260 343
1642270 343
1642280 343
1642290 344
1642300 344
1642310 344
1642320 344
1642330 344
1642340 344
1642350 345
1642360 345
1642370 345
1642380 345
1642390 346
1642400 346
1642410 346
1642420 346
1642430 346
1642440 346
1642450 346
1642460 346
1642470 347
1642480 347
1642490 347
1642500 347
1642510 346
1642520 346
1642530 346
1642540 345
1642550 345
1642560 345
1642570 345
1642580 345
1642590 344
1642600 344
1642610 344
1642620 343
1642630 343
1642640 343
1642650 342
1642660 342
1642670 342
1642680 341
1642690 341
1642700 341
1642710 341
1642720 341
1642730 341
1642740 341
1642750 341
1642760 342
1642770 342
1642780 342
1642790 342
1642800 342
1642810 343
1642820 343
1642830 343
1642840 343
1642850 343
1642860 343
1642870 343
1642880 343
1642890 343
1642900 343
1642910 343
1642920 343
1642930 343
1642940 343
1642950 343
1642960 342
1642970 342
1642980 342
1642990 341
1643000 341
1643010 341
1643020 341
1643030 341
1643040 341
1643050 341
1643060 340
1643070 340
1643080 340
1643090 339
1643100 339
1643110 339
1643120 338
1643130 338
1643140 338
1643150 338
1643160 338
1643170 338
1643180 339
1643190 339
1643200 340
1643210 340
1643220 340
1643230 341
1643240 343
1643250 343
1643260 344
1643270 344
1643280 344
1643290 344
1643300 344
1643310 344
1643320 345
1643330 345
1643340 345
1643350 347
1643360 347
1643370 347
1643380 348
1643390 349
1643400 349
1643410 349
1643420 350
1643430 350
1643440 350
1643450 351
1643460 351
1643470 351
1643480 351
1643490 351
1643500 352
1643510 352
1643520 352
1643530 352
1643540 353
1643550 353
1643560 353
1643570 353
1643580 353
1643590 353
1643600 353
1643610 353
1643620 353
1643630 353
1643640 353
1643650 353
1643660 353
1643670 353
1643680 353
1643690 352
1643700 352
1643710 352
1643720 352
1643730 352
1643740 351
1643750 350
1643760 350
1643770 350
1643780 349
1643790 349
1643800 349
1643810 348
1643820 348
1643830 346
1643840 345
1643850 345
1643860 344
1643870 344
1643880 344
1643890 345
1643900 345
1643910 346
1643920 346
1643930 348
1643940 349
1643950 349
1643960 349
1643970 350
1643980 350
1643990 350
1644000 351
1644010 351
1644020 351
1644030 351
1644040 351
1644050 351
1644060 351
1644070 351
1644080 351
1644090 351
1644100 351
1644110 351
1644120 351
1644130 351
1644140 350
1644150 350
1644160 350
1644170 350
1644180 350
1644190 350
1644200 350
1644210 350
1644220 350
1644230 350
1644240 350
1644250 350
1644260 350
1644270 351
1644280 351
1644290 351
1644300 351
1644310 351
1644320 351
1644330 352
1644340 352
1644350 352
1644360 352
1644370 352
1644380 352
1644390 352
1644400 352
1644410 353
1644420 353
1644430 353
1644440 353
1644450 353
1644460 353
1644470 353
1644480 352
1644490 352
1644500 352
1644510 352
1644520 352
1644530 353
1644540 353
1644550 353
1644560 354
1644570 354
1644580 354
1644590 354
1644600 354
1644610 354
1644620 354
1644630 354
1644640 354
1644650 353
1644660 353
1644670 353
1644680 353
1644690 353
1644700 353
1644710 352
1644720 352
1644730 352
1644740 352
1644750 351
1644760 351
1644770 351
1644780 350
1644790 350
1644800 349
1644810 349
1644820 349
1644830 348
1644840 347
1644850 347
1644860 347
1644870 346
1644880 346
1644890 345
1644900 344
1644910 344
1644920 343
1644930 342
1644940 342
1644950 340
1644960 339
1644970 339
1644980 338
1644990 337
1645000 337
1645010 336
1645020 336
1645030 336
1645040 335
1645050 334
1645060 334
1645070 333
1645080 332
1645090 331
1645100 331
1645110 330
1645120 328
1645130 328
1645140 326
1645150 325
1645160 325
1645170 325
1645180 325
1645190 325
1645200 324
1645210 324
1645220 324
1645230 324
1645240 324
1645250 324
1645260 324
1645270 324
1645280 324
1645290 324
1645300 324
1645310 324
1645320 324
1645330 324
1645340 324
1645350 324
1645360 324
1645370 324
1645380 324
1645390 324
1645400 324
1645410 324
1645420 324
1645430 324
1645440 324
1645450 324
1645460 324
1645470 323
1645480 323
1645490 323
1645500 323
1645510 323
1645520 323
1645530 323
1645540 321
1645550 321
1645560 318
1645570 318
1645580 318
1645590 318
1645600 318
1645610 318
1645620 317
1645630 317
1645640 317
1645650 316
1645660 316
1645670 316
1645680 316
1645690 316
1645700 316
1645710 316
1645720 316
1645730 316
1645740 316
1645750 315
1645760 310
1645770 308
1645780 306
1645790 306
1645800 304
1645810 302
1645820 302
1645830 300
1645840 299
1645850 299
1645860 299
1645870 298
1645880 298
1645890 297
1645900 295
1645910 295
1645920 295
1645930 295
1645940 295
1645950 295
1645960 298
1645970 298
1645980 300
1645990 305
1646000 305
1646010 315
1646020 319
1646030 319
1646040 318
1646050 319
1646060 319
1646070 318
1646080 318
1646090 318
1646100 319
1646110 319
1646120 319
1646130 319
1646140 319
1646150 319
1646160 319
1646170 318
1646180 318
1646190 318
1646200 318
1646210 318
1646220 318
1646230 318
1646240 319
1646250 319
1646260 319
1646270 319
1646280 319
1646290 320
1646300 320
1646310 320
1646320 319
1646330 320
1646340 320
1646350 319
1646360 319
1646370 319
1646380 319
1646390 319
1646400 319
1646410 319
1646420 319
1646430 319
1646440 319
1646450 319
1646460 319
1646470 319
1646480 319
1646490 319
1646500 319
1646510 319
1646520 319
1646530 319
1646540 319
1646550 319
1646560 319
1646570 319
1646580 319
1646590 319
1646600 320
1646610 320
1646620 322
1646630 325
1646640 325
1646650 329
1646660 334
1646670 334
1646680 338
1646690 341
1646700 341
1646710 345
1646720 348
1646730 348
1646740 349
1646750 351
1646760 351
1646770 353
1646780 354
1646790 354
1646800 356
1646810 358
1646820 358
1646830 360
1646840 362
1646850 362
1646860 364
1646870 366
1646880 366
1646890 368
1646900 369
1646910 369
1646920 368
1646930 371
1646940 371
1646950 370
1646960 369
1646970 369
1646980 370
1646990 373
1647000 373
1647010 375
1647020 376
1647030 376
1647040 377
1647050 378
1647060 378
1647070 379
1647080 381
1647090 381
1647100 382
1647110 383
1647120 383
1647130 384
1647140 382
1647150 382
1647160 383
1647170 384
1647180 384
1647190 384
1647200 384
1647210 384
1647220 384
1647230 383
1647240 383
1647250 382
1647260 381
1647270 381
1647280 381
1647290 380
1647300 380
1647310 380
1647320 379
1647330 379
1647340 378
1647350 378
1647360 378
1647370 377
1647380 376
1647390 376
1647400 375
1647410 375
1647420 374
1647430 374
1647440 373
1647450 372
1647460 372
1647470 371
1647480 370
1647490 370
1647500 369
1647510 368
1647520 368
1647530 366
1647540 365
1647550 365
1647560 364
1647570 363
1647580 363
1647590 362
1647600 361
1647610 361
1647620 360
1647630 359
1647640 359
1647650 358
1647660 357
1647670 357
1647680 356
1647690 355
1647700 355
1647710 354
1647720 352
1647730 352
1647740 351
1647750 350
1647760 350
1647770 348
1647780 347
1647790 347
1647800 345
1647810 344
1647820 344
1647830 341
1647840 339
1647850 339
1647860 337
1647870 336
1647880 336
1647890 335
1647900 334
1647910 334
1647920 333
1647930 333
1647940 333
1647950 333
1647960 332
1647970 332
1647980 332
1647990 332
1648000 332
1648010 331
1648020 331
1648030 331
1648040 331
1648050 331
1648060 331
1648070 330
1648080 330
1648090 330
1648100 330
1648110 330
1648120 330
1648130 330
1648140 330
1648150 330
1648160 330
1648170 330
1648180 330
1648190 330
1648200 330
1648210 330
1648220 330
1648230 330
1648240 330
1648250 330
1648260 330
1648270 330
1648280 330
1648290 330
1648300 330
1648310 330
1648320 330
1648330 330
1648340 330
1648350 330
1648360 330
1648370 330
1648380 330
1648390 330
1648400 330
1648410 330
1648420 330
1648430 330
1648440 330
1648450 330
1648460 330
1648470 331
1648480 331
1648490 330
1648500 330
1648510 330
1648520 331
1648530 331
1648540 331
1648550 331
1648560 331
1648570 331
1648580 331
1648590 331
1648600 331
1648610 331
1648620 331
1648630 331
1648640 331
1648650 331
1648660 331
1648670 331
1648680 331
1648690 331
1648700 331
1648710 331
1648720 331
1648730 331
1648740 332
1648750 332
1648760 332
1648770 331
1648780 331
1648790 331
1648800 331
1648810 331
1648820 331
1648830 331
1648840 331
1648850 331
1648860 332
1648870 332
1648880 332
1648890 332
1648900 332
1648910 332
1648920 332
1648930 332
1648940 332
1648950 332
1648960 332
1648970 332
1648980 331
1648990 332
1649000 332
1649010 332
1649020 332
1649030 332
1649040 332
1649050 333
1649060 333
1649070 333
1649080 332
1649090 332
1649100 332
1649110 332
1649120 332
1649130 332
1649140 333
1649150 333
1649160 334
1649170 335
1649180 335
1649190 336
1649200 338
1649210 338
1649220 340
1649230 342
1649240 342
1649250 342
1649260 342
1649270 342
1649280 342
1649290 341
1649300 341
1649310 340
1649320 338
1649330 338
1649340 338
1649350 338
1649360 338
1649370 339
1649380 340
1649390 340
1649400 342
1649410 343
1649420 343
1649430 344
1649440 346
1649450 346
1649460 347
1649470 349
1649480 349
1649490 350
1649500 351
1649510 351
1649520 352
1649530 353
1649540 353
1649550 354
1649560 355
1649570 355
1649580 355
1649590 356
1649600 356
1649610 356
1649620 357
1649630 357
1649640 357
1649650 357
1649660 357
1649670 357
1649680 356
1649690 356
1649700 356
1649710 356
1649720 356
1649730 356
1649740 356
1649750 355
1649760 355
1649770 355
1649780 355
1649790 355
1649800 354
1649810 354
1649820 354
1649830 353
1649840 353
1649850 353
1649860 352
1649870 352
1649880 352
1649890 351
1649900 351
1649910 351
1649920 350
1649930 350
1649940 350
1649950 350
1649960 349
1649970 349
1649980 349
1649990 349
1650000 349
1650010 348
1650020 348
1650030 348
1650040 348
1650050 348
1650060 348
1650070 347
1650080 347
1650090 347
1650100 347
1650110 347
1650120 347
1650130 346
1650140 346
1650150 346
1650160 346
1650170 345
1650180 345
1650190 347
1650200 347
1650210 347
1650220 347
1650230 348
1650240 348
1650250 349
1650260 349
1650270 349
1650280 350
1650290 350
1650300 350
1650310 351
1650320 352
1650330 352
1650340 352
1650350 353
1650360 353
1650370 353
1650380 354
1650390 354
1650400 354
1650410 355
1650420 355
1650430 356
1650440 356
1650450 356
1650460 357
1650470 358
1650480 358
1650490 359
1650500 361
1650510 361
1650520 363
1650530 364
1650540 364
1650550 365
1650560 365
1650570 365
1650580 366
1650590 367
1650600 367
1650610 368
1650620 370
1650630 370
1650640 371
1650650 373
1650660 373
1650670 374
1650680 376
1650690 376
1650700 378
1650710 380
1650720 380
1650730 381
1650740 382
1650750 382
1650760 383
1650770 384
1650780 384
1650790 386
1650800 387
1650810 387
1650820 388
1650830 389
1650840 389
1650850 390
1650860 391
1650870 391
1650880 392
1650890 393
1650900 393
1650910 395
1650920 397
1650930 398
1650940 398
1650950 399
1650960 400
1650970 400
1650980 401
1650990 403
1651000 403
1651010 404
1651020 406
1651030 406
1651040 408
1651050 410
1651060 410
1651070 411
1651080 412
1651090 412
1651100 413
1651110 414
1651120 414
1651130 415
1651140 417
1651150 417
1651160 418
1651170 419
1651180 419
1651190 420
1651200 421
1651210 421
1651220 422
1651230 423
1651240 423
1651250 424
1651260 425
1651270 425
1651280 425
1651290 426
1651300 426
1651310 427
1651320 428
1651330 428
1651340 429
1651350 430
1651360 430
1651370 431
1651380 431
1651390 431
1651400 432
1651410 432
1651420 432
1651430 432
1651440 432
1651450 432
1651460 432
1651470 432
1651480 432
1651490 432
1651500 432
1651510 432
1651520 432
1651530 432
1651540 432
1651550 431
1651560 432
1651570 432
1651580 432
1651590 431
1651600 431
1651610 431
1651620 431
1651630 431
1651640 430
1651650 428
1651660 428
1651670 427
1651680 428
1651690 428
1651700 428
1651710 427
1651720 427
1651730 428
1651740 429
1651750 429
1651760 429
1651770 428
1651780 428
1651790 428
1651800 427
1651810 427
1651820 427
1651830 426
1651840 426
1651850 426
1651860 426
1651870 426
1651880 426
1651890 426
1651900 426
1651910 426
1651920 425
1651930 425
1651940 424
1651950 421
1651960 421
1651970 419
1651980 421
1651990 421
1652000 423
1652010 424
1652020 424
1652030 425
1652040 425
1652050 424
1652060 425
1652070 426
1652080 428
1652090 428
1652100 430
1652110 431
1652120 431
1652130 433
1652140 435
1652150 435
1652160 438
1652170 440
1652180 440
1652190 441
1652200 443
1652210 443
1652220 445
1652230 447
1652240 447
1652250 449
1652260 450
1652270 450
1652280 452
1652290 453
1652300 453
1652310 454
1652320 456
1652330 456
1652340 457
1652350 457
1652360 457
1652370 458
1652380 459
1652390 459
1652400 459
1652410 460
1652420 460
1652430 460
1652440 461
1652450 461
1652460 462
1652470 464
1652480 464
1652490 466
1652500 468
1652510 468
1652520 470
1652530 472
1652540 472
1652550 474
1652560 476
1652570 476
1652580 477
1652590 477
1652600 477
1652610 477
1652620 476
1652630 476
1652640 475
1652650 473
1652660 473
1652670 471
1652680 468
1652690 468
1652700 466
1652710 463
1652720 463
1652730 461
1652740 459
1652750 459
1652760 456
1652770 454
1652780 454
1652790 451
1652800 448
1652810 448
1652820 447
1652830 444
1652840 444
1652850 440
1652860 435
1652870 435
1652880 433
1652890 439
1652900 439
1652910 443
1652920 445
1652930 445
1652940 447
1652950 448
1652960 448
1652970 449
1652980 451
1652990 451
1653000 452
1653010 453
1653020 453
1653030 454
1653040 455
1653050 455
1653060 456
1653070 457
1653080 457
1653090 458
1653100 459
1653110 459
1653120 459
1653130 460
1653140 460
1653150 460
1653160 460
1653170 460
1653180 460
1653190 459
1653200 459
1653210 458
1653220 457
1653230 457
1653240 456
1653250 454
1653260 452
1653270 452
1653280 450
1653290 448
1653300 448
1653310 447
1653320 444
1653330 444
1653340 443
1653350 441
1653360 441
1653370 439
1653380 436
1653390 436
1653400 434
1653410 432
1653420 432
1653430 430
1653440 427
1653450 427
1653460 424
1653470 421
1653480 421
1653490 419
1653500 418
1653510 418
1653520 416
1653530 415
1653540 415
1653550 414
1653560 413
1653570 413
1653580 410
1653590 410
1653600 410
1653610 409
1653620 409
1653630 409
1653640 409
1653650 407
1653660 407
1653670 406
1653680 404
1653690 404
1653700 403
1653710 401
1653720 401
1653730 399
1653740 396
1653750 396
1653760 394
1653770 389
1653780 389
1653790 386
1653800 380
1653810 380
1653820 376
1653830 374
1653840 374
1653850 376
1653860 379
1653870 379
1653880 380
1653890 380
1653900 380
1653910 379
1653920 379
1653930 379
1653940 378
1653950 378
1653960 378
1653970 378
1653980 377
1653990 377
1654000 377
1654010 377
1654020 377
1654030 376
1654040 373
1654050 373
1654060 372
1654070 373
1654080 373
1654090 375
1654100 375
1654110 375
1654120 375
1654130 375
1654140 375
1654150 374
1654160 374
1654170 374
1654180 373
1654190 372
1654200 372
1654210 372
1654220 371
1654230 371
1654240 370
1654250 369
1654260 369
1654270 367
1654280 364
1654290 364
1654300 363
1654310 362
1654320 362
1654330 360
1654340 359
1654350 358
1654360 357
1654370 355
1654380 355
1654390 354
1654400 353
1654410 353
1654420 352
1654430 351
1654440 351
1654450 351
1654460 351
1654470 351
1654480 351
1654490 351
1654500 350
1654510 350
1654520 350
1654530 349
1654540 349
1654550 349
1654560 348
1654570 348
1654580 347
1654590 347
1654600 347
1654610 346
1654620 345
1654630 345
1654640 344
1654650 343
1654660 343
1654670 343
1654680 343
1654690 343
1654700 343
1654710 343
1654720 343
1654730 343
1654740 343
1654750 343
1654760 343
1654770 343
1654780 343
1654790 343
1654800 345
1654810 345
1654820 346
1654830 346
1654840 346
1654850 347
1654860 349
1654870 349
1654880 350
1654890 352
1654900 352
1654910 353
1654920 354
1654930 354
1654940 355
1654950 356
1654960 356
1654970 357
1654980 357
1654990 357
1655000 359
1655010 360
1655020 360
1655030 361
1655040 361
1655050 361
1655060 362
1655070 363
1655080 363
1655090 364
1655100 365
1655110 364
1655120 365
1655130 366
1655140 366
1655150 367
1655160 368
1655170 368
1655180 369
1655190 370
1655200 370
1655210 371
1655220 372
1655230 372
1655240 373
1655250 374
1655260 374
1655270 375
1655280 376
1655290 376
1655300 377
1655310 378
1655320 378
1655330 379
1655340 380
1655350 380
1655360 381
1655370 382
1655380 382
1655390 382
1655400 383
1655410 383
1655420 384
1655430 385
1655440 385
1655450 386
1655460 387
1655470 387
1655480 387
1655490 388
1655500 388
1655510 389
1655520 390
1655530 390
1655540 391
1655550 391
1655560 391
1655570 392
1655580 393
1655590 393
1655600 393
1655610 394
1655620 395
1655630 395
1655640 396
1655650 397
1655660 397
1655670 397
1655680 398
1655690 398
1655700 399
1655710 400
1655720 400
1655730 401
1655740 401
1655750 401
1655760 402
1655770 403
1655780 403
1655790 403
1655800 404
1655810 404
1655820 404
1655830 405
1655840 405
1655850 405
1655860 404
1655870 404
1655880 405
1655890 406
1655900 406
1655910 407
1655920 408
1655930 408
1655940 409
1655950 410
1655960 410
1655970 411
1655980 412
1655990 412
1656000 413
1656010 414
1656020 414
1656030 415
1656040 416
1656050 416
1656060 416
1656070 417
1656080 417
1656090 417
1656100 417
1656110 417
1656120 417
1656130 417
1656140 417
1656150 417
1656160 416
1656170 416
1656180 415
1656190 414
1656200 414
1656210 413
1656220 412
1656230 412
1656240 411
1656250 410
1656260 410
1656270 409
1656280 408
1656290 408
1656300 408
1656310 407
1656320 407
1656330 406
1656340 405
1656350 405
1656360 405
1656370 403
1656380 403
1656390 403
1656400 402
1656410 402
1656420 401
1656430 401
1656440 401
1656450 400
1656460 399
1656470 399
1656480 398
1656490 396
1656500 396
1656510 395
1656520 393
1656530 393
1656540 392
1656550 390
1656560 390
1656570 389
1656580 387
1656590 387
1656600 385
1656610 383
1656620 383
1656630 381
1656640 379
1656650 379
1656660 377
1656670 375
1656680 375
1656690 373
1656700 371
1656710 371
1656720 369
1656730 368
1656740 368
1656750 366
1656760 364
1656770 363
1656780 363
1656790 362
1656800 360
1656810 360
1656820 359
1656830 358
1656840 358
1656850 357
1656860 356
1656870 356
1656880 354
1656890 353
1656900 353
1656910 353
1656920 352
1656930 352
1656940 351
1656950 350
1656960 350
1656970 350
1656980 350
1656990 350
1657000 350
1657010 349
1657020 349
1657030 349
1657040 349
1657050 349
1657060 349
1657070 348
1657080 348
1657090 348
1657100 348
1657110 348
1657120 347
1657130 349
1657140 349
1657150 351
1657160 352
1657170 352
1657180 353
1657190 354
1657200 354
1657210 354
1657220 354
1657230 354
1657240 354
1657250 355
1657260 355
1657270 355
1657280 355
1657290 355
1657300 355
1657310 355
1657320 355
1657330 355
1657340 350
1657350 350
1657360 346
1657370 346
1657380 346
1657390 346
1657400 347
1657410 347
1657420 348
1657430 349
1657440 349
1657450 351
1657460 352
1657470 352
1657480 353
1657490 355
1657500 355
1657510 356
1657520 358
1657530 358
1657540 360
1657550 362
1657560 362
1657570 364
1657580 366
1657590 366
1657600 368
1657610 370
1657620 370
1657630 372
1657640 374
1657650 374
1657660 375
1657670 377
1657680 377
1657690 379
1657700 380
1657710 380
1657720 382
1657730 383
1657740 383
1657750 384
1657760 386
1657770 386
1657780 387
1657790 389
1657800 389
1657810 390
1657820 391
1657830 391
1657840 392
1657850 393
1657860 393
1657870 394
1657880 396
1657890 396
1657900 397
1657910 398
1657920 398
1657930 399
1657940 400
1657950 401
1657960 401
1657970 402
1657980 403
1657990 403
1658000 404
1658010 406
1658020 406
1658030 407
1658040 408
1658050 408
1658060 409
1658070 410
1658080 410
1658090 411
1658100 412
1658110 413
1658120 414
1658130 415
1658140 415
1658150 416
1658160 417
1658170 417
1658180 418
1658190 419
1658200 419
1658210 420
1658220 420
1658230 420
1658240 421
1658250 421
1658260 421
1658270 421
1658280 422
1658290 422
1658300 422
1658310 422
1658320 422
1658330 421
1658340 421
1658350 421
1658360 420
1658370 420
1658380 420
1658390 419
1658400 419
1658410 419
1658420 419
1658430 418
1658440 418
1658450 417
1658460 416
1658470 416
1658480 416
1658490 415
1658500 415
1658510 414
1658520 414
1658530 414
1658540 413
1658550 412
1658560 412
1658570 412
1658580 411
1658590 411
1658600 410
1658610 410
1658620 410
1658630 409
1658640 408
1658650 408
1658660 408
1658670 408
1658680 408
1658690 407
1658700 407
1658710 407
1658720 406
1658730 406
1658740 406
1658750 405
1658760 405
1658770 405
1658780 404
1658790 404
1658800 404
1658810 403
1658820 402
1658830 402
1658840 400
1658850 399
1658860 399
1658870 397
1658880 396
1658890 396
1658900 394
1658910 393
1658920 393
1658930 392
1658940 390
1658950 390
1658960 388
1658970 385
1658980 385
1658990 381
1659000 379
1659010 379
1659020 376
1659030 374
1659040 374
1659050 372
1659060 371
1659070 371
1659080 369
1659090 367
1659100 365
1659110 365
1659120 363
1659130 361
1659140 361
1659150 359
1659160 356
1659170 356
1659180 354
1659190 353
1659200 353
1659210 352
1659220 352
1659230 352
1659240 352
1659250 353
1659260 353
1659270 352
1659280 353
1659290 353
1659300 354
1659310 354
1659320 354
1659330 354
1659340 354
1659350 354
1659360 354
1659370 353
1659380 353
1659390 353
1659400 354
1659410 354
1659420 354
1659430 354
1659440 354
1659450 355
1659460 355
1659470 355
1659480 356
1659490 356
1659500 356
1659510 356
1659520 356
1659530 356
1659540 356
1659550 357
1659560 357
1659570 357
1659580 357
1659590 357
1659600 358
1659610 358
1659620 358
1659630 359
1659640 360
1659650 360
1659660 362
1659670 363
1659680 363
1659690 364
1659700 365
1659710 365
1659720 366
1659730 367
1659740 367
1659750 367
1659760 368
1659770 368
1659780 368
1659790 369
1659800 369
1659810 370
1659820 372
1659830 372
1659840 373
1659850 374
1659860 374
1659870 376
1659880 377
1659890 377
1659900 376
1659910 376
1659920 376
1659930 378
1659940 380
1659950 380
1659960 380
1659970 380
1659980 380
1659990 380
