1640000 310
1640010 310
1640020 310
1640030 310
1640040 310
1640050 310
1640060 310
1640070 310
1640080 310
1640090 310
1640100 310
1640110 311
1640120 312
1640130 312
1640140 313
1640150 314
1640160 314
1640170 315
1640180 315
1640190 315
1640200 316
1640210 316
1640220 316
1640230 317
1640240 317
1640250 317
1640260 317
1640270 319
1640280 319
1640290 320
1640300 320
1640310 322
1640320 322
1640330 323
1640340 323
1640350 325
1640360 326
1640370 326
1640380 326
1640390 326
1640400 326
1640410 327
1640420 327
1640430 327
1640440 327
1640450 327
1640460 327
1640470 328
1640480 328
1640490 328
1640500 328
1640510 328
1640520 328
1640530 328
1640540 328
1640550 328
1640560 328
1640570 328
1640580 328
1640590 329
1640600 329
1640610 329
1640620 330
1640630 330
1640640 330
1640650 330
1640660 331
1640670 331
1640680 331
1640690 331
1640700 331
1640710 331
1640720 331
1640730 331
1640740 332
1640750 332
1640760 332
1640770 332
1640780 332
1640790 332
1640800 332
1640810 332
1640820 332
1640830 332
1640840 333
1640850 333
1640860 333
1640870 333
1640880 333
1640890 333
1640900 333
1640910 333
1640920 334
1640930 334
1640940 334
1640950 334
1640960 334
1640970 334
1640980 334
1640990 334
1641000 334
1641010 334
1641020 334
1641030 334
1641040 334
1641050 334
1641060 334
1641070 333
1641080 334
1641090 334
1641100 334
1641110 334
1641120 334
1641130 334
1641140 334
1641150 334
1641160 334
1641170 334
1641180 334
1641190 334
1641200 334
1641210 334
1641220 334
1641230 334
1641240 334
1641250 333
1641260 333
1641270 333
1641280 333
1641290 333
1641300 333
1641310 332
1641320 332
1641330 332
1641340 332
1641350 331
1641360 331
1641370 331
1641380 331
1641390 331
1641400 331
1641410 331
1641420 331
1641430 330
1641440 329
1641450 329
1641460 328
1641470 328
1641480 328
1641490 328
1641500 327
1641510 327
1641520 327
1641530 326
1641540 325
1641550 325
1641560 325
1641570 324
1641580 324
1641590 323
1641600 322
1641610 322
1641620 321
1641630 321
1641640 321
1641650 320
1641660 320
1641670 320
1641680 319
1641690 319
1641700 319
1641710 319
1641720 320
1641730 320
1641740 321
1641750 321
1641760 321
1641770 322
1641780 322
1641790 322
1641800 322
1641810 323
1641820 323
1641830 323
1641840 323
1641850 323
1641860 323
1641870 323
1641880 323
1641890 323
1641900 323
1641910 323
1641920 323
1641930 323
1641940 323
1641950 323
1641960 323
1641970 323
1641980 323
1641990 323
1642000 323
1642010 322
1642020 321
1642030 321
1642040 321
1642050 321
1642060 321
1642070 320
1642080 320
1642090 320
1642100 319
1642110 319
1642120 319
1642130 318
1642140 318
1642150 318
1642160 317
1642170 317
1642180 317
1642190 317
1642200 316
1642210 316
1642220 316
1642230 315
1642240 315
1642250 315
1642260 314
1642270 314
1642280 313
1642290 312
1642300 312
1642310 311
1642320 310
1642330 310
1642340 309
1642350 308
1642360 308
1642370 307
1642380 306
1642390 306
1642400 306
1642410 305
1642420 305
1642430 304
1642440 303
1642450 303
1642460 302
1642470 301
1642480 301
1642490 301
1642500 301
1642510 301
1642520 300
1642530 300
1642540 300
1642550 300
1642560 300
1642570 300
1642580 300
1642590 300
1642600 300
1642610 300
1642620 300
1642630 300
1642640 300
1642650 300
1642660 300
1642670 300
1642680 300
1642690 300
1642700 299
1642710 299
1642720 299
1642730 299
1642740 299
1642750 299
1642760 299
1642770 299
1642780 299
1642790 299
1642800 299
1642810 299
1642820 299
1642830 299
1642840 299
1642850 299
1642860 299
1642870 299
1642880 299
1642890 299
1642900 299
1642910 299
1642920 299
1642930 298
1642940 298
1642950 298
1642960 298
1642970 298
1642980 298
1642990 298
1643000 298
1643010 298
1643020 300
1643030 300
1643040 300
1643050 300
1643060 300
1643070 300
1643080 300
1643090 300
1643100 300
1643110 300
1643120 300
1643130 300
1643140 299
1643150 299
1643160 299
1643170 299
1643180 299
1643190 299
1643200 299
1643210 299
1643220 299
1643230 299
1643240 299
1643250 300
1643260 300
1643270 300
1643280 300
1643290 300
1643300 300
1643310 300
1643320 300
1643330 300
1643340 300
1643350 299
1643360 299
1643370 298
1643380 296
1643390 296
1643400 295
1643410 295
1643420 295
1643430 297
1643440 298
1643450 298
1643460 299
1643470 300
1643480 300
1643490 300
1643500 302
1643510 302
1643520 303
1643530 304
1643540 304
1643550 304
1643560 305
1643570 305
1643580 305
1643590 306
1643600 302
1643610 304
1643620 305
1643630 305
1643640 306
1643650 306
1643660 306
1643670 307
1643680 307
1643690 307
1643700 307
1643710 307
1643720 307
1643730 307
1643740 307
1643750 307
1643760 307
1643770 307
1643780 307
1643790 307
1643800 308
1643810 308
1643820 308
1643830 309
1643840 309
1643850 310
1643860 311
1643870 311
1643880 312
1643890 313
1643900 313
1643910 314
1643920 315
1643930 315
1643940 317
1643950 319
1643960 319
1643970 320
1643980 322
1643990 322
1644000 323
1644010 324
1644020 324
1644030 325
1644040 325
1644050 325
1644060 326
1644070 326
1644080 326
1644090 326
1644100 327
1644110 327
1644120 327
1644130 327
1644140 327
1644150 327
1644160 327
1644170 327
1644180 328
1644190 327
1644200 327
1644210 327
1644220 327
1644230 327
1644240 327
1644250 326
1644260 325
1644270 325
1644280 326
1644290 326
1644300 326
1644310 325
1644320 324
1644330 324
1644340 323
1644350 322
1644360 322
1644370 322
1644380 321
1644390 321
1644400 320
1644410 320
1644420 320
1644430 319
1644440 318
1644450 318
1644460 317
1644470 317
1644480 317
1644490 316
1644500 315
1644510 315
1644520 314
1644530 313
1644540 313
1644550 313
1644560 312
1644570 312
1644580 312
1644590 311
1644600 311
1644610 311
1644620 312
1644630 312
1644640 312
1644650 312
1644660 312
1644670 313
1644680 314
1644690 314
1644700 315
1644710 316
1644720 316
1644730 317
1644740 318
1644750 318
1644760 320
1644770 321
1644780 321
1644790 322
1644800 324
1644810 324
1644820 325
1644830 325
1644840 325
1644850 326
1644860 326
1644870 326
1644880 327
1644890 327
1644900 327
1644910 326
1644920 327
1644930 327
1644940 327
1644950 327
1644960 327
1644970 327
1644980 327
1644990 327
1645000 327
1645010 327
1645020 327
1645030 326
1645040 326
1645050 326
1645060 326
1645070 326
1645080 326
1645090 326
1645100 326
1645110 326
1645120 326
1645130 326
1645140 326
1645150 326
1645160 326
1645170 326
1645180 326
1645190 326
1645200 326
1645210 325
1645220 325
1645230 325
1645240 325
1645250 325
1645260 325
1645270 324
1645280 324
1645290 324
1645300 323
1645310 323
1645320 323
1645330 322
1645340 321
1645350 321
1645360 318
1645370 315
1645380 315
1645390 313
1645400 312
1645410 312
1645420 311
1645430 311
1645440 311
1645450 310
1645460 310
1645470 310
1645480 309
1645490 308
1645500 308
1645510 308
1645520 308
1645530 308
1645540 308
1645550 309
1645560 308
1645570 308
1645580 309
1645590 311
1645600 311
1645610 310
1645620 307
1645630 307
1645640 305
1645650 303
1645660 303
1645670 303
1645680 303
1645690 303
1645700 303
1645710 303
1645720 303
1645730 303
1645740 303
1645750 303
1645760 303
1645770 303
1645780 303
1645790 303
1645800 303
1645810 303
1645820 302
1645830 302
1645840 302
1645850 302
1645860 305
1645870 305
1645880 306
1645890 308
1645900 308
1645910 309
1645920 308
1645930 308
1645940 308
1645950 309
1645960 309
1645970 309
1645980 308
1645990 308
1646000 307
1646010 306
1646020 302
1646030 300
1646040 300
1646050 300
1646060 302
1646070 307
1646080 307
1646090 309
1646100 309
1646110 309
1646120 309
1646130 309
1646140 309
1646150 309
1646160 309
1646170 309
1646180 309
1646190 308
1646200 308
1646210 308
1646220 308
1646230 308
1646240 308
1646250 308
1646260 308
1646270 309
1646280 309
1646290 309
1646300 309
1646310 309
1646320 309
1646330 309
1646340 309
1646350 309
1646360 309
1646370 309
1646380 309
1646390 309
1646400 308
1646410 308
1646420 308
1646430 308
1646440 308
1646450 308
1646460 308
1646470 308
1646480 308
1646490 308
1646500 308
1646510 309
1646520 309
1646530 309
1646540 309
1646550 309
1646560 309
1646570 308
1646580 308
1646590 308
1646600 308
1646610 308
1646620 308
1646630 309
1646640 309
1646650 309
1646660 310
1646670 309
1646680 309
1646690 308
1646700 308
1646710 308
1646720 308
1646730 308
1646740 308
1646750 308
1646760 308
1646770 308
1646780 308
1646790 307
1646800 307
1646810 307
1646820 307
1646830 307
1646840 307
1646850 307
1646860 307
1646870 307
1646880 307
1646890 307
1646900 307
1646910 307
1646920 307
1646930 307
1646940 307
1646950 307
1646960 307
1646970 307
1646980 306
1646990 306
1647000 307
1647010 307
1647020 307
1647030 307
1647040 307
1647050 307
1647060 306
1647070 306
1647080 306
1647090 306
1647100 306
1647110 306
1647120 306
1647130 306
1647140 306
1647150 306
1647160 306
1647170 306
1647180 306
1647190 306
1647200 306
1647210 306
1647220 306
1647230 306
1647240 306
1647250 306
1647260 306
1647270 306
1647280 306
1647290 306
1647300 306
1647310 305
1647320 305
1647330 306
1647340 306
1647350 306
1647360 306
1647370 306
1647380 306
1647390 306
1647400 306
1647410 306
1647420 306
1647430 306
1647440 306
1647450 306
1647460 306
1647470 306
1647480 306
1647490 306
1647500 306
1647510 306
1647520 306
1647530 306
1647540 305
1647550 305
1647560 305
1647570 305
1647580 306
1647590 306
1647600 305
1647610 305
1647620 305
1647630 305
1647640 305
1647650 305
1647660 305
1647670 305
1647680 305
1647690 305
1647700 305
1647710 305
1647720 304
1647730 304
1647740 304
1647750 304
1647760 305
1647770 305
1647780 305
1647790 305
1647800 305
1647810 305
1647820 305
1647830 305
1647840 305
1647850 305
1647860 305
1647870 304
1647880 305
1647890 305
1647900 305
1647910 304
1647920 304
1647930 305
1647940 305
1647950 305
1647960 305
1647970 305
1647980 305
1647990 305
1648000 305
1648010 305
1648020 305
1648030 305
1648040 305
1648050 304
1648060 304
1648070 304
1648080 304
1648090 304
1648100 304
1648110 304
1648120 304
1648130 304
1648140 304
1648150 304
1648160 304
1648170 304
1648180 304
1648190 304
1648200 303
1648210 300
1648220 300
1648230 292
1648240 287
1648250 287
1648260 287
1648270 287
1648280 287
1648290 287
1648300 287
1648310 287
1648320 287
1648330 287
1648340 289
1648350 289
1648360 289
1648370 290
1648380 290
1648390 291
1648400 292
1648410 291
1648420 294
1648430 301
1648440 301
1648450 302
1648460 302
1648470 302
1648480 302
1648490 302
1648500 302
1648510 302
1648520 302
1648530 302
1648540 302
1648550 302
1648560 302
1648570 302
1648580 302
1648590 302
1648600 302
1648610 302
1648620 302
1648630 302
1648640 302
1648650 302
1648660 302
1648670 302
1648680 302
1648690 302
1648700 302
1648710 302
1648720 302
1648730 302
1648740 302
1648750 302
1648760 302
1648770 302
1648780 302
1648790 302
1648800 302
1648810 302
1648820 302
1648830 302
1648840 302
1648850 302
1648860 302
1648870 302
1648880 302
1648890 302
1648900 302
1648910 302
1648920 302
1648930 302
1648940 302
1648950 302
1648960 302
1648970 302
1648980 302
1648990 302
1649000 302
1649010 302
1649020 302
1649030 302
1649040 302
1649050 302
1649060 302
1649070 302
1649080 302
1649090 302
1649100 302
1649110 302
1649120 302
1649130 302
1649140 302
1649150 302
1649160 302
1649170 302
1649180 302
1649190 302
1649200 302
1649210 302
1649220 302
1649230 302
1649240 302
1649250 302
1649260 301
1649270 301
1649280 301
1649290 300
1649300 300
1649310 300
1649320 300
1649330 301
1649340 301
1649350 301
1649360 301
1649370 301
1649380 302
1649390 308
1649400 308
1649410 315
1649420 321
1649430 321
1649440 323
1649450 323
1649460 323
1649470 323
1649480 323
1649490 323
1649500 323
1649510 323
1649520 323
1649530 324
1649540 324
1649550 324
1649560 324
1649570 324
1649580 324
1649590 324
1649600 325
1649610 325
1649620 325
1649630 325
1649640 325
1649650 325
1649660 324
1649670 324
1649680 324
1649690 324
1649700 323
1649710 323
1649720 323
1649730 323
1649740 323
1649750 323
1649760 323
1649770 323
1649780 323
1649790 323
1649800 323
1649810 323
1649820 323
1649830 323
1649840 323
1649850 323
1649860 323
1649870 323
1649880 323
1649890 323
1649900 323
1649910 323
1649920 323
1649930 323
1649940 323
1649950 323
1649960 323
1649970 323
1649980 323
1649990 323
1650000 323
1650010 323
1650020 323
1650030 322
1650040 322
1650050 322
1650060 322
1650070 322
1650080 322
1650090 322
1650100 322
1650110 322
1650120 322
1650130 322
1650140 322
1650150 322
1650160 322
1650170 322
1650180 322
1650190 322
1650200 322
1650210 322
1650220 322
1650230 322
1650240 322
1650250 322
1650260 322
1650270 322
1650280 322
1650290 322
1650300 322
1650310 322
1650320 322
1650330 321
1650340 321
1650350 321
1650360 321
1650370 321
1650380 321
1650390 321
1650400 321
1650410 321
1650420 321
1650430 321
1650440 321
1650450 321
1650460 321
1650470 321
1650480 321
1650490 321
1650500 321
1650510 321
1650520 321
1650530 321
1650540 321
1650550 321
1650560 321
1650570 321
1650580 321
1650590 321
1650600 321
1650610 321
1650620 321
1650630 320
1650640 320
1650650 320
1650660 320
1650670 320
1650680 320
1650690 320
1650700 320
1650710 320
1650720 320
1650730 320
1650740 320
1650750 320
1650760 320
1650770 320
1650780 319
1650790 319
1650800 319
1650810 319
1650820 319
1650830 319
1650840 319
1650850 319
1650860 319
1650870 319
1650880 319
1650890 319
1650900 319
1650910 319
1650920 319
1650930 320
1650940 320
1650950 320
1650960 320
1650970 320
1650980 320
1650990 320
1651000 320
1651010 320
1651020 319
1651030 319
1651040 319
1651050 319
1651060 319
1651070 319
1651080 319
1651090 319
1651100 319
1651110 319
1651120 319
1651130 319
1651140 319
1651150 319
1651160 319
1651170 319
1651180 318
1651190 318
1651200 318
1651210 318
1651220 318
1651230 318
1651240 318
1651250 318
1651260 318
1651270 318
1651280 318
1651290 318
1651300 318
1651310 318
1651320 318
1651330 318
1651340 318
1651350 317
1651360 317
1651370 317
1651380 317
1651390 317
1651400 317
1651410 317
1651420 317
1651430 317
1651440 317
1651450 317
1651460 317
1651470 317
1651480 317
1651490 317
1651500 317
1651510 317
1651520 317
1651530 317
1651540 316
1651550 316
1651560 316
1651570 316
1651580 316
1651590 316
1651600 316
1651610 316
1651620 316
1651630 316
1651640 316
1651650 316
1651660 316
1651670 316
1651680 316
1651690 316
1651700 316
1651710 316
1651720 316
1651730 316
1651740 315
1651750 316
1651760 316
1651770 315
1651780 315
1651790 315
1651800 315
1651810 315
1651820 315
1651830 315
1651840 315
1651850 315
1651860 315
1651870 315
1651880 315
1651890 315
1651900 315
1651910 315
1651920 315
1651930 315
1651940 315
1651950 315
1651960 315
1651970 315
1651980 316
1651990 316
1652000 316
1652010 316
1652020 316
1652030 316
1652040 316
1652050 316
1652060 316
1652070 316
1652080 316
1652090 316
1652100 316
1652110 316
1652120 316
1652130 316
1652140 316
1652150 316
1652160 315
1652170 315
1652180 315
1652190 315
1652200 315
1652210 315
1652220 315
1652230 315
1652240 315
1652250 315
1652260 315
1652270 315
1652280 315
1652290 315
1652300 315
1652310 315
1652320 315
1652330 315
1652340 315
1652350 315
1652360 315
1652370 315
1652380 315
1652390 315
1652400 315
1652410 314
1652420 314
1652430 314
1652440 314
1652450 314
1652460 314
1652470 314
1652480 314
1652490 314
1652500 314
1652510 314
1652520 314
1652530 314
1652540 314
1652550 314
1652560 314
1652570 314
1652580 314
1652590 314
1652600 314
1652610 314
1652620 314
1652630 314
1652640 314
1652650 314
1652660 314
1652670 314
1652680 314
1652690 314
1652700 314
1652710 314
1652720 314
1652730 314
1652740 314
1652750 314
1652760 314
1652770 314
1652780 314
1652790 314
1652800 313
1652810 313
1652820 313
1652830 313
1652840 313
1652850 313
1652860 313
1652870 313
1652880 313
1652890 313
1652900 313
1652910 313
1652920 313
1652930 313
1652940 313
1652950 313
1652960 313
1652970 313
1652980 313
1652990 313
1653000 313
1653010 313
1653020 313
1653030 313
1653040 312
1653050 312
1653060 312
1653070 312
1653080 312
1653090 312
1653100 312
1653110 312
1653120 312
1653130 312
1653140 312
1653150 312
1653160 312
1653170 312
1653180 312
1653190 312
1653200 312
1653210 312
1653220 312
1653230 312
1653240 312
1653250 312
1653260 312
1653270 312
1653280 312
1653290 312
1653300 312
1653310 312
1653320 311
1653330 311
1653340 311
1653350 311
1653360 311
1653370 311
1653380 311
1653390 311
1653400 311
1653410 311
1653420 311
1653430 311
1653440 311
1653450 311
1653460 311
1653470 311
1653480 311
1653490 311
1653500 311
1653510 311
1653520 311
1653530 311
1653540 311
1653550 311
1653560 311
1653570 311
1653580 311
1653590 311
1653600 311
1653610 311
1653620 311
1653630 311
1653640 311
1653650 311
1653660 311
1653670 310
1653680 310
1653690 310
1653700 310
1653710 310
1653720 310
1653730 310
1653740 310
1653750 310
1653760 310
1653770 310
1653780 310
1653790 310
1653800 310
1653810 309
1653820 309
1653830 309
1653840 309
1653850 309
1653860 309
1653870 309
1653880 309
1653890 309
1653900 309
1653910 309
1653920 309
1653930 309
1653940 309
1653950 309
1653960 309
1653970 309
1653980 309
1653990 308
1654000 308
1654010 308
1654020 308
1654030 308
1654040 308
1654050 308
1654060 308
1654070 308
1654080 308
1654090 308
1654100 308
1654110 308
1654120 308
1654130 308
1654140 308
1654150 308
1654160 308
1654170 308
1654180 308
1654190 308
1654200 308
1654210 308
1654220 307
1654230 307
1654240 307
1654250 307
1654260 307
1654270 307
1654280 306
1654290 306
1654300 306
1654310 306
1654320 305
1654330 305
1654340 305
1654350 304
1654360 304
1654370 304
1654380 305
1654390 305
1654400 305
1654410 305
1654420 305
1654430 305
1654440 305
1654450 305
1654460 306
1654470 306
1654480 306
1654490 306
1654500 305
1654510 305
1654520 305
1654530 305
1654540 305
1654550 305
1654560 305
1654570 305
1654580 305
1654590 305
1654600 305
1654610 305
1654620 305
1654630 305
1654640 303
1654650 302
1654660 302
1654670 300
1654680 299
1654690 299
1654700 296
1654710 291
1654720 291
1654730 290
1654740 291
1654750 291
1654760 291
1654770 291
1654780 291
1654790 292
1654800 293
1654810 293
1654820 293
1654830 293
1654840 293
1654850 293
1654860 293
1654870 293
1654880 293
1654890 292
1654900 292
1654910 292
1654920 292
1654930 292
1654940 293
1654950 293
1654960 293
1654970 293
1654980 293
1654990 293
1655000 293
1655010 293
1655020 293
1655030 293
1655040 295
1655050 295
1655060 299
1655070 299
1655080 298
1655090 298
1655100 296
1655110 293
1655120 293
1655130 291
1655140 290
1655150 290
1655160 289
1655170 289
1655180 289
1655190 289
1655200 289
1655210 289
1655220 289
1655230 289
1655240 289
1655250 289
1655260 289
1655270 289
1655280 289
1655290 289
1655300 289
1655310 289
1655320 289
1655330 289
1655340 289
1655350 289
1655360 289
1655370 289
1655380 289
1655390 289
1655400 289
1655410 289
1655420 289
1655430 289
1655440 288
1655450 288
1655460 288
1655470 288
1655480 288
1655490 288
1655500 287
1655510 287
1655520 287
1655530 288
1655540 288
1655550 287
1655560 287
1655570 287
1655580 287
1655590 287
1655600 287
1655610 287
1655620 287
1655630 287
1655640 287
1655650 287
1655660 287
1655670 288
1655680 288
1655690 288
1655700 288
1655710 287
1655720 287
1655730 287
1655740 287
1655750 287
1655760 288
1655770 288
1655780 288
1655790 287
1655800 287
1655810 287
1655820 286
1655830 286
1655840 286
1655850 288
1655860 289
1655870 289
1655880 290
1655890 290
1655900 290
1655910 290
1655920 290
1655930 290
1655940 290
1655950 290
1655960 290
1655970 290
1655980 291
1655990 291
1656000 291
1656010 291
1656020 291
1656030 291
1656040 291
1656050 291
1656060 292
1656070 293
1656080 293
1656090 294
1656100 294
1656110 294
1656120 294
1656130 294
1656140 294
1656150 294
1656160 291
1656170 291
1656180 288
1656190 287
1656200 287
1656210 287
1656220 287
1656230 287
1656240 286
1656250 287
1656260 287
1656270 287
1656280 287
1656290 287
1656300 286
1656310 286
1656320 286
1656330 286
1656340 286
1656350 286
1656360 286
1656370 286
1656380 286
1656390 286
1656400 286
1656410 286
1656420 286
1656430 286
1656440 285
1656450 285
1656460 285
1656470 285
1656480 285
1656490 285
1656500 285
1656510 285
1656520 285
1656530 285
1656540 285
1656550 285
1656560 285
1656570 285
1656580 285
1656590 285
1656600 285
1656610 285
1656620 285
1656630 285
1656640 285
1656650 285
1656660 285
1656670 285
1656680 284
1656690 284
1656700 284
1656710 284
1656720 284
1656730 284
1656740 284
1656750 284
1656760 284
1656770 284
1656780 284
1656790 284
1656800 284
1656810 284
1656820 284
1656830 284
1656840 284
1656850 284
1656860 284
1656870 284
1656880 284
1656890 283
1656900 283
1656910 284
1656920 283
1656930 283
1656940 283
1656950 283
1656960 283
1656970 283
1656980 284
1656990 284
1657000 284
1657010 283
1657020 283
1657030 283
1657040 283
1657050 283
1657060 283
1657070 283
1657080 283
1657090 283
1657100 283
1657110 283
1657120 283
1657130 283
1657140 283
1657150 283
1657160 283
1657170 283
1657180 283
1657190 283
1657200 283
1657210 283
1657220 284
1657230 284
1657240 284
1657250 283
1657260 283
1657270 283
1657280 283
1657290 283
1657300 283
1657310 283
1657320 283
1657330 283
1657340 282
1657350 282
1657360 283
1657370 282
1657380 282
1657390 282
1657400 282
1657410 282
1657420 282
1657430 282
1657440 282
1657450 281
1657460 282
1657470 282
1657480 282
1657490 282
1657500 282
1657510 282
1657520 282
1657530 282
1657540 282
1657550 282
1657560 282
1657570 282
1657580 282
1657590 282
1657600 282
1657610 282
1657620 282
1657630 282
1657640 283
1657650 283
1657660 283
1657670 284
1657680 284
1657690 284
1657700 284
1657710 284
1657720 285
1657730 285
1657740 285
1657750 285
1657760 286
1657770 286
1657780 286
1657790 286
1657800 286
1657810 286
1657820 286
1657830 286
1657840 286
1657850 286
1657860 286
1657870 286
1657880 285
1657890 285
1657900 285
1657910 285
1657920 285
1657930 285
1657940 284
1657950 284
1657960 284
1657970 284
1657980 285
1657990 285
1658000 285
1658010 285
1658020 285
1658030 285
1658040 285
1658050 285
1658060 286
1658070 286
1658080 286
1658090 287
1658100 287
1658110 287
1658120 288
1658130 288
1658140 288
1658150 289
1658160 290
1658170 290
1658180 290
1658190 291
1658200 291
1658210 291
1658220 291
1658230 291
1658240 292
1658250 292
1658260 292
1658270 293
1658280 294
1658290 294
1658300 294
1658310 295
1658320 295
1658330 295
1658340 296
1658350 296
1658360 296
1658370 296
1658380 296
1658390 297
1658400 298
1658410 298
1658420 299
1658430 299
1658440 299
1658450 300
1658460 301
1658470 301
1658480 301
1658490 302
1658500 302
1658510 303
1658520 303
1658530 303
1658540 304
1658550 304
1658560 304
1658570 305
1658580 305
1658590 305
1658600 306
1658610 307
1658620 307
1658630 307
1658640 308
1658650 308
1658660 308
1658670 309
1658680 309
1658690 309
1658700 310
1658710 310
1658720 310
1658730 310
1658740 310
1658750 310
1658760 311
1658770 311
1658780 311
1658790 311
1658800 311
1658810 311
1658820 311
1658830 311
1658840 311
1658850 311
1658860 311
1658870 311
1658880 311
1658890 311
1658900 310
1658910 309
1658920 309
1658930 309
1658940 309
1658950 309
1658960 308
1658970 307
1658980 307
1658990 306
1659000 306
1659010 306
1659020 305
1659030 304
1659040 304
1659050 303
1659060 301
1659070 301
1659080 300
1659090 298
1659100 298
1659110 296
1659120 294
1659130 294
1659140 292
1659150 290
1659160 289
1659170 289
1659180 288
1659190 287
1659200 287
1659210 285
1659220 283
1659230 283
1659240 283
1659250 282
1659260 282
1659270 282
1659280 283
1659290 283
1659300 284
1659310 283
1659320 283
1659330 283
1659340 283
1659350 283
1659360 283
1659370 283
1659380 283
1659390 283
1659400 283
1659410 283
1659420 283
1659430 284
1659440 284
1659450 285
1659460 286
1659470 286
1659480 288
1659490 291
1659500 291
1659510 292
1659520 292
1659530 292
1659540 294
1659550 295
1659560 295
1659570 297
1659580 299
1659590 299
1659600 300
1659610 301
1659620 301
1659630 303
1659640 304
1659650 304
1659660 306
1659670 307
1659680 307
1659690 308
1659700 309
1659710 309
1659720 310
1659730 311
1659740 311
1659750 312
1659760 313
1659770 313
1659780 313
1659790 314
1659800 314
1659810 314
1659820 315
1659830 315
1659840 315
1659850 315
1659860 315
1659870 316
1659880 316
1659890 316
1659900 316
1659910 316
1659920 316
1659930 317
1659940 317
1659950 317
1659960 317
1659970 317
1659980 317
1659990 317
