1640000 321
1640010 321
1640020 321
1640030 322
1640040 323
1640050 323
1640060 324
1640070 325
1640080 325
1640090 326
1640100 327
1640110 327
1640120 328
1640130 329
1640140 329
1640150 330
1640160 330
1640170 330
1640180 331
1640190 331
1640200 331
1640210 331
1640220 332
1640230 332
1640240 332
1640250 333
1640260 333
1640270 333
1640280 333
1640290 333
1640300 334
1640310 334
1640320 334
1640330 335
1640340 335
1640350 335
1640360 335
1640370 335
1640380 335
1640390 335
1640400 335
1640410 335
1640420 336
1640430 336
1640440 336
1640450 336
1640460 336
1640470 336
1640480 336
1640490 337
1640500 337
1640510 337
1640520 337
1640530 337
1640540 337
1640550 337
1640560 337
1640570 337
1640580 337
1640590 337
1640600 337
1640610 337
1640620 337
1640630 337
1640640 337
1640650 337
1640660 337
1640670 337
1640680 337
1640690 337
1640700 337
1640710 337
1640720 337
1640730 337
1640740 337
1640750 337
1640760 337
1640770 337
1640780 337
1640790 336
1640800 336
1640810 336
1640820 336
1640830 336
1640840 336
1640850 335
1640860 335
1640870 335
1640880 335
1640890 335
1640900 334
1640910 334
1640920 334
1640930 333
1640940 333
1640950 333
1640960 333
1640970 333
1640980 333
1640990 333
1641000 333
1641010 333
1641020 332
1641030 330
1641040 330
1641050 330
1641060 329
1641070 329
1641080 329
1641090 329
1641100 329
1641110 328
1641120 327
1641130 327
1641140 327
1641150 326
1641160 326
1641170 326
1641180 326
1641190 325
1641200 325
1641210 325
1641220 325
1641230 325
1641240 325
1641250 325
1641260 325
1641270 325
1641280 324
1641290 324
1641300 324
1641310 324
1641320 324
1641330 324
1641340 324
1641350 324
1641360 324
1641370 324
1641380 324
1641390 324
1641400 323
1641410 323
1641420 323
1641430 323
1641440 323
1641450 323
1641460 323
1641470 323
1641480 323
1641490 322
1641500 322
1641510 322
1641520 322
1641530 322
1641540 322
1641550 322
1641560 322
1641570 322
1641580 321
1641590 321
1641600 320
1641610 320
1641620 320
1641630 319
1641640 319
1641650 319
1641660 318
1641670 318
1641680 318
1641690 317
1641700 317
1641710 317
1641720 316
1641730 315
1641740 315
1641750 314
1641760 313
1641770 313
1641780 312
1641790 311
1641800 311
1641810 310
1641820 310
1641830 310
1641840 310
1641850 309
1641860 309
1641870 309
1641880 310
1641890 310
1641900 308
1641910 307
1641920 307
1641930 306
1641940 305
1641950 305
1641960 304
1641970 304
1641980 304
1641990 303
1642000 303
1642010 303
1642020 303
1642030 303
1642040 303
1642050 302
1642060 302
1642070 302
1642080 302
1642090 302
1642100 302
1642110 301
1642120 301
1642130 301
1642140 301
1642150 301
1642160 301
1642170 301
1642180 301
1642190 301
1642200 301
1642210 301
1642220 301
1642230 301
1642240 301
1642250 301
1642260 301
1642270 301
1642280 301
1642290 302
1642300 303
1642310 303
1642320 301
1642330 301
1642340 301
1642350 301
1642360 301
1642370 301
1642380 301
1642390 301
1642400 301
1642410 301
1642420 301
1642430 301
1642440 301
1642450 301
1642460 301
1642470 301
1642480 301
1642490 301
1642500 301
1642510 300
1642520 301
1642530 301
1642540 301
1642550 300
1642560 300
1642570 300
1642580 300
1642590 300
1642600 301
1642610 301
1642620 301
1642630 301
1642640 301
1642650 301
1642660 301
1642670 301
1642680 301
1642690 300
1642700 300
1642710 300
1642720 300
1642730 300
1642740 300
1642750 300
1642760 300
1642770 300
1642780 300
1642790 300
1642800 300
1642810 300
1642820 300
1642830 300
1642840 300
1642850 299
1642860 299
1642870 299
1642880 299
1642890 299
1642900 299
1642910 299
1642920 299
1642930 299
1642940 299
1642950 299
1642960 299
1642970 299
1642980 299
1642990 299
1643000 299
1643010 299
1643020 299
1643030 299
1643040 299
1643050 299
1643060 299
1643070 299
1643080 299
1643090 299
1643100 299
1643110 299
1643120 299
1643130 299
1643140 299
1643150 298
1643160 298
1643170 298
1643180 298
1643190 298
1643200 298
1643210 298
1643220 298
1643230 298
1643240 299
1643250 299
1643260 299
1643270 299
1643280 299
1643290 298
1643300 298
1643310 298
1643320 298
1643330 298
1643340 298
1643350 299
1643360 299
1643370 299
1643380 298
1643390 298
1643400 298
1643410 298
1643420 298
1643430 298
1643440 298
1643450 298
1643460 298
1643470 298
1643480 298
1643490 298
1643500 298
1643510 298
1643520 298
1643530 298
1643540 299
1643550 299
1643560 300
1643570 300
1643580 300
1643590 300
1643600 300
1643610 300
1643620 299
1643630 298
1643640 298
1643650 299
1643660 300
1643670 300
1643680 300
1643690 300
1643700 300
1643710 299
1643720 299
1643730 299
1643740 300
1643750 300
1643760 300
1643770 299
1643780 299
1643790 299
1643800 299
1643810 298
1643820 298
1643830 298
1643840 298
1643850 298
1643860 298
1643870 298
1643880 298
1643890 298
1643900 298
1643910 298
1643920 298
1643930 297
1643940 295
1643950 295
1643960 294
1643970 296
1643980 296
1643990 298
1644000 297
1644010 297
1644020 297
1644030 298
1644040 298
1644050 300
1644060 301
1644070 301
1644080 302
1644090 302
1644100 302
1644110 303
1644120 303
1644130 303
1644140 304
1644150 304
1644160 304
1644170 303
1644180 303
1644190 303
1644200 303
1644210 304
1644220 304
1644230 303
1644240 303
1644250 303
1644260 303
1644270 303
1644280 303
1644290 303
1644300 303
1644310 303
1644320 303
1644330 303
1644340 303
1644350 303
1644360 303
1644370 303
1644380 303
1644390 304
1644400 304
1644410 306
1644420 307
1644430 307
1644440 308
1644450 310
1644460 310
1644470 312
1644480 314
1644490 314
1644500 316
1644510 317
1644520 317
1644530 318
1644540 319
1644550 319
1644560 319
1644570 320
1644580 320
1644590 320
1644600 320
1644610 320
1644620 321
1644630 321
1644640 321
1644650 321
1644660 321
1644670 321
1644680 321
1644690 322
1644700 322
1644710 322
1644720 322
1644730 322
1644740 322
1644750 321
1644760 321
1644770 322
1644780 322
1644790 322
1644800 322
1644810 322
1644820 322
1644830 322
1644840 322
1644850 322
1644860 322
1644870 321
1644880 321
1644890 321
1644900 321
1644910 321
1644920 321
1644930 321
1644940 321
1644950 321
1644960 321
1644970 321
1644980 321
1644990 321
1645000 321
1645010 321
1645020 320
1645030 320
1645040 320
1645050 320
1645060 320
1645070 320
1645080 321
1645090 321
1645100 321
1645110 321
1645120 321
1645130 322
1645140 322
1645150 322
1645160 322
1645170 322
1645180 322
1645190 322
1645200 323
1645210 323
1645220 323
1645230 323
1645240 324
1645250 324
1645260 324
1645270 324
1645280 324
1645290 325
1645300 325
1645310 325
1645320 325
1645330 325
1645340 325
1645350 325
1645360 325
1645370 325
1645380 326
1645390 326
1645400 326
1645410 326
1645420 327
1645430 327
1645440 327
1645450 327
1645460 327
1645470 327
1645480 328
1645490 328
1645500 328
1645510 328
1645520 328
1645530 329
1645540 329
1645550 329
1645560 330
1645570 330
1645580 330
1645590 330
1645600 330
1645610 330
1645620 331
1645630 331
1645640 331
1645650 331
1645660 331
1645670 331
1645680 331
1645690 331
1645700 331
1645710 331
1645720 331
1645730 331
1645740 331
1645750 331
1645760 331
1645770 331
1645780 331
1645790 331
1645800 331
1645810 331
1645820 331
1645830 330
1645840 330
1645850 330
1645860 330
1645870 330
1645880 330
1645890 329
1645900 325
1645910 325
1645920 321
1645930 318
1645940 318
1645950 314
1645960 312
1645970 312
1645980 309
1645990 308
1646000 310
1646010 308
1646020 308
1646030 308
1646040 308
1646050 307
1646060 307
1646070 307
1646080 307
1646090 307
1646100 307
1646110 307
1646120 307
1646130 307
1646140 307
1646150 307
1646160 307
1646170 307
1646180 307
1646190 307
1646200 307
1646210 307
1646220 307
1646230 307
1646240 307
1646250 307
1646260 307
1646270 307
1646280 307
1646290 307
1646300 307
1646310 307
1646320 307
1646330 307
1646340 307
1646350 308
1646360 308
1646370 308
1646380 308
1646390 308
1646400 307
1646410 307
1646420 307
1646430 308
1646440 308
1646450 308
1646460 307
1646470 307
1646480 307
1646490 307
1646500 307
1646510 307
1646520 307
1646530 307
1646540 307
1646550 307
1646560 307
1646570 307
1646580 307
1646590 307
1646600 307
1646610 307
1646620 307
1646630 307
1646640 307
1646650 307
1646660 307
1646670 307
1646680 307
1646690 307
1646700 307
1646710 307
1646720 307
1646730 307
1646740 307
1646750 307
1646760 307
1646770 307
1646780 307
1646790 307
1646800 307
1646810 307
1646820 307
1646830 307
1646840 307
1646850 307
1646860 307
1646870 308
1646880 308
1646890 308
1646900 308
1646910 308
1646920 307
1646930 307
1646940 307
1646950 307
1646960 307
1646970 307
1646980 307
1646990 307
1647000 307
1647010 307
1647020 306
1647030 306
1647040 306
1647050 307
1647060 307
1647070 307
1647080 307
1647090 307
1647100 306
1647110 306
1647120 306
1647130 306
1647140 306
1647150 306
1647160 307
1647170 306
1647180 306
1647190 305
1647200 305
1647210 305
1647220 305
1647230 305
1647240 305
1647250 305
1647260 305
1647270 305
1647280 305
1647290 305
1647300 305
1647310 305
1647320 305
1647330 305
1647340 305
1647350 305
1647360 305
1647370 305
1647380 305
1647390 305
1647400 305
1647410 305
1647420 305
1647430 304
1647440 305
1647450 305
1647460 305
1647470 305
1647480 305
1647490 305
1647500 304
1647510 304
1647520 304
1647530 304
1647540 304
1647550 304
1647560 304
1647570 304
1647580 304
1647590 304
1647600 303
1647610 304
1647620 304
1647630 304
1647640 304
1647650 304
1647660 304
1647670 304
1647680 304
1647690 304
1647700 304
1647710 304
1647720 304
1647730 304
1647740 304
1647750 304
1647760 304
1647770 304
1647780 304
1647790 303
1647800 303
1647810 303
1647820 304
1647830 304
1647840 304
1647850 304
1647860 304
1647870 304
1647880 304
1647890 303
1647900 303
1647910 303
1647920 303
1647930 303
1647940 303
1647950 303
1647960 303
1647970 304
1647980 304
1647990 304
1648000 304
1648010 303
1648020 303
1648030 303
1648040 303
1648050 303
1648060 303
1648070 303
1648080 303
1648090 303
1648100 303
1648110 303
1648120 303
1648130 303
1648140 303
1648150 303
1648160 303
1648170 303
1648180 303
1648190 303
1648200 303
1648210 303
1648220 303
1648230 303
1648240 303
1648250 303
1648260 303
1648270 303
1648280 303
1648290 303
1648300 303
1648310 303
1648320 303
1648330 303
1648340 303
1648350 303
1648360 303
1648370 303
1648380 303
1648390 302
1648400 302
1648410 303
1648420 303
1648430 303
1648440 303
1648450 303
1648460 303
1648470 303
1648480 303
1648490 303
1648500 302
1648510 302
1648520 301
1648530 301
1648540 301
1648550 301
1648560 298
1648570 298
1648580 296
1648590 295
1648600 295
1648610 292
1648620 288
1648630 288
1648640 286
1648650 286
1648660 286
1648670 286
1648680 286
1648690 286
1648700 287
1648710 288
1648720 288
1648730 292
1648740 297
1648750 297
1648760 300
1648770 300
1648780 300
1648790 300
1648800 300
1648810 300
1648820 300
1648830 300
1648840 300
1648850 300
1648860 300
1648870 300
1648880 301
1648890 301
1648900 301
1648910 300
1648920 301
1648930 301
1648940 301
1648950 301
1648960 301
1648970 301
1648980 301
1648990 301
1649000 301
1649010 301
1649020 301
1649030 301
1649040 301
1649050 301
1649060 301
1649070 301
1649080 301
1649090 301
1649100 301
1649110 301
1649120 301
1649130 301
1649140 301
1649150 301
1649160 301
1649170 301
1649180 301
1649190 301
1649200 301
1649210 300
1649220 300
1649230 300
1649240 300
1649250 301
1649260 301
1649270 301
1649280 301
1649290 301
1649300 302
1649310 301
1649320 301
1649330 301
1649340 301
1649350 301
1649360 301
1649370 301
1649380 300
1649390 300
1649400 300
1649410 300
1649420 300
1649430 300
1649440 300
1649450 300
1649460 300
1649470 300
1649480 300
1649490 300
1649500 299
1649510 299
1649520 299
1649530 300
1649540 300
1649550 300
1649560 300
1649570 300
1649580 300
1649590 300
1649600 300
1649610 301
1649620 301
1649630 301
1649640 301
1649650 301
1649660 301
1649670 301
1649680 303
1649690 303
1649700 308
1649710 315
1649720 315
1649730 321
1649740 323
1649750 323
1649760 324
1649770 324
1649780 324
1649790 324
1649800 324
1649810 324
1649820 325
1649830 325
1649840 325
1649850 325
1649860 325
1649870 325
1649880 325
1649890 325
1649900 325
1649910 325
1649920 325
1649930 325
1649940 325
1649950 325
1649960 325
1649970 325
1649980 325
1649990 325
1650000 325
1650010 325
1650020 325
1650030 325
1650040 325
1650050 325
1650060 324
1650070 324
1650080 324
1650090 324
1650100 323
1650110 323
1650120 323
1650130 323
1650140 323
1650150 323
1650160 322
1650170 322
1650180 322
1650190 322
1650200 322
1650210 322
1650220 321
1650230 321
1650240 321
1650250 321
1650260 321
1650270 321
1650280 321
1650290 321
1650300 320
1650310 320
1650320 320
1650330 320
1650340 321
1650350 321
1650360 321
1650370 320
1650380 320
1650390 320
1650400 320
1650410 320
1650420 321
1650430 321
1650440 321
1650450 320
1650460 320
1650470 320
1650480 320
1650490 320
1650500 320
1650510 320
1650520 320
1650530 320
1650540 320
1650550 320
1650560 320
1650570 320
1650580 320
1650590 320
1650600 320
1650610 320
1650620 320
1650630 320
1650640 320
1650650 320
1650660 320
1650670 320
1650680 320
1650690 319
1650700 319
1650710 319
1650720 319
1650730 319
1650740 319
1650750 319
1650760 319
1650770 318
1650780 318
1650790 318
1650800 318
1650810 318
1650820 318
1650830 318
1650840 318
1650850 318
1650860 318
1650870 318
1650880 318
1650890 318
1650900 318
1650910 318
1650920 318
1650930 318
1650940 318
1650950 317
1650960 317
1650970 317
1650980 317
1650990 317
1651000 317
1651010 317
1651020 317
1651030 317
1651040 317
1651050 317
1651060 317
1651070 317
1651080 317
1651090 317
1651100 317
1651110 317
1651120 317
1651130 317
1651140 317
1651150 317
1651160 317
1651170 317
1651180 317
1651190 317
1651200 317
1651210 317
1651220 316
1651230 316
1651240 315
1651250 316
1651260 316
1651270 316
1651280 316
1651290 316
1651300 316
1651310 316
1651320 316
1651330 316
1651340 316
1651350 316
1651360 316
1651370 316
1651380 316
1651390 316
1651400 315
1651410 315
1651420 315
1651430 315
1651440 315
1651450 315
1651460 315
1651470 315
1651480 316
1651490 315
1651500 315
1651510 315
1651520 316
1651530 316
1651540 316
1651550 316
1651560 316
1651570 315
1651580 315
1651590 315
1651600 315
1651610 315
1651620 315
1651630 315
1651640 315
1651650 315
1651660 315
1651670 315
1651680 315
1651690 315
1651700 315
1651710 315
1651720 314
1651730 314
1651740 314
1651750 314
1651760 314
1651770 314
1651780 314
1651790 314
1651800 314
1651810 314
1651820 314
1651830 314
1651840 314
1651850 314
1651860 314
1651870 314
1651880 313
1651890 313
1651900 313
1651910 313
1651920 313
1651930 314
1651940 314
1651950 314
1651960 314
1651970 313
1651980 313
1651990 313
1652000 312
1652010 312
1652020 312
1652030 312
1652040 312
1652050 312
1652060 312
1652070 312
1652080 312
1652090 312
1652100 312
1652110 312
1652120 312
1652130 312
1652140 312
1652150 312
1652160 313
1652170 313
1652180 313
1652190 313
1652200 313
1652210 313
1652220 313
1652230 313
1652240 313
1652250 313
1652260 313
1652270 313
1652280 313
1652290 313
1652300 313
1652310 313
1652320 313
1652330 313
1652340 313
1652350 313
1652360 313
1652370 313
1652380 313
1652390 313
1652400 313
1652410 313
1652420 313
1652430 313
1652440 313
1652450 313
1652460 313
1652470 313
1652480 312
1652490 312
1652500 312
1652510 312
1652520 312
1652530 312
1652540 312
1652550 312
1652560 312
1652570 312
1652580 312
1652590 312
1652600 312
1652610 312
1652620 312
1652630 312
1652640 312
1652650 312
1652660 312
1652670 312
1652680 312
1652690 312
1652700 312
1652710 312
1652720 312
1652730 312
1652740 312
1652750 312
1652760 312
1652770 312
1652780 312
1652790 312
1652800 312
1652810 312
1652820 312
1652830 312
1652840 312
1652850 312
1652860 312
1652870 312
1652880 311
1652890 311
1652900 311
1652910 311
1652920 311
1652930 311
1652940 311
1652950 311
1652960 311
1652970 311
1652980 311
1652990 311
1653000 311
1653010 311
1653020 311
1653030 311
1653040 311
1653050 311
1653060 311
1653070 311
1653080 311
1653090 311
1653100 311
1653110 311
1653120 311
1653130 311
1653140 311
1653150 311
1653160 311
1653170 311
1653180 311
1653190 311
1653200 311
1653210 311
1653220 311
1653230 311
1653240 311
1653250 311
1653260 311
1653270 311
1653280 311
1653290 311
1653300 311
1653310 311
1653320 311
1653330 311
1653340 311
1653350 310
1653360 310
1653370 310
1653380 310
1653390 310
1653400 310
1653410 310
1653420 310
1653430 310
1653440 310
1653450 310
1653460 310
1653470 310
1653480 310
1653490 310
1653500 310
1653510 310
1653520 310
1653530 310
1653540 310
1653550 310
1653560 310
1653570 310
1653580 310
1653590 310
1653600 310
1653610 309
1653620 309
1653630 308
1653640 308
1653650 308
1653660 309
1653670 309
1653680 309
1653690 309
1653700 308
1653710 308
1653720 308
1653730 307
1653740 307
1653750 307
1653760 307
1653770 307
1653780 307
1653790 307
1653800 307
1653810 307
1653820 307
1653830 307
1653840 306
1653850 305
1653860 305
1653870 305
1653880 304
1653890 304
1653900 303
1653910 303
1653920 303
1653930 302
1653940 302
1653950 302
1653960 301
1653970 301
1653980 301
1653990 301
1654000 301
1654010 301
1654020 300
1654030 300
1654040 300
1654050 300
1654060 300
1654070 300
1654080 300
1654090 300
1654100 300
1654110 300
1654120 300
1654130 300
1654140 300
1654150 301
1654160 301
1654170 301
1654180 301
1654190 301
1654200 301
1654210 301
1654220 301
1654230 301
1654240 301
1654250 301
1654260 301
1654270 301
1654280 301
1654290 301
1654300 300
1654310 300
1654320 300
1654330 300
1654340 300
1654350 299
1654360 298
1654370 298
1654380 298
1654390 298
1654400 298
1654410 298
1654420 297
1654430 297
1654440 297
1654450 297
1654460 297
1654470 297
1654480 297
1654490 297
1654500 297
1654510 297
1654520 297
1654530 297
1654540 297
1654550 297
1654560 297
1654570 297
1654580 297
1654590 297
1654600 297
1654610 297
1654620 297
1654630 297
1654640 297
1654650 297
1654660 297
1654670 297
1654680 298
1654690 297
1654700 297
1654710 297
1654720 297
1654730 297
1654740 297
1654750 297
1654760 297
1654770 297
1654780 298
1654790 298
1654800 298
1654810 298
1654820 298
1654830 298
1654840 297
1654850 297
1654860 297
1654870 297
1654880 297
1654890 297
1654900 297
1654910 297
1654920 297
1654930 298
1654940 298
1654950 298
1654960 299
1654970 300
1654980 300
1654990 300
1655000 301
1655010 301
1655020 301
1655030 302
1655040 302
1655050 302
1655060 302
1655070 302
1655080 302
1655090 302
1655100 302
1655110 302
1655120 302
1655130 302
1655140 302
1655150 302
1655160 302
1655170 302
1655180 302
1655190 302
1655200 302
1655210 302
1655220 302
1655230 302
1655240 303
1655250 303
1655260 303
1655270 303
1655280 303
1655290 303
1655300 303
1655310 303
1655320 303
1655330 303
1655340 303
1655350 303
1655360 303
1655370 303
1655380 303
1655390 303
1655400 303
1655410 303
1655420 303
1655430 303
1655440 303
1655450 303
1655460 303
1655470 303
1655480 303
1655490 303
1655500 303
1655510 303
1655520 303
1655530 303
1655540 303
1655550 303
1655560 303
1655570 303
1655580 303
1655590 303
1655600 303
1655610 303
1655620 303
1655630 303
1655640 303
1655650 303
1655660 303
1655670 303
1655680 303
1655690 303
1655700 303
1655710 303
1655720 303
1655730 303
1655740 303
1655750 303
1655760 303
1655770 302
1655780 302
1655790 302
1655800 302
1655810 302
1655820 302
1655830 302
1655840 302
1655850 302
1655860 302
1655870 302
1655880 302
1655890 302
1655900 302
1655910 302
1655920 302
1655930 302
1655940 302
1655950 302
1655960 302
1655970 302
1655980 302
1655990 302
1656000 302
1656010 302
1656020 302
1656030 302
1656040 302
1656050 303
1656060 303
1656070 303
1656080 302
1656090 302
1656100 302
1656110 302
1656120 302
1656130 302
1656140 302
1656150 302
1656160 302
1656170 302
1656180 302
1656190 302
1656200 302
1656210 302
1656220 301
1656230 301
1656240 301
1656250 301
1656260 301
1656270 301
1656280 301
1656290 302
1656300 302
1656310 302
1656320 302
1656330 302
1656340 302
1656350 301
1656360 300
1656370 300
1656380 299
1656390 299
1656400 299
1656410 299
1656420 299
1656430 299
1656440 299
1656450 299
1656460 299
1656470 300
1656480 300
1656490 300
1656500 300
1656510 300
1656520 300
1656530 299
1656540 296
1656550 296
1656560 292
1656570 289
1656580 289
1656590 286
1656600 285
1656610 285
1656620 285
1656630 286
1656640 286
1656650 286
1656660 285
1656670 285
1656680 285
1656690 285
1656700 285
1656710 284
1656720 284
1656730 284
1656740 284
1656750 284
1656760 284
1656770 284
1656780 284
1656790 284
1656800 284
1656810 284
1656820 284
1656830 284
1656840 283
1656850 283
1656860 283
1656870 283
1656880 283
1656890 283
1656900 283
1656910 283
1656920 283
1656930 283
1656940 283
1656950 283
1656960 283
1656970 283
1656980 283
1656990 283
1657000 283
1657010 283
1657020 283
1657030 283
1657040 283
1657050 283
1657060 283
1657070 283
1657080 283
1657090 283
1657100 283
1657110 283
1657120 283
1657130 283
1657140 283
1657150 283
1657160 283
1657170 283
1657180 283
1657190 283
1657200 283
1657210 283
1657220 283
1657230 282
1657240 282
1657250 282
1657260 282
1657270 282
1657280 282
1657290 282
1657300 282
1657310 282
1657320 282
1657330 282
1657340 282
1657350 281
1657360 281
1657370 281
1657380 281
1657390 281
1657400 281
1657410 281
1657420 281
1657430 281
1657440 281
1657450 281
1657460 281
1657470 281
1657480 281
1657490 281
1657500 280
1657510 280
1657520 279
1657530 281
1657540 281
1657550 281
1657560 281
1657570 281
1657580 281
1657590 281
1657600 281
1657610 281
1657620 281
1657630 281
1657640 281
1657650 281
1657660 281
1657670 281
1657680 281
1657690 280
1657700 280
1657710 280
1657720 280
1657730 280
1657740 279
1657750 278
1657760 278
1657770 280
1657780 281
1657790 281
1657800 281
1657810 280
1657820 280
1657830 280
1657840 280
1657850 280
1657860 280
1657870 280
1657880 280
1657890 278
1657900 279
1657910 279
1657920 280
1657930 280
1657940 280
1657950 280
1657960 280
1657970 280
1657980 280
1657990 280
1658000 280
1658010 280
1658020 279
1658030 279
1658040 279
1658050 279
1658060 279
1658070 279
1658080 279
1658090 279
1658100 279
1658110 279
1658120 279
1658130 279
1658140 279
1658150 279
1658160 279
1658170 279
1658180 279
1658190 279
1658200 279
1658210 279
1658220 278
1658230 278
1658240 278
1658250 278
1658260 278
1658270 278
1658280 278
1658290 278
1658300 278
1658310 278
1658320 278
1658330 278
1658340 278
1658350 278
1658360 278
1658370 278
1658380 278
1658390 278
1658400 278
1658410 278
1658420 278
1658430 278
1658440 277
1658450 277
1658460 277
1658470 277
1658480 277
1658490 277
1658500 277
1658510 277
1658520 277
1658530 277
1658540 277
1658550 277
1658560 277
1658570 277
1658580 277
1658590 277
1658600 277
1658610 277
1658620 277
1658630 277
1658640 277
1658650 277
1658660 277
1658670 277
1658680 277
1658690 277
1658700 277
1658710 277
1658720 277
1658730 277
1658740 277
1658750 277
1658760 277
1658770 277
1658780 277
1658790 277
1658800 277
1658810 277
1658820 277
1658830 277
1658840 277
1658850 277
1658860 278
1658870 278
1658880 278
1658890 279
1658900 279
1658910 280
1658920 280
1658930 280
1658940 280
1658950 280
1658960 280
1658970 280
1658980 280
1658990 280
1659000 280
1659010 280
1659020 280
1659030 280
1659040 280
1659050 280
1659060 280
1659070 279
1659080 279
1659090 279
1659100 279
1659110 279
1659120 279
1659130 279
1659140 279
1659150 279
1659160 279
1659170 279
1659180 279
1659190 280
1659200 280
1659210 280
1659220 280
1659230 280
1659240 280
1659250 280
1659260 280
1659270 280
1659280 280
1659290 280
1659300 280
1659310 280
1659320 281
1659330 281
1659340 285
1659350 290
1659360 290
1659370 292
1659380 293
1659390 293
1659400 293
1659410 293
1659420 293
1659430 294
1659440 294
1659450 294
1659460 294
1659470 295
1659480 295
1659490 295
1659500 295
1659510 295
1659520 295
1659530 296
1659540 296
1659550 296
1659560 296
1659570 296
1659580 296
1659590 296
1659600 296
1659610 296
1659620 297
1659630 297
1659640 297
1659650 297
1659660 297
1659670 297
1659680 298
1659690 298
1659700 298
1659710 298
1659720 298
1659730 298
1659740 298
1659750 298
1659760 299
1659770 299
1659780 299
1659790 299
1659800 300
1659810 300
1659820 300
1659830 300
1659840 300
1659850 300
1659860 300
1659870 300
1659880 301
1659890 301
1659900 301
1659910 302
1659920 302
1659930 302
1659940 303
1659950 304
1659960 304
1659970 304
1659980 304
1659990 304
