1640000 380
1640010 380
1640020 381
1640030 381
1640040 382
1640050 382
1640060 382
1640070 382
1640080 383
1640090 383
1640100 383
1640110 383
1640120 383
1640130 383
1640140 383
1640150 383
1640160 382
1640170 381
1640180 381
1640190 381
1640200 381
1640210 381
1640220 380
1640230 380
1640240 380
1640250 379
1640260 379
1640270 379
1640280 378
1640290 377
1640300 377
1640310 376
1640320 375
1640330 375
1640340 375
1640350 374
1640360 373
1640370 373
1640380 371
1640390 370
1640400 370
1640410 369
1640420 368
1640430 368
1640440 367
1640450 366
1640460 366
1640470 364
1640480 363
1640490 363
1640500 362
1640510 360
1640520 360
1640530 359
1640540 358
1640550 358
1640560 356
1640570 355
1640580 355
1640590 354
1640600 353
1640610 353
1640620 352
1640630 351
1640640 351
1640650 350
1640660 349
1640670 349
1640680 349
1640690 348
1640700 348
1640710 347
1640720 347
1640730 347
1640740 346
1640750 345
1640760 345
1640770 343
1640780 342
1640790 342
1640800 342
1640810 344
1640820 344
1640830 345
1640840 347
1640850 347
1640860 348
1640870 350
1640880 350
1640890 351
1640900 352
1640910 352
1640920 354
1640930 355
1640940 355
1640950 356
1640960 357
1640970 357
1640980 358
1640990 359
1641000 359
1641010 360
1641020 360
1641030 361
1641040 362
1641050 362
1641060 362
1641070 363
1641080 363
1641090 363
1641100 363
1641110 363
1641120 363
1641130 363
1641140 363
1641150 363
1641160 363
1641170 363
1641180 363
1641190 363
1641200 362
1641210 362
1641220 362
1641230 361
1641240 361
1641250 361
1641260 360
1641270 360
1641280 359
1641290 359
1641300 359
1641310 358
1641320 358
1641330 358
1641340 357
1641350 356
1641360 356
1641370 355
1641380 355
1641390 355
1641400 354
1641410 353
1641420 353
1641430 352
1641440 351
1641450 351
1641460 350
1641470 349
1641480 349
1641490 348
1641500 347
1641510 347
1641520 346
1641530 345
1641540 345
1641550 344
1641560 343
1641570 343
1641580 342
1641590 342
1641600 342
1641610 341
1641620 340
1641630 340
1641640 339
1641650 338
1641660 338
1641670 338
1641680 337
1641690 337
1641700 337
1641710 336
1641720 336
1641730 335
1641740 334
1641750 334
1641760 333
1641770 333
1641780 333
1641790 332
1641800 331
1641810 331
1641820 331
1641830 331
1641840 331
1641850 330
1641860 330
1641870 330
1641880 329
1641890 328
1641900 328
1641910 327
1641920 327
1641930 326
1641940 326
1641950 326
1641960 327
1641970 327
1641980 328
1641990 328
1642000 328
1642010 329
1642020 330
1642030 330
1642040 331
1642050 331
1642060 331
1642070 332
1642080 333
1642090 333
1642100 334
1642110 335
1642120 335
1642130 336
1642140 336
1642150 336
1642160 337
1642170 337
1642180 337
1642190 339
1642200 340
1642210 340
1642220 340
1642230 341
1642240 341
1642250 341
1642260 342
1642270 342
1642280 344
1642290 346
1642300 346
1642310 347
1642320 349
1642330 349
1642340 350
1642350 352
1642360 352
1642370 353
1642380 355
1642390 355
1642400 356
1642410 358
1642420 358
1642430 360
1642440 361
1642450 361
1642460 363
1642470 365
1642480 365
1642490 366
1642500 368
1642510 368
1642520 369
1642530 371
1642540 371
1642550 372
1642560 373
1642570 373
1642580 375
1642590 376
1642600 376
1642610 377
1642620 378
1642630 378
1642640 379
1642650 380
1642660 380
1642670 381
1642680 381
1642690 381
1642700 382
1642710 382
1642720 382
1642730 383
1642740 384
1642750 384
1642760 384
1642770 385
1642780 385
1642790 385
1642800 386
1642810 386
1642820 386
1642830 386
1642840 386
1642850 386
1642860 386
1642870 386
1642880 387
1642890 387
1642900 387
1642910 387
1642920 387
1642930 387
1642940 387
1642950 387
1642960 387
1642970 387
1642980 387
1642990 387
1643000 386
1643010 386
1643020 386
1643030 387
1643040 387
1643050 387
1643060 387
1643070 387
1643080 387
1643090 387
1643100 387
1643110 387
1643120 387
1643130 387
1643140 387
1643150 387
1643160 387
1643170 387
1643180 387
1643190 387
1643200 387
1643210 387
1643220 387
1643230 387
1643240 387
1643250 387
1643260 387
1643270 387
1643280 388
1643290 388
1643300 387
1643310 388
1643320 388
1643330 388
1643340 388
1643350 388
1643360 388
1643370 387
1643380 387
1643390 387
1643400 387
1643410 387
1643420 387
1643430 387
1643440 387
1643450 386
1643460 386
1643470 386
1643480 385
1643490 385
1643500 385
1643510 384
1643520 383
1643530 383
1643540 383
1643550 382
1643560 381
1643570 381
1643580 380
1643590 380
1643600 380
1643610 379
1643620 378
1643630 378
1643640 377
1643650 376
1643660 376
1643670 374
1643680 373
1643690 373
1643700 372
1643710 370
1643720 370
1643730 368
1643740 367
1643750 367
1643760 366
1643770 364
1643780 364
1643790 363
1643800 361
1643810 361
1643820 360
1643830 358
1643840 358
1643850 357
1643860 355
1643870 355
1643880 353
1643890 350
1643900 350
1643910 347
1643920 349
1643930 349
1643940 350
1643950 352
1643960 352
1643970 353
1643980 354
1643990 354
1644000 355
1644010 357
1644020 357
1644030 359
1644040 360
1644050 360
1644060 362
1644070 364
1644080 364
1644090 365
1644100 366
1644110 366
1644120 367
1644130 368
1644140 368
1644150 370
1644160 371
1644170 371
1644180 371
1644190 372
1644200 372
1644210 372
1644220 373
1644230 373
1644240 373
1644250 373
1644260 373
1644270 372
1644280 372
1644290 372
1644300 372
1644310 372
1644320 372
1644330 371
1644340 370
1644350 370
1644360 370
1644370 369
1644380 369
1644390 368
1644400 367
1644410 367
1644420 367
1644430 366
1644440 366
1644450 365
1644460 364
1644470 364
1644480 363
1644490 362
1644500 362
1644510 361
1644520 360
1644530 360
1644540 359
1644550 357
1644560 357
1644570 356
1644580 355
1644590 355
1644600 354
1644610 352
1644620 352
1644630 351
1644640 350
1644650 350
1644660 349
1644670 348
1644680 348
1644690 347
1644700 345
1644710 345
1644720 343
1644730 342
1644740 342
1644750 340
1644760 337
1644770 337
1644780 335
1644790 333
1644800 333
1644810 331
1644820 329
1644830 329
1644840 329
1644850 329
1644860 329
1644870 330
1644880 332
1644890 332
1644900 335
1644910 337
1644920 337
1644930 340
1644940 342
1644950 342
1644960 345
1644970 347
1644980 347
1644990 349
1645000 351
1645010 351
1645020 354
1645030 356
1645040 356
1645050 358
1645060 361
1645070 361
1645080 363
1645090 365
1645100 365
1645110 366
1645120 368
1645130 368
1645140 370
1645150 371
1645160 373
1645170 373
1645180 374
1645190 374
1645200 374
1645210 375
1645220 376
1645230 376
1645240 376
1645250 377
1645260 377
1645270 378
1645280 379
1645290 379
1645300 379
1645310 380
1645320 380
1645330 380
1645340 380
1645350 380
1645360 380
1645370 380
1645380 380
1645390 380
1645400 380
1645410 380
1645420 380
1645430 380
1645440 380
1645450 380
1645460 380
1645470 380
1645480 380
1645490 380
1645500 380
1645510 380
1645520 380
1645530 380
1645540 380
1645550 380
1645560 380
1645570 380
1645580 380
1645590 380
1645600 380
1645610 380
1645620 380
1645630 379
1645640 379
1645650 379
1645660 379
1645670 379
1645680 379
1645690 379
1645700 379
1645710 379
1645720 379
1645730 379
1645740 379
1645750 379
1645760 378
1645770 378
1645780 378
1645790 378
1645800 378
1645810 378
1645820 377
1645830 377
1645840 377
1645850 377
1645860 377
1645870 376
1645880 376
1645890 376
1645900 375
1645910 375
1645920 374
1645930 374
1645940 374
1645950 374
1645960 374
1645970 373
1645980 373
1645990 373
1646000 372
1646010 372
1646020 372
1646030 372
1646040 372
1646050 371
1646060 371
1646070 371
1646080 371
1646090 370
1646100 370
1646110 370
1646120 369
1646130 369
1646140 369
1646150 368
1646160 368
1646170 368
1646180 368
1646190 368
1646200 367
1646210 367
1646220 367
1646230 366
1646240 366
1646250 366
1646260 365
1646270 364
1646280 364
1646290 364
1646300 363
1646310 363
1646320 363
1646330 362
1646340 362
1646350 362
1646360 361
1646370 361
1646380 360
1646390 359
1646400 359
1646410 359
1646420 358
1646430 358
1646440 357
1646450 357
1646460 357
1646470 356
1646480 355
1646490 355
1646500 355
1646510 354
1646520 354
1646530 353
1646540 352
1646550 352
1646560 352
1646570 351
1646580 351
1646590 350
1646600 349
1646610 349
1646620 349
1646630 348
1646640 348
1646650 347
1646660 346
1646670 346
1646680 346
1646690 345
1646700 345
1646710 344
1646720 343
1646730 343
1646740 342
1646750 341
1646760 341
1646770 341
1646780 340
1646790 339
1646800 339
1646810 339
1646820 338
1646830 338
1646840 337
1646850 336
1646860 336
1646870 336
1646880 335
1646890 335
1646900 334
1646910 334
1646920 334
1646930 333
1646940 332
1646950 332
1646960 331
1646970 331
1646980 331
1646990 330
1647000 329
1647010 329
1647020 329
1647030 328
1647040 328
1647050 327
1647060 326
1647070 326
1647080 325
1647090 324
1647100 324
1647110 324
1647120 323
1647130 323
1647140 322
1647150 320
1647160 320
1647170 318
1647180 317
1647190 317
1647200 316
1647210 312
1647220 312
1647230 312
1647240 311
1647250 311
1647260 311
1647270 310
1647280 310
1647290 308
1647300 308
1647310 308
1647320 307
1647330 307
1647340 307
1647350 306
1647360 305
1647370 305
1647380 301
1647390 300
1647400 300
1647410 299
1647420 299
1647430 299
1647440 299
1647450 298
1647460 298
1647470 298
1647480 297
1647490 297
1647500 295
1647510 297
1647520 297
1647530 296
1647540 296
1647550 296
1647560 296
1647570 296
1647580 296
1647590 296
1647600 296
1647610 296
1647620 296
1647630 295
1647640 295
1647650 295
1647660 295
1647670 295
1647680 295
1647690 294
1647700 294
1647710 294
1647720 293
1647730 293
1647740 292
1647750 292
1647760 292
1647770 292
1647780 292
1647790 292
1647800 293
1647810 292
1647820 292
1647830 292
1647840 291
1647850 291
1647860 291
1647870 291
1647880 291
1647890 291
1647900 291
1647910 291
1647920 290
1647930 290
1647940 290
1647950 290
1647960 290
1647970 290
1647980 290
1647990 290
1648000 290
1648010 290
1648020 290
1648030 290
1648040 290
1648050 290
1648060 290
1648070 290
1648080 290
1648090 290
1648100 290
1648110 290
1648120 290
1648130 290
1648140 290
1648150 290
1648160 290
1648170 289
1648180 289
1648190 289
1648200 289
1648210 289
1648220 289
1648230 289
1648240 289
1648250 289
1648260 289
1648270 289
1648280 289
1648290 289
1648300 289
1648310 289
1648320 289
1648330 289
1648340 289
1648350 289
1648360 289
1648370 289
1648380 290
1648390 290
1648400 290
1648410 290
1648420 290
1648430 290
1648440 288
1648450 289
1648460 289
1648470 290
1648480 290
1648490 290
1648500 290
1648510 290
1648520 290
1648530 290
1648540 290
1648550 290
1648560 290
1648570 290
1648580 290
1648590 290
1648600 290
1648610 290
1648620 289
1648630 289
1648640 289
1648650 289
1648660 289
1648670 289
1648680 289
1648690 289
1648700 289
1648710 289
1648720 289
1648730 289
1648740 289
1648750 289
1648760 289
1648770 289
1648780 289
1648790 289
1648800 289
1648810 289
1648820 289
1648830 289
1648840 289
1648850 289
1648860 289
1648870 289
1648880 289
1648890 289
1648900 289
1648910 289
1648920 289
1648930 289
1648940 289
1648950 289
1648960 288
1648970 288
1648980 288
1648990 288
1649000 288
1649010 288
1649020 288
1649030 288
1649040 288
1649050 288
1649060 288
1649070 288
1649080 288
1649090 288
1649100 288
1649110 288
1649120 288
1649130 288
1649140 288
1649150 288
1649160 288
1649170 287
1649180 287
1649190 287
1649200 287
1649210 287
1649220 287
1649230 287
1649240 287
1649250 287
1649260 287
1649270 287
1649280 287
1649290 287
1649300 287
1649310 288
1649320 288
1649330 288
1649340 289
1649350 289
1649360 289
1649370 289
1649380 289
1649390 289
1649400 288
1649410 288
1649420 288
1649430 288
1649440 288
1649450 288
1649460 288
1649470 289
1649480 289
1649490 289
1649500 289
1649510 289
1649520 290
1649530 291
1649540 291
1649550 292
1649560 292
1649570 292
1649580 292
1649590 292
1649600 292
1649610 292
1649620 292
1649630 292
1649640 293
1649650 293
1649660 293
1649670 293
1649680 291
1649690 291
1649700 290
1649710 290
1649720 290
1649730 291
1649740 291
1649750 291
1649760 290
1649770 290
1649780 290
1649790 291
1649800 290
1649810 290
1649820 292
1649830 293
1649840 293
1649850 293
1649860 293
1649870 293
1649880 293
1649890 293
1649900 293
1649910 292
1649920 292
1649930 292
1649940 292
1649950 292
1649960 292
1649970 293
1649980 293
1649990 293
1650000 292
1650010 292
1650020 292
1650030 292
1650040 292
1650050 292
1650060 292
1650070 292
1650080 293
1650090 293
1650100 292
1650110 292
1650120 292
1650130 292
1650140 292
1650150 292
1650160 292
1650170 292
1650180 292
1650190 292
1650200 293
1650210 293
1650220 293
1650230 292
1650240 292
1650250 292
1650260 292
1650270 292
1650280 292
1650290 293
1650300 293
1650310 293
1650320 293
1650330 293
1650340 292
1650350 290
1650360 290
1650370 288
1650380 287
1650390 287
1650400 288
1650410 291
1650420 291
1650430 291
1650440 287
1650450 287
1650460 286
1650470 285
1650480 285
1650490 285
1650500 285
1650510 285
1650520 285
1650530 285
1650540 285
1650550 285
1650560 284
1650570 284
1650580 284
1650590 285
1650600 285
1650610 285
1650620 285
1650630 285
1650640 283
1650650 283
1650660 282
1650670 282
1650680 281
1650690 281
1650700 281
1650710 281
1650720 281
1650730 281
1650740 281
1650750 281
1650760 282
1650770 282
1650780 282
1650790 281
1650800 281
1650810 281
1650820 282
1650830 281
1650840 281
1650850 280
1650860 281
1650870 281
1650880 285
1650890 289
1650900 289
1650910 289
1650920 289
1650930 289
1650940 287
1650950 282
1650960 282
1650970 281
1650980 280
1650990 280
1651000 281
1651010 282
1651020 282
1651030 280
1651040 281
1651050 281
1651060 281
1651070 280
1651080 280
1651090 280
1651100 280
1651110 280
1651120 280
1651130 280
1651140 280
1651150 280
1651160 280
1651170 280
1651180 280
1651190 281
1651200 281
1651210 284
1651220 288
1651230 288
1651240 290
1651250 290
1651260 290
1651270 290
1651280 290
1651290 290
1651300 290
1651310 290
1651320 290
1651330 290
1651340 290
1651350 290
1651360 290
1651370 290
1651380 290
1651390 289
1651400 289
1651410 289
1651420 288
1651430 288
1651440 288
1651450 288
1651460 288
1651470 288
1651480 288
1651490 288
1651500 288
1651510 288
1651520 288
1651530 288
1651540 288
1651550 288
1651560 288
1651570 288
1651580 288
1651590 288
1651600 288
1651610 288
1651620 288
1651630 288
1651640 288
1651650 287
1651660 287
1651670 288
1651680 287
1651690 287
1651700 287
1651710 287
1651720 287
1651730 288
1651740 288
1651750 288
1651760 288
1651770 288
1651780 288
1651790 288
1651800 287
1651810 287
1651820 287
1651830 287
1651840 287
1651850 287
1651860 287
1651870 287
1651880 287
1651890 287
1651900 287
1651910 287
1651920 286
1651930 286
1651940 286
1651950 286
1651960 286
1651970 286
1651980 286
1651990 286
1652000 286
1652010 286
1652020 286
1652030 286
1652040 286
1652050 286
1652060 286
1652070 286
1652080 286
1652090 284
1652100 284
1652110 284
1652120 285
1652130 284
1652140 284
1652150 285
1652160 285
1652170 285
1652180 284
1652190 283
1652200 283
1652210 283
1652220 283
1652230 283
1652240 283
1652250 283
1652260 283
1652270 283
1652280 283
1652290 283
1652300 283
1652310 283
1652320 283
1652330 283
1652340 283
1652350 283
1652360 283
1652370 283
1652380 283
1652390 283
1652400 283
1652410 283
1652420 283
1652430 283
1652440 283
1652450 283
1652460 283
1652470 283
1652480 282
1652490 282
1652500 282
1652510 282
1652520 282
1652530 282
1652540 282
1652550 282
1652560 282
1652570 282
1652580 282
1652590 282
1652600 282
1652610 283
1652620 283
1652630 283
1652640 283
1652650 283
1652660 282
1652670 279
1652680 279
1652690 278
1652700 278
1652710 278
1652720 278
1652730 278
1652740 278
1652750 278
1652760 279
1652770 279
1652780 282
1652790 283
1652800 283
1652810 283
1652820 282
1652830 282
1652840 282
1652850 282
1652860 282
1652870 282
1652880 282
1652890 282
1652900 282
1652910 282
1652920 282
1652930 282
1652940 282
1652950 282
1652960 282
1652970 282
1652980 282
1652990 282
1653000 282
1653010 282
1653020 282
1653030 282
1653040 282
1653050 282
1653060 282
1653070 282
1653080 282
1653090 282
1653100 282
1653110 283
1653120 283
1653130 283
1653140 283
1653150 283
1653160 283
1653170 283
1653180 283
1653190 283
1653200 283
1653210 283
1653220 283
1653230 283
1653240 282
1653250 282
1653260 282
1653270 283
1653280 283
1653290 283
1653300 283
1653310 282
1653320 282
1653330 282
1653340 282
1653350 282
1653360 283
1653370 283
1653380 283
1653390 282
1653400 282
1653410 282
1653420 282
1653430 282
1653440 282
1653450 282
1653460 282
1653470 282
1653480 282
1653490 282
1653500 282
1653510 282
1653520 282
1653530 282
1653540 282
1653550 282
1653560 282
1653570 282
1653580 282
1653590 282
1653600 282
1653610 282
1653620 282
1653630 282
1653640 282
1653650 282
1653660 282
1653670 282
1653680 282
1653690 281
1653700 281
1653710 281
1653720 281
1653730 281
1653740 281
1653750 281
1653760 281
1653770 281
1653780 281
1653790 281
1653800 281
1653810 281
1653820 281
1653830 281
1653840 281
1653850 281
1653860 281
1653870 281
1653880 281
1653890 281
1653900 281
1653910 281
1653920 281
1653930 281
1653940 281
1653950 281
1653960 281
1653970 281
1653980 281
1653990 281
1654000 281
1654010 281
1654020 280
1654030 280
1654040 280
1654050 280
1654060 280
1654070 280
1654080 279
1654090 279
1654100 279
1654110 279
1654120 278
1654130 278
1654140 278
1654150 279
1654160 279
1654170 279
1654180 279
1654190 279
1654200 279
1654210 279
1654220 279
1654230 279
1654240 278
1654250 278
1654260 278
1654270 278
1654280 278
1654290 278
1654300 278
1654310 278
1654320 278
1654330 278
1654340 278
1654350 278
1654360 279
1654370 279
1654380 279
1654390 278
1654400 278
1654410 278
1654420 278
1654430 278
1654440 278
1654450 278
1654460 278
1654470 279
1654480 279
1654490 279
1654500 279
1654510 279
1654520 279
1654530 279
1654540 279
1654550 279
1654560 279
1654570 279
1654580 279
1654590 279
1654600 279
1654610 279
1654620 279
1654630 279
1654640 279
1654650 279
1654660 280
1654670 280
1654680 280
1654690 281
1654700 281
1654710 281
1654720 281
1654730 281
1654740 281
1654750 281
1654760 281
1654770 281
1654780 281
1654790 281
1654800 281
1654810 282
1654820 282
1654830 282
1654840 282
1654850 282
1654860 282
1654870 281
1654880 281
1654890 281
1654900 281
1654910 281
1654920 281
1654930 281
1654940 281
1654950 281
1654960 281
1654970 281
1654980 281
1654990 281
1655000 281
1655010 281
1655020 281
1655030 281
1655040 281
1655050 281
1655060 281
1655070 281
1655080 281
1655090 281
1655100 281
1655110 281
1655120 281
1655130 281
1655140 281
1655150 280
1655160 280
1655170 280
1655180 280
1655190 280
1655200 280
1655210 280
1655220 280
1655230 280
1655240 281
1655250 281
1655260 281
1655270 281
1655280 281
1655290 281
1655300 281
1655310 281
1655320 281
1655330 281
1655340 281
1655350 281
1655360 281
1655370 281
1655380 281
1655390 281
1655400 281
1655410 281
1655420 281
1655430 281
1655440 280
1655450 280
1655460 280
1655470 280
1655480 280
1655490 280
1655500 280
1655510 280
1655520 280
1655530 280
1655540 280
1655550 280
1655560 280
1655570 280
1655580 280
1655590 280
1655600 280
1655610 280
1655620 280
1655630 280
1655640 280
1655650 280
1655660 280
1655670 280
1655680 280
1655690 280
1655700 280
1655710 280
1655720 280
1655730 280
1655740 280
1655750 280
1655760 280
1655770 280
1655780 280
1655790 280
1655800 280
1655810 280
1655820 280
1655830 280
1655840 280
1655850 280
1655860 280
1655870 280
1655880 280
1655890 280
1655900 280
1655910 280
1655920 280
1655930 280
1655940 280
1655950 280
1655960 279
1655970 279
1655980 280
1655990 279
1656000 279
1656010 279
1656020 279
1656030 279
1656040 279
1656050 279
1656060 279
1656070 279
1656080 279
1656090 279
1656100 279
1656110 279
1656120 279
1656130 279
1656140 279
1656150 279
1656160 279
1656170 279
1656180 279
1656190 279
1656200 279
1656210 279
1656220 279
1656230 279
1656240 279
1656250 279
1656260 279
1656270 279
1656280 279
1656290 279
1656300 279
1656310 279
1656320 280
1656330 280
1656340 279
1656350 279
1656360 279
1656370 279
1656380 279
1656390 279
1656400 279
1656410 279
1656420 279
1656430 280
1656440 279
1656450 279
1656460 279
1656470 280
1656480 280
1656490 280
1656500 280
1656510 280
1656520 280
1656530 280
1656540 280
1656550 280
1656560 280
1656570 280
1656580 280
1656590 280
1656600 280
1656610 280
1656620 280
1656630 279
1656640 279
1656650 279
1656660 279
1656670 279
1656680 279
1656690 279
1656700 279
1656710 279
1656720 279
1656730 279
1656740 279
1656750 279
1656760 279
1656770 279
1656780 278
1656790 278
1656800 278
1656810 278
1656820 278
1656830 278
1656840 278
1656850 278
1656860 278
1656870 278
1656880 278
1656890 278
1656900 278
1656910 278
1656920 278
1656930 278
1656940 278
1656950 278
1656960 278
1656970 278
1656980 278
1656990 277
1657000 277
1657010 277
1657020 277
1657030 277
1657040 277
1657050 277
1657060 277
1657070 277
1657080 277
1657090 277
1657100 277
1657110 277
1657120 277
1657130 276
1657140 276
1657150 276
1657160 276
1657170 276
1657180 276
1657190 276
1657200 276
1657210 276
1657220 276
1657230 276
1657240 276
1657250 276
1657260 276
1657270 276
1657280 276
1657290 276
1657300 276
1657310 276
1657320 276
1657330 276
1657340 276
1657350 276
1657360 276
1657370 276
1657380 276
1657390 276
1657400 276
1657410 276
1657420 276
1657430 276
1657440 275
1657450 275
1657460 272
1657470 268
1657480 268
1657490 268
1657500 267
1657510 267
1657520 267
1657530 267
1657540 267
1657550 266
1657560 266
1657570 266
1657580 266
1657590 266
1657600 266
1657610 266
1657620 266
1657630 266
1657640 266
1657650 266
1657660 266
1657670 266
1657680 267
1657690 267
1657700 267
1657710 265
1657720 265
1657730 262
1657740 262
1657750 262
1657760 262
1657770 262
1657780 262
1657790 262
1657800 262
1657810 262
1657820 262
1657830 263
1657840 263
1657850 263
1657860 264
1657870 264
1657880 264
1657890 264
1657900 264
1657910 264
1657920 264
1657930 264
1657940 264
1657950 264
1657960 264
1657970 264
1657980 264
1657990 264
1658000 264
1658010 264
1658020 264
1658030 263
1658040 263
1658050 263
1658060 263
1658070 263
1658080 263
1658090 263
1658100 263
1658110 263
1658120 263
1658130 263
1658140 263
1658150 263
1658160 263
1658170 263
1658180 263
1658190 263
1658200 263
1658210 263
1658220 263
1658230 263
1658240 263
1658250 263
1658260 263
1658270 263
1658280 263
1658290 263
1658300 263
1658310 263
1658320 263
1658330 263
1658340 263
1658350 263
1658360 263
1658370 263
1658380 263
1658390 263
1658400 263
1658410 263
1658420 263
1658430 263
1658440 263
1658450 263
1658460 263
1658470 263
1658480 263
1658490 263
1658500 263
1658510 263
1658520 263
1658530 263
1658540 263
1658550 263
1658560 263
1658570 263
1658580 262
1658590 262
1658600 262
1658610 262
1658620 262
1658630 262
1658640 262
1658650 262
1658660 262
1658670 262
1658680 262
1658690 262
1658700 262
1658710 262
1658720 262
1658730 262
1658740 262
1658750 262
1658760 262
1658770 262
1658780 262
1658790 262
1658800 262
1658810 262
1658820 262
1658830 262
1658840 262
1658850 262
1658860 262
1658870 262
1658880 262
1658890 262
1658900 262
1658910 262
1658920 261
1658930 261
1658940 261
1658950 261
1658960 261
1658970 261
1658980 261
1658990 261
1659000 261
1659010 261
1659020 261
1659030 261
1659040 261
1659050 261
1659060 261
1659070 261
1659080 261
1659090 261
1659100 261
1659110 261
1659120 262
1659130 263
1659140 263
1659150 263
1659160 263
1659170 263
1659180 263
1659190 263
1659200 263
1659210 263
1659220 263
1659230 263
1659240 263
1659250 263
1659260 263
1659270 263
1659280 263
1659290 263
1659300 263
1659310 263
1659320 263
1659330 263
1659340 263
1659350 263
1659360 263
1659370 262
1659380 262
1659390 262
1659400 262
1659410 262
1659420 262
1659430 263
1659440 263
1659450 263
1659460 263
1659470 263
1659480 263
1659490 262
1659500 262
1659510 262
1659520 262
1659530 262
1659540 263
1659550 262
1659560 262
1659570 262
1659580 262
1659590 262
1659600 262
1659610 262
1659620 262
1659630 262
1659640 262
1659650 262
1659660 262
1659670 262
1659680 262
1659690 262
1659700 262
1659710 262
1659720 262
1659730 262
1659740 262
1659750 262
1659760 262
1659770 261
1659780 261
1659790 261
1659800 262
1659810 262
1659820 262
1659830 262
1659840 262
1659850 262
1659860 262
1659870 262
1659880 262
1659890 261
1659900 261
1659910 261
1659920 261
1659930 261
1659940 261
1659950 261
1659960 261
1659970 262
1659980 262
1659990 262
