1640000 386
1640010 385
1640020 385
1640030 385
1640040 385
1640050 384
1640060 384
1640070 383
1640080 382
1640090 382
1640100 381
1640110 381
1640120 381
1640130 380
1640140 379
1640150 379
1640160 378
1640170 377
1640180 377
1640190 376
1640200 375
1640210 375
1640220 374
1640230 373
1640240 373
1640250 372
1640260 371
1640270 371
1640280 370
1640290 368
1640300 368
1640310 367
1640320 366
1640330 366
1640340 365
1640350 364
1640360 364
1640370 362
1640380 361
1640390 361
1640400 360
1640410 358
1640420 358
1640430 358
1640440 357
1640450 357
1640460 356
1640470 355
1640480 355
1640490 354
1640500 353
1640510 353
1640520 353
1640530 352
1640540 352
1640550 351
1640560 352
1640570 352
1640580 352
1640590 352
1640600 352
1640610 353
1640620 353
1640630 353
1640640 354
1640650 355
1640660 355
1640670 355
1640680 356
1640690 356
1640700 357
1640710 357
1640720 357
1640730 358
1640740 359
1640750 360
1640760 361
1640770 362
1640780 362
1640790 362
1640800 363
1640810 363
1640820 364
1640830 365
1640840 365
1640850 366
1640860 366
1640870 366
1640880 367
1640890 368
1640900 368
1640910 369
1640920 369
1640930 369
1640940 369
1640950 370
1640960 370
1640970 370
1640980 370
1640990 370
1641000 370
1641010 370
1641020 370
1641030 370
1641040 369
1641050 369
1641060 369
1641070 368
1641080 368
1641090 368
1641100 367
1641110 367
1641120 367
1641130 366
1641140 366
1641150 365
1641160 365
1641170 365
1641180 364
1641190 363
1641200 363
1641210 362
1641220 361
1641230 361
1641240 360
1641250 359
1641260 359
1641270 358
1641280 357
1641290 357
1641300 356
1641310 356
1641320 356
1641330 354
1641340 353
1641350 353
1641360 352
1641370 352
1641380 352
1641390 351
1641400 350
1641410 350
1641420 349
1641430 349
1641440 349
1641450 348
1641460 348
1641470 348
1641480 347
1641490 347
1641500 347
1641510 347
1641520 347
1641530 346
1641540 346
1641550 346
1641560 345
1641570 345
1641580 346
1641590 346
1641600 346
1641610 345
1641620 344
1641630 344
1641640 344
1641650 343
1641660 343
1641670 341
1641680 340
1641690 340
1641700 339
1641710 337
1641720 337
1641730 336
1641740 336
1641750 336
1641760 335
1641770 335
1641780 335
1641790 333
1641800 330
1641810 330
1641820 328
1641830 328
1641840 328
1641850 328
1641860 328
1641870 328
1641880 329
1641890 329
1641900 329
1641910 329
1641920 330
1641930 330
1641940 331
1641950 332
1641960 332
1641970 333
1641980 334
1641990 334
1642000 334
1642010 335
1642020 335
1642030 336
1642040 337
1642050 337
1642060 338
1642070 339
1642080 339
1642090 339
1642100 340
1642110 340
1642120 341
1642130 342
1642140 342
1642150 343
1642160 344
1642170 344
1642180 345
1642190 346
1642200 346
1642210 347
1642220 348
1642230 348
1642240 349
1642250 350
1642260 350
1642270 351
1642280 352
1642290 352
1642300 353
1642310 354
1642320 354
1642330 355
1642340 356
1642350 356
1642360 357
1642370 358
1642380 358
1642390 359
1642400 358
1642410 358
1642420 359
1642430 360
1642440 360
1642450 360
1642460 360
1642470 360
1642480 361
1642490 361
1642500 361
1642510 362
1642520 362
1642530 362
1642540 363
1642550 363
1642560 363
1642570 364
1642580 364
1642590 364
1642600 365
1642610 365
1642620 365
1642630 366
1642640 367
1642650 367
1642660 368
1642670 369
1642680 369
1642690 370
1642700 370
1642710 370
1642720 371
1642730 372
1642740 372
1642750 372
1642760 373
1642770 373
1642780 373
1642790 374
1642800 374
1642810 375
1642820 375
1642830 375
1642840 376
1642850 376
1642860 376
1642870 377
1642880 377
1642890 377
1642900 378
1642910 379
1642920 379
1642930 379
1642940 380
1642950 380
1642960 380
1642970 381
1642980 381
1642990 381
1643000 382
1643010 382
1643020 382
1643030 383
1643040 383
1643050 383
1643060 384
1643070 384
1643080 385
1643090 385
1643100 385
1643110 385
1643120 386
1643130 386
1643140 386
1643150 386
1643160 386
1643170 386
1643180 386
1643190 386
1643200 386
1643210 386
1643220 387
1643230 387
1643240 387
1643250 387
1643260 387
1643270 387
1643280 387
1643290 387
1643300 387
1643310 387
1643320 387
1643330 387
1643340 387
1643350 387
1643360 387
1643370 387
1643380 387
1643390 387
1643400 387
1643410 387
1643420 386
1643430 386
1643440 386
1643450 385
1643460 385
1643470 385
1643480 384
1643490 382
1643500 382
1643510 381
1643520 379
1643530 379
1643540 378
1643550 377
1643560 377
1643570 376
1643580 375
1643590 375
1643600 373
1643610 371
1643620 371
1643630 369
1643640 365
1643650 365
1643660 361
1643670 361
1643680 361
1643690 362
1643700 365
1643710 365
1643720 366
1643730 366
1643740 366
1643750 367
1643760 367
1643770 367
1643780 368
1643790 369
1643800 369
1643810 370
1643820 370
1643830 370
1643840 371
1643850 372
1643860 372
1643870 373
1643880 374
1643890 374
1643900 375
1643910 376
1643920 376
1643930 377
1643940 377
1643950 377
1643960 378
1643970 379
1643980 379
1643990 379
1644000 380
1644010 380
1644020 380
1644030 381
1644040 381
1644050 381
1644060 381
1644070 381
1644080 380
1644090 380
1644100 380
1644110 379
1644120 379
1644130 379
1644140 378
1644150 378
1644160 378
1644170 377
1644180 376
1644190 376
1644200 376
1644210 375
1644220 375
1644230 374
1644240 373
1644250 373
1644260 372
1644270 371
1644280 371
1644290 370
1644300 369
1644310 369
1644320 368
1644330 366
1644340 366
1644350 365
1644360 364
1644370 364
1644380 362
1644390 361
1644400 361
1644410 359
1644420 358
1644430 358
1644440 356
1644450 355
1644460 355
1644470 353
1644480 351
1644490 351
1644500 350
1644510 349
1644520 349
1644530 348
1644540 347
1644550 347
1644560 347
1644570 345
1644580 345
1644590 343
1644600 341
1644610 341
1644620 339
1644630 337
1644640 337
1644650 337
1644660 339
1644670 339
1644680 339
1644690 340
1644700 340
1644710 341
1644720 342
1644730 342
1644740 342
1644750 343
1644760 344
1644770 344
1644780 344
1644790 345
1644800 345
1644810 346
1644820 347
1644830 347
1644840 350
1644850 350
1644860 350
1644870 351
1644880 351
1644890 351
1644900 352
1644910 353
1644920 353
1644930 353
1644940 354
1644950 354
1644960 354
1644970 355
1644980 355
1644990 356
1645000 356
1645010 356
1645020 356
1645030 357
1645040 357
1645050 358
1645060 358
1645070 358
1645080 358
1645090 357
1645100 357
1645110 358
1645120 359
1645130 359
1645140 361
1645150 364
1645160 364
1645170 367
1645180 370
1645190 370
1645200 372
1645210 373
1645220 373
1645230 374
1645240 375
1645250 375
1645260 376
1645270 377
1645280 377
1645290 378
1645300 379
1645310 379
1645320 379
1645330 379
1645340 379
1645350 379
1645360 380
1645370 380
1645380 380
1645390 380
1645400 380
1645410 380
1645420 380
1645430 380
1645440 380
1645450 379
1645460 379
1645470 379
1645480 379
1645490 379
1645500 379
1645510 378
1645520 378
1645530 378
1645540 378
1645550 378
1645560 377
1645570 376
1645580 376
1645590 376
1645600 375
1645610 375
1645620 374
1645630 374
1645640 374
1645650 372
1645660 372
1645670 372
1645680 371
1645690 369
1645700 369
1645710 368
1645720 367
1645730 367
1645740 367
1645750 366
1645760 366
1645770 365
1645780 364
1645790 364
1645800 364
1645810 363
1645820 363
1645830 362
1645840 362
1645850 362
1645860 361
1645870 361
1645880 361
1645890 360
1645900 360
1645910 360
1645920 359
1645930 359
1645940 359
1645950 358
1645960 357
1645970 357
1645980 357
1645990 356
1646000 356
1646010 356
1646020 355
1646030 355
1646040 355
1646050 354
1646060 354
1646070 353
1646080 353
1646090 353
1646100 352
1646110 351
1646120 351
1646130 351
1646140 350
1646150 350
1646160 349
1646170 349
1646180 349
1646190 348
1646200 347
1646210 347
1646220 346
1646230 346
1646240 346
1646250 345
1646260 345
1646270 345
1646280 344
1646290 344
1646300 344
1646310 343
1646320 343
1646330 343
1646340 342
1646350 342
1646360 341
1646370 341
1646380 341
1646390 340
1646400 340
1646410 340
1646420 339
1646430 339
1646440 338
1646450 336
1646460 336
1646470 335
1646480 334
1646490 334
1646500 334
1646510 333
1646520 333
1646530 332
1646540 331
1646550 331
1646560 331
1646570 330
1646580 330
1646590 329
1646600 328
1646610 328
1646620 326
1646630 326
1646640 326
1646650 325
1646660 324
1646670 324
1646680 324
1646690 323
1646700 323
1646710 322
1646720 322
1646730 322
1646740 321
1646750 320
1646760 320
1646770 319
1646780 317
1646790 317
1646800 317
1646810 317
1646820 317
1646830 316
1646840 316
1646850 316
1646860 315
1646870 315
1646880 315
1646890 314
1646900 313
1646910 313
1646920 313
1646930 312
1646940 312
1646950 311
1646960 310
1646970 310
1646980 310
1646990 310
1647000 310
1647010 309
1647020 309
1647030 309
1647040 308
1647050 307
1647060 307
1647070 306
1647080 306
1647090 306
1647100 305
1647110 305
1647120 305
1647130 304
1647140 304
1647150 304
1647160 303
1647170 303
1647180 303
1647190 302
1647200 302
1647210 302
1647220 303
1647230 303
1647240 303
1647250 303
1647260 303
1647270 303
1647280 302
1647290 301
1647300 301
1647310 300
1647320 300
1647330 300
1647340 299
1647350 299
1647360 299
1647370 298
1647380 298
1647390 298
1647400 297
1647410 297
1647420 297
1647430 296
1647440 296
1647450 296
1647460 296
1647470 297
1647480 297
1647490 297
1647500 298
1647510 298
1647520 299
1647530 301
1647540 301
1647550 302
1647560 303
1647570 303
1647580 303
1647590 304
1647600 304
1647610 306
1647620 307
1647630 307
1647640 309
1647650 310
1647660 310
1647670 311
1647680 312
1647690 312
1647700 313
1647710 314
1647720 314
1647730 315
1647740 316
1647750 316
1647760 316
1647770 317
1647780 317
1647790 318
1647800 318
1647810 318
1647820 318
1647830 318
1647840 318
1647850 317
1647860 316
1647870 316
1647880 315
1647890 314
1647900 314
1647910 313
1647920 311
1647930 311
1647940 309
1647950 305
1647960 305
1647970 302
1647980 299
1647990 297
1648000 297
1648010 296
1648020 296
1648030 296
1648040 296
1648050 296
1648060 296
1648070 296
1648080 296
1648090 296
1648100 296
1648110 296
1648120 296
1648130 295
1648140 295
1648150 295
1648160 295
1648170 295
1648180 295
1648190 294
1648200 295
1648210 295
1648220 295
1648230 293
1648240 293
1648250 292
1648260 292
1648270 292
1648280 292
1648290 292
1648300 292
1648310 292
1648320 291
1648330 291
1648340 290
1648350 289
1648360 289
1648370 289
1648380 288
1648390 288
1648400 288
1648410 289
1648420 289
1648430 290
1648440 290
1648450 290
1648460 290
1648470 289
1648480 289
1648490 289
1648500 289
1648510 289
1648520 290
1648530 289
1648540 289
1648550 289
1648560 289
1648570 289
1648580 289
1648590 289
1648600 289
1648610 289
1648620 289
1648630 289
1648640 289
1648650 289
1648660 289
1648670 289
1648680 289
1648690 289
1648700 289
1648710 289
1648720 289
1648730 289
1648740 289
1648750 289
1648760 290
1648770 290
1648780 290
1648790 289
1648800 290
1648810 290
1648820 289
1648830 287
1648840 287
1648850 286
1648860 286
1648870 286
1648880 286
1648890 287
1648900 287
1648910 288
1648920 289
1648930 289
1648940 289
1648950 289
1648960 289
1648970 289
1648980 289
1648990 289
1649000 289
1649010 289
1649020 289
1649030 288
1649040 288
1649050 288
1649060 288
1649070 288
1649080 288
1649090 288
1649100 288
1649110 288
1649120 288
1649130 288
1649140 288
1649150 288
1649160 288
1649170 288
1649180 288
1649190 288
1649200 288
1649210 288
1649220 287
1649230 287
1649240 287
1649250 287
1649260 287
1649270 287
1649280 288
1649290 288
1649300 288
1649310 287
1649320 287
1649330 285
1649340 286
1649350 286
1649360 287
1649370 287
1649380 287
1649390 288
1649400 288
1649410 288
1649420 287
1649430 287
1649440 287
1649450 288
1649460 288
1649470 288
1649480 288
1649490 288
1649500 288
1649510 288
1649520 288
1649530 288
1649540 288
1649550 289
1649560 289
1649570 290
1649580 290
1649590 290
1649600 291
1649610 291
1649620 291
1649630 291
1649640 289
1649650 285
1649660 285
1649670 284
1649680 284
1649690 284
1649700 284
1649710 284
1649720 284
1649730 284
1649740 284
1649750 284
1649760 288
1649770 291
1649780 291
1649790 292
1649800 292
1649810 292
1649820 291
1649830 287
1649840 287
1649850 285
1649860 287
1649870 287
1649880 290
1649890 291
1649900 291
1649910 292
1649920 292
1649930 292
1649940 292
1649950 292
1649960 292
1649970 290
1649980 291
1649990 291
1650000 292
1650010 292
1650020 292
1650030 291
1650040 289
1650050 289
1650060 289
1650070 290
1650080 290
1650090 290
1650100 289
1650110 289
1650120 290
1650130 291
1650140 291
1650150 291
1650160 292
1650170 292
1650180 292
1650190 292
1650200 292
1650210 292
1650220 292
1650230 292
1650240 292
1650250 292
1650260 292
1650270 292
1650280 292
1650290 292
1650300 291
1650310 291
1650320 291
1650330 291
1650340 291
1650350 291
1650360 292
1650370 292
1650380 292
1650390 292
1650400 292
1650410 292
1650420 292
1650430 292
1650440 292
1650450 292
1650460 292
1650470 292
1650480 292
1650490 291
1650500 291
1650510 292
1650520 292
1650530 292
1650540 292
1650550 292
1650560 292
1650570 291
1650580 290
1650590 290
1650600 289
1650610 289
1650620 289
1650630 289
1650640 290
1650650 290
1650660 293
1650670 295
1650680 295
1650690 295
1650700 298
1650710 298
1650720 298
1650730 293
1650740 293
1650750 288
1650760 286
1650770 286
1650780 285
1650790 285
1650800 285
1650810 285
1650820 285
1650830 285
1650840 284
1650850 284
1650860 284
1650870 284
1650880 284
1650890 284
1650900 284
1650910 284
1650920 284
1650930 284
1650940 283
1650950 283
1650960 283
1650970 283
1650980 283
1650990 283
1651000 283
1651010 283
1651020 284
1651030 285
1651040 285
1651050 288
1651060 286
1651070 286
1651080 281
1651090 281
1651100 281
1651110 281
1651120 281
1651130 281
1651140 283
1651150 286
1651160 286
1651170 288
1651180 290
1651190 290
1651200 290
1651210 290
1651220 290
1651230 290
1651240 290
1651250 290
1651260 290
1651270 290
1651280 290
1651290 290
1651300 290
1651310 290
1651320 290
1651330 290
1651340 290
1651350 290
1651360 290
1651370 290
1651380 290
1651390 290
1651400 290
1651410 290
1651420 290
1651430 290
1651440 290
1651450 290
1651460 290
1651470 290
1651480 289
1651490 288
1651500 288
1651510 287
1651520 286
1651530 286
1651540 286
1651550 286
1651560 286
1651570 286
1651580 286
1651590 286
1651600 286
1651610 286
1651620 286
1651630 288
1651640 289
1651650 289
1651660 288
1651670 287
1651680 287
1651690 287
1651700 287
1651710 287
1651720 287
1651730 287
1651740 287
1651750 287
1651760 287
1651770 287
1651780 287
1651790 287
1651800 287
1651810 287
1651820 287
1651830 287
1651840 287
1651850 287
1651860 287
1651870 287
1651880 287
1651890 287
1651900 287
1651910 286
1651920 286
1651930 287
1651940 287
1651950 287
1651960 287
1651970 286
1651980 286
1651990 286
1652000 286
1652010 286
1652020 286
1652030 285
1652040 285
1652050 285
1652060 284
1652070 284
1652080 284
1652090 284
1652100 284
1652110 284
1652120 285
1652130 285
1652140 285
1652150 284
1652160 284
1652170 284
1652180 284
1652190 284
1652200 284
1652210 284
1652220 284
1652230 284
1652240 284
1652250 284
1652260 284
1652270 284
1652280 284
1652290 284
1652300 284
1652310 284
1652320 284
1652330 284
1652340 284
1652350 284
1652360 284
1652370 284
1652380 284
1652390 284
1652400 284
1652410 284
1652420 284
1652430 284
1652440 284
1652450 284
1652460 284
1652470 284
1652480 284
1652490 284
1652500 284
1652510 284
1652520 284
1652530 284
1652540 284
1652550 284
1652560 284
1652570 283
1652580 283
1652590 283
1652600 282
1652610 282
1652620 282
1652630 282
1652640 282
1652650 282
1652660 283
1652670 283
1652680 283
1652690 283
1652700 283
1652710 279
1652720 278
1652730 278
1652740 278
1652750 278
1652760 278
1652770 278
1652780 278
1652790 278
1652800 279
1652810 280
1652820 280
1652830 282
1652840 282
1652850 282
1652860 282
1652870 282
1652880 282
1652890 282
1652900 282
1652910 282
1652920 282
1652930 281
1652940 281
1652950 281
1652960 281
1652970 281
1652980 281
1652990 281
1653000 281
1653010 281
1653020 281
1653030 282
1653040 282
1653050 282
1653060 282
1653070 282
1653080 282
1653090 282
1653100 282
1653110 282
1653120 282
1653130 282
1653140 282
1653150 282
1653160 282
1653170 282
1653180 282
1653190 282
1653200 282
1653210 282
1653220 282
1653230 282
1653240 282
1653250 282
1653260 282
1653270 282
1653280 282
1653290 282
1653300 281
1653310 281
1653320 281
1653330 281
1653340 281
1653350 281
1653360 281
1653370 281
1653380 281
1653390 281
1653400 281
1653410 281
1653420 281
1653430 281
1653440 281
1653450 280
1653460 280
1653470 280
1653480 280
1653490 280
1653500 280
1653510 279
1653520 279
1653530 279
1653540 279
1653550 279
1653560 279
1653570 279
1653580 279
1653590 279
1653600 279
1653610 279
1653620 279
1653630 279
1653640 279
1653650 279
1653660 280
1653670 280
1653680 280
1653690 280
1653700 280
1653710 280
1653720 280
1653730 280
1653740 280
1653750 280
1653760 280
1653770 279
1653780 279
1653790 279
1653800 279
1653810 279
1653820 279
1653830 279
1653840 279
1653850 279
1653860 279
1653870 279
1653880 279
1653890 279
1653900 278
1653910 278
1653920 278
1653930 278
1653940 278
1653950 278
1653960 278
1653970 278
1653980 279
1653990 279
1654000 279
1654010 279
1654020 279
1654030 279
1654040 279
1654050 280
1654060 280
1654070 280
1654080 280
1654090 280
1654100 280
1654110 280
1654120 280
1654130 280
1654140 280
1654150 280
1654160 280
1654170 280
1654180 280
1654190 280
1654200 280
1654210 280
1654220 280
1654230 280
1654240 280
1654250 280
1654260 280
1654270 280
1654280 280
1654290 280
1654300 280
1654310 280
1654320 280
1654330 280
1654340 279
1654350 279
1654360 279
1654370 279
1654380 279
1654390 279
1654400 279
1654410 279
1654420 279
1654430 278
1654440 278
1654450 278
1654460 278
1654470 278
1654480 278
1654490 278
1654500 278
1654510 278
1654520 278
1654530 278
1654540 278
1654550 278
1654560 278
1654570 278
1654580 278
1654590 278
1654600 278
1654610 278
1654620 277
1654630 277
1654640 277
1654650 277
1654660 277
1654670 277
1654680 277
1654690 277
1654700 277
1654710 277
1654720 277
1654730 277
1654740 277
1654750 277
1654760 277
1654770 277
1654780 277
1654790 277
1654800 277
1654810 277
1654820 277
1654830 277
1654840 278
1654850 278
1654860 278
1654870 278
1654880 278
1654890 278
1654900 278
1654910 278
1654920 278
1654930 278
1654940 278
1654950 279
1654960 279
1654970 279
1654980 280
1654990 280
1655000 280
1655010 280
1655020 280
1655030 280
1655040 280
1655050 280
1655060 280
1655070 280
1655080 280
1655090 280
1655100 280
1655110 280
1655120 280
1655130 280
1655140 280
1655150 280
1655160 280
1655170 280
1655180 280
1655190 280
1655200 280
1655210 280
1655220 280
1655230 280
1655240 280
1655250 280
1655260 280
1655270 280
1655280 280
1655290 280
1655300 280
1655310 280
1655320 279
1655330 279
1655340 279
1655350 279
1655360 279
1655370 279
1655380 279
1655390 279
1655400 279
1655410 279
1655420 279
1655430 279
1655440 279
1655450 279
1655460 279
1655470 279
1655480 279
1655490 279
1655500 279
1655510 279
1655520 279
1655530 279
1655540 279
1655550 280
1655560 280
1655570 280
1655580 280
1655590 280
1655600 280
1655610 279
1655620 279
1655630 279
1655640 279
1655650 280
1655660 280
1655670 280
1655680 280
1655690 280
1655700 280
1655710 279
1655720 279
1655730 280
1655740 279
1655750 279
1655760 279
1655770 279
1655780 279
1655790 279
1655800 279
1655810 279
1655820 279
1655830 279
1655840 279
1655850 279
1655860 279
1655870 279
1655880 279
1655890 279
1655900 279
1655910 279
1655920 279
1655930 279
1655940 279
1655950 279
1655960 279
1655970 279
1655980 279
1655990 279
1656000 278
1656010 278
1656020 278
1656030 278
1656040 279
1656050 279
1656060 279
1656070 279
1656080 279
1656090 279
1656100 279
1656110 279
1656120 279
1656130 279
1656140 279
1656150 279
1656160 279
1656170 279
1656180 279
1656190 279
1656200 279
1656210 279
1656220 279
1656230 279
1656240 279
1656250 279
1656260 279
1656270 279
1656280 279
1656290 279
1656300 279
1656310 279
1656320 279
1656330 279
1656340 279
1656350 279
1656360 279
1656370 279
1656380 279
1656390 279
1656400 279
1656410 279
1656420 279
1656430 279
1656440 279
1656450 279
1656460 278
1656470 278
1656480 278
1656490 278
1656500 278
1656510 278
1656520 278
1656530 279
1656540 279
1656550 278
1656560 279
1656570 279
1656580 279
1656590 278
1656600 278
1656610 278
1656620 278
1656630 278
1656640 278
1656650 278
1656660 278
1656670 278
1656680 278
1656690 278
1656700 278
1656710 278
1656720 278
1656730 278
1656740 278
1656750 278
1656760 277
1656770 277
1656780 277
1656790 277
1656800 277
1656810 277
1656820 277
1656830 277
1656840 277
1656850 277
1656860 277
1656870 277
1656880 277
1656890 277
1656900 277
1656910 277
1656920 277
1656930 277
1656940 277
1656950 277
1656960 277
1656970 277
1656980 277
1656990 277
1657000 277
1657010 277
1657020 277
1657030 276
1657040 276
1657050 276
1657060 276
1657070 276
1657080 276
1657090 276
1657100 276
1657110 276
1657120 276
1657130 276
1657140 276
1657150 276
1657160 276
1657170 276
1657180 276
1657190 276
1657200 276
1657210 276
1657220 276
1657230 276
1657240 276
1657250 276
1657260 276
1657270 276
1657280 276
1657290 276
1657300 276
1657310 276
1657320 276
1657330 276
1657340 276
1657350 276
1657360 276
1657370 276
1657380 276
1657390 276
1657400 275
1657410 275
1657420 275
1657430 276
1657440 276
1657450 275
1657460 275
1657470 275
1657480 274
1657490 269
1657500 269
1657510 265
1657520 265
1657530 265
1657540 264
1657550 264
1657560 264
1657570 264
1657580 264
1657590 264
1657600 264
1657610 264
1657620 264
1657630 264
1657640 264
1657650 264
1657660 264
1657670 264
1657680 264
1657690 264
1657700 264
1657710 264
1657720 264
1657730 264
1657740 264
1657750 264
1657760 263
1657770 262
1657780 262
1657790 262
1657800 262
1657810 262
1657820 262
1657830 263
1657840 263
1657850 264
1657860 264
1657870 264
1657880 264
1657890 264
1657900 264
1657910 264
1657920 264
1657930 264
1657940 264
1657950 264
1657960 264
1657970 264
1657980 264
1657990 264
1658000 264
1658010 264
1658020 264
1658030 264
1658040 264
1658050 264
1658060 264
1658070 264
1658080 264
1658090 264
1658100 264
1658110 264
1658120 264
1658130 264
1658140 264
1658150 264
1658160 264
1658170 264
1658180 264
1658190 264
1658200 264
1658210 264
1658220 264
1658230 264
1658240 263
1658250 263
1658260 263
1658270 263
1658280 263
1658290 263
1658300 264
1658310 264
1658320 264
1658330 264
1658340 264
1658350 264
1658360 264
1658370 264
1658380 264
1658390 264
1658400 264
1658410 264
1658420 264
1658430 263
1658440 263
1658450 263
1658460 263
1658470 263
1658480 263
1658490 263
1658500 263
1658510 263
1658520 263
1658530 263
1658540 263
1658550 263
1658560 263
1658570 263
1658580 263
1658590 263
1658600 263
1658610 263
1658620 263
1658630 263
1658640 263
1658650 263
1658660 263
1658670 263
1658680 263
1658690 263
1658700 263
1658710 263
1658720 263
1658730 263
1658740 263
1658750 263
1658760 263
1658770 263
1658780 263
1658790 262
1658800 262
1658810 262
1658820 262
1658830 262
1658840 261
1658850 261
1658860 261
1658870 262
1658880 261
1658890 261
1658900 262
1658910 262
1658920 262
1658930 262
1658940 262
1658950 262
1658960 262
1658970 261
1658980 261
1658990 262
1659000 262
1659010 262
1659020 262
1659030 262
1659040 262
1659050 261
1659060 261
1659070 261
1659080 262
1659090 262
1659100 262
1659110 261
1659120 261
1659130 261
1659140 261
1659150 261
1659160 261
1659170 261
1659180 261
1659190 261
1659200 261
1659210 261
1659220 261
1659230 261
1659240 261
1659250 261
1659260 261
1659270 260
1659280 260
1659290 261
1659300 261
1659310 261
1659320 261
1659330 262
1659340 262
1659350 262
1659360 262
1659370 262
1659380 262
1659390 262
1659400 262
1659410 262
1659420 262
1659430 262
1659440 262
1659450 262
1659460 262
1659470 262
1659480 262
1659490 262
1659500 262
1659510 262
1659520 262
1659530 262
1659540 262
1659550 262
1659560 262
1659570 262
1659580 262
1659590 262
1659600 262
1659610 261
1659620 261
1659630 261
1659640 261
1659650 261
1659660 261
1659670 261
1659680 261
1659690 261
1659700 261
1659710 261
1659720 261
1659730 261
1659740 261
1659750 261
1659760 261
1659770 261
1659780 261
1659790 261
1659800 261
1659810 261
1659820 260
1659830 260
1659840 259
1659850 259
1659860 259
1659870 259
1659880 259
1659890 259
1659900 259
1659910 259
1659920 259
1659930 260
1659940 260
1659950 260
1659960 260
1659970 260
1659980 260
1659990 260
