1640000 401
1640010 401
1640020 401
1640030 401
1640040 401
1640050 400
1640060 400
1640070 400
1640080 400
1640090 400
1640100 400
1640110 400
1640120 400
1640130 400
1640140 400
1640150 400
1640160 400
1640170 400
1640180 400
1640190 400
1640200 399
1640210 399
1640220 399
1640230 399
1640240 399
1640250 399
1640260 399
1640270 398
1640280 398
1640290 398
1640300 398
1640310 398
1640320 397
1640330 397
1640340 397
1640350 396
1640360 396
1640370 396
1640380 396
1640390 395
1640400 395
1640410 395
1640420 395
1640430 395
1640440 395
1640450 394
1640460 394
1640470 394
1640480 392
1640490 392
1640500 391
1640510 390
1640520 390
1640530 390
1640540 389
1640550 389
1640560 388
1640570 388
1640580 388
1640590 387
1640600 386
1640610 386
1640620 386
1640630 385
1640640 385
1640650 384
1640660 384
1640670 384
1640680 383
1640690 382
1640700 382
1640710 381
1640720 380
1640730 380
1640740 379
1640750 379
1640760 379
1640770 378
1640780 377
1640790 377
1640800 376
1640810 376
1640820 376
1640830 375
1640840 375
1640850 375
1640860 374
1640870 373
1640880 373
1640890 373
1640900 372
1640910 372
1640920 371
1640930 371
1640940 371
1640950 370
1640960 369
1640970 369
1640980 369
1640990 368
1641000 368
1641010 367
1641020 367
1641030 367
1641040 366
1641050 365
1641060 365
1641070 365
1641080 364
1641090 364
1641100 363
1641110 363
1641120 363
1641130 362
1641140 361
1641150 361
1641160 360
1641170 360
1641180 360
1641190 359
1641200 358
1641210 358
1641220 357
1641230 357
1641240 357
1641250 356
1641260 355
1641270 355
1641280 355
1641290 354
1641300 354
1641310 352
1641320 351
1641330 351
1641340 350
1641350 348
1641360 348
1641370 346
1641380 346
1641390 346
1641400 346
1641410 346
1641420 346
1641430 346
1641440 347
1641450 347
1641460 348
1641470 348
1641480 348
1641490 349
1641500 349
1641510 349
1641520 350
1641530 351
1641540 351
1641550 351
1641560 352
1641570 352
1641580 353
1641590 354
1641600 354
1641610 355
1641620 355
1641630 355
1641640 356
1641650 357
1641660 357
1641670 358
1641680 359
1641690 359
1641700 360
1641710 361
1641720 361
1641730 361
1641740 362
1641750 362
1641760 363
1641770 364
1641780 364
1641790 365
1641800 365
1641810 365
1641820 365
1641830 366
1641840 366
1641850 366
1641860 367
1641870 367
1641880 367
1641890 367
1641900 368
1641910 368
1641920 368
1641930 368
1641940 368
1641950 368
1641960 368
1641970 368
1641980 368
1641990 367
1642000 367
1642010 367
1642020 366
1642030 366
1642040 365
1642050 365
1642060 365
1642070 365
1642080 364
1642090 364
1642100 363
1642110 362
1642120 362
1642130 362
1642140 361
1642150 361
1642160 359
1642170 359
1642180 359
1642190 359
1642200 361
1642210 361
1642220 362
1642230 364
1642240 364
1642250 365
1642260 366
1642270 366
1642280 368
1642290 369
1642300 369
1642310 370
1642320 371
1642330 371
1642340 373
1642350 374
1642360 374
1642370 375
1642380 376
1642390 376
1642400 377
1642410 378
1642420 378
1642430 379
1642440 379
1642450 379
1642460 380
1642470 381
1642480 381
1642490 382
1642500 382
1642510 382
1642520 383
1642530 383
1642540 383
1642550 384
1642560 384
1642570 384
1642580 384
1642590 385
1642600 385
1642610 385
1642620 385
1642630 385
1642640 386
1642650 386
1642660 386
1642670 386
1642680 386
1642690 386
1642700 386
1642710 386
1642720 386
1642730 387
1642740 387
1642750 387
1642760 387
1642770 387
1642780 387
1642790 387
1642800 387
1642810 387
1642820 387
1642830 387
1642840 387
1642850 387
1642860 387
1642870 387
1642880 387
1642890 387
1642900 387
1642910 387
1642920 387
1642930 387
1642940 387
1642950 387
1642960 387
1642970 387
1642980 387
1642990 387
1643000 387
1643010 387
1643020 387
1643030 386
1643040 386
1643050 386
1643060 386
1643070 386
1643080 386
1643090 385
1643100 385
1643110 385
1643120 385
1643130 385
1643140 385
1643150 385
1643160 385
1643170 385
1643180 384
1643190 384
1643200 384
1643210 384
1643220 384
1643230 384
1643240 383
1643250 383
1643260 383
1643270 383
1643280 382
1643290 382
1643300 382
1643310 382
1643320 382
1643330 381
1643340 381
1643350 381
1643360 380
1643370 380
1643380 380
1643390 379
1643400 379
1643410 379
1643420 378
1643430 378
1643440 378
1643450 377
1643460 377
1643470 377
1643480 375
1643490 375
1643500 375
1643510 374
1643520 374
1643530 373
1643540 373
1643550 372
1643560 371
1643570 371
1643580 371
1643590 370
1643600 370
1643610 369
1643620 368
1643630 368
1643640 367
1643650 367
1643660 367
1643670 365
1643680 364
1643690 364
1643700 363
1643710 362
1643720 362
1643730 361
1643740 360
1643750 360
1643760 358
1643770 357
1643780 357
1643790 356
1643800 355
1643810 355
1643820 354
1643830 352
1643840 352
1643850 351
1643860 350
1643870 350
1643880 349
1643890 348
1643900 348
1643910 347
1643920 346
1643930 346
1643940 345
1643950 344
1643960 344
1643970 343
1643980 342
1643990 342
1644000 341
1644010 340
1644020 340
1644030 340
1644040 339
1644050 339
1644060 338
1644070 338
1644080 338
1644090 337
1644100 336
1644110 336
1644120 335
1644130 334
1644140 334
1644150 333
1644160 332
1644170 332
1644180 331
1644190 331
1644200 331
1644210 331
1644220 331
1644230 331
1644240 331
1644250 331
1644260 331
1644270 332
1644280 332
1644290 332
1644300 334
1644310 335
1644320 335
1644330 336
1644340 337
1644350 337
1644360 339
1644370 340
1644380 340
1644390 341
1644400 343
1644410 343
1644420 344
1644430 346
1644440 346
1644450 346
1644460 348
1644470 348
1644480 349
1644490 350
1644500 350
1644510 352
1644520 353
1644530 353
1644540 354
1644550 355
1644560 355
1644570 356
1644580 359
1644590 359
1644600 359
1644610 360
1644620 360
1644630 359
1644640 359
1644650 359
1644660 359
1644670 358
1644680 358
1644690 356
1644700 351
1644710 351
1644720 349
1644730 354
1644740 354
1644750 358
1644760 360
1644770 360
1644780 361
1644790 362
1644800 362
1644810 363
1644820 364
1644830 364
1644840 365
1644850 367
1644860 367
1644870 368
1644880 369
1644890 369
1644900 369
1644910 370
1644920 370
1644930 371
1644940 372
1644950 372
1644960 372
1644970 373
1644980 373
1644990 373
1645000 373
1645010 373
1645020 374
1645030 375
1645040 375
1645050 375
1645060 375
1645070 375
1645080 375
1645090 376
1645100 376
1645110 376
1645120 376
1645130 376
1645140 376
1645150 376
1645160 376
1645170 376
1645180 376
1645190 376
1645200 375
1645210 375
1645220 375
1645230 375
1645240 375
1645250 374
1645260 374
1645270 374
1645280 373
1645290 373
1645300 372
1645310 372
1645320 372
1645330 371
1645340 369
1645350 369
1645360 368
1645370 367
1645380 368
1645390 366
1645400 365
1645410 365
1645420 364
1645430 364
1645440 364
1645450 364
1645460 363
1645470 363
1645480 363
1645490 363
1645500 363
1645510 363
1645520 363
1645530 363
1645540 363
1645550 363
1645560 363
1645570 364
1645580 364
1645590 364
1645600 364
1645610 365
1645620 365
1645630 365
1645640 366
1645650 366
1645660 366
1645670 366
1645680 366
1645690 367
1645700 367
1645710 367
1645720 367
1645730 368
1645740 368
1645750 368
1645760 368
1645770 368
1645780 368
1645790 368
1645800 368
1645810 368
1645820 368
1645830 368
1645840 368
1645850 368
1645860 368
1645870 368
1645880 369
1645890 369
1645900 369
1645910 368
1645920 368
1645930 368
1645940 368
1645950 368
1645960 368
1645970 368
1645980 368
1645990 368
1646000 367
1646010 367
1646020 367
1646030 367
1646040 367
1646050 367
1646060 366
1646070 366
1646080 366
1646090 366
1646100 366
1646110 365
1646120 365
1646130 365
1646140 364
1646150 364
1646160 364
1646170 363
1646180 363
1646190 363
1646200 362
1646210 361
1646220 361
1646230 360
1646240 359
1646250 359
1646260 359
1646270 358
1646280 358
1646290 357
1646300 356
1646310 356
1646320 355
1646330 354
1646340 354
1646350 353
1646360 352
1646370 352
1646380 351
1646390 350
1646400 350
1646410 349
1646420 348
1646430 348
1646440 347
1646450 346
1646460 346
1646470 345
1646480 344
1646490 344
1646500 343
1646510 342
1646520 342
1646530 340
1646540 339
1646550 339
1646560 338
1646570 337
1646580 337
1646590 336
1646600 334
1646610 334
1646620 333
1646630 332
1646640 332
1646650 330
1646660 329
1646670 329
1646680 328
1646690 327
1646700 327
1646710 326
1646720 324
1646730 324
1646740 323
1646750 321
1646760 321
1646770 320
1646780 319
1646790 319
1646800 318
1646810 317
1646820 317
1646830 316
1646840 314
1646850 314
1646860 313
1646870 312
1646880 312
1646890 312
1646900 311
1646910 311
1646920 312
1646930 313
1646940 313
1646950 315
1646960 317
1646970 318
1646980 319
1646990 320
1647000 321
1647010 321
1647020 322
1647030 324
1647040 324
1647050 325
1647060 326
1647070 326
1647080 327
1647090 328
1647100 328
1647110 328
1647120 329
1647130 329
1647140 330
1647150 330
1647160 330
1647170 330
1647180 331
1647190 331
1647200 331
1647210 331
1647220 331
1647230 329
1647240 328
1647250 328
1647260 328
1647270 329
1647280 329
1647290 331
1647300 332
1647310 332
1647320 335
1647330 338
1647340 338
1647350 341
1647360 344
1647370 344
1647380 348
1647390 351
1647400 351
1647410 354
1647420 356
1647430 356
1647440 359
1647450 361
1647460 361
1647470 363
1647480 365
1647490 365
1647500 366
1647510 368
1647520 368
1647530 369
1647540 370
1647550 370
1647560 371
1647570 372
1647580 372
1647590 373
1647600 373
1647610 373
1647620 373
1647630 373
1647640 373
1647650 374
1647660 374
1647670 374
1647680 375
1647690 375
1647700 375
1647710 375
1647720 375
1647730 375
1647740 375
1647750 375
1647760 375
1647770 375
1647780 375
1647790 375
1647800 375
1647810 374
1647820 374
1647830 374
1647840 374
1647850 374
1647860 373
1647870 373
1647880 373
1647890 373
1647900 372
1647910 372
1647920 372
1647930 371
1647940 371
1647950 371
1647960 370
1647970 370
1647980 370
1647990 369
1648000 369
1648010 368
1648020 368
1648030 368
1648040 367
1648050 367
1648060 367
1648070 366
1648080 366
1648090 366
1648100 365
1648110 364
1648120 364
1648130 363
1648140 363
1648150 363
1648160 361
1648170 360
1648180 360
1648190 359
1648200 358
1648210 358
1648220 357
1648230 355
1648240 355
1648250 354
1648260 353
1648270 353
1648280 351
1648290 350
1648300 350
1648310 348
1648320 347
1648330 347
1648340 345
1648350 344
1648360 344
1648370 343
1648380 341
1648390 341
1648400 340
1648410 339
1648420 339
1648430 338
1648440 336
1648450 336
1648460 335
1648470 333
1648480 333
1648490 330
1648500 327
1648510 327
1648520 327
1648530 327
1648540 327
1648550 326
1648560 325
1648570 326
1648580 325
1648590 325
1648600 325
1648610 327
1648620 330
1648630 330
1648640 333
1648650 335
1648660 335
1648670 337
1648680 339
1648690 341
1648700 341
1648710 344
1648720 346
1648730 346
1648740 349
1648750 350
1648760 350
1648770 351
1648780 352
1648790 352
1648800 352
1648810 352
1648820 352
1648830 352
1648840 352
1648850 352
1648860 352
1648870 352
1648880 352
1648890 352
1648900 352
1648910 352
1648920 352
1648930 351
1648940 351
1648950 351
1648960 350
1648970 350
1648980 350
1648990 349
1649000 349
1649010 349
1649020 348
1649030 348
1649040 348
1649050 347
1649060 347
1649070 346
1649080 346
1649090 346
1649100 345
1649110 344
1649120 344
1649130 344
1649140 343
1649150 343
1649160 342
1649170 342
1649180 342
1649190 341
1649200 340
1649210 340
1649220 340
1649230 339
1649240 339
1649250 338
1649260 338
1649270 338
1649280 338
1649290 338
1649300 338
1649310 338
1649320 338
1649330 338
1649340 337
1649350 338
1649360 338
1649370 338
1649380 338
1649390 338
1649400 338
1649410 338
1649420 338
1649430 337
1649440 337
1649450 337
1649460 337
1649470 337
1649480 337
1649490 337
1649500 336
1649510 336
1649520 336
1649530 336
1649540 336
1649550 335
1649560 335
1649570 335
1649580 335
1649590 334
1649600 334
1649610 334
1649620 333
1649630 333
1649640 333
1649650 333
1649660 333
1649670 332
1649680 332
1649690 332
1649700 331
1649710 331
1649720 331
1649730 331
1649740 330
1649750 330
1649760 330
1649770 329
1649780 329
1649790 329
1649800 328
1649810 328
1649820 328
1649830 327
1649840 327
1649850 327
1649860 326
1649870 326
1649880 325
1649890 325
1649900 325
1649910 324
1649920 324
1649930 324
1649940 323
1649950 323
1649960 323
1649970 321
1649980 320
1649990 320
1650000 318
1650010 316
1650020 316
1650030 315
1650040 313
1650050 313
1650060 312
1650070 311
1650080 311
1650090 309
1650100 304
1650110 304
1650120 300
1650130 299
1650140 295
1650150 294
1650160 295
1650170 295
1650180 296
1650190 293
1650200 293
1650210 293
1650220 292
1650230 292
1650240 291
1650250 291
1650260 291
1650270 294
1650280 295
1650290 295
1650300 296
1650310 296
1650320 296
1650330 297
1650340 301
1650350 301
1650360 303
1650370 303
1650380 304
1650390 304
1650400 304
1650410 305
1650420 305
1650430 306
1650440 307
1650450 307
1650460 308
1650470 309
1650480 309
1650490 307
1650500 304
1650510 304
1650520 306
1650530 303
1650540 303
1650550 299
1650560 296
1650570 296
1650580 293
1650590 290
1650600 290
1650610 289
1650620 287
1650630 287
1650640 286
1650650 286
1650660 286
1650670 286
1650680 285
1650690 285
1650700 285
1650710 285
1650720 285
1650730 285
1650740 285
1650750 285
1650760 285
1650770 284
1650780 284
1650790 284
1650800 283
1650810 283
1650820 283
1650830 283
1650840 283
1650850 283
1650860 283
1650870 283
1650880 283
1650890 283
1650900 283
1650910 283
1650920 283
1650930 283
1650940 282
1650950 282
1650960 282
1650970 282
1650980 281
1650990 281
1651000 281
1651010 281
1651020 281
1651030 281
1651040 281
1651050 281
1651060 282
1651070 281
1651080 281
1651090 281
1651100 281
1651110 281
1651120 281
1651130 281
1651140 281
1651150 281
1651160 281
1651170 281
1651180 282
1651190 282
1651200 282
1651210 281
1651220 281
1651230 281
1651240 281
1651250 281
1651260 281
1651270 281
1651280 281
1651290 281
1651300 281
1651310 281
1651320 281
1651330 281
1651340 281
1651350 281
1651360 281
1651370 281
1651380 281
1651390 281
1651400 281
1651410 281
1651420 281
1651430 281
1651440 281
1651450 281
1651460 281
1651470 281
1651480 281
1651490 281
1651500 281
1651510 281
1651520 281
1651530 281
1651540 281
1651550 281
1651560 281
1651570 281
1651580 281
1651590 281
1651600 281
1651610 281
1651620 281
1651630 281
1651640 281
1651650 281
1651660 281
1651670 281
1651680 281
1651690 281
1651700 280
1651710 280
1651720 279
1651730 277
1651740 277
1651750 279
1651760 281
1651770 281
1651780 284
1651790 289
1651800 289
1651810 292
1651820 291
1651830 291
1651840 286
1651850 283
1651860 283
1651870 283
1651880 283
1651890 283
1651900 282
1651910 283
1651920 283
1651930 284
1651940 283
1651950 283
1651960 283
1651970 283
1651980 283
1651990 281
1652000 279
1652010 279
1652020 278
1652030 278
1652040 278
1652050 279
1652060 279
1652070 279
1652080 279
1652090 280
1652100 280
1652110 280
1652120 281
1652130 282
1652140 282
1652150 280
1652160 277
1652170 277
1652180 277
1652190 277
1652200 277
1652210 276
1652220 276
1652230 276
1652240 276
1652250 276
1652260 276
1652270 276
1652280 276
1652290 276
1652300 276
1652310 276
1652320 276
1652330 276
1652340 276
1652350 276
1652360 276
1652370 276
1652380 276
1652390 276
1652400 276
1652410 276
1652420 276
1652430 276
1652440 276
1652450 277
1652460 277
1652470 276
1652480 276
1652490 276
1652500 276
1652510 276
1652520 276
1652530 276
1652540 276
1652550 275
1652560 275
1652570 274
1652580 271
1652590 271
1652600 272
1652610 275
1652620 275
1652630 275
1652640 275
1652650 275
1652660 276
1652670 275
1652680 275
1652690 275
1652700 275
1652710 275
1652720 275
1652730 275
1652740 275
1652750 275
1652760 275
1652770 275
1652780 275
1652790 275
1652800 275
1652810 275
1652820 274
1652830 274
1652840 274
1652850 274
1652860 274
1652870 274
1652880 274
1652890 274
1652900 274
1652910 274
1652920 274
1652930 274
1652940 274
1652950 274
1652960 274
1652970 273
1652980 273
1652990 273
1653000 271
1653010 271
1653020 270
1653030 270
1653040 270
1653050 270
1653060 270
1653070 270
1653080 272
1653090 275
1653100 275
1653110 276
1653120 276
1653130 276
1653140 275
1653150 275
1653160 275
1653170 276
1653180 277
1653190 277
1653200 277
1653210 277
1653220 277
1653230 277
1653240 278
1653250 278
1653260 278
1653270 278
1653280 278
1653290 278
1653300 279
1653310 279
1653320 279
1653330 280
1653340 280
1653350 280
1653360 280
1653370 280
1653380 280
1653390 280
1653400 280
1653410 280
1653420 280
1653430 280
1653440 280
1653450 280
1653460 280
1653470 280
1653480 280
1653490 280
1653500 279
1653510 279
1653520 279
1653530 279
1653540 279
1653550 279
1653560 279
1653570 279
1653580 279
1653590 279
1653600 279
1653610 279
1653620 279
1653630 279
1653640 279
1653650 279
1653660 279
1653670 279
1653680 279
1653690 279
1653700 279
1653710 279
1653720 279
1653730 279
1653740 279
1653750 279
1653760 279
1653770 278
1653780 278
1653790 278
1653800 278
1653810 278
1653820 278
1653830 278
1653840 278
1653850 278
1653860 278
1653870 278
1653880 278
1653890 278
1653900 278
1653910 278
1653920 278
1653930 278
1653940 278
1653950 278
1653960 278
1653970 278
1653980 278
1653990 278
1654000 278
1654010 278
1654020 278
1654030 278
1654040 278
1654050 278
1654060 278
1654070 278
1654080 278
1654090 278
1654100 278
1654110 278
1654120 278
1654130 278
1654140 278
1654150 278
1654160 278
1654170 278
1654180 278
1654190 278
1654200 278
1654210 278
1654220 278
1654230 278
1654240 277
1654250 277
1654260 277
1654270 277
1654280 277
1654290 277
1654300 278
1654310 278
1654320 278
1654330 278
1654340 278
1654350 278
1654360 278
1654370 278
1654380 278
1654390 278
1654400 278
1654410 278
1654420 278
1654430 278
1654440 277
1654450 277
1654460 277
1654470 276
1654480 277
1654490 277
1654500 277
1654510 277
1654520 277
1654530 277
1654540 277
1654550 277
1654560 277
1654570 277
1654580 277
1654590 277
1654600 277
1654610 277
1654620 277
1654630 277
1654640 277
1654650 277
1654660 277
1654670 277
1654680 277
1654690 277
1654700 277
1654710 277
1654720 277
1654730 277
1654740 277
1654750 276
1654760 277
1654770 277
1654780 277
1654790 277
1654800 277
1654810 277
1654820 277
1654830 277
1654840 276
1654850 276
1654860 276
1654870 276
1654880 276
1654890 276
1654900 276
1654910 276
1654920 276
1654930 276
1654940 276
1654950 276
1654960 276
1654970 276
1654980 276
1654990 276
1655000 276
1655010 276
1655020 275
1655030 275
1655040 275
1655050 275
1655060 275
1655070 275
1655080 276
1655090 276
1655100 276
1655110 276
1655120 276
1655130 276
1655140 276
1655150 276
1655160 276
1655170 275
1655180 275
1655190 276
1655200 276
1655210 276
1655220 276
1655230 275
1655240 275
1655250 275
1655260 275
1655270 275
1655280 275
1655290 275
1655300 275
1655310 275
1655320 275
1655330 275
1655340 275
1655350 275
1655360 275
1655370 275
1655380 275
1655390 275
1655400 275
1655410 275
1655420 275
1655430 275
1655440 275
1655450 275
1655460 275
1655470 276
1655480 276
1655490 276
1655500 276
1655510 276
1655520 276
1655530 276
1655540 276
1655550 276
1655560 276
1655570 276
1655580 276
1655590 276
1655600 275
1655610 275
1655620 275
1655630 275
1655640 275
1655650 275
1655660 274
1655670 274
1655680 275
1655690 275
1655700 275
1655710 275
1655720 274
1655730 274
1655740 274
1655750 274
1655760 274
1655770 274
1655780 274
1655790 274
1655800 274
1655810 274
1655820 274
1655830 273
1655840 273
1655850 273
1655860 273
1655870 273
1655880 273
1655890 273
1655900 273
1655910 273
1655920 273
1655930 273
1655940 273
1655950 273
1655960 274
1655970 274
1655980 274
1655990 274
1656000 274
1656010 274
1656020 273
1656030 273
1656040 273
1656050 273
1656060 273
1656070 272
1656080 272
1656090 272
1656100 272
1656110 272
1656120 272
1656130 272
1656140 272
1656150 272
1656160 272
1656170 272
1656180 272
1656190 272
1656200 272
1656210 272
1656220 272
1656230 272
1656240 272
1656250 272
1656260 272
1656270 272
1656280 272
1656290 272
1656300 272
1656310 272
1656320 272
1656330 272
1656340 272
1656350 272
1656360 272
1656370 272
1656380 272
1656390 272
1656400 272
1656410 272
1656420 272
1656430 272
1656440 271
1656450 271
1656460 271
1656470 271
1656480 271
1656490 272
1656500 272
1656510 272
1656520 271
1656530 271
1656540 271
1656550 271
1656560 271
1656570 271
1656580 271
1656590 271
1656600 271
1656610 271
1656620 271
1656630 271
1656640 270
1656650 271
1656660 271
1656670 270
1656680 270
1656690 270
1656700 269
1656710 268
1656720 268
1656730 266
1656740 265
1656750 265
1656760 265
1656770 265
1656780 265
1656790 266
1656800 266
1656810 266
1656820 266
1656830 265
1656840 265
1656850 265
1656860 265
1656870 265
1656880 265
1656890 265
1656900 265
1656910 265
1656920 265
1656930 265
1656940 266
1656950 266
1656960 266
1656970 266
1656980 265
1656990 265
1657000 264
1657010 263
1657020 263
1657030 263
1657040 263
1657050 263
1657060 263
1657070 264
1657080 264
1657090 265
1657100 265
1657110 265
1657120 266
1657130 266
1657140 266
1657150 266
1657160 267
1657170 267
1657180 267
1657190 267
1657200 267
1657210 267
1657220 266
1657230 266
1657240 266
1657250 266
1657260 266
1657270 266
1657280 266
1657290 266
1657300 266
1657310 266
1657320 266
1657330 266
1657340 266
1657350 266
1657360 266
1657370 266
1657380 267
1657390 267
1657400 267
1657410 267
1657420 267
1657430 267
1657440 267
1657450 267
1657460 267
1657470 267
1657480 267
1657490 267
1657500 267
1657510 267
1657520 267
1657530 267
1657540 267
1657550 267
1657560 267
1657570 267
1657580 267
1657590 266
1657600 266
1657610 266
1657620 266
1657630 266
1657640 266
1657650 266
1657660 266
1657670 267
1657680 268
1657690 268
1657700 268
1657710 268
1657720 268
1657730 268
1657740 268
1657750 268
1657760 268
1657770 268
1657780 268
1657790 268
1657800 268
1657810 268
1657820 268
1657830 267
1657840 267
1657850 267
1657860 267
1657870 267
1657880 267
1657890 267
1657900 267
1657910 267
1657920 267
1657930 267
1657940 267
1657950 268
1657960 268
1657970 268
1657980 268
1657990 268
1658000 268
1658010 268
1658020 268
1658030 268
1658040 268
1658050 268
1658060 268
1658070 268
1658080 268
1658090 267
1658100 267
1658110 267
1658120 267
1658130 267
1658140 267
1658150 266
1658160 267
1658170 267
1658180 267
1658190 267
1658200 267
1658210 267
1658220 268
1658230 268
1658240 268
1658250 268
1658260 268
1658270 268
1658280 268
1658290 268
1658300 268
1658310 268
1658320 268
1658330 267
1658340 268
1658350 268
1658360 268
1658370 268
1658380 268
1658390 267
1658400 267
1658410 267
1658420 267
1658430 267
1658440 267
1658450 267
1658460 267
1658470 267
1658480 267
1658490 267
1658500 267
1658510 268
1658520 267
1658530 267
1658540 267
1658550 267
1658560 267
1658570 267
1658580 267
1658590 267
1658600 267
1658610 267
1658620 267
1658630 267
1658640 267
1658650 267
1658660 267
1658670 267
1658680 267
1658690 267
1658700 267
1658710 267
1658720 267
1658730 267
1658740 267
1658750 267
1658760 267
1658770 267
1658780 267
1658790 267
1658800 267
1658810 267
1658820 267
1658830 267
1658840 267
1658850 267
1658860 267
1658870 267
1658880 267
1658890 267
1658900 267
1658910 267
1658920 267
1658930 267
1658940 267
1658950 267
1658960 267
1658970 267
1658980 267
1658990 267
1659000 266
1659010 266
1659020 266
1659030 266
1659040 266
1659050 266
1659060 266
1659070 266
1659080 266
1659090 266
1659100 266
1659110 266
1659120 266
1659130 266
1659140 266
1659150 266
1659160 266
1659170 266
1659180 266
1659190 266
1659200 266
1659210 266
1659220 266
1659230 266
1659240 266
1659250 266
1659260 266
1659270 265
1659280 265
1659290 265
1659300 265
1659310 265
1659320 265
1659330 265
1659340 265
1659350 265
1659360 265
1659370 265
1659380 265
1659390 265
1659400 266
1659410 266
1659420 266
1659430 265
1659440 265
1659450 265
1659460 265
1659470 265
1659480 265
1659490 265
1659500 265
1659510 265
1659520 265
1659530 265
1659540 265
1659550 265
1659560 265
1659570 265
1659580 265
1659590 265
1659600 265
1659610 265
1659620 265
1659630 265
1659640 265
1659650 265
1659660 265
1659670 265
1659680 265
1659690 265
1659700 266
1659710 266
1659720 265
1659730 265
1659740 265
1659750 265
1659760 265
1659770 265
1659780 265
1659790 265
1659800 265
1659810 264
1659820 264
1659830 264
1659840 264
1659850 264
1659860 264
1659870 264
1659880 264
1659890 264
1659900 264
1659910 264
1659920 264
1659930 264
1659940 264
1659950 264
1659960 264
1659970 264
1659980 264
1659990 264
