1640000 335
1640010 336
1640020 338
1640030 338
1640040 339
1640050 340
1640060 340
1640070 341
1640080 343
1640090 343
1640100 344
1640110 345
1640120 345
1640130 346
1640140 347
1640150 347
1640160 348
1640170 349
1640180 349
1640190 350
1640200 351
1640210 351
1640220 352
1640230 353
1640240 353
1640250 353
1640260 354
1640270 354
1640280 355
1640290 355
1640300 355
1640310 356
1640320 356
1640330 356
1640340 356
1640350 356
1640360 356
1640370 356
1640380 356
1640390 356
1640400 356
1640410 355
1640420 355
1640430 355
1640440 355
1640450 355
1640460 355
1640470 355
1640480 355
1640490 354
1640500 354
1640510 354
1640520 353
1640530 351
1640540 351
1640550 350
1640560 350
1640570 350
1640580 350
1640590 350
1640600 350
1640610 349
1640620 349
1640630 349
1640640 349
1640650 348
1640660 348
1640670 348
1640680 348
1640690 348
1640700 348
1640710 348
1640720 348
1640730 348
1640740 348
1640750 348
1640760 347
1640770 347
1640780 347
1640790 347
1640800 347
1640810 347
1640820 348
1640830 348
1640840 348
1640850 348
1640860 348
1640870 348
1640880 348
1640890 348
1640900 348
1640910 349
1640920 349
1640930 349
1640940 350
1640950 350
1640960 350
1640970 351
1640980 352
1640990 352
1641000 352
1641010 353
1641020 353
1641030 354
1641040 355
1641050 355
1641060 356
1641070 357
1641080 357
1641090 359
1641100 360
1641110 360
1641120 361
1641130 362
1641140 362
1641150 363
1641160 364
1641170 364
1641180 365
1641190 367
1641200 367
1641210 368
1641220 368
1641230 368
1641240 368
1641250 369
1641260 369
1641270 369
1641280 370
1641290 370
1641300 371
1641310 371
1641320 371
1641330 371
1641340 370
1641350 370
1641360 369
1641370 369
1641380 369
1641390 368
1641400 367
1641410 367
1641420 366
1641430 365
1641440 364
1641450 364
1641460 362
1641470 359
1641480 359
1641490 356
1641500 354
1641510 354
1641520 352
1641530 349
1641540 349
1641550 346
1641560 347
1641570 347
1641580 351
1641590 353
1641600 353
1641610 355
1641620 358
1641630 358
1641640 360
1641650 362
1641660 362
1641670 364
1641680 365
1641690 365
1641700 366
1641710 367
1641720 367
1641730 368
1641740 369
1641750 369
1641760 370
1641770 370
1641780 370
1641790 371
1641800 371
1641810 371
1641820 371
1641830 370
1641840 370
1641850 369
1641860 369
1641870 369
1641880 368
1641890 367
1641900 367
1641910 367
1641920 366
1641930 366
1641940 366
1641950 366
1641960 366
1641970 365
1641980 365
1641990 365
1642000 365
1642010 365
1642020 365
1642030 364
1642040 364
1642050 364
1642060 364
1642070 365
1642080 365
1642090 365
1642100 364
1642110 364
1642120 364
1642130 362
1642140 362
1642150 359
1642160 361
1642170 365
1642180 368
1642190 370
1642200 370
1642210 372
1642220 374
1642230 374
1642240 376
1642250 378
1642260 378
1642270 380
1642280 382
1642290 382
1642300 381
1642310 381
1642320 381
1642330 381
1642340 381
1642350 381
1642360 382
1642370 381
1642380 381
1642390 381
1642400 381
1642410 381
1642420 381
1642430 382
1642440 382
1642450 382
1642460 381
1642470 381
1642480 380
1642490 379
1642500 379
1642510 378
1642520 377
1642530 377
1642540 376
1642550 375
1642560 375
1642570 374
1642580 373
1642590 373
1642600 371
1642610 370
1642620 370
1642630 369
1642640 368
1642650 368
1642660 367
1642670 366
1642680 366
1642690 365
1642700 365
1642710 365
1642720 364
1642730 364
1642740 364
1642750 363
1642760 362
1642770 362
1642780 360
1642790 358
1642800 358
1642810 358
1642820 363
1642830 363
1642840 366
1642850 368
1642860 368
1642870 369
1642880 371
1642890 371
1642900 371
1642910 371
1642920 371
1642930 370
1642940 368
1642950 368
1642960 367
1642970 365
1642980 365
1642990 360
1643000 358
1643010 358
1643020 356
1643030 355
1643040 355
1643050 354
1643060 352
1643070 352
1643080 351
1643090 347
1643100 347
1643110 343
1643120 343
1643130 343
1643140 348
1643150 351
1643160 351
1643170 353
1643180 355
1643190 355
1643200 357
1643210 359
1643220 359
1643230 361
1643240 363
1643250 363
1643260 366
1643270 367
1643280 367
1643290 369
1643300 369
1643310 369
1643320 370
1643330 371
1643340 371
1643350 371
1643360 372
1643370 372
1643380 372
1643390 372
1643400 372
1643410 372
1643420 372
1643430 373
1643440 373
1643450 373
1643460 373
1643470 373
1643480 373
1643490 374
1643500 374
1643510 374
1643520 375
1643530 375
1643540 375
1643550 376
1643560 376
1643570 377
1643580 377
1643590 377
1643600 378
1643610 380
1643620 380
1643630 381
1643640 382
1643650 382
1643660 382
1643670 383
1643680 383
1643690 383
1643700 382
1643710 382
1643720 382
1643730 382
1643740 382
1643750 382
1643760 381
1643770 381
1643780 381
1643790 381
1643800 380
1643810 380
1643820 379
1643830 379
1643840 378
1643850 378
1643860 378
1643870 377
1643880 376
1643890 376
1643900 376
1643910 375
1643920 375
1643930 374
1643940 373
1643950 373
1643960 372
1643970 372
1643980 372
1643990 371
1644000 370
1644010 370
1644020 368
1644030 367
1644040 367
1644050 367
1644060 367
1644070 367
1644080 368
1644090 369
1644100 369
1644110 369
1644120 369
1644130 369
1644140 369
1644150 369
1644160 369
1644170 369
1644180 369
1644190 369
1644200 369
1644210 368
1644220 368
1644230 368
1644240 368
1644250 368
1644260 368
1644270 369
1644280 369
1644290 369
1644300 369
1644310 369
1644320 369
1644330 369
1644340 369
1644350 369
1644360 369
1644370 369
1644380 370
1644390 370
1644400 370
1644410 370
1644420 370
1644430 370
1644440 370
1644450 370
1644460 370
1644470 370
1644480 369
1644490 369
1644500 369
1644510 369
1644520 369
1644530 370
1644540 370
1644550 370
1644560 370
1644570 369
1644580 369
1644590 369
1644600 368
1644610 366
1644620 366
1644630 365
1644640 365
1644650 365
1644660 365
1644670 365
1644680 364
1644690 364
1644700 364
1644710 363
1644720 363
1644730 363
1644740 363
1644750 362
1644760 362
1644770 362
1644780 363
1644790 363
1644800 362
1644810 362
1644820 362
1644830 362
1644840 362
1644850 362
1644860 361
1644870 361
1644880 361
1644890 360
1644900 360
1644910 360
1644920 360
1644930 360
1644940 360
1644950 360
1644960 359
1644970 359
1644980 359
1644990 359
1645000 359
1645010 359
1645020 359
1645030 359
1645040 358
1645050 358
1645060 358
1645070 358
1645080 357
1645090 357
1645100 357
1645110 356
1645120 356
1645130 355
1645140 355
1645150 355
1645160 354
1645170 353
1645180 353
1645190 353
1645200 352
1645210 352
1645220 351
1645230 350
1645240 350
1645250 349
1645260 348
1645270 348
1645280 347
1645290 345
1645300 344
1645310 344
1645320 342
1645330 341
1645340 341
1645350 340
1645360 338
1645370 338
1645380 337
1645390 335
1645400 335
1645410 334
1645420 332
1645430 332
1645440 330
1645450 325
1645460 325
1645470 322
1645480 323
1645490 323
1645500 324
1645510 324
1645520 324
1645530 325
1645540 326
1645550 326
1645560 327
1645570 328
1645580 328
1645590 329
1645600 331
1645610 331
1645620 332
1645630 333
1645640 333
1645650 334
1645660 335
1645670 335
1645680 335
1645690 336
1645700 336
1645710 336
1645720 337
1645730 337
1645740 338
1645750 338
1645760 338
1645770 339
1645780 339
1645790 339
1645800 340
1645810 341
1645820 341
1645830 341
1645840 342
1645850 342
1645860 342
1645870 343
1645880 343
1645890 343
1645900 344
1645910 344
1645920 344
1645930 345
1645940 345
1645950 345
1645960 345
1645970 345
1645980 345
1645990 345
1646000 345
1646010 345
1646020 345
1646030 345
1646040 345
1646050 345
1646060 345
1646070 345
1646080 345
1646090 345
1646100 345
1646110 345
1646120 345
1646130 345
1646140 345
1646150 345
1646160 345
1646170 344
1646180 344
1646190 344
1646200 344
1646210 344
1646220 345
1646230 345
1646240 345
1646250 345
1646260 345
1646270 345
1646280 344
1646290 344
1646300 344
1646310 344
1646320 344
1646330 344
1646340 344
1646350 343
1646360 343
1646370 343
1646380 342
1646390 342
1646400 342
1646410 342
1646420 342
1646430 342
1646440 341
1646450 341
1646460 341
1646470 341
1646480 341
1646490 340
1646500 340
1646510 340
1646520 340
1646530 339
1646540 339
1646550 339
1646560 339
1646570 339
1646580 338
1646590 338
1646600 338
1646610 338
1646620 337
1646630 337
1646640 337
1646650 337
1646660 337
1646670 337
1646680 336
1646690 336
1646700 336
1646710 336
1646720 336
1646730 335
1646740 335
1646750 335
1646760 335
1646770 334
1646780 334
1646790 334
1646800 333
1646810 333
1646820 333
1646830 333
1646840 333
1646850 332
1646860 332
1646870 332
1646880 331
1646890 331
1646900 331
1646910 330
1646920 330
1646930 330
1646940 329
1646950 328
1646960 328
1646970 328
1646980 327
1646990 327
1647000 327
1647010 326
1647020 327
1647030 326
1647040 325
1647050 325
1647060 324
1647070 324
1647080 324
1647090 323
1647100 322
1647110 322
1647120 321
1647130 320
1647140 320
1647150 320
1647160 319
1647170 319
1647180 318
1647190 317
1647200 317
1647210 316
1647220 315
1647230 315
1647240 315
1647250 314
1647260 313
1647270 313
1647280 312
1647290 310
1647300 310
1647310 309
1647320 308
1647330 308
1647340 307
1647350 306
1647360 306
1647370 305
1647380 305
1647390 305
1647400 305
1647410 305
1647420 305
1647430 305
1647440 305
1647450 305
1647460 305
1647470 306
1647480 306
1647490 306
1647500 307
1647510 307
1647520 307
1647530 307
1647540 307
1647550 308
1647560 308
1647570 308
1647580 308
1647590 309
1647600 309
1647610 309
1647620 308
1647630 308
1647640 308
1647650 308
1647660 308
1647670 308
1647680 307
1647690 307
1647700 307
1647710 306
1647720 306
1647730 306
1647740 306
1647750 306
1647760 305
1647770 305
1647780 305
1647790 304
1647800 304
1647810 304
1647820 304
1647830 303
1647840 303
1647850 302
1647860 302
1647870 302
1647880 301
1647890 301
1647900 301
1647910 300
1647920 300
1647930 300
1647940 299
1647950 298
1647960 298
1647970 298
1647980 297
1647990 297
1648000 296
1648010 296
1648020 296
1648030 295
1648040 294
1648050 294
1648060 294
1648070 293
1648080 293
1648090 292
1648100 292
1648110 292
1648120 291
1648130 291
1648140 291
1648150 290
1648160 289
1648170 289
1648180 289
1648190 288
1648200 288
1648210 287
1648220 287
1648230 287
1648240 286
1648250 286
1648260 286
1648270 285
1648280 285
1648290 285
1648300 285
1648310 285
1648320 285
1648330 285
1648340 285
1648350 285
1648360 285
1648370 285
1648380 285
1648390 285
1648400 285
1648410 285
1648420 285
1648430 286
1648440 286
1648450 286
1648460 285
1648470 285
1648480 284
1648490 284
1648500 284
1648510 285
1648520 285
1648530 285
1648540 285
1648550 285
1648560 285
1648570 285
1648580 285
1648590 285
1648600 284
1648610 284
1648620 284
1648630 285
1648640 285
1648650 285
1648660 286
1648670 289
1648680 289
1648690 291
1648700 292
1648710 292
1648720 293
1648730 294
1648740 294
1648750 294
1648760 295
1648770 295
1648780 296
1648790 296
1648800 296
1648810 297
1648820 298
1648830 298
1648840 298
1648850 299
1648860 299
1648870 299
1648880 300
1648890 300
1648900 301
1648910 301
1648920 301
1648930 302
1648940 302
1648950 302
1648960 302
1648970 303
1648980 303
1648990 303
1649000 304
1649010 304
1649020 303
1649030 303
1649040 303
1649050 303
1649060 303
1649070 303
1649080 303
1649090 303
1649100 303
1649110 303
1649120 303
1649130 303
1649140 303
1649150 303
1649160 302
1649170 302
1649180 303
1649190 302
1649200 302
1649210 302
1649220 302
1649230 302
1649240 301
1649250 301
1649260 301
1649270 302
1649280 302
1649290 302
1649300 301
1649310 299
1649320 299
1649330 297
1649340 296
1649350 296
1649360 297
1649370 299
1649380 299
1649390 306
1649400 309
1649410 309
1649420 310
1649430 312
1649440 312
1649450 314
1649460 316
1649470 316
1649480 318
1649490 319
1649500 319
1649510 321
1649520 323
1649530 323
1649540 324
1649550 326
1649560 326
1649570 327
1649580 328
1649590 328
1649600 328
1649610 329
1649620 329
1649630 329
1649640 329
1649650 329
1649660 329
1649670 329
1649680 329
1649690 329
1649700 329
1649710 329
1649720 329
1649730 328
1649740 328
1649750 328
1649760 327
1649770 327
1649780 327
1649790 326
1649800 326
1649810 324
1649820 322
1649830 322
1649840 320
1649850 318
1649860 318
1649870 316
1649880 315
1649890 315
1649900 313
1649910 310
1649920 310
1649930 311
1649940 314
1649950 314
1649960 318
1649970 322
1649980 322
1649990 325
1650000 328
1650010 328
1650020 332
1650030 335
1650040 335
1650050 338
1650060 340
1650070 340
1650080 341
1650090 342
1650100 342
1650110 343
1650120 344
1650130 344
1650140 343
1650150 341
1650160 341
1650170 339
1650180 339
1650190 339
1650200 339
1650210 340
1650220 340
1650230 339
1650240 335
1650250 335
1650260 337
1650270 342
1650280 342
1650290 347
1650300 352
1650310 352
1650320 357
1650330 361
1650340 361
1650350 363
1650360 363
1650370 363
1650380 363
1650390 363
1650400 363
1650410 361
1650420 359
1650430 359
1650440 362
1650450 363
1650460 363
1650470 364
1650480 365
1650490 365
1650500 367
1650510 367
1650520 367
1650530 367
1650540 368
1650550 368
1650560 368
1650570 369
1650580 369
1650590 368
1650600 368
1650610 368
1650620 368
1650630 368
1650640 368
1650650 368
1650660 368
1650670 368
1650680 368
1650690 368
1650700 368
1650710 368
1650720 368
1650730 368
1650740 368
1650750 367
1650760 367
1650770 367
1650780 367
1650790 367
1650800 367
1650810 366
1650820 366
1650830 366
1650840 365
1650850 365
1650860 365
1650870 365
1650880 365
1650890 364
1650900 364
1650910 364
1650920 363
1650930 363
1650940 363
1650950 362
1650960 361
1650970 361
1650980 361
1650990 360
1651000 360
1651010 359
1651020 358
1651030 358
1651040 357
1651050 356
1651060 356
1651070 356
1651080 355
1651090 354
1651100 354
1651110 353
1651120 352
1651130 352
1651140 351
1651150 350
1651160 350
1651170 349
1651180 347
1651190 347
1651200 346
1651210 345
1651220 345
1651230 344
1651240 343
1651250 343
1651260 342
1651270 342
1651280 342
1651290 340
1651300 339
1651310 339
1651320 337
1651330 337
1651340 337
1651350 337
1651360 338
1651370 338
1651380 338
1651390 339
1651400 339
1651410 340
1651420 341
1651430 341
1651440 341
1651450 342
1651460 342
1651470 343
1651480 344
1651490 344
1651500 344
1651510 345
1651520 345
1651530 346
1651540 347
1651550 347
1651560 347
1651570 348
1651580 348
1651590 349
1651600 349
1651610 349
1651620 350
1651630 350
1651640 350
1651650 350
1651660 349
1651670 349
1651680 350
1651690 352
1651700 352
1651710 353
1651720 353
1651730 355
1651740 356
1651750 356
1651760 356
1651770 356
1651780 357
1651790 357
1651800 358
1651810 358
1651820 358
1651830 358
1651840 358
1651850 358
1651860 359
1651870 359
1651880 359
1651890 360
1651900 360
1651910 360
1651920 361
1651930 361
1651940 361
1651950 361
1651960 362
1651970 362
1651980 362
1651990 363
1652000 363
1652010 363
1652020 363
1652030 363
1652040 363
1652050 363
1652060 363
1652070 363
1652080 363
1652090 363
1652100 363
1652110 362
1652120 362
1652130 362
1652140 361
1652150 361
1652160 361
1652170 360
1652180 360
1652190 360
1652200 359
1652210 359
1652220 359
1652230 358
1652240 358
1652250 357
1652260 357
1652270 357
1652280 356
1652290 355
1652300 355
1652310 354
1652320 354
1652330 354
1652340 353
1652350 352
1652360 352
1652370 352
1652380 351
1652390 351
1652400 349
1652410 348
1652420 348
1652430 346
1652440 345
1652450 345
1652460 343
1652470 342
1652480 342
1652490 340
1652500 336
1652510 336
1652520 332
1652530 330
1652540 330
1652550 330
1652560 328
1652570 328
1652580 326
1652590 324
1652600 324
1652610 323
1652620 322
1652630 322
1652640 321
1652650 318
1652660 318
1652670 313
1652680 313
1652690 313
1652700 314
1652710 315
1652720 315
1652730 316
1652740 319
1652750 319
1652760 322
1652770 326
1652780 326
1652790 329
1652800 330
1652810 330
1652820 332
1652830 333
1652840 333
1652850 335
1652860 336
1652870 336
1652880 337
1652890 338
1652900 338
1652910 340
1652920 341
1652930 341
1652940 341
1652950 342
1652960 342
1652970 342
1652980 343
1652990 344
1653000 344
1653010 345
1653020 345
1653030 345
1653040 346
1653050 346
1653060 346
1653070 346
1653080 348
1653090 348
1653100 349
1653110 349
1653120 349
1653130 349
1653140 349
1653150 349
1653160 349
1653170 349
1653180 349
1653190 349
1653200 349
1653210 349
1653220 350
1653230 349
1653240 349
1653250 349
1653260 349
1653270 349
1653280 349
1653290 348
1653300 348
1653310 348
1653320 348
1653330 348
1653340 347
1653350 346
1653360 346
1653370 344
1653380 343
1653390 343
1653400 343
1653410 342
1653420 342
1653430 342
1653440 341
1653450 341
1653460 340
1653470 339
1653480 339
1653490 337
1653500 336
1653510 336
1653520 335
1653530 334
1653540 334
1653550 332
1653560 331
1653570 331
1653580 330
1653590 328
1653600 328
1653610 327
1653620 326
1653630 326
1653640 324
1653650 323
1653660 323
1653670 322
1653680 321
1653690 321
1653700 320
1653710 319
1653720 319
1653730 318
1653740 317
1653750 317
1653760 313
1653770 310
1653780 310
1653790 308
1653800 308
1653810 308
1653820 308
1653830 309
1653840 309
1653850 310
1653860 311
1653870 311
1653880 312
1653890 313
1653900 313
1653910 315
1653920 318
1653930 318
1653940 319
1653950 321
1653960 321
1653970 322
1653980 323
1653990 323
1654000 323
1654010 324
1654020 324
1654030 324
1654040 325
1654050 325
1654060 326
1654070 326
1654080 326
1654090 326
1654100 326
1654110 326
1654120 326
1654130 325
1654140 325
1654150 325
1654160 325
1654170 325
1654180 325
1654190 325
1654200 325
1654210 325
1654220 323
1654230 323
1654240 323
1654250 323
1654260 323
1654270 323
1654280 322
1654290 322
1654300 321
1654310 321
1654320 321
1654330 321
1654340 321
1654350 321
1654360 321
1654370 322
1654380 322
1654390 322
1654400 322
1654410 322
1654420 322
1654430 323
1654440 323
1654450 322
1654460 322
1654470 322
1654480 322
1654490 321
1654500 321
1654510 321
1654520 321
1654530 321
1654540 320
1654550 320
1654560 320
1654570 319
1654580 319
1654590 319
1654600 318
1654610 317
1654620 317
1654630 317
1654640 316
1654650 316
1654660 315
1654670 314
1654680 314
1654690 314
1654700 313
1654710 313
1654720 312
1654730 312
1654740 312
1654750 311
1654760 310
1654770 310
1654780 310
1654790 309
1654800 309
1654810 308
1654820 308
1654830 308
1654840 307
1654850 306
1654860 306
1654870 306
1654880 305
1654890 305
1654900 303
1654910 302
1654920 301
1654930 301
1654940 301
1654950 300
1654960 300
1654970 299
1654980 299
1654990 299
1655000 299
1655010 298
1655020 298
1655030 297
1655040 296
1655050 296
1655060 296
1655070 295
1655080 295
1655090 294
1655100 293
1655110 293
1655120 292
1655130 291
1655140 291
1655150 291
1655160 289
1655170 289
1655180 289
1655190 288
1655200 288
1655210 288
1655220 287
1655230 287
1655240 286
1655250 287
1655260 287
1655270 288
1655280 293
1655290 293
1655300 299
1655310 302
1655320 302
1655330 306
1655340 308
1655350 308
1655360 312
1655370 314
1655380 314
1655390 316
1655400 319
1655410 319
1655420 321
1655430 321
1655440 321
1655450 321
1655460 321
1655470 321
1655480 321
1655490 321
1655500 321
1655510 321
1655520 321
1655530 321
1655540 321
1655550 321
1655560 321
1655570 321
1655580 322
1655590 322
1655600 324
1655610 326
1655620 326
1655630 328
1655640 328
1655650 328
1655660 328
1655670 328
1655680 328
1655690 328
1655700 328
1655710 328
1655720 328
1655730 327
1655740 327
1655750 327
1655760 327
1655770 327
1655780 325
1655790 325
1655800 325
1655810 324
1655820 323
1655830 323
1655840 322
1655850 320
1655860 320
1655870 320
1655880 319
1655890 319
1655900 317
1655910 317
1655920 317
1655930 314
1655940 309
1655950 309
1655960 306
1655970 302
1655980 302
1655990 298
1656000 296
1656010 296
1656020 296
1656030 296
1656040 296
1656050 298
1656060 299
1656070 299
1656080 300
1656090 302
1656100 302
1656110 302
1656120 303
1656130 303
1656140 304
1656150 305
1656160 305
1656170 305
1656180 304
1656190 304
1656200 304
1656210 303
1656220 303
1656230 303
1656240 302
1656250 302
1656260 302
1656270 302
1656280 302
1656290 303
1656300 302
1656310 303
1656320 302
1656330 301
1656340 301
1656350 299
1656360 298
1656370 298
1656380 297
1656390 297
1656400 297
1656410 297
1656420 297
1656430 297
1656440 298
1656450 299
1656460 299
1656470 300
1656480 300
1656490 300
1656500 299
1656510 299
1656520 299
1656530 297
1656540 295
1656550 295
1656560 293
1656570 290
1656580 290
1656590 289
1656600 289
1656610 289
1656620 289
1656630 289
1656640 289
1656650 288
1656660 288
1656670 288
1656680 289
1656690 289
1656700 289
1656710 290
1656720 290
1656730 290
1656740 290
1656750 290
1656760 290
1656770 293
1656780 293
1656790 293
1656800 293
1656810 293
1656820 293
1656830 293
1656840 293
1656850 293
1656860 294
1656870 294
1656880 294
1656890 294
1656900 294
1656910 294
1656920 294
1656930 294
1656940 294
1656950 294
1656960 293
1656970 292
1656980 292
1656990 292
1657000 292
1657010 292
1657020 292
1657030 292
1657040 292
1657050 292
1657060 291
1657070 293
1657080 291
1657090 289
1657100 289
1657110 287
1657120 287
1657130 287
1657140 286
1657150 286
1657160 286
1657170 286
1657180 286
1657190 286
1657200 285
1657210 284
1657220 284
1657230 285
1657240 284
1657250 284
1657260 283
1657270 282
1657280 282
1657290 282
1657300 281
1657310 281
1657320 280
1657330 279
1657340 279
1657350 278
1657360 277
1657370 277
1657380 277
1657390 276
1657400 276
1657410 276
1657420 276
1657430 276
1657440 276
1657450 276
1657460 276
1657470 277
1657480 277
1657490 277
1657500 277
1657510 276
1657520 276
1657530 275
1657540 275
1657550 275
1657560 275
1657570 275
1657580 275
1657590 275
1657600 275
1657610 275
1657620 275
1657630 275
1657640 275
1657650 275
1657660 275
1657670 275
1657680 276
1657690 276
1657700 276
1657710 275
1657720 275
1657730 275
1657740 275
1657750 276
1657760 276
1657770 276
1657780 275
1657790 275
1657800 275
1657810 276
1657820 276
1657830 276
1657840 276
1657850 276
1657860 276
1657870 276
1657880 276
1657890 276
1657900 276
1657910 276
1657920 275
1657930 275
1657940 275
1657950 275
1657960 275
1657970 275
1657980 276
1657990 276
1658000 276
1658010 276
1658020 275
1658030 275
1658040 275
1658050 275
1658060 275
1658070 275
1658080 275
1658090 275
1658100 275
1658110 275
1658120 275
1658130 274
1658140 274
1658150 274
1658160 274
1658170 274
1658180 274
1658190 274
1658200 274
1658210 274
1658220 274
1658230 274
1658240 274
1658250 274
1658260 274
1658270 274
1658280 274
1658290 274
1658300 274
1658310 274
1658320 273
1658330 273
1658340 273
1658350 273
1658360 273
1658370 273
1658380 273
1658390 273
1658400 273
1658410 273
1658420 273
1658430 273
1658440 273
1658450 273
1658460 274
1658470 273
1658480 273
1658490 273
1658500 273
1658510 273
1658520 273
1658530 273
1658540 273
1658550 273
1658560 273
1658570 273
1658580 273
1658590 273
1658600 273
1658610 273
1658620 273
1658630 273
1658640 273
1658650 274
1658660 274
1658670 274
1658680 274
1658690 274
1658700 274
1658710 274
1658720 274
1658730 273
1658740 274
1658750 274
1658760 273
1658770 273
1658780 273
1658790 273
1658800 273
1658810 273
1658820 273
1658830 273
1658840 273
1658850 273
1658860 273
1658870 273
1658880 273
1658890 274
1658900 274
1658910 274
1658920 274
1658930 274
1658940 274
1658950 275
1658960 275
1658970 275
1658980 275
1658990 275
1659000 275
1659010 275
1659020 274
1659030 274
1659040 274
1659050 274
1659060 274
1659070 273
1659080 273
1659090 273
1659100 273
1659110 273
1659120 273
1659130 273
1659140 273
1659150 273
1659160 273
1659170 273
1659180 273
1659190 273
1659200 272
1659210 272
1659220 272
1659230 272
1659240 272
1659250 272
1659260 272
1659270 272
1659280 271
1659290 271
1659300 272
1659310 272
1659320 272
1659330 272
1659340 272
1659350 271
1659360 271
1659370 271
1659380 271
1659390 271
1659400 271
1659410 271
1659420 271
1659430 270
1659440 270
1659450 270
1659460 270
1659470 270
1659480 270
1659490 270
1659500 270
1659510 270
1659520 270
1659530 269
1659540 269
1659550 269
1659560 269
1659570 269
1659580 269
1659590 269
1659600 269
1659610 269
1659620 269
1659630 269
1659640 269
1659650 269
1659660 269
1659670 269
1659680 269
1659690 269
1659700 269
1659710 269
1659720 269
1659730 269
1659740 269
1659750 269
1659760 269
1659770 269
1659780 269
1659790 269
1659800 269
1659810 269
1659820 269
1659830 269
1659840 269
1659850 269
1659860 269
1659870 269
1659880 269
1659890 269
1659900 269
1659910 269
1659920 269
1659930 269
1659940 270
1659950 270
1659960 270
1659970 271
1659980 271
1659990 271
