1640000 288
1640010 288
1640020 289
1640030 286
1640040 287
1640050 286
1640060 286
1640070 286
1640080 286
1640090 286
1640100 286
1640110 286
1640120 286
1640130 285
1640140 286
1640150 286
1640160 287
1640170 288
1640180 288
1640190 292
1640200 298
1640210 298
1640220 301
1640230 302
1640240 302
1640250 303
1640260 304
1640270 304
1640280 305
1640290 306
1640300 306
1640310 307
1640320 308
1640330 308
1640340 309
1640350 309
1640360 309
1640370 310
1640380 311
1640390 311
1640400 312
1640410 313
1640420 313
1640430 314
1640440 315
1640450 315
1640460 316
1640470 317
1640480 317
1640490 317
1640500 318
1640510 318
1640520 319
1640530 319
1640540 319
1640550 320
1640560 321
1640570 321
1640580 322
1640590 322
1640600 322
1640610 323
1640620 323
1640630 323
1640640 323
1640650 323
1640660 323
1640670 323
1640680 323
1640690 323
1640700 323
1640710 323
1640720 323
1640730 322
1640740 322
1640750 322
1640760 321
1640770 321
1640780 321
1640790 321
1640800 320
1640810 320
1640820 319
1640830 318
1640840 318
1640850 317
1640860 317
1640870 317
1640880 316
1640890 315
1640900 315
1640910 315
1640920 314
1640930 314
1640940 314
1640950 313
1640960 313
1640970 313
1640980 312
1640990 312
1641000 311
1641010 310
1641020 310
1641030 310
1641040 309
1641050 309
1641060 308
1641070 307
1641080 307
1641090 305
1641100 303
1641110 303
1641120 301
1641130 297
1641140 297
1641150 294
1641160 292
1641170 292
1641180 289
1641190 286
1641200 286
1641210 283
1641220 280
1641230 280
1641240 278
1641250 277
1641260 277
1641270 275
1641280 272
1641290 272
1641300 268
1641310 265
1641320 265
1641330 267
1641340 266
1641350 266
1641360 269
1641370 268
1641380 268
1641390 267
1641400 269
1641410 269
1641420 271
1641430 273
1641440 273
1641450 276
1641460 281
1641470 281
1641480 282
1641490 284
1641500 284
1641510 286
1641520 288
1641530 288
1641540 290
1641550 292
1641560 294
1641570 294
1641580 297
1641590 299
1641600 299
1641610 301
1641620 303
1641630 303
1641640 304
1641650 305
1641660 305
1641670 305
1641680 305
1641690 306
1641700 305
1641710 305
1641720 305
1641730 305
1641740 304
1641750 304
1641760 304
1641770 303
1641780 303
1641790 303
1641800 302
1641810 302
1641820 301
1641830 301
1641840 301
1641850 300
1641860 300
1641870 300
1641880 300
1641890 300
1641900 300
1641910 299
1641920 298
1641930 298
1641940 298
1641950 299
1641960 299
1641970 299
1641980 299
1641990 299
1642000 299
1642010 300
1642020 300
1642030 300
1642040 301
1642050 301
1642060 302
1642070 303
1642080 303
1642090 304
1642100 305
1642110 305
1642120 306
1642130 306
1642140 306
1642150 307
1642160 308
1642170 308
1642180 309
1642190 309
1642200 309
1642210 310
1642220 310
1642230 310
1642240 311
1642250 312
1642260 312
1642270 312
1642280 313
1642290 313
1642300 313
1642310 314
1642320 314
1642330 315
1642340 316
1642350 316
1642360 316
1642370 316
1642380 316
1642390 317
1642400 317
1642410 317
1642420 317
1642430 317
1642440 317
1642450 317
1642460 317
1642470 317
1642480 317
1642490 317
1642500 317
1642510 317
1642520 317
1642530 317
1642540 317
1642550 316
1642560 316
1642570 316
1642580 316
1642590 316
1642600 315
1642610 315
1642620 315
1642630 314
1642640 314
1642650 314
1642660 313
1642670 313
1642680 313
1642690 312
1642700 311
1642710 311
1642720 311
1642730 310
1642740 310
1642750 309
1642760 308
1642770 308
1642780 307
1642790 307
1642800 307
1642810 306
1642820 305
1642830 305
1642840 304
1642850 303
1642860 303
1642870 302
1642880 301
1642890 301
1642900 300
1642910 299
1642920 299
1642930 298
1642940 297
1642950 297
1642960 296
1642970 294
1642980 294
1642990 293
1643000 292
1643010 292
1643020 291
1643030 290
1643040 290
1643050 289
1643060 287
1643070 287
1643080 286
1643090 285
1643100 285
1643110 284
1643120 283
1643130 283
1643140 282
1643150 281
1643160 281
1643170 280
1643180 278
1643190 278
1643200 277
1643210 275
1643220 275
1643230 273
1643240 271
1643250 271
1643260 269
1643270 268
1643280 268
1643290 266
1643300 263
1643310 263
1643320 264
1643330 266
1643340 266
1643350 268
1643360 269
1643370 269
1643380 270
1643390 271
1643400 271
1643410 271
1643420 272
1643430 272
1643440 274
1643450 276
1643460 276
1643470 278
1643480 281
1643490 281
1643500 283
1643510 282
1643520 282
1643530 280
1643540 275
1643550 275
1643560 269
1643570 267
1643580 267
1643590 267
1643600 269
1643610 269
1643620 272
1643630 273
1643640 273
1643650 275
1643660 276
1643670 276
1643680 277
1643690 278
1643700 278
1643710 278
1643720 279
1643730 280
1643740 280
1643750 281
1643760 282
1643770 282
1643780 283
1643790 284
1643800 284
1643810 286
1643820 287
1643830 287
1643840 289
1643850 290
1643860 290
1643870 292
1643880 295
1643890 295
1643900 296
1643910 298
1643920 298
1643930 300
1643940 301
1643950 301
1643960 303
1643970 304
1643980 304
1643990 306
1644000 307
1644010 307
1644020 308
1644030 308
1644040 308
1644050 309
1644060 310
1644070 310
1644080 311
1644090 312
1644100 312
1644110 313
1644120 314
1644130 314
1644140 315
1644150 316
1644160 316
1644170 316
1644180 317
1644190 317
1644200 317
1644210 318
1644220 318
1644230 318
1644240 318
1644250 318
1644260 318
1644270 318
1644280 318
1644290 318
1644300 318
1644310 318
1644320 318
1644330 318
1644340 318
1644350 318
1644360 318
1644370 318
1644380 318
1644390 318
1644400 318
1644410 318
1644420 318
1644430 318
1644440 318
1644450 318
1644460 318
1644470 318
1644480 318
1644490 318
1644500 319
1644510 319
1644520 319
1644530 319
1644540 319
1644550 319
1644560 319
1644570 318
1644580 318
1644590 318
1644600 319
1644610 319
1644620 319
1644630 319
1644640 319
1644650 319
1644660 319
1644670 319
1644680 319
1644690 319
1644700 319
1644710 319
1644720 319
1644730 319
1644740 319
1644750 319
1644760 319
1644770 319
1644780 319
1644790 319
1644800 319
1644810 319
1644820 319
1644830 319
1644840 320
1644850 320
1644860 320
1644870 320
1644880 320
1644890 320
1644900 320
1644910 320
1644920 320
1644930 321
1644940 321
1644950 321
1644960 321
1644970 321
1644980 322
1644990 322
1645000 322
1645010 322
1645020 322
1645030 322
1645040 322
1645050 322
1645060 322
1645070 322
1645080 322
1645090 322
1645100 322
1645110 321
1645120 321
1645130 321
1645140 320
1645150 320
1645160 320
1645170 319
1645180 319
1645190 319
1645200 318
1645210 318
1645220 317
1645230 316
1645240 316
1645250 315
1645260 314
1645270 314
1645280 313
1645290 312
1645300 312
1645310 311
1645320 309
1645330 309
1645340 308
1645350 306
1645360 306
1645370 304
1645380 302
1645390 302
1645400 298
1645410 294
1645420 294
1645430 299
1645440 300
1645450 300
1645460 303
1645470 306
1645480 306
1645490 308
1645500 309
1645510 309
1645520 309
1645530 311
1645540 311
1645550 312
1645560 314
1645570 314
1645580 315
1645590 316
1645600 316
1645610 317
1645620 317
1645630 317
1645640 318
1645650 318
1645660 318
1645670 318
1645680 318
1645690 318
1645700 318
1645710 317
1645720 317
1645730 317
1645740 317
1645750 317
1645760 315
1645770 315
1645780 315
1645790 314
1645800 314
1645810 314
1645820 313
1645830 311
1645840 311
1645850 310
1645860 309
1645870 309
1645880 307
1645890 306
1645900 304
1645910 304
1645920 302
1645930 297
1645940 297
1645950 293
1645960 291
1645970 291
1645980 292
1645990 296
1646000 296
1646010 300
1646020 302
1646030 302
1646040 304
1646050 305
1646060 305
1646070 307
1646080 309
1646090 309
1646100 311
1646110 312
1646120 312
1646130 314
1646140 315
1646150 315
1646160 315
1646170 316
1646180 316
1646190 317
1646200 318
1646210 318
1646220 319
1646230 320
1646240 320
1646250 320
1646260 320
1646270 320
1646280 321
1646290 321
1646300 321
1646310 321
1646320 321
1646330 321
1646340 321
1646350 321
1646360 321
1646370 320
1646380 320
1646390 320
1646400 320
1646410 319
1646420 319
1646430 319
1646440 318
1646450 318
1646460 318
1646470 317
1646480 317
1646490 315
1646500 313
1646510 313
1646520 312
1646530 311
1646540 311
1646550 307
1646560 304
1646570 304
1646580 305
1646590 306
1646600 306
1646610 307
1646620 310
1646630 310
1646640 313
1646650 313
1646660 313
1646670 314
1646680 314
1646690 314
1646700 315
1646710 315
1646720 315
1646730 315
1646740 315
1646750 315
1646760 315
1646770 316
1646780 316
1646790 317
1646800 318
1646810 318
1646820 318
1646830 318
1646840 318
1646850 318
1646860 319
1646870 319
1646880 319
1646890 319
1646900 319
1646910 319
1646920 319
1646930 319
1646940 319
1646950 319
1646960 319
1646970 320
1646980 320
1646990 320
1647000 319
1647010 319
1647020 319
1647030 319
1647040 318
1647050 318
1647060 317
1647070 314
1647080 314
1647090 313
1647100 312
1647110 312
1647120 312
1647130 312
1647140 312
1647150 313
1647160 311
1647170 311
1647180 309
1647190 308
1647200 308
1647210 310
1647220 311
1647230 311
1647240 312
1647250 314
1647260 314
1647270 315
1647280 315
1647290 315
1647300 316
1647310 317
1647320 317
1647330 317
1647340 318
1647350 318
1647360 317
1647370 318
1647380 318
1647390 318
1647400 319
1647410 319
1647420 319
1647430 319
1647440 319
1647450 319
1647460 319
1647470 319
1647480 318
1647490 318
1647500 318
1647510 318
1647520 317
1647530 317
1647540 316
1647550 316
1647560 316
1647570 315
1647580 314
1647590 314
1647600 313
1647610 312
1647620 312
1647630 311
1647640 311
1647650 311
1647660 310
1647670 309
1647680 309
1647690 307
1647700 306
1647710 306
1647720 305
1647730 304
1647740 304
1647750 302
1647760 301
1647770 301
1647780 300
1647790 299
1647800 299
1647810 298
1647820 297
1647830 297
1647840 295
1647850 293
1647860 293
1647870 292
1647880 291
1647890 291
1647900 290
1647910 288
1647920 288
1647930 287
1647940 286
1647950 286
1647960 284
1647970 283
1647980 283
1647990 282
1648000 280
1648010 280
1648020 279
1648030 278
1648040 278
1648050 277
1648060 276
1648070 275
1648080 275
1648090 274
1648100 273
1648110 273
1648120 271
1648130 270
1648140 270
1648150 268
1648160 267
1648170 267
1648180 266
1648190 265
1648200 265
1648210 264
1648220 262
1648230 262
1648240 261
1648250 260
1648260 260
1648270 261
1648280 261
1648290 261
1648300 261
1648310 261
1648320 261
1648330 261
1648340 261
1648350 261
1648360 262
1648370 265
1648380 265
1648390 268
1648400 269
1648410 269
1648420 271
1648430 274
1648440 274
1648450 276
1648460 279
1648470 279
1648480 281
1648490 284
1648500 284
1648510 286
1648520 288
1648530 288
1648540 291
1648550 293
1648560 293
1648570 295
1648580 297
1648590 297
1648600 300
1648610 301
1648620 301
1648630 303
1648640 304
1648650 304
1648660 305
1648670 306
1648680 306
1648690 306
1648700 306
1648710 306
1648720 306
1648730 306
1648740 306
1648750 306
1648760 306
1648770 306
1648780 306
1648790 306
1648800 306
1648810 306
1648820 306
1648830 306
1648840 306
1648850 305
1648860 305
1648870 302
1648880 302
1648890 302
1648900 306
1648910 309
1648920 309
1648930 311
1648940 311
1648950 311
1648960 312
1648970 314
1648980 314
1648990 315
1649000 317
1649010 317
1649020 318
1649030 320
1649040 320
1649050 321
1649060 322
1649070 322
1649080 324
1649090 325
1649100 325
1649110 327
1649120 328
1649130 328
1649140 329
1649150 330
1649160 330
1649170 332
1649180 332
1649190 332
1649200 333
1649210 334
1649220 334
1649230 335
1649240 336
1649250 336
1649260 337
1649270 338
1649280 338
1649290 338
1649300 339
1649310 339
1649320 340
1649330 340
1649340 340
1649350 340
1649360 340
1649370 340
1649380 341
1649390 341
1649400 341
1649410 342
1649420 343
1649430 343
1649440 343
1649450 343
1649460 343
1649470 343
1649480 343
1649490 343
1649500 343
1649510 343
1649520 343
1649530 343
1649540 342
1649550 342
1649560 342
1649570 342
1649580 342
1649590 342
1649600 341
1649610 341
1649620 341
1649630 340
1649640 340
1649650 340
1649660 339
1649670 339
1649680 338
1649690 338
1649700 338
1649710 336
1649720 334
1649730 334
1649740 333
1649750 332
1649760 332
1649770 329
1649780 326
1649790 326
1649800 323
1649810 321
1649820 321
1649830 319
1649840 317
1649850 317
1649860 315
1649870 313
1649880 313
1649890 309
1649900 307
1649910 307
1649920 307
1649930 312
1649940 312
1649950 313
1649960 314
1649970 314
1649980 315
1649990 316
1650000 316
1650010 316
1650020 316
1650030 316
1650040 317
1650050 317
1650060 317
1650070 318
1650080 319
1650090 319
1650100 319
1650110 319
1650120 319
1650130 320
1650140 320
1650150 320
1650160 321
1650170 321
1650180 321
1650190 321
1650200 321
1650210 321
1650220 320
1650230 320
1650240 319
1650250 319
1650260 318
1650270 317
1650280 317
1650290 316
1650300 315
1650310 315
1650320 314
1650330 313
1650340 313
1650350 312
1650360 311
1650370 311
1650380 310
1650390 309
1650400 309
1650410 308
1650420 307
1650430 307
1650440 307
1650450 306
1650460 306
1650470 305
1650480 304
1650490 304
1650500 303
1650510 299
1650520 299
1650530 298
1650540 296
1650550 296
1650560 294
1650570 292
1650580 292
1650590 291
1650600 290
1650610 290
1650620 289
1650630 290
1650640 290
1650650 290
1650660 291
1650670 291
1650680 291
1650690 292
1650700 292
1650710 292
1650720 293
1650730 293
1650740 294
1650750 295
1650760 295
1650770 294
1650780 294
1650790 294
1650800 294
1650810 295
1650820 295
1650830 295
1650840 296
1650850 296
1650860 296
1650870 297
1650880 297
1650890 298
1650900 298
1650910 298
1650920 298
1650930 298
1650940 298
1650950 298
1650960 298
1650970 298
1650980 298
1650990 299
1651000 299
1651010 299
1651020 300
1651030 300
1651040 300
1651050 300
1651060 300
1651070 300
1651080 300
1651090 300
1651100 300
1651110 301
1651120 301
1651130 301
1651140 301
1651150 301
1651160 302
1651170 302
1651180 302
1651190 302
1651200 302
1651210 302
1651220 303
1651230 303
1651240 303
1651250 303
1651260 304
1651270 304
1651280 305
1651290 306
1651300 306
1651310 306
1651320 307
1651330 307
1651340 307
1651350 308
1651360 308
1651370 309
1651380 309
1651390 309
1651400 309
1651410 310
1651420 310
1651430 310
1651440 311
1651450 311
1651460 312
1651470 312
1651480 312
1651490 313
1651500 313
1651510 313
1651520 313
1651530 313
1651540 313
1651550 314
1651560 314
1651570 314
1651580 314
1651590 315
1651600 315
1651610 315
1651620 316
1651630 316
1651640 316
1651650 316
1651660 316
1651670 317
1651680 317
1651690 317
1651700 318
1651710 319
1651720 319
1651730 320
1651740 321
1651750 321
1651760 322
1651770 323
1651780 323
1651790 323
1651800 324
1651810 324
1651820 325
1651830 325
1651840 325
1651850 325
1651860 326
1651870 326
1651880 326
1651890 327
1651900 327
1651910 328
1651920 328
1651930 328
1651940 329
1651950 330
1651960 330
1651970 331
1651980 331
1651990 331
1652000 332
1652010 334
1652020 334
1652030 335
1652040 337
1652050 337
1652060 340
1652070 341
1652080 341
1652090 343
1652100 345
1652110 345
1652120 346
1652130 347
1652140 347
1652150 348
1652160 349
1652170 349
1652180 350
1652190 351
1652200 351
1652210 352
1652220 352
1652230 352
1652240 353
1652250 353
1652260 353
1652270 353
1652280 354
1652290 354
1652300 354
1652310 355
1652320 355
1652330 356
1652340 357
1652350 357
1652360 358
1652370 358
1652380 358
1652390 359
1652400 360
1652410 361
1652420 361
1652430 361
1652440 362
1652450 362
1652460 363
1652470 365
1652480 365
1652490 366
1652500 367
1652510 367
1652520 367
1652530 368
1652540 368
1652550 369
1652560 369
1652570 369
1652580 369
1652590 370
1652600 370
1652610 370
1652620 370
1652630 370
1652640 370
1652650 371
1652660 371
1652670 371
1652680 371
1652690 371
1652700 371
1652710 371
1652720 371
1652730 371
1652740 371
1652750 371
1652760 371
1652770 372
1652780 372
1652790 372
1652800 372
1652810 372
1652820 372
1652830 372
1652840 372
1652850 372
1652860 372
1652870 372
1652880 372
1652890 371
1652900 371
1652910 371
1652920 371
1652930 371
1652940 372
1652950 371
1652960 371
1652970 370
1652980 368
1652990 368
1653000 367
1653010 367
1653020 367
1653030 366
1653040 366
1653050 366
1653060 366
1653070 364
1653080 364
1653090 363
1653100 360
1653110 360
1653120 359
1653130 358
1653140 358
1653150 357
1653160 357
1653170 357
1653180 357
1653190 356
1653200 356
1653210 355
1653220 355
1653230 355
1653240 356
1653250 358
1653260 358
1653270 361
1653280 366
1653290 366
1653300 369
1653310 369
1653320 369
1653330 369
1653340 368
1653350 368
1653360 368
1653370 368
1653380 368
1653390 365
1653400 362
1653410 362
1653420 358
1653430 355
1653440 355
1653450 352
1653460 350
1653470 350
1653480 349
1653490 348
1653500 348
1653510 348
1653520 347
1653530 347
1653540 347
1653550 347
1653560 347
1653570 348
1653580 348
1653590 348
1653600 349
1653610 349
1653620 349
1653630 349
1653640 349
1653650 349
1653660 348
1653670 348
1653680 348
1653690 348
1653700 348
1653710 348
1653720 347
1653730 347
1653740 347
1653750 347
1653760 347
1653770 347
1653780 348
1653790 348
1653800 348
1653810 348
1653820 348
1653830 348
1653840 347
1653850 347
1653860 347
1653870 347
1653880 347
1653890 347
1653900 347
1653910 347
1653920 347
1653930 347
1653940 347
1653950 347
1653960 346
1653970 345
1653980 345
1653990 344
1654000 345
1654010 345
1654020 344
1654030 344
1654040 344
1654050 343
1654060 342
1654070 342
1654080 340
1654090 339
1654100 339
1654110 338
1654120 338
1654130 338
1654140 339
1654150 340
1654160 340
1654170 342
1654180 343
1654190 343
1654200 345
1654210 347
1654220 347
1654230 348
1654240 349
1654250 349
1654260 350
1654270 350
1654280 350
1654290 351
1654300 352
1654310 352
1654320 352
1654330 352
1654340 352
1654350 353
1654360 353
1654370 353
1654380 353
1654390 353
1654400 353
1654410 353
1654420 353
1654430 353
1654440 353
1654450 353
1654460 353
1654470 352
1654480 352
1654490 352
1654500 352
1654510 351
1654520 351
1654530 351
1654540 351
1654550 351
1654560 350
1654570 350
1654580 349
1654590 349
1654600 345
1654610 343
1654620 343
1654630 343
1654640 343
1654650 343
1654660 343
1654670 344
1654680 344
1654690 344
1654700 344
1654710 344
1654720 345
1654730 345
1654740 345
1654750 345
1654760 345
1654770 345
1654780 345
1654790 345
1654800 345
1654810 346
1654820 346
1654830 346
1654840 346
1654850 346
1654860 346
1654870 345
1654880 345
1654890 345
1654900 345
1654910 345
1654920 345
1654930 345
1654940 345
1654950 345
1654960 344
1654970 344
1654980 344
1654990 343
1655000 342
1655010 342
1655020 342
1655030 341
1655040 341
1655050 341
1655060 340
1655070 340
1655080 339
1655090 338
1655100 338
1655110 337
1655120 336
1655130 336
1655140 336
1655150 338
1655160 338
1655170 339
1655180 340
1655190 340
1655200 341
1655210 342
1655220 342
1655230 342
1655240 343
1655250 343
1655260 344
1655270 344
1655280 344
1655290 344
1655300 344
1655310 344
1655320 344
1655330 344
1655340 344
1655350 344
1655360 344
1655370 344
1655380 344
1655390 343
1655400 343
1655410 343
1655420 342
1655430 342
1655440 341
1655450 340
1655460 340
1655470 340
1655480 340
1655490 340
1655500 342
1655510 343
1655520 343
1655530 343
1655540 344
1655550 344
1655560 346
1655570 347
1655580 347
1655590 349
1655600 351
1655610 351
1655620 352
1655630 353
1655640 353
1655650 353
1655660 353
1655670 353
1655680 354
1655690 356
1655700 356
1655710 357
1655720 358
1655730 358
1655740 358
1655750 359
1655760 359
1655770 359
1655780 360
1655790 360
1655800 360
1655810 360
1655820 360
1655830 360
1655840 361
1655850 361
1655860 361
1655870 361
1655880 361
1655890 362
1655900 362
1655910 362
1655920 364
1655930 364
1655940 364
1655950 363
1655960 362
1655970 362
1655980 362
1655990 362
1656000 362
1656010 362
1656020 362
1656030 362
1656040 361
1656050 361
1656060 361
1656070 361
1656080 361
1656090 361
1656100 360
1656110 360
1656120 360
1656130 360
1656140 359
1656150 359
1656160 359
1656170 358
1656180 358
1656190 358
1656200 358
1656210 358
1656220 357
1656230 357
1656240 357
1656250 356
1656260 356
1656270 356
1656280 356
1656290 355
1656300 355
1656310 355
1656320 355
1656330 355
1656340 355
1656350 355
1656360 355
1656370 354
1656380 354
1656390 354
1656400 354
1656410 353
1656420 353
1656430 353
1656440 353
1656450 353
1656460 352
1656470 352
1656480 352
1656490 352
1656500 351
1656510 351
1656520 351
1656530 350
1656540 350
1656550 350
1656560 349
1656570 349
1656580 349
1656590 348
1656600 348
1656610 348
1656620 347
1656630 347
1656640 347
1656650 346
1656660 346
1656670 346
1656680 345
1656690 345
1656700 345
1656710 345
1656720 345
1656730 344
1656740 344
1656750 344
1656760 343
1656770 342
1656780 342
1656790 342
1656800 341
1656810 341
1656820 341
1656830 340
1656840 340
1656850 340
1656860 339
1656870 339
1656880 339
1656890 338
1656900 338
1656910 338
1656920 337
1656930 336
1656940 336
1656950 336
1656960 335
1656970 335
1656980 334
1656990 334
1657000 334
1657010 333
1657020 332
1657030 332
1657040 332
1657050 331
1657060 331
1657070 329
1657080 326
1657090 326
1657100 324
1657110 323
1657120 323
1657130 321
1657140 320
1657150 320
1657160 323
1657170 324
1657180 324
1657190 324
1657200 326
1657210 326
1657220 327
1657230 328
1657240 328
1657250 328
1657260 329
1657270 329
1657280 330
1657290 331
1657300 331
1657310 331
1657320 331
1657330 331
1657340 331
1657350 332
1657360 332
1657370 332
1657380 334
1657390 334
1657400 335
1657410 336
1657420 336
1657430 336
1657440 337
1657450 337
1657460 337
1657470 338
1657480 338
1657490 338
1657500 339
1657510 339
1657520 340
1657530 341
1657540 341
1657550 340
1657560 339
1657570 339
1657580 339
1657590 339
1657600 339
1657610 340
1657620 342
1657630 342
1657640 343
1657650 344
1657660 344
1657670 346
1657680 347
1657690 347
1657700 348
1657710 348
1657720 348
1657730 349
1657740 349
1657750 349
1657760 349
1657770 350
1657780 350
1657790 350
1657800 350
1657810 350
1657820 350
1657830 350
1657840 350
1657850 350
1657860 350
1657870 350
1657880 350
1657890 349
1657900 349
1657910 349
1657920 348
1657930 348
1657940 348
1657950 347
1657960 347
1657970 347
1657980 346
1657990 346
1658000 345
1658010 345
1658020 345
1658030 344
1658040 343
1658050 343
1658060 343
1658070 342
1658080 342
1658090 341
1658100 340
1658110 340
1658120 340
1658130 339
1658140 339
1658150 338
1658160 337
1658170 337
1658180 336
1658190 335
1658200 335
1658210 334
1658220 333
1658230 333
1658240 333
1658250 332
1658260 332
1658270 330
1658280 329
1658290 329
1658300 328
1658310 327
1658320 327
1658330 326
1658340 324
1658350 324
1658360 325
1658370 325
1658380 325
1658390 327
1658400 328
1658410 328
1658420 329
1658430 330
1658440 330
1658450 332
1658460 333
1658470 333
1658480 335
1658490 336
1658500 336
1658510 338
1658520 339
1658530 339
1658540 340
1658550 340
1658560 340
1658570 341
1658580 342
1658590 342
1658600 342
1658610 343
1658620 343
1658630 343
1658640 343
1658650 343
1658660 344
1658670 344
1658680 344
1658690 344
1658700 345
1658710 345
1658720 345
1658730 345
1658740 345
1658750 345
1658760 345
1658770 345
1658780 345
1658790 345
1658800 345
1658810 346
1658820 346
1658830 346
1658840 346
1658850 346
1658860 346
1658870 347
1658880 348
1658890 348
1658900 348
1658910 349
1658920 349
1658930 349
1658940 350
1658950 350
1658960 350
1658970 351
1658980 352
1658990 352
1659000 352
1659010 353
1659020 353
1659030 353
1659040 352
1659050 352
1659060 352
1659070 352
1659080 352
1659090 352
1659100 352
1659110 352
1659120 352
1659130 351
1659140 351
1659150 350
1659160 350
1659170 350
1659180 349
1659190 349
1659200 349
1659210 348
1659220 348
1659230 348
1659240 347
1659250 346
1659260 346
1659270 345
1659280 343
1659290 343
1659300 341
1659310 341
1659320 341
1659330 340
1659340 339
1659350 339
1659360 337
1659370 334
1659380 334
1659390 333
1659400 331
1659410 331
1659420 330
1659430 329
1659440 329
1659450 329
1659460 330
1659470 330
1659480 331
1659490 331
1659500 331
1659510 332
1659520 333
1659530 333
1659540 333
1659550 333
1659560 333
1659570 333
1659580 333
1659590 333
1659600 332
1659610 332
1659620 333
1659630 333
1659640 333
1659650 333
1659660 332
1659670 332
1659680 332
1659690 332
1659700 332
1659710 332
1659720 331
1659730 331
1659740 331
1659750 329
1659760 328
1659770 328
1659780 328
1659790 328
1659800 328
1659810 328
1659820 328
1659830 328
1659840 328
1659850 328
1659860 328
1659870 328
1659880 327
1659890 327
1659900 326
1659910 326
1659920 326
1659930 326
1659940 325
1659950 325
1659960 325
1659970 324
1659980 324
1659990 324
