1640000 237
1640010 235
1640020 235
1640030 234
1640040 234
1640050 234
1640060 234
1640070 234
1640080 234
1640090 234
1640100 234
1640110 234
1640120 234
1640130 234
1640140 234
1640150 234
1640160 234
1640170 234
1640180 234
1640190 233
1640200 233
1640210 233
1640220 233
1640230 233
1640240 233
1640250 233
1640260 233
1640270 233
1640280 233
1640290 233
1640300 233
1640310 233
1640320 233
1640330 233
1640340 233
1640350 233
1640360 233
1640370 232
1640380 232
1640390 232
1640400 232
1640410 232
1640420 232
1640430 232
1640440 232
1640450 232
1640460 232
1640470 232
1640480 232
1640490 232
1640500 232
1640510 232
1640520 232
1640530 232
1640540 232
1640550 232
1640560 232
1640570 232
1640580 232
1640590 232
1640600 232
1640610 232
1640620 232
1640630 232
1640640 232
1640650 232
1640660 232
1640670 231
1640680 231
1640690 231
1640700 231
1640710 231
1640720 231
1640730 231
1640740 231
1640750 231
1640760 231
1640770 231
1640780 231
1640790 231
1640800 231
1640810 231
1640820 231
1640830 231
1640840 231
1640850 231
1640860 231
1640870 231
1640880 231
1640890 231
1640900 231
1640910 232
1640920 232
1640930 232
1640940 231
1640950 231
1640960 231
1640970 231
1640980 231
1640990 231
1641000 231
1641010 231
1641020 231
1641030 231
1641040 231
1641050 231
1641060 231
1641070 231
1641080 231
1641090 231
1641100 231
1641110 231
1641120 231
1641130 231
1641140 231
1641150 231
1641160 231
1641170 231
1641180 231
1641190 231
1641200 231
1641210 231
1641220 231
1641230 231
1641240 231
1641250 232
1641260 232
1641270 231
1641280 231
1641290 231
1641300 231
1641310 231
1641320 231
1641330 231
1641340 231
1641350 231
1641360 231
1641370 231
1641380 231
1641390 231
1641400 231
1641410 231
1641420 231
1641430 231
1641440 231
1641450 231
1641460 231
1641470 231
1641480 231
1641490 231
1641500 231
1641510 231
1641520 232
1641530 232
1641540 231
1641550 231
1641560 231
1641570 231
1641580 231
1641590 231
1641600 231
1641610 231
1641620 231
1641630 231
1641640 231
1641650 231
1641660 231
1641670 230
1641680 230
1641690 230
1641700 230
1641710 230
1641720 230
1641730 230
1641740 230
1641750 230
1641760 230
1641770 230
1641780 231
1641790 231
1641800 231
1641810 231
1641820 230
1641830 230
1641840 230
1641850 230
1641860 230
1641870 231
1641880 231
1641890 231
1641900 231
1641910 231
1641920 231
1641930 231
1641940 231
1641950 231
1641960 231
1641970 231
1641980 231
1641990 231
1642000 230
1642010 230
1642020 230
1642030 231
1642040 231
1642050 230
1642060 230
1642070 230
1642080 230
1642090 231
1642100 231
1642110 230
1642120 230
1642130 230
1642140 230
1642150 230
1642160 230
1642170 230
1642180 230
1642190 230
1642200 231
1642210 231
1642220 231
1642230 231
1642240 231
1642250 231
1642260 231
1642270 230
1642280 230
1642290 230
1642300 230
1642310 230
1642320 231
1642330 231
1642340 231
1642350 231
1642360 231
1642370 231
1642380 231
1642390 231
1642400 231
1642410 230
1642420 230
1642430 230
1642440 230
1642450 231
1642460 231
1642470 231
1642480 231
1642490 231
1642500 231
1642510 231
1642520 231
1642530 231
1642540 231
1642550 231
1642560 230
1642570 230
1642580 230
1642590 230
1642600 230
1642610 230
1642620 230
1642630 229
1642640 229
1642650 229
1642660 229
1642670 229
1642680 229
1642690 229
1642700 229
1642710 229
1642720 229
1642730 229
1642740 229
1642750 229
1642760 229
1642770 230
1642780 230
1642790 230
1642800 230
1642810 230
1642820 230
1642830 230
1642840 230
1642850 230
1642860 230
1642870 230
1642880 230
1642890 230
1642900 230
1642910 230
1642920 230
1642930 230
1642940 230
1642950 230
1642960 229
1642970 229
1642980 229
1642990 229
1643000 229
1643010 229
1643020 229
1643030 229
1643040 229
1643050 229
1643060 229
1643070 229
1643080 229
1643090 230
1643100 230
1643110 230
1643120 230
1643130 230
1643140 230
1643150 230
1643160 230
1643170 230
1643180 230
1643190 230
1643200 230
1643210 230
1643220 230
1643230 230
1643240 230
1643250 230
1643260 230
1643270 230
1643280 230
1643290 230
1643300 230
1643310 230
1643320 230
1643330 230
1643340 230
1643350 230
1643360 230
1643370 230
1643380 230
1643390 230
1643400 230
1643410 230
1643420 230
1643430 230
1643440 230
1643450 230
1643460 230
1643470 230
1643480 230
1643490 230
1643500 230
1643510 230
1643520 230
1643530 230
1643540 230
1643550 230
1643560 230
1643570 230
1643580 230
1643590 230
1643600 230
1643610 230
1643620 230
1643630 230
1643640 230
1643650 230
1643660 230
1643670 230
1643680 230
1643690 230
1643700 230
1643710 230
1643720 230
1643730 230
1643740 230
1643750 230
1643760 230
1643770 230
1643780 230
1643790 230
1643800 230
1643810 230
1643820 230
1643830 230
1643840 230
1643850 230
1643860 230
1643870 230
1643880 230
1643890 230
1643900 230
1643910 230
1643920 230
1643930 230
1643940 230
1643950 230
1643960 230
1643970 230
1643980 231
1643990 231
1644000 231
1644010 231
1644020 230
1644030 230
1644040 230
1644050 230
1644060 230
1644070 230
1644080 231
1644090 231
1644100 231
1644110 231
1644120 231
1644130 231
1644140 231
1644150 231
1644160 231
1644170 231
1644180 231
1644190 232
1644200 231
1644210 231
1644220 231
1644230 232
1644240 232
1644250 232
1644260 232
1644270 232
1644280 232
1644290 232
1644300 232
1644310 232
1644320 231
1644330 231
1644340 231
1644350 231
1644360 231
1644370 232
1644380 232
1644390 232
1644400 232
1644410 231
1644420 231
1644430 231
1644440 231
1644450 231
1644460 231
1644470 231
1644480 231
1644490 231
1644500 231
1644510 231
1644520 231
1644530 231
1644540 231
1644550 231
1644560 231
1644570 231
1644580 231
1644590 231
1644600 231
1644610 231
1644620 231
1644630 231
1644640 231
1644650 231
1644660 231
1644670 231
1644680 231
1644690 231
1644700 231
1644710 231
1644720 231
1644730 231
1644740 230
1644750 230
1644760 230
1644770 230
1644780 230
1644790 230
1644800 230
1644810 230
1644820 230
1644830 230
1644840 230
1644850 230
1644860 230
1644870 230
1644880 230
1644890 230
1644900 230
1644910 230
1644920 230
1644930 230
1644940 230
1644950 230
1644960 230
1644970 231
1644980 231
1644990 231
1645000 231
1645010 230
1645020 230
1645030 230
1645040 230
1645050 230
1645060 230
1645070 230
1645080 230
1645090 230
1645100 230
1645110 230
1645120 230
1645130 230
1645140 230
1645150 230
1645160 230
1645170 230
1645180 231
1645190 230
1645200 230
1645210 230
1645220 230
1645230 230
1645240 230
1645250 230
1645260 230
1645270 230
1645280 230
1645290 230
1645300 230
1645310 230
1645320 230
1645330 230
1645340 230
1645350 230
1645360 230
1645370 230
1645380 230
1645390 230
1645400 230
1645410 230
1645420 230
1645430 230
1645440 230
1645450 230
1645460 230
1645470 230
1645480 230
1645490 230
1645500 230
1645510 230
1645520 230
1645530 230
1645540 230
1645550 230
1645560 230
1645570 230
1645580 230
1645590 230
1645600 230
1645610 230
1645620 230
1645630 230
1645640 230
1645650 230
1645660 230
1645670 230
1645680 229
1645690 229
1645700 229
1645710 230
1645720 230
1645730 230
1645740 230
1645750 230
1645760 230
1645770 230
1645780 230
1645790 230
1645800 230
1645810 230
1645820 230
1645830 230
1645840 230
1645850 230
1645860 230
1645870 230
1645880 230
1645890 231
1645900 231
1645910 231
1645920 231
1645930 231
1645940 232
1645950 232
1645960 232
1645970 233
1645980 231
1645990 231
1646000 231
1646010 231
1646020 231
1646030 231
1646040 230
1646050 230
1646060 230
1646070 230
1646080 230
1646090 230
1646100 230
1646110 230
1646120 230
1646130 230
1646140 230
1646150 230
1646160 230
1646170 230
1646180 230
1646190 230
1646200 230
1646210 230
1646220 230
1646230 230
1646240 230
1646250 230
1646260 230
1646270 230
1646280 230
1646290 230
1646300 230
1646310 230
1646320 230
1646330 230
1646340 230
1646350 230
1646360 230
1646370 230
1646380 230
1646390 230
1646400 230
1646410 230
1646420 230
1646430 230
1646440 230
1646450 230
1646460 230
1646470 230
1646480 230
1646490 230
1646500 230
1646510 230
1646520 231
1646530 231
1646540 231
1646550 232
1646560 232
1646570 232
1646580 231
1646590 231
1646600 232
1646610 232
1646620 232
1646630 233
1646640 233
1646650 233
1646660 234
1646670 234
1646680 233
1646690 233
1646700 233
1646710 233
1646720 233
1646730 233
1646740 233
1646750 234
1646760 234
1646770 234
1646780 235
1646790 236
1646800 236
1646810 237
1646820 239
1646830 239
1646840 240
1646850 240
1646860 240
1646870 240
1646880 240
1646890 240
1646900 240
1646910 240
1646920 240
1646930 241
1646940 240
1646950 240
1646960 240
1646970 239
1646980 239
1646990 239
1647000 240
1647010 240
1647020 240
1647030 240
1647040 240
1647050 240
1647060 241
1647070 241
1647080 241
1647090 242
1647100 242
1647110 242
1647120 242
1647130 242
1647140 242
1647150 243
1647160 243
1647170 243
1647180 244
1647190 244
1647200 244
1647210 244
1647220 244
1647230 244
1647240 244
1647250 244
1647260 245
1647270 245
1647280 245
1647290 246
1647300 247
1647310 247
1647320 249
1647330 251
1647340 251
1647350 253
1647360 254
1647370 254
1647380 255
1647390 256
1647400 256
1647410 258
1647420 260
1647430 260
1647440 262
1647450 265
1647460 265
1647470 266
1647480 263
1647490 263
1647500 262
1647510 260
1647520 260
1647530 259
1647540 259
1647550 259
1647560 258
1647570 258
1647580 258
1647590 262
1647600 265
1647610 265
1647620 269
1647630 273
1647640 273
1647650 275
1647660 276
1647670 276
1647680 277
1647690 277
1647700 277
1647710 278
1647720 278
1647730 278
1647740 278
1647750 278
1647760 278
1647770 278
1647780 278
1647790 278
1647800 278
1647810 278
1647820 278
1647830 277
1647840 277
1647850 277
1647860 277
1647870 277
1647880 277
1647890 276
1647900 276
1647910 276
1647920 276
1647930 275
1647940 275
1647950 274
1647960 274
1647970 274
1647980 273
1647990 272
1648000 271
1648010 271
1648020 270
1648030 269
1648040 269
1648050 268
1648060 266
1648070 266
1648080 264
1648090 263
1648100 263
1648110 263
1648120 262
1648130 262
1648140 262
1648150 262
1648160 262
1648170 261
1648180 260
1648190 260
1648200 258
1648210 257
1648220 257
1648230 256
1648240 255
1648250 255
1648260 254
1648270 252
1648280 252
1648290 251
1648300 249
1648310 249
1648320 248
1648330 247
1648340 247
1648350 246
1648360 246
1648370 246
1648380 246
1648390 245
1648400 245
1648410 243
1648420 239
1648430 239
1648440 238
1648450 238
1648460 238
1648470 238
1648480 238
1648490 238
1648500 239
1648510 240
1648520 240
1648530 243
1648540 245
1648550 245
1648560 246
1648570 247
1648580 247
1648590 249
1648600 250
1648610 250
1648620 250
1648630 251
1648640 251
1648650 252
1648660 254
1648670 254
1648680 256
1648690 258
1648700 258
1648710 259
1648720 261
1648730 261
1648740 261
1648750 262
1648760 262
1648770 263
1648780 263
1648790 263
1648800 264
1648810 265
1648820 265
1648830 266
1648840 268
1648850 268
1648860 270
1648870 272
1648880 272
1648890 274
1648900 276
1648910 276
1648920 277
1648930 278
1648940 278
1648950 279
1648960 281
1648970 281
1648980 282
1648990 281
1649000 281
1649010 280
1649020 280
1649030 280
1649040 281
1649050 282
1649060 278
1649070 280
1649080 282
1649090 282
1649100 285
1649110 287
1649120 287
1649130 289
1649140 291
1649150 291
1649160 291
1649170 291
1649180 291
1649190 291
1649200 291
1649210 291
1649220 291
1649230 290
1649240 290
1649250 290
1649260 290
1649270 290
1649280 290
1649290 290
1649300 290
1649310 289
1649320 289
1649330 289
1649340 288
1649350 288
1649360 288
1649370 288
1649380 287
1649390 287
1649400 286
1649410 285
1649420 285
1649430 284
1649440 284
1649450 284
1649460 284
1649470 283
1649480 283
1649490 281
1649500 281
1649510 281
1649520 280
1649530 280
1649540 280
1649550 280
1649560 280
1649570 280
1649580 279
1649590 278
1649600 278
1649610 277
1649620 277
1649630 277
1649640 276
1649650 274
1649660 274
1649670 274
1649680 274
1649690 274
1649700 274
1649710 273
1649720 273
1649730 271
1649740 270
1649750 270
1649760 269
1649770 269
1649780 269
1649790 269
1649800 268
1649810 268
1649820 268
1649830 267
1649840 266
1649850 265
1649860 265
1649870 265
1649880 264
1649890 262
1649900 262
1649910 260
1649920 259
1649930 259
1649940 258
1649950 256
1649960 256
1649970 254
1649980 251
1649990 251
1650000 251
1650010 251
1650020 251
1650030 251
1650040 252
1650050 252
1650060 252
1650070 254
1650080 254
1650090 256
1650100 257
1650110 257
1650120 258
1650130 259
1650140 259
1650150 260
1650160 261
1650170 261
1650180 261
1650190 262
1650200 262
1650210 263
1650220 264
1650230 264
1650240 266
1650250 267
1650260 267
1650270 268
1650280 270
1650290 270
1650300 271
1650310 273
1650320 273
1650330 275
1650340 277
1650350 277
1650360 280
1650370 281
1650380 281
1650390 281
1650400 282
1650410 282
1650420 283
1650430 284
1650440 284
1650450 285
1650460 285
1650470 285
1650480 286
1650490 287
1650500 287
1650510 287
1650520 288
1650530 289
1650540 289
1650550 289
1650560 290
1650570 290
1650580 290
1650590 291
1650600 291
1650610 291
1650620 292
1650630 292
1650640 293
1650650 293
1650660 293
1650670 294
1650680 294
1650690 294
1650700 295
1650710 295
1650720 295
1650730 295
1650740 295
1650750 295
1650760 296
1650770 296
1650780 296
1650790 296
1650800 296
1650810 296
1650820 297
1650830 297
1650840 297
1650850 297
1650860 297
1650870 297
1650880 297
1650890 297
1650900 297
1650910 296
1650920 296
1650930 296
1650940 295
1650950 295
1650960 295
1650970 294
1650980 293
1650990 293
1651000 292
1651010 292
1651020 292
1651030 291
1651040 290
1651050 290
1651060 289
1651070 288
1651080 288
1651090 286
1651100 284
1651110 284
1651120 283
1651130 282
1651140 282
1651150 282
1651160 282
1651170 282
1651180 282
1651190 283
1651200 283
1651210 284
1651220 284
1651230 284
1651240 284
1651250 285
1651260 285
1651270 286
1651280 287
1651290 287
1651300 289
1651310 292
1651320 292
1651330 293
1651340 294
1651350 294
1651360 294
1651370 294
1651380 294
1651390 295
1651400 295
1651410 295
1651420 295
1651430 296
1651440 296
1651450 296
1651460 296
1651470 296
1651480 296
1651490 297
1651500 297
1651510 296
1651520 296
1651530 296
1651540 296
1651550 296
1651560 296
1651570 296
1651580 295
1651590 295
1651600 295
1651610 295
1651620 295
1651630 295
1651640 295
1651650 295
1651660 293
1651670 292
1651680 292
1651690 290
1651700 288
1651710 288
1651720 288
1651730 287
1651740 287
1651750 287
1651760 287
1651770 287
1651780 287
1651790 288
1651800 288
1651810 288
1651820 287
1651830 287
1651840 284
1651850 279
1651860 279
1651870 276
1651880 274
1651890 274
1651900 274
1651910 274
1651920 274
1651930 273
1651940 271
1651950 271
1651960 269
1651970 268
1651980 268
1651990 266
1652000 264
1652010 264
1652020 263
1652030 266
1652040 266
1652050 267
1652060 268
1652070 268
1652080 268
1652090 269
1652100 269
1652110 271
1652120 272
1652130 272
1652140 272
1652150 273
1652160 273
1652170 273
1652180 272
1652190 272
1652200 273
1652210 274
1652220 274
1652230 276
1652240 279
1652250 279
1652260 283
1652270 286
1652280 286
1652290 289
1652300 287
1652310 287
1652320 283
1652330 279
1652340 279
1652350 276
1652360 275
1652370 275
1652380 276
1652390 276
1652400 276
1652410 276
1652420 276
1652430 276
1652440 274
1652450 272
1652460 272
1652470 271
1652480 270
1652490 270
1652500 269
1652510 268
1652520 268
1652530 269
1652540 268
1652550 268
1652560 269
1652570 270
1652580 270
1652590 271
1652600 271
1652610 271
1652620 272
1652630 273
1652640 273
1652650 274
1652660 274
1652670 274
1652680 275
1652690 276
1652700 276
1652710 277
1652720 278
1652730 278
1652740 280
1652750 280
1652760 280
1652770 281
1652780 281
1652790 281
1652800 282
1652810 283
1652820 283
1652830 283
1652840 283
1652850 283
1652860 284
1652870 284
1652880 284
1652890 284
1652900 286
1652910 286
1652920 287
1652930 289
1652940 289
1652950 292
1652960 293
1652970 293
1652980 294
1652990 295
1653000 296
1653010 296
1653020 296
1653030 296
1653040 296
1653050 297
1653060 297
1653070 297
1653080 298
1653090 298
1653100 298
1653110 297
1653120 297
1653130 297
1653140 297
1653150 297
1653160 297
1653170 297
1653180 296
1653190 296
1653200 296
1653210 297
1653220 297
1653230 298
1653240 298
1653250 298
1653260 297
1653270 297
1653280 297
1653290 297
1653300 296
1653310 296
1653320 296
1653330 296
1653340 296
1653350 295
1653360 294
1653370 294
1653380 293
1653390 292
1653400 292
1653410 290
1653420 289
1653430 289
1653440 287
1653450 286
1653460 286
1653470 285
1653480 284
1653490 284
1653500 283
1653510 282
1653520 282
1653530 281
1653540 281
1653550 281
1653560 280
1653570 281
1653580 281
1653590 280
1653600 280
1653610 280
1653620 280
1653630 280
1653640 280
1653650 282
1653660 282
1653670 282
1653680 283
1653690 284
1653700 284
1653710 284
1653720 284
1653730 284
1653740 284
1653750 285
1653760 285
1653770 285
1653780 285
1653790 285
1653800 285
1653810 284
1653820 284
1653830 284
1653840 285
1653850 285
1653860 285
1653870 285
1653880 285
1653890 286
1653900 287
1653910 287
1653920 288
1653930 290
1653940 290
1653950 291
1653960 292
1653970 292
1653980 293
1653990 294
1654000 294
1654010 295
1654020 296
1654030 296
1654040 296
1654050 297
1654060 297
1654070 298
1654080 299
1654090 299
1654100 299
1654110 300
1654120 300
1654130 299
1654140 300
1654150 300
1654160 300
1654170 300
1654180 300
1654190 300
1654200 300
1654210 300
1654220 301
1654230 301
1654240 301
1654250 302
1654260 302
1654270 302
1654280 302
1654290 302
1654300 302
1654310 302
1654320 302
1654330 302
1654340 302
1654350 302
1654360 302
1654370 302
1654380 301
1654390 301
1654400 301
1654410 301
1654420 301
1654430 300
1654440 299
1654450 299
1654460 299
1654470 298
1654480 298
1654490 297
1654500 295
1654510 295
1654520 294
1654530 293
1654540 293
1654550 292
1654560 291
1654570 291
1654580 290
1654590 289
1654600 289
1654610 285
1654620 284
1654630 284
1654640 282
1654650 281
1654660 281
1654670 280
1654680 279
1654690 279
1654700 278
1654710 277
1654720 277
1654730 276
1654740 276
1654750 276
1654760 275
1654770 275
1654780 275
1654790 274
1654800 274
1654810 274
1654820 274
1654830 273
1654840 273
1654850 273
1654860 273
1654870 273
1654880 273
1654890 273
1654900 273
1654910 273
1654920 273
1654930 273
1654940 273
1654950 273
1654960 273
1654970 273
1654980 273
1654990 273
1655000 274
1655010 274
1655020 274
1655030 274
1655040 273
1655050 273
1655060 274
1655070 274
1655080 274
1655090 275
1655100 275
1655110 275
1655120 276
1655130 276
1655140 276
1655150 277
1655160 277
1655170 277
1655180 279
1655190 280
1655200 280
1655210 281
1655220 282
1655230 282
1655240 281
1655250 282
1655260 282
1655270 282
1655280 282
1655290 282
1655300 282
1655310 282
1655320 282
1655330 282
1655340 282
1655350 282
1655360 282
1655370 281
1655380 281
1655390 280
1655400 279
1655410 279
1655420 278
1655430 277
1655440 277
1655450 277
1655460 278
1655470 278
1655480 278
1655490 279
1655500 279
1655510 278
1655520 278
1655530 278
1655540 278
1655550 277
1655560 277
1655570 277
1655580 277
1655590 276
1655600 276
1655610 276
1655620 277
1655630 277
1655640 278
1655650 278
1655660 278
1655670 278
1655680 278
1655690 278
1655700 278
1655710 278
1655720 278
1655730 278
1655740 278
1655750 278
1655760 279
1655770 279
1655780 279
1655790 279
1655800 279
1655810 279
1655820 280
1655830 281
1655840 281
1655850 282
1655860 283
1655870 283
1655880 283
1655890 284
1655900 284
1655910 283
1655920 283
1655930 283
1655940 283
1655950 283
1655960 283
1655970 283
1655980 283
1655990 282
1656000 282
1656010 283
1656020 283
1656030 283
1656040 284
1656050 284
1656060 284
1656070 284
1656080 284
1656090 284
1656100 285
1656110 285
1656120 285
1656130 284
1656140 284
1656150 284
1656160 284
1656170 284
1656180 284
1656190 284
1656200 284
1656210 284
1656220 285
1656230 285
1656240 284
1656250 284
1656260 284
1656270 283
1656280 283
1656290 283
1656300 283
1656310 283
1656320 283
1656330 283
1656340 283
1656350 283
1656360 284
1656370 285
1656380 285
1656390 285
1656400 284
1656410 284
1656420 285
1656430 285
1656440 285
1656450 285
1656460 285
1656470 285
1656480 285
1656490 285
1656500 285
1656510 285
1656520 285
1656530 285
1656540 286
1656550 287
1656560 287
1656570 287
1656580 289
1656590 289
1656600 289
1656610 289
1656620 289
1656630 289
1656640 290
1656650 290
1656660 290
1656670 290
1656680 290
1656690 290
1656700 290
1656710 290
1656720 290
1656730 291
1656740 291
1656750 292
1656760 292
1656770 292
1656780 292
1656790 292
1656800 292
1656810 292
1656820 292
1656830 292
1656840 292
1656850 292
1656860 292
1656870 291
1656880 291
1656890 291
1656900 291
1656910 290
1656920 290
1656930 290
1656940 290
1656950 290
1656960 290
1656970 290
1656980 290
1656990 290
1657000 290
1657010 290
1657020 290
1657030 291
1657040 291
1657050 292
1657060 293
1657070 293
1657080 293
1657090 293
1657100 293
1657110 293
1657120 293
1657130 293
1657140 294
1657150 294
1657160 294
1657170 294
1657180 294
1657190 294
1657200 294
1657210 294
1657220 294
1657230 294
1657240 294
1657250 294
1657260 293
1657270 293
1657280 293
1657290 293
1657300 293
1657310 293
1657320 294
1657330 294
1657340 294
1657350 294
1657360 294
1657370 294
1657380 294
1657390 294
1657400 294
1657410 294
1657420 294
1657430 294
1657440 294
1657450 294
1657460 294
1657470 295
1657480 295
1657490 295
1657500 296
1657510 296
1657520 296
1657530 296
1657540 296
1657550 296
1657560 296
1657570 296
1657580 296
1657590 296
1657600 296
1657610 296
1657620 297
1657630 298
1657640 298
1657650 299
1657660 299
1657670 299
1657680 297
1657690 298
1657700 298
1657710 298
1657720 298
1657730 298
1657740 298
1657750 298
1657760 298
1657770 299
1657780 299
1657790 299
1657800 301
1657810 303
1657820 303
1657830 306
1657840 306
1657850 306
1657860 306
1657870 306
1657880 306
1657890 305
1657900 306
1657910 306
1657920 305
1657930 304
1657940 304
1657950 304
1657960 305
1657970 305
1657980 307
1657990 307
1658000 307
1658010 308
1658020 308
1658030 308
1658040 309
1658050 309
1658060 308
1658070 308
1658080 308
1658090 307
1658100 307
1658110 306
1658120 307
1658130 307
1658140 306
1658150 306
1658160 306
1658170 307
1658180 308
1658190 308
1658200 308
1658210 307
1658220 307
1658230 307
1658240 307
1658250 306
1658260 306
1658270 305
1658280 305
1658290 305
1658300 305
1658310 305
1658320 305
1658330 306
1658340 306
1658350 306
1658360 306
1658370 306
1658380 307
1658390 307
1658400 307
1658410 307
1658420 308
1658430 308
1658440 308
1658450 308
1658460 308
1658470 308
1658480 308
1658490 308
1658500 309
1658510 309
1658520 309
1658530 310
1658540 311
1658550 311
1658560 311
1658570 311
1658580 311
1658590 312
1658600 312
1658610 312
1658620 313
1658630 315
1658640 315
1658650 316
1658660 317
1658670 317
1658680 317
1658690 317
1658700 317
1658710 318
1658720 318
1658730 318
1658740 318
1658750 317
1658760 317
1658770 316
1658780 315
1658790 315
1658800 315
1658810 316
1658820 316
1658830 318
1658840 320
1658850 320
1658860 322
1658870 323
1658880 323
1658890 323
1658900 324
1658910 324
1658920 324
1658930 324
1658940 324
1658950 325
1658960 325
1658970 325
1658980 325
1658990 325
1659000 325
1659010 325
1659020 325
1659030 325
1659040 326
1659050 326
1659060 326
1659070 325
1659080 325
1659090 325
1659100 326
1659110 326
1659120 326
1659130 326
1659140 325
1659150 325
1659160 325
1659170 324
1659180 324
1659190 324
1659200 324
1659210 324
1659220 325
1659230 326
1659240 326
1659250 327
1659260 327
1659270 327
1659280 328
1659290 329
1659300 329
1659310 329
1659320 330
1659330 330
1659340 330
1659350 330
1659360 330
1659370 330
1659380 330
1659390 330
1659400 330
1659410 330
1659420 330
1659430 331
1659440 331
1659450 331
1659460 331
1659470 330
1659480 330
1659490 330
1659500 330
1659510 330
1659520 329
1659530 329
1659540 329
1659550 328
1659560 328
1659570 328
1659580 328
1659590 327
1659600 327
1659610 325
1659620 324
1659630 324
1659640 323
1659650 321
1659660 321
1659670 320
1659680 320
1659690 320
1659700 320
1659710 320
1659720 320
1659730 320
1659740 320
1659750 320
1659760 320
1659770 320
1659780 320
1659790 321
1659800 322
1659810 322
1659820 322
1659830 323
1659840 323
1659850 323
1659860 323
1659870 323
1659880 323
1659890 323
1659900 323
1659910 323
1659920 323
1659930 323
1659940 323
1659950 322
1659960 322
1659970 322
1659980 321
1659990 321
