1640000 231
1640010 231
1640020 231
1640030 231
1640040 231
1640050 231
1640060 231
1640070 231
1640080 230
1640090 230
1640100 230
1640110 230
1640120 230
1640130 230
1640140 230
1640150 230
1640160 230
1640170 230
1640180 230
1640190 230
1640200 230
1640210 230
1640220 229
1640230 229
1640240 229
1640250 229
1640260 229
1640270 229
1640280 229
1640290 229
1640300 229
1640310 229
1640320 229
1640330 229
1640340 229
1640350 229
1640360 229
1640370 229
1640380 229
1640390 229
1640400 229
1640410 229
1640420 229
1640430 229
1640440 229
1640450 229
1640460 229
1640470 230
1640480 230
1640490 231
1640500 232
1640510 232
1640520 232
1640530 232
1640540 232
1640550 232
1640560 232
1640570 232
1640580 232
1640590 232
1640600 232
1640610 232
1640620 232
1640630 232
1640640 232
1640650 232
1640660 232
1640670 232
1640680 232
1640690 232
1640700 232
1640710 231
1640720 231
1640730 231
1640740 231
1640750 231
1640760 231
1640770 231
1640780 231
1640790 231
1640800 231
1640810 231
1640820 231
1640830 231
1640840 231
1640850 231
1640860 231
1640870 231
1640880 231
1640890 231
1640900 231
1640910 231
1640920 231
1640930 231
1640940 231
1640950 231
1640960 231
1640970 231
1640980 231
1640990 231
1641000 231
1641010 231
1641020 231
1641030 231
1641040 231
1641050 231
1641060 231
1641070 231
1641080 231
1641090 231
1641100 231
1641110 231
1641120 231
1641130 231
1641140 231
1641150 231
1641160 231
1641170 231
1641180 231
1641190 231
1641200 231
1641210 231
1641220 231
1641230 231
1641240 231
1641250 230
1641260 230
1641270 231
1641280 231
1641290 231
1641300 231
1641310 231
1641320 231
1641330 231
1641340 231
1641350 231
1641360 231
1641370 231
1641380 231
1641390 231
1641400 231
1641410 231
1641420 231
1641430 231
1641440 231
1641450 231
1641460 231
1641470 231
1641480 231
1641490 230
1641500 230
1641510 230
1641520 230
1641530 230
1641540 230
1641550 231
1641560 231
1641570 230
1641580 230
1641590 230
1641600 230
1641610 230
1641620 230
1641630 231
1641640 231
1641650 231
1641660 231
1641670 231
1641680 231
1641690 231
1641700 231
1641710 231
1641720 231
1641730 231
1641740 231
1641750 231
1641760 231
1641770 231
1641780 231
1641790 231
1641800 231
1641810 231
1641820 231
1641830 231
1641840 232
1641850 232
1641860 232
1641870 232
1641880 232
1641890 232
1641900 232
1641910 231
1641920 231
1641930 231
1641940 231
1641950 232
1641960 232
1641970 232
1641980 232
1641990 232
1642000 232
1642010 232
1642020 232
1642030 232
1642040 232
1642050 232
1642060 232
1642070 232
1642080 232
1642090 232
1642100 232
1642110 232
1642120 232
1642130 232
1642140 232
1642150 232
1642160 232
1642170 232
1642180 232
1642190 232
1642200 232
1642210 232
1642220 232
1642230 232
1642240 232
1642250 232
1642260 232
1642270 232
1642280 232
1642290 232
1642300 232
1642310 232
1642320 232
1642330 232
1642340 232
1642350 232
1642360 232
1642370 232
1642380 232
1642390 232
1642400 232
1642410 232
1642420 232
1642430 232
1642440 232
1642450 232
1642460 232
1642470 232
1642480 232
1642490 232
1642500 232
1642510 232
1642520 231
1642530 231
1642540 232
1642550 232
1642560 232
1642570 231
1642580 231
1642590 231
1642600 230
1642610 230
1642620 230
1642630 230
1642640 230
1642650 230
1642660 230
1642670 229
1642680 229
1642690 229
1642700 229
1642710 229
1642720 229
1642730 229
1642740 229
1642750 229
1642760 229
1642770 229
1642780 229
1642790 229
1642800 229
1642810 229
1642820 229
1642830 229
1642840 229
1642850 229
1642860 229
1642870 229
1642880 229
1642890 229
1642900 229
1642910 229
1642920 229
1642930 229
1642940 229
1642950 229
1642960 229
1642970 229
1642980 229
1642990 229
1643000 229
1643010 229
1643020 229
1643030 229
1643040 229
1643050 229
1643060 229
1643070 229
1643080 229
1643090 229
1643100 229
1643110 229
1643120 229
1643130 229
1643140 229
1643150 229
1643160 229
1643170 229
1643180 229
1643190 229
1643200 229
1643210 229
1643220 229
1643230 229
1643240 229
1643250 229
1643260 229
1643270 229
1643280 229
1643290 229
1643300 229
1643310 229
1643320 229
1643330 229
1643340 229
1643350 229
1643360 229
1643370 229
1643380 229
1643390 229
1643400 229
1643410 229
1643420 229
1643430 229
1643440 229
1643450 229
1643460 229
1643470 229
1643480 229
1643490 229
1643500 229
1643510 229
1643520 229
1643530 229
1643540 229
1643550 229
1643560 229
1643570 228
1643580 228
1643590 227
1643600 227
1643610 227
1643620 227
1643630 227
1643640 227
1643650 227
1643660 227
1643670 227
1643680 227
1643690 227
1643700 227
1643710 227
1643720 227
1643730 227
1643740 227
1643750 227
1643760 227
1643770 227
1643780 227
1643790 227
1643800 227
1643810 227
1643820 227
1643830 227
1643840 227
1643850 227
1643860 227
1643870 227
1643880 227
1643890 227
1643900 227
1643910 227
1643920 227
1643930 227
1643940 227
1643950 227
1643960 227
1643970 227
1643980 227
1643990 227
1644000 227
1644010 227
1644020 227
1644030 227
1644040 227
1644050 227
1644060 227
1644070 227
1644080 227
1644090 227
1644100 227
1644110 227
1644120 227
1644130 227
1644140 227
1644150 227
1644160 227
1644170 227
1644180 227
1644190 227
1644200 227
1644210 227
1644220 227
1644230 227
1644240 227
1644250 227
1644260 227
1644270 227
1644280 227
1644290 227
1644300 227
1644310 228
1644320 230
1644330 230
1644340 231
1644350 231
1644360 231
1644370 232
1644380 232
1644390 232
1644400 232
1644410 232
1644420 232
1644430 232
1644440 232
1644450 232
1644460 232
1644470 232
1644480 232
1644490 232
1644500 232
1644510 232
1644520 232
1644530 232
1644540 232
1644550 232
1644560 232
1644570 232
1644580 232
1644590 232
1644600 232
1644610 232
1644620 232
1644630 232
1644640 232
1644650 231
1644660 231
1644670 231
1644680 231
1644690 231
1644700 232
1644710 232
1644720 232
1644730 232
1644740 232
1644750 232
1644760 232
1644770 232
1644780 232
1644790 232
1644800 232
1644810 232
1644820 231
1644830 231
1644840 231
1644850 231
1644860 231
1644870 231
1644880 231
1644890 231
1644900 231
1644910 231
1644920 231
1644930 231
1644940 231
1644950 231
1644960 231
1644970 231
1644980 231
1644990 231
1645000 231
1645010 231
1645020 231
1645030 231
1645040 231
1645050 231
1645060 231
1645070 231
1645080 231
1645090 231
1645100 231
1645110 231
1645120 231
1645130 231
1645140 231
1645150 231
1645160 230
1645170 230
1645180 230
1645190 230
1645200 230
1645210 230
1645220 230
1645230 230
1645240 230
1645250 230
1645260 230
1645270 231
1645280 231
1645290 231
1645300 231
1645310 231
1645320 231
1645330 231
1645340 231
1645350 231
1645360 231
1645370 231
1645380 231
1645390 231
1645400 231
1645410 231
1645420 231
1645430 231
1645440 231
1645450 231
1645460 230
1645470 231
1645480 231
1645490 231
1645500 230
1645510 230
1645520 230
1645530 230
1645540 230
1645550 230
1645560 230
1645570 230
1645580 230
1645590 230
1645600 230
1645610 230
1645620 230
1645630 230
1645640 230
1645650 230
1645660 230
1645670 230
1645680 230
1645690 230
1645700 230
1645710 230
1645720 230
1645730 230
1645740 230
1645750 230
1645760 230
1645770 230
1645780 230
1645790 230
1645800 230
1645810 230
1645820 230
1645830 230
1645840 230
1645850 230
1645860 229
1645870 229
1645880 230
1645890 229
1645900 229
1645910 229
1645920 230
1645930 230
1645940 230
1645950 230
1645960 230
1645970 230
1645980 230
1645990 230
1646000 230
1646010 230
1646020 230
1646030 230
1646040 230
1646050 230
1646060 230
1646070 230
1646080 230
1646090 230
1646100 230
1646110 230
1646120 230
1646130 230
1646140 230
1646150 230
1646160 230
1646170 230
1646180 230
1646190 230
1646200 230
1646210 230
1646220 230
1646230 230
1646240 230
1646250 230
1646260 230
1646270 230
1646280 230
1646290 230
1646300 230
1646310 230
1646320 230
1646330 230
1646340 229
1646350 229
1646360 229
1646370 229
1646380 229
1646390 230
1646400 230
1646410 230
1646420 230
1646430 229
1646440 229
1646450 229
1646460 229
1646470 229
1646480 230
1646490 230
1646500 230
1646510 230
1646520 230
1646530 230
1646540 230
1646550 230
1646560 230
1646570 230
1646580 230
1646590 230
1646600 230
1646610 230
1646620 230
1646630 230
1646640 230
1646650 230
1646660 230
1646670 230
1646680 230
1646690 230
1646700 230
1646710 230
1646720 230
1646730 230
1646740 230
1646750 230
1646760 230
1646770 230
1646780 230
1646790 230
1646800 230
1646810 230
1646820 230
1646830 230
1646840 229
1646850 229
1646860 229
1646870 228
1646880 226
1646890 226
1646900 227
1646910 229
1646920 229
1646930 230
1646940 230
1646950 230
1646960 230
1646970 229
1646980 229
1646990 229
1647000 229
1647010 229
1647020 229
1647030 229
1647040 229
1647050 229
1647060 229
1647070 229
1647080 229
1647090 229
1647100 229
1647110 230
1647120 229
1647130 229
1647140 229
1647150 228
1647160 228
1647170 227
1647180 227
1647190 227
1647200 227
1647210 228
1647220 228
1647230 230
1647240 230
1647250 230
1647260 229
1647270 229
1647280 229
1647290 229
1647300 228
1647310 228
1647320 228
1647330 229
1647340 229
1647350 229
1647360 229
1647370 229
1647380 230
1647390 229
1647400 229
1647410 229
1647420 229
1647430 229
1647440 229
1647450 229
1647460 229
1647470 229
1647480 229
1647490 229
1647500 228
1647510 227
1647520 227
1647530 227
1647540 228
1647550 228
1647560 229
1647570 229
1647580 229
1647590 229
1647600 229
1647610 229
1647620 229
1647630 229
1647640 229
1647650 229
1647660 229
1647670 229
1647680 229
1647690 229
1647700 229
1647710 228
1647720 228
1647730 228
1647740 228
1647750 229
1647760 229
1647770 229
1647780 229
1647790 229
1647800 229
1647810 229
1647820 229
1647830 229
1647840 229
1647850 229
1647860 229
1647870 229
1647880 229
1647890 229
1647900 229
1647910 229
1647920 229
1647930 228
1647940 228
1647950 228
1647960 229
1647970 229
1647980 229
1647990 229
1648000 229
1648010 229
1648020 230
1648030 230
1648040 230
1648050 230
1648060 230
1648070 230
1648080 230
1648090 229
1648100 229
1648110 228
1648120 228
1648130 228
1648140 228
1648150 228
1648160 228
1648170 228
1648180 228
1648190 228
1648200 227
1648210 227
1648220 227
1648230 227
1648240 227
1648250 227
1648260 228
1648270 229
1648280 229
1648290 229
1648300 229
1648310 229
1648320 229
1648330 229
1648340 229
1648350 229
1648360 229
1648370 229
1648380 229
1648390 229
1648400 229
1648410 229
1648420 229
1648430 229
1648440 229
1648450 229
1648460 229
1648470 229
1648480 229
1648490 229
1648500 229
1648510 229
1648520 229
1648530 229
1648540 229
1648550 229
1648560 229
1648570 229
1648580 229
1648590 228
1648600 228
1648610 228
1648620 228
1648630 228
1648640 228
1648650 229
1648660 227
1648670 227
1648680 227
1648690 226
1648700 226
1648710 225
1648720 226
1648730 226
1648740 227
1648750 229
1648760 229
1648770 229
1648780 229
1648790 229
1648800 229
1648810 229
1648820 229
1648830 229
1648840 229
1648850 229
1648860 229
1648870 229
1648880 229
1648890 229
1648900 229
1648910 229
1648920 229
1648930 229
1648940 229
1648950 229
1648960 229
1648970 229
1648980 229
1648990 229
1649000 229
1649010 229
1649020 229
1649030 229
1649040 228
1649050 228
1649060 228
1649070 228
1649080 228
1649090 228
1649100 228
1649110 228
1649120 228
1649130 228
1649140 228
1649150 228
1649160 228
1649170 228
1649180 228
1649190 227
1649200 227
1649210 227
1649220 225
1649230 225
1649240 225
1649250 226
1649260 229
1649270 229
1649280 229
1649290 229
1649300 229
1649310 229
1649320 228
1649330 228
1649340 229
1649350 229
1649360 229
1649370 229
1649380 229
1649390 229
1649400 229
1649410 229
1649420 229
1649430 229
1649440 229
1649450 229
1649460 229
1649470 229
1649480 229
1649490 229
1649500 229
1649510 229
1649520 229
1649530 229
1649540 229
1649550 229
1649560 228
1649570 228
1649580 228
1649590 228
1649600 228
1649610 228
1649620 228
1649630 228
1649640 228
1649650 228
1649660 228
1649670 229
1649680 229
1649690 229
1649700 229
1649710 229
1649720 229
1649730 229
1649740 229
1649750 229
1649760 229
1649770 228
1649780 228
1649790 228
1649800 228
1649810 228
1649820 228
1649830 228
1649840 228
1649850 228
1649860 228
1649870 228
1649880 228
1649890 228
1649900 228
1649910 228
1649920 228
1649930 228
1649940 228
1649950 228
1649960 228
1649970 228
1649980 228
1649990 228
1650000 228
1650010 228
1650020 228
1650030 228
1650040 228
1650050 228
1650060 228
1650070 228
1650080 228
1650090 228
1650100 228
1650110 228
1650120 228
1650130 228
1650140 228
1650150 228
1650160 228
1650170 228
1650180 227
1650190 227
1650200 227
1650210 228
1650220 230
1650230 230
1650240 232
1650250 231
1650260 231
1650270 229
1650280 227
1650290 227
1650300 227
1650310 228
1650320 228
1650330 228
1650340 229
1650350 229
1650360 229
1650370 232
1650380 232
1650390 235
1650400 235
1650410 235
1650420 234
1650430 232
1650440 232
1650450 229
1650460 229
1650470 229
1650480 229
1650490 230
1650500 230
1650510 230
1650520 230
1650530 230
1650540 231
1650550 232
1650560 232
1650570 234
1650580 234
1650590 234
1650600 234
1650610 236
1650620 236
1650630 237
1650640 237
1650650 237
1650660 238
1650670 239
1650680 239
1650690 240
1650700 241
1650710 241
1650720 242
1650730 243
1650740 243
1650750 244
1650760 246
1650770 246
1650780 250
1650790 255
1650800 255
1650810 258
1650820 260
1650830 260
1650840 263
1650850 265
1650860 265
1650870 267
1650880 269
1650890 269
1650900 270
1650910 271
1650920 271
1650930 271
1650940 272
1650950 272
1650960 274
1650970 275
1650980 275
1650990 276
1651000 277
1651010 277
1651020 278
1651030 279
1651040 279
1651050 281
1651060 282
1651070 284
1651080 284
1651090 286
1651100 287
1651110 287
1651120 288
1651130 289
1651140 289
1651150 290
1651160 290
1651170 290
1651180 290
1651190 290
1651200 290
1651210 291
1651220 291
1651230 291
1651240 291
1651250 291
1651260 291
1651270 291
1651280 293
1651290 293
1651300 294
1651310 294
1651320 294
1651330 294
1651340 295
1651350 295
1651360 296
1651370 296
1651380 296
1651390 297
1651400 297
1651410 297
1651420 298
1651430 299
1651440 299
1651450 299
1651460 299
1651470 299
1651480 300
1651490 300
1651500 300
1651510 300
1651520 301
1651530 301
1651540 301
1651550 301
1651560 301
1651570 301
1651580 301
1651590 301
1651600 301
1651610 301
1651620 301
1651630 302
1651640 302
1651650 302
1651660 301
1651670 301
1651680 301
1651690 301
1651700 301
1651710 301
1651720 301
1651730 301
1651740 301
1651750 301
1651760 302
1651770 302
1651780 302
1651790 302
1651800 302
1651810 302
1651820 302
1651830 302
1651840 302
1651850 302
1651860 302
1651870 302
1651880 301
1651890 301
1651900 301
1651910 301
1651920 301
1651930 300
1651940 299
1651950 299
1651960 299
1651970 298
1651980 298
1651990 297
1652000 297
1652010 297
1652020 297
1652030 297
1652040 297
1652050 297
1652060 297
1652070 297
1652080 298
1652090 298
1652100 298
1652110 298
1652120 298
1652130 298
1652140 298
1652150 298
1652160 298
1652170 298
1652180 298
1652190 298
1652200 298
1652210 298
1652220 298
1652230 298
1652240 298
1652250 298
1652260 298
1652270 298
1652280 298
1652290 297
1652300 297
1652310 297
1652320 297
1652330 297
1652340 297
1652350 297
1652360 297
1652370 296
1652380 296
1652390 296
1652400 296
1652410 296
1652420 296
1652430 296
1652440 296
1652450 296
1652460 296
1652470 296
1652480 296
1652490 296
1652500 296
1652510 296
1652520 296
1652530 293
1652540 289
1652550 289
1652560 284
1652570 279
1652580 279
1652590 273
1652600 264
1652610 264
1652620 262
1652630 264
1652640 264
1652650 265
1652660 266
1652670 266
1652680 268
1652690 272
1652700 272
1652710 277
1652720 283
1652730 283
1652740 288
1652750 294
1652760 294
1652770 298
1652780 300
1652790 300
1652800 302
1652810 304
1652820 304
1652830 306
1652840 307
1652850 307
1652860 309
1652870 310
1652880 310
1652890 312
1652900 313
1652910 313
1652920 314
1652930 315
1652940 315
1652950 316
1652960 317
1652970 317
1652980 318
1652990 319
1653000 319
1653010 320
1653020 321
1653030 321
1653040 322
1653050 323
1653060 323
1653070 324
1653080 325
1653090 325
1653100 326
1653110 327
1653120 327
1653130 328
1653140 326
1653150 326
1653160 327
1653170 328
1653180 328
1653190 328
1653200 328
1653210 328
1653220 328
1653230 328
1653240 328
1653250 329
1653260 330
1653270 330
1653280 331
1653290 332
1653300 332
1653310 333
1653320 334
1653330 334
1653340 335
1653350 335
1653360 335
1653370 336
1653380 336
1653390 336
1653400 337
1653410 337
1653420 337
1653430 338
1653440 338
1653450 338
1653460 338
1653470 339
1653480 339
1653490 339
1653500 339
1653510 339
1653520 340
1653530 340
1653540 340
1653550 341
1653560 341
1653570 341
1653580 342
1653590 342
1653600 342
1653610 342
1653620 342
1653630 342
1653640 344
1653650 344
1653660 344
1653670 345
1653680 348
1653690 348
1653700 349
1653710 352
1653720 352
1653730 353
1653740 355
1653750 355
1653760 358
1653770 361
1653780 361
1653790 364
1653800 366
1653810 366
1653820 369
1653830 371
1653840 371
1653850 373
1653860 375
1653870 375
1653880 377
1653890 379
1653900 377
1653910 379
1653920 381
1653930 381
1653940 383
1653950 384
1653960 384
1653970 386
1653980 387
1653990 387
1654000 389
1654010 391
1654020 391
1654030 393
1654040 394
1654050 394
1654060 396
1654070 399
1654080 399
1654090 401
1654100 403
1654110 403
1654120 404
1654130 405
1654140 407
1654150 407
1654160 408
1654170 410
1654180 410
1654190 411
1654200 413
1654210 413
1654220 414
1654230 416
1654240 416
1654250 418
1654260 420
1654270 420
1654280 422
1654290 424
1654300 424
1654310 426
1654320 428
1654330 428
1654340 430
1654350 432
1654360 432
1654370 433
1654380 435
1654390 435
1654400 437
1654410 439
1654420 439
1654430 440
1654440 442
1654450 442
1654460 443
1654470 445
1654480 445
1654490 446
1654500 446
1654510 446
1654520 447
1654530 448
1654540 448
1654550 449
1654560 450
1654570 450
1654580 451
1654590 452
1654600 452
1654610 453
1654620 454
1654630 454
1654640 455
1654650 456
1654660 456
1654670 459
1654680 459
1654690 459
1654700 459
1654710 459
1654720 459
1654730 459
1654740 459
1654750 459
1654760 459
1654770 459
1654780 459
1654790 459
1654800 458
1654810 458
1654820 458
1654830 458
1654840 458
1654850 458
1654860 457
1654870 457
1654880 454
1654890 453
1654900 453
1654910 453
1654920 452
1654930 452
1654940 452
1654950 452
1654960 452
1654970 452
1654980 452
1654990 452
1655000 451
1655010 451
1655020 451
1655030 450
1655040 449
1655050 449
1655060 449
1655070 448
1655080 448
1655090 447
1655100 447
1655110 447
1655120 446
1655130 445
1655140 445
1655150 444
1655160 443
1655170 443
1655180 443
1655190 442
1655200 442
1655210 442
1655220 441
1655230 441
1655240 440
1655250 438
1655260 438
1655270 438
1655280 437
1655290 437
1655300 437
1655310 437
1655320 437
1655330 437
1655340 436
1655350 436
1655360 435
1655370 435
1655380 435
1655390 434
1655400 433
1655410 433
1655420 432
1655430 427
1655440 427
1655450 424
1655460 421
1655470 421
1655480 419
1655490 416
1655500 416
1655510 415
1655520 413
1655530 413
1655540 412
1655550 411
1655560 411
1655570 410
1655580 408
1655590 408
1655600 406
1655610 403
1655620 403
1655630 399
1655640 396
1655650 396
1655660 397
1655670 399
1655680 399
1655690 399
1655700 399
1655710 399
1655720 398
1655730 397
1655740 397
1655750 396
1655760 395
1655770 395
1655780 394
1655790 393
1655800 393
1655810 391
1655820 389
1655830 389
1655840 387
1655850 385
1655860 385
1655870 383
1655880 382
1655890 382
1655900 383
1655910 385
1655920 385
1655930 385
1655940 384
1655950 384
1655960 384
1655970 384
1655980 384
1655990 384
1656000 385
1656010 385
1656020 386
1656030 387
1656040 387
1656050 390
1656060 392
1656070 392
1656080 394
1656090 395
1656100 395
1656110 395
1656120 395
1656130 395
1656140 393
1656150 392
1656160 392
1656170 389
1656180 383
1656190 383
1656200 381
1656210 379
1656220 379
1656230 378
1656240 377
1656250 377
1656260 375
1656270 372
1656280 372
1656290 370
1656300 366
1656310 366
1656320 364
1656330 364
1656340 364
1656350 361
1656360 358
1656370 358
1656380 357
1656390 356
1656400 356
1656410 356
1656420 356
1656430 356
1656440 355
1656450 355
1656460 355
1656470 354
1656480 354
1656490 354
1656500 354
1656510 354
1656520 354
1656530 354
1656540 355
1656550 355
1656560 356
1656570 357
1656580 357
1656590 358
1656600 360
1656610 360
1656620 362
1656630 363
1656640 363
1656650 363
1656660 364
1656670 364
1656680 368
1656690 372
1656700 372
1656710 375
1656720 379
1656730 379
1656740 382
1656750 382
1656760 382
1656770 382
1656780 382
1656790 382
1656800 381
1656810 382
1656820 382
1656830 388
1656840 393
1656850 393
1656860 397
1656870 399
1656880 399
1656890 400
1656900 401
1656910 401
1656920 402
1656930 402
1656940 402
1656950 402
1656960 401
1656970 401
1656980 401
1656990 402
1657000 402
1657010 402
1657020 402
1657030 402
1657040 402
1657050 402
1657060 402
1657070 402
1657080 402
1657090 402
1657100 401
1657110 401
1657120 401
1657130 401
1657140 401
1657150 401
1657160 400
1657170 399
1657180 399
1657190 398
1657200 396
1657210 396
1657220 395
1657230 394
1657240 394
1657250 392
1657260 389
1657270 387
1657280 387
1657290 384
1657300 379
1657310 379
1657320 374
1657330 369
1657340 369
1657350 365
1657360 365
1657370 365
1657380 366
1657390 368
1657400 368
1657410 369
1657420 370
1657430 370
1657440 371
1657450 373
1657460 373
1657470 374
1657480 376
1657490 376
1657500 379
1657510 382
1657520 382
1657530 384
1657540 386
1657550 386
1657560 388
1657570 391
1657580 391
1657590 394
1657600 397
1657610 397
1657620 400
1657630 401
1657640 401
1657650 403
1657660 404
1657670 404
1657680 404
1657690 407
1657700 407
1657710 407
1657720 407
1657730 407
1657740 407
1657750 407
1657760 407
1657770 407
1657780 408
1657790 408
1657800 408
1657810 407
1657820 407
1657830 407
1657840 406
1657850 406
1657860 405
1657870 404
1657880 404
1657890 403
1657900 401
1657910 401
1657920 399
1657930 397
1657940 397
1657950 394
1657960 390
1657970 390
1657980 387
1657990 383
1658000 383
1658010 380
1658020 377
1658030 377
1658040 374
1658050 371
1658060 371
1658070 367
1658080 366
1658090 366
1658100 367
1658110 367
1658120 367
1658130 369
1658140 373
1658150 373
1658160 375
1658170 376
1658180 376
1658190 378
1658200 379
1658210 379
1658220 379
1658230 379
1658240 379
1658250 379
1658260 379
1658270 379
1658280 380
1658290 380
1658300 380
1658310 380
1658320 381
1658330 381
1658340 381
1658350 381
1658360 381
1658370 381
1658380 380
1658390 380
1658400 380
1658410 380
1658420 380
1658430 380
1658440 382
1658450 382
1658460 382
1658470 381
1658480 381
1658490 381
1658500 380
1658510 380
1658520 379
1658530 378
1658540 378
1658550 378
1658560 377
1658570 377
1658580 377
1658590 376
1658600 376
1658610 375
1658620 374
1658630 374
1658640 373
1658650 372
1658660 372
1658670 369
1658680 365
1658690 365
1658700 359
1658710 355
1658720 355
1658730 351
1658740 348
1658750 348
1658760 346
1658770 345
1658780 345
1658790 348
1658800 353
1658810 353
1658820 358
1658830 362
1658840 362
1658850 364
1658860 365
1658870 365
1658880 365
1658890 366
1658900 366
1658910 367
1658920 367
1658930 367
1658940 368
1658950 369
1658960 369
1658970 370
1658980 372
1658990 372
1659000 373
1659010 374
1659020 374
1659030 374
1659040 374
1659050 374
1659060 374
1659070 373
1659080 373
1659090 369
1659100 364
1659110 364
1659120 357
1659130 353
1659140 353
1659150 354
1659160 357
1659170 357
1659180 360
1659190 365
1659200 365
1659210 370
1659220 376
1659230 376
1659240 380
1659250 381
1659260 381
1659270 381
1659280 380
1659290 380
1659300 379
1659310 378
1659320 378
1659330 377
1659340 376
1659350 376
1659360 374
1659370 373
1659380 373
1659390 372
1659400 371
1659410 371
1659420 370
1659430 368
1659440 368
1659450 367
1659460 367
1659470 367
1659480 368
1659490 369
1659500 369
1659510 369
1659520 371
1659530 371
1659540 373
1659550 373
1659560 373
1659570 373
1659580 373
1659590 373
1659600 372
1659610 372
1659620 372
1659630 372
1659640 372
1659650 372
1659660 372
1659670 373
1659680 373
1659690 374
1659700 375
1659710 375
1659720 377
1659730 378
1659740 378
1659750 376
1659760 374
1659770 374
1659780 373
1659790 373
1659800 373
1659810 373
1659820 373
1659830 373
1659840 372
1659850 370
1659860 370
1659870 367
1659880 364
1659890 364
1659900 360
1659910 356
1659920 356
1659930 353
1659940 348
1659950 348
1659960 345
1659970 340
1659980 340
1659990 337
