1640000 235
1640010 235
1640020 235
1640030 235
1640040 235
1640050 235
1640060 235
1640070 235
1640080 235
1640090 235
1640100 235
1640110 235
1640120 235
1640130 235
1640140 235
1640150 235
1640160 235
1640170 235
1640180 235
1640190 235
1640200 235
1640210 235
1640220 234
1640230 234
1640240 234
1640250 234
1640260 234
1640270 234
1640280 234
1640290 234
1640300 234
1640310 234
1640320 234
1640330 234
1640340 234
1640350 234
1640360 234
1640370 234
1640380 234
1640390 234
1640400 234
1640410 234
1640420 234
1640430 234
1640440 234
1640450 234
1640460 234
1640470 234
1640480 234
1640490 233
1640500 233
1640510 233
1640520 233
1640530 233
1640540 233
1640550 233
1640560 233
1640570 233
1640580 232
1640590 232
1640600 232
1640610 233
1640620 233
1640630 233
1640640 234
1640650 234
1640660 234
1640670 234
1640680 234
1640690 234
1640700 234
1640710 234
1640720 234
1640730 235
1640740 235
1640750 235
1640760 235
1640770 235
1640780 235
1640790 235
1640800 235
1640810 235
1640820 235
1640830 235
1640840 235
1640850 235
1640860 235
1640870 235
1640880 235
1640890 235
1640900 235
1640910 235
1640920 235
1640930 235
1640940 235
1640950 235
1640960 235
1640970 235
1640980 235
1640990 235
1641000 234
1641010 234
1641020 234
1641030 234
1641040 234
1641050 234
1641060 234
1641070 234
1641080 234
1641090 234
1641100 234
1641110 234
1641120 234
1641130 234
1641140 234
1641150 233
1641160 233
1641170 233
1641180 233
1641190 233
1641200 233
1641210 233
1641220 233
1641230 233
1641240 233
1641250 233
1641260 233
1641270 233
1641280 233
1641290 233
1641300 233
1641310 233
1641320 233
1641330 234
1641340 234
1641350 234
1641360 233
1641370 233
1641380 233
1641390 233
1641400 234
1641410 234
1641420 233
1641430 233
1641440 233
1641450 233
1641460 233
1641470 233
1641480 233
1641490 233
1641500 233
1641510 233
1641520 232
1641530 232
1641540 232
1641550 233
1641560 233
1641570 233
1641580 233
1641590 233
1641600 233
1641610 233
1641620 233
1641630 233
1641640 233
1641650 233
1641660 233
1641670 233
1641680 233
1641690 233
1641700 233
1641710 233
1641720 233
1641730 233
1641740 233
1641750 233
1641760 233
1641770 233
1641780 232
1641790 233
1641800 233
1641810 232
1641820 232
1641830 232
1641840 233
1641850 234
1641860 234
1641870 234
1641880 234
1641890 234
1641900 234
1641910 234
1641920 234
1641930 234
1641940 234
1641950 234
1641960 234
1641970 234
1641980 234
1641990 234
1642000 233
1642010 233
1642020 233
1642030 233
1642040 233
1642050 233
1642060 232
1642070 232
1642080 232
1642090 232
1642100 232
1642110 232
1642120 232
1642130 232
1642140 232
1642150 232
1642160 232
1642170 232
1642180 232
1642190 232
1642200 233
1642210 233
1642220 233
1642230 233
1642240 233
1642250 233
1642260 233
1642270 233
1642280 233
1642290 233
1642300 233
1642310 233
1642320 233
1642330 233
1642340 233
1642350 233
1642360 233
1642370 233
1642380 233
1642390 233
1642400 233
1642410 233
1642420 233
1642430 233
1642440 233
1642450 233
1642460 233
1642470 233
1642480 233
1642490 233
1642500 232
1642510 232
1642520 232
1642530 232
1642540 232
1642550 232
1642560 232
1642570 232
1642580 232
1642590 232
1642600 232
1642610 232
1642620 232
1642630 232
1642640 232
1642650 233
1642660 233
1642670 233
1642680 233
1642690 233
1642700 233
1642710 233
1642720 233
1642730 233
1642740 233
1642750 233
1642760 233
1642770 233
1642780 233
1642790 233
1642800 233
1642810 233
1642820 233
1642830 232
1642840 233
1642850 233
1642860 233
1642870 233
1642880 233
1642890 232
1642900 232
1642910 232
1642920 232
1642930 232
1642940 232
1642950 232
1642960 232
1642970 232
1642980 232
1642990 232
1643000 232
1643010 232
1643020 232
1643030 232
1643040 232
1643050 232
1643060 232
1643070 232
1643080 232
1643090 232
1643100 232
1643110 232
1643120 232
1643130 232
1643140 232
1643150 232
1643160 232
1643170 232
1643180 232
1643190 232
1643200 232
1643210 232
1643220 232
1643230 232
1643240 232
1643250 232
1643260 232
1643270 232
1643280 232
1643290 232
1643300 232
1643310 232
1643320 231
1643330 231
1643340 231
1643350 231
1643360 231
1643370 231
1643380 231
1643390 231
1643400 231
1643410 231
1643420 231
1643430 231
1643440 232
1643450 232
1643460 232
1643470 232
1643480 232
1643490 232
1643500 232
1643510 232
1643520 232
1643530 232
1643540 232
1643550 232
1643560 232
1643570 232
1643580 232
1643590 232
1643600 232
1643610 232
1643620 232
1643630 232
1643640 232
1643650 232
1643660 232
1643670 232
1643680 232
1643690 232
1643700 232
1643710 232
1643720 232
1643730 232
1643740 232
1643750 232
1643760 232
1643770 232
1643780 232
1643790 232
1643800 232
1643810 232
1643820 232
1643830 232
1643840 232
1643850 232
1643860 232
1643870 232
1643880 232
1643890 232
1643900 232
1643910 232
1643920 232
1643930 232
1643940 232
1643950 232
1643960 232
1643970 232
1643980 232
1643990 232
1644000 232
1644010 232
1644020 232
1644030 232
1644040 232
1644050 232
1644060 232
1644070 232
1644080 233
1644090 233
1644100 233
1644110 232
1644120 232
1644130 232
1644140 232
1644150 232
1644160 232
1644170 232
1644180 232
1644190 232
1644200 232
1644210 232
1644220 232
1644230 232
1644240 232
1644250 232
1644260 232
1644270 232
1644280 232
1644290 232
1644300 232
1644310 232
1644320 232
1644330 232
1644340 232
1644350 232
1644360 232
1644370 232
1644380 232
1644390 232
1644400 232
1644410 232
1644420 232
1644430 232
1644440 232
1644450 232
1644460 232
1644470 232
1644480 232
1644490 232
1644500 232
1644510 232
1644520 232
1644530 232
1644540 232
1644550 232
1644560 232
1644570 232
1644580 232
1644590 232
1644600 232
1644610 232
1644620 232
1644630 232
1644640 232
1644650 232
1644660 232
1644670 232
1644680 232
1644690 232
1644700 231
1644710 231
1644720 231
1644730 231
1644740 232
1644750 232
1644760 232
1644770 232
1644780 232
1644790 232
1644800 232
1644810 232
1644820 232
1644830 232
1644840 232
1644850 232
1644860 232
1644870 232
1644880 232
1644890 232
1644900 232
1644910 232
1644920 232
1644930 232
1644940 232
1644950 232
1644960 232
1644970 232
1644980 232
1644990 232
1645000 231
1645010 231
1645020 231
1645030 231
1645040 231
1645050 231
1645060 232
1645070 232
1645080 232
1645090 231
1645100 231
1645110 231
1645120 231
1645130 231
1645140 231
1645150 231
1645160 231
1645170 231
1645180 232
1645190 232
1645200 232
1645210 232
1645220 232
1645230 232
1645240 232
1645250 232
1645260 232
1645270 232
1645280 232
1645290 232
1645300 232
1645310 232
1645320 232
1645330 232
1645340 232
1645350 232
1645360 232
1645370 232
1645380 232
1645390 232
1645400 232
1645410 232
1645420 232
1645430 232
1645440 232
1645450 232
1645460 232
1645470 232
1645480 232
1645490 232
1645500 232
1645510 232
1645520 232
1645530 232
1645540 232
1645550 232
1645560 232
1645570 232
1645580 232
1645590 232
1645600 232
1645610 232
1645620 232
1645630 232
1645640 232
1645650 232
1645660 232
1645670 232
1645680 232
1645690 232
1645700 232
1645710 232
1645720 232
1645730 232
1645740 232
1645750 232
1645760 232
1645770 232
1645780 232
1645790 232
1645800 232
1645810 232
1645820 232
1645830 232
1645840 232
1645850 232
1645860 232
1645870 232
1645880 232
1645890 232
1645900 232
1645910 231
1645920 231
1645930 231
1645940 231
1645950 231
1645960 231
1645970 231
1645980 231
1645990 231
1646000 231
1646010 231
1646020 231
1646030 231
1646040 231
1646050 231
1646060 231
1646070 231
1646080 231
1646090 231
1646100 231
1646110 231
1646120 232
1646130 232
1646140 232
1646150 231
1646160 231
1646170 231
1646180 231
1646190 231
1646200 231
1646210 231
1646220 231
1646230 231
1646240 231
1646250 231
1646260 231
1646270 231
1646280 231
1646290 231
1646300 231
1646310 231
1646320 231
1646330 231
1646340 231
1646350 231
1646360 230
1646370 230
1646380 229
1646390 229
1646400 229
1646410 229
1646420 228
1646430 228
1646440 228
1646450 228
1646460 228
1646470 228
1646480 228
1646490 228
1646500 228
1646510 228
1646520 228
1646530 228
1646540 228
1646550 228
1646560 228
1646570 228
1646580 228
1646590 228
1646600 228
1646610 228
1646620 228
1646630 228
1646640 228
1646650 228
1646660 228
1646670 228
1646680 228
1646690 228
1646700 228
1646710 228
1646720 228
1646730 228
1646740 228
1646750 228
1646760 228
1646770 228
1646780 228
1646790 228
1646800 228
1646810 227
1646820 227
1646830 227
1646840 227
1646850 227
1646860 228
1646870 227
1646880 227
1646890 227
1646900 227
1646910 227
1646920 227
1646930 227
1646940 227
1646950 227
1646960 227
1646970 227
1646980 228
1646990 228
1647000 228
1647010 228
1647020 227
1647030 227
1647040 227
1647050 227
1647060 227
1647070 227
1647080 227
1647090 227
1647100 227
1647110 227
1647120 227
1647130 227
1647140 228
1647150 228
1647160 227
1647170 227
1647180 227
1647190 227
1647200 227
1647210 227
1647220 227
1647230 227
1647240 227
1647250 227
1647260 227
1647270 227
1647280 227
1647290 227
1647300 227
1647310 227
1647320 227
1647330 227
1647340 227
1647350 227
1647360 227
1647370 227
1647380 227
1647390 228
1647400 228
1647410 228
1647420 227
1647430 227
1647440 227
1647450 227
1647460 227
1647470 227
1647480 227
1647490 227
1647500 227
1647510 227
1647520 227
1647530 227
1647540 227
1647550 227
1647560 227
1647570 227
1647580 227
1647590 229
1647600 231
1647610 231
1647620 233
1647630 233
1647640 233
1647650 233
1647660 232
1647670 232
1647680 231
1647690 231
1647700 231
1647710 231
1647720 231
1647730 231
1647740 231
1647750 231
1647760 231
1647770 231
1647780 231
1647790 231
1647800 231
1647810 231
1647820 231
1647830 231
1647840 231
1647850 231
1647860 231
1647870 231
1647880 231
1647890 231
1647900 232
1647910 232
1647920 232
1647930 232
1647940 232
1647950 232
1647960 232
1647970 232
1647980 233
1647990 233
1648000 233
1648010 233
1648020 233
1648030 233
1648040 233
1648050 233
1648060 233
1648070 233
1648080 233
1648090 233
1648100 233
1648110 233
1648120 233
1648130 233
1648140 233
1648150 233
1648160 233
1648170 233
1648180 233
1648190 233
1648200 233
1648210 233
1648220 233
1648230 233
1648240 233
1648250 233
1648260 233
1648270 233
1648280 233
1648290 233
1648300 233
1648310 233
1648320 233
1648330 233
1648340 233
1648350 233
1648360 233
1648370 233
1648380 233
1648390 233
1648400 233
1648410 233
1648420 233
1648430 233
1648440 233
1648450 233
1648460 233
1648470 233
1648480 233
1648490 233
1648500 233
1648510 233
1648520 233
1648530 233
1648540 233
1648550 233
1648560 234
1648570 234
1648580 234
1648590 234
1648600 234
1648610 234
1648620 234
1648630 234
1648640 234
1648650 234
1648660 234
1648670 235
1648680 235
1648690 235
1648700 235
1648710 236
1648720 236
1648730 236
1648740 236
1648750 236
1648760 236
1648770 236
1648780 236
1648790 236
1648800 236
1648810 236
1648820 236
1648830 237
1648840 237
1648850 237
1648860 237
1648870 237
1648880 237
1648890 238
1648900 238
1648910 239
1648920 240
1648930 240
1648940 241
1648950 243
1648960 243
1648970 245
1648980 248
1648990 248
1649000 252
1649010 256
1649020 256
1649030 261
1649040 267
1649050 267
1649060 271
1649070 274
1649080 274
1649090 276
1649100 277
1649110 277
1649120 278
1649130 280
1649140 280
1649150 281
1649160 282
1649170 282
1649180 283
1649190 285
1649200 285
1649210 286
1649220 287
1649230 287
1649240 288
1649250 288
1649260 288
1649270 288
1649280 289
1649290 289
1649300 289
1649310 290
1649320 290
1649330 291
1649340 291
1649350 291
1649360 292
1649370 294
1649380 294
1649390 295
1649400 296
1649410 296
1649420 297
1649430 298
1649440 298
1649450 298
1649460 298
1649470 298
1649480 299
1649490 298
1649500 298
1649510 298
1649520 296
1649530 296
1649540 293
1649550 293
1649560 293
1649570 294
1649580 295
1649590 295
1649600 296
1649610 298
1649620 298
1649630 301
1649640 302
1649650 302
1649660 304
1649670 306
1649680 306
1649690 307
1649700 308
1649710 308
1649720 310
1649730 313
1649740 313
1649750 315
1649760 317
1649770 317
1649780 319
1649790 320
1649800 320
1649810 322
1649820 323
1649830 323
1649840 325
1649850 326
1649860 326
1649870 328
1649880 329
1649890 329
1649900 330
1649910 332
1649920 332
1649930 333
1649940 334
1649950 334
1649960 335
1649970 336
1649980 336
1649990 337
1650000 337
1650010 337
1650020 338
1650030 339
1650040 339
1650050 339
1650060 340
1650070 340
1650080 341
1650090 342
1650100 342
1650110 342
1650120 343
1650130 343
1650140 343
1650150 344
1650160 344
1650170 344
1650180 344
1650190 344
1650200 344
1650210 344
1650220 344
1650230 344
1650240 344
1650250 344
1650260 344
1650270 344
1650280 344
1650290 343
1650300 343
1650310 343
1650320 343
1650330 343
1650340 343
1650350 342
1650360 342
1650370 342
1650380 342
1650390 341
1650400 341
1650410 340
1650420 340
1650430 340
1650440 339
1650450 338
1650460 338
1650470 337
1650480 336
1650490 336
1650500 335
1650510 333
1650520 333
1650530 332
1650540 329
1650550 329
1650560 327
1650570 328
1650580 328
1650590 327
1650600 326
1650610 326
1650620 325
1650630 324
1650640 324
1650650 323
1650660 322
1650670 322
1650680 321
1650690 319
1650700 319
1650710 318
1650720 316
1650730 316
1650740 314
1650750 311
1650760 311
1650770 308
1650780 305
1650790 305
1650800 304
1650810 302
1650820 302
1650830 300
1650840 298
1650850 298
1650860 297
1650870 295
1650880 295
1650890 293
1650900 291
1650910 291
1650920 289
1650930 287
1650940 287
1650950 285
1650960 283
1650970 283
1650980 281
1650990 277
1651000 277
1651010 274
1651020 274
1651030 274
1651040 274
1651050 274
1651060 274
1651070 274
1651080 275
1651090 275
1651100 275
1651110 274
1651120 274
1651130 273
1651140 272
1651150 272
1651160 271
1651170 271
1651180 271
1651190 269
1651200 268
1651210 268
1651220 267
1651230 266
1651240 266
1651250 265
1651260 264
1651270 264
1651280 262
1651290 260
1651300 259
1651310 259
1651320 258
1651330 258
1651340 258
1651350 259
1651360 256
1651370 256
1651380 255
1651390 255
1651400 255
1651410 256
1651420 257
1651430 257
1651440 258
1651450 258
1651460 258
1651470 257
1651480 257
1651490 257
1651500 258
1651510 257
1651520 257
1651530 256
1651540 256
1651550 256
1651560 255
1651570 253
1651580 253
1651590 250
1651600 246
1651610 246
1651620 243
1651630 243
1651640 243
1651650 244
1651660 244
1651670 244
1651680 244
1651690 244
1651700 244
1651710 243
1651720 243
1651730 243
1651740 241
1651750 239
1651760 239
1651770 238
1651780 237
1651790 237
1651800 236
1651810 237
1651820 237
1651830 241
1651840 247
1651850 247
1651860 250
1651870 253
1651880 253
1651890 255
1651900 258
1651910 258
1651920 260
1651930 261
1651940 261
1651950 263
1651960 265
1651970 265
1651980 266
1651990 267
1652000 267
1652010 269
1652020 270
1652030 270
1652040 272
1652050 274
1652060 274
1652070 275
1652080 277
1652090 277
1652100 279
1652110 280
1652120 280
1652130 282
1652140 282
1652150 282
1652160 282
1652170 283
1652180 283
1652190 283
1652200 283
1652210 283
1652220 283
1652230 282
1652240 282
1652250 282
1652260 282
1652270 282
1652280 282
1652290 281
1652300 281
1652310 281
1652320 281
1652330 281
1652340 280
1652350 280
1652360 280
1652370 279
1652380 278
1652390 278
1652400 278
1652410 276
1652420 276
1652430 275
1652440 273
1652450 273
1652460 271
1652470 265
1652480 265
1652490 253
1652500 241
1652510 241
1652520 233
1652530 231
1652540 231
1652550 229
1652560 228
1652570 228
1652580 228
1652590 228
1652600 228
1652610 228
1652620 228
1652630 228
1652640 228
1652650 228
1652660 228
1652670 228
1652680 228
1652690 228
1652700 228
1652710 228
1652720 228
1652730 228
1652740 228
1652750 228
1652760 228
1652770 226
1652780 226
1652790 226
1652800 226
1652810 226
1652820 226
1652830 226
1652840 226
1652850 226
1652860 230
1652870 230
1652880 234
1652890 236
1652900 234
1652910 249
1652920 258
1652930 258
1652940 260
1652950 262
1652960 262
1652970 264
1652980 269
1652990 269
1653000 275
1653010 280
1653020 280
1653030 285
1653040 290
1653050 290
1653060 295
1653070 301
1653080 301
1653090 306
1653100 311
1653110 311
1653120 315
1653130 319
1653140 319
1653150 323
1653160 326
1653170 326
1653180 331
1653190 335
1653200 335
1653210 337
1653220 341
1653230 341
1653240 344
1653250 346
1653260 346
1653270 347
1653280 345
1653290 345
1653300 342
1653310 340
1653320 340
1653330 338
1653340 336
1653350 336
1653360 335
1653370 334
1653380 334
1653390 335
1653400 335
1653410 335
1653420 335
1653430 336
1653440 336
1653450 336
1653460 337
1653470 337
1653480 339
1653490 340
1653500 340
1653510 342
1653520 343
1653530 343
1653540 345
1653550 346
1653560 346
1653570 348
1653580 349
1653590 349
1653600 350
1653610 352
1653620 352
1653630 354
1653640 357
1653650 357
1653660 360
1653670 361
1653680 361
1653690 365
1653700 368
1653710 368
1653720 371
1653730 375
1653740 375
1653750 379
1653760 381
1653770 381
1653780 385
1653790 389
1653800 389
1653810 391
1653820 393
1653830 393
1653840 395
1653850 397
1653860 397
1653870 399
1653880 400
1653890 400
1653900 402
1653910 403
1653920 403
1653930 404
1653940 405
1653950 405
1653960 405
1653970 406
1653980 406
1653990 406
1654000 407
1654010 407
1654020 407
1654030 408
1654040 408
1654050 409
1654060 409
1654070 409
1654080 410
1654090 410
1654100 410
1654110 411
1654120 411
1654130 411
1654140 411
1654150 411
1654160 411
1654170 411
1654180 411
1654190 411
1654200 411
1654210 410
1654220 410
1654230 409
1654240 407
1654250 407
1654260 406
1654270 405
1654280 405
1654290 403
1654300 402
1654310 402
1654320 401
1654330 399
1654340 399
1654350 398
1654360 396
1654370 396
1654380 395
1654390 393
1654400 393
1654410 392
1654420 390
1654430 392
1654440 390
1654450 389
1654460 389
1654470 388
1654480 387
1654490 387
1654500 386
1654510 385
1654520 385
1654530 383
1654540 381
1654550 381
1654560 381
1654570 381
1654580 381
1654590 380
1654600 381
1654610 381
1654620 381
1654630 382
1654640 382
1654650 382
1654660 383
1654670 383
1654680 383
1654690 382
1654700 382
1654710 382
1654720 382
1654730 382
1654740 381
1654750 381
1654760 381
1654770 380
1654780 379
1654790 379
1654800 379
1654810 379
1654820 379
1654830 378
1654840 377
1654850 377
1654860 377
1654870 376
1654880 376
1654890 375
1654900 374
1654910 374
1654920 372
1654930 371
1654940 371
1654950 369
1654960 368
1654970 368
1654980 365
1654990 362
1655000 362
1655010 359
1655020 357
1655030 357
1655040 355
1655050 352
1655060 352
1655070 349
1655080 346
1655090 346
1655100 343
1655110 337
1655120 337
1655130 332
1655140 326
1655150 326
1655160 322
1655170 316
1655180 316
1655190 310
1655200 306
1655210 306
1655220 305
1655230 307
1655240 307
1655250 307
1655260 306
1655270 306
1655280 305
1655290 302
1655300 302
1655310 296
1655320 293
1655330 293
1655340 293
1655350 295
1655360 295
1655370 298
1655380 301
1655390 301
1655400 306
1655410 311
1655420 314
1655430 314
1655440 316
1655450 319
1655460 319
1655470 322
1655480 324
1655490 324
1655500 327
1655510 330
1655520 330
1655530 334
1655540 338
1655550 338
1655560 342
1655570 346
1655580 346
1655590 350
1655600 353
1655610 353
1655620 356
1655630 359
1655640 359
1655650 359
1655660 356
1655670 356
1655680 354
1655690 352
1655700 352
1655710 350
1655720 348
1655730 348
1655740 347
1655750 347
1655760 347
1655770 349
1655780 351
1655790 351
1655800 354
1655810 358
1655820 358
1655830 362
1655840 367
1655850 367
1655860 371
1655870 375
1655880 375
1655890 379
1655900 382
1655910 382
1655920 385
1655930 386
1655940 386
1655950 387
1655960 389
1655970 389
1655980 391
1655990 391
1656000 391
1656010 390
1656020 390
1656030 390
1656040 389
1656050 386
1656060 386
1656070 383
1656080 380
1656090 380
1656100 377
1656110 375
1656120 375
1656130 374
1656140 372
1656150 372
1656160 373
1656170 373
1656180 373
1656190 374
1656200 376
1656210 376
1656220 379
1656230 382
1656240 382
1656250 387
1656260 392
1656270 392
1656280 395
1656290 398
1656300 398
1656310 402
1656320 405
1656330 405
1656340 408
1656350 410
1656360 410
1656370 412
1656380 413
1656390 413
1656400 414
1656410 414
1656420 414
1656430 415
1656440 415
1656450 415
1656460 416
1656470 415
1656480 415
1656490 414
1656500 414
1656510 414
1656520 413
1656530 412
1656540 412
1656550 412
1656560 410
1656570 410
1656580 409
1656590 404
1656600 404
1656610 401
1656620 397
1656630 397
1656640 394
1656650 393
1656660 393
1656670 392
1656680 392
1656690 392
1656700 390
1656710 391
1656720 391
1656730 390
1656740 388
1656750 388
1656760 384
1656770 381
1656780 381
1656790 380
1656800 375
1656810 375
1656820 371
1656830 366
1656840 366
1656850 363
1656860 362
1656870 362
1656880 361
1656890 356
1656900 356
1656910 353
1656920 354
1656930 354
1656940 359
1656950 365
1656960 365
1656970 369
1656980 373
1656990 373
1657000 378
1657010 382
1657020 382
1657030 386
1657040 391
1657050 391
1657060 395
1657070 398
1657080 398
1657090 403
1657100 407
1657110 407
1657120 410
1657130 413
1657140 413
1657150 415
1657160 418
1657170 418
1657180 420
1657190 422
1657200 422
1657210 424
1657220 425
1657230 425
1657240 427
1657250 428
1657260 428
1657270 429
1657280 430
1657290 430
1657300 431
1657310 432
1657320 432
1657330 432
1657340 432
1657350 432
1657360 432
1657370 432
1657380 432
1657390 432
1657400 432
1657410 432
1657420 432
1657430 431
1657440 431
1657450 430
1657460 426
1657470 426
1657480 425
1657490 423
1657500 423
1657510 422
1657520 420
1657530 420
1657540 418
1657550 416
1657560 416
1657570 416
1657580 418
1657590 418
1657600 419
1657610 420
1657620 420
1657630 421
1657640 422
1657650 422
1657660 423
1657670 424
1657680 424
1657690 425
1657700 427
1657710 427
1657720 428
1657730 429
1657740 429
1657750 429
1657760 430
1657770 430
1657780 431
1657790 432
1657800 432
1657810 433
1657820 433
1657830 433
1657840 434
1657850 434
1657860 434
1657870 435
1657880 436
1657890 436
1657900 437
1657910 439
1657920 439
1657930 440
1657940 441
1657950 441
1657960 442
1657970 443
1657980 443
1657990 445
1658000 446
1658010 446
1658020 447
1658030 448
1658040 448
1658050 448
1658060 448
1658070 448
1658080 448
1658090 447
1658100 447
1658110 445
1658120 444
1658130 444
1658140 443
1658150 443
1658160 443
1658170 443
1658180 443
1658190 443
1658200 442
1658210 442
1658220 442
1658230 445
1658240 449
1658250 449
1658260 453
1658270 456
1658280 456
1658290 459
1658300 461
1658310 461
1658320 464
1658330 467
1658340 467
1658350 469
1658360 471
1658370 471
1658380 473
1658390 474
1658400 474
1658410 475
1658420 476
1658430 476
1658440 478
1658450 478
1658460 478
1658470 479
1658480 478
1658490 478
1658500 478
1658510 478
1658520 478
1658530 478
1658540 478
1658550 478
1658560 478
1658570 478
1658580 478
1658590 479
1658600 480
1658610 480
1658620 481
1658630 482
1658640 482
1658650 484
1658660 486
1658670 486
1658680 488
1658690 491
1658700 491
1658710 493
1658720 496
1658730 496
1658740 498
1658750 501
1658760 501
1658770 504
1658780 506
1658790 506
1658800 508
1658810 510
1658820 510
1658830 511
1658840 513
1658850 513
1658860 514
1658870 516
1658880 516
1658890 517
1658900 517
1658910 517
1658920 519
1658930 521
1658940 521
1658950 524
1658960 526
1658970 526
1658980 527
1658990 529
1659000 529
1659010 530
1659020 532
1659030 532
1659040 534
1659050 536
1659060 536
1659070 538
1659080 540
1659090 540
1659100 542
1659110 543
1659120 543
1659130 543
1659140 544
1659150 544
1659160 544
1659170 544
1659180 544
1659190 544
1659200 543
1659210 543
1659220 543
1659230 542
1659240 542
1659250 542
1659260 541
1659270 541
1659280 541
1659290 540
1659300 540
1659310 539
1659320 538
1659330 538
1659340 538
1659350 536
1659360 536
1659370 535
1659380 534
1659390 534
1659400 533
1659410 531
1659420 531
1659430 530
1659440 529
1659450 529
1659460 527
1659470 526
1659480 526
1659490 525
1659500 523
1659510 523
1659520 522
1659530 520
1659540 519
1659550 519
1659560 517
1659570 514
1659580 514
1659590 511
1659600 506
1659610 506
1659620 501
1659630 496
1659640 496
1659650 491
1659660 486
1659670 486
1659680 480
1659690 473
1659700 473
1659710 466
1659720 462
1659730 462
1659740 457
1659750 453
1659760 453
1659770 450
1659780 449
1659790 449
1659800 449
1659810 447
1659820 447
1659830 445
1659840 443
1659850 443
1659860 441
1659870 440
1659880 440
1659890 442
1659900 447
1659910 447
1659920 452
1659930 457
1659940 457
1659950 460
1659960 462
1659970 462
1659980 464
1659990 465
