1640000 234
1640010 234
1640020 234
1640030 234
1640040 234
1640050 234
1640060 234
1640070 234
1640080 234
1640090 234
1640100 234
1640110 234
1640120 234
1640130 234
1640140 234
1640150 234
1640160 234
1640170 234
1640180 234
1640190 234
1640200 234
1640210 234
1640220 234
1640230 234
1640240 234
1640250 234
1640260 234
1640270 234
1640280 234
1640290 234
1640300 234
1640310 234
1640320 234
1640330 234
1640340 234
1640350 234
1640360 234
1640370 234
1640380 234
1640390 234
1640400 234
1640410 234
1640420 233
1640430 233
1640440 233
1640450 233
1640460 233
1640470 234
1640480 234
1640490 234
1640500 234
1640510 234
1640520 234
1640530 234
1640540 235
1640550 235
1640560 235
1640570 235
1640580 235
1640590 235
1640600 235
1640610 235
1640620 235
1640630 235
1640640 235
1640650 235
1640660 235
1640670 235
1640680 235
1640690 235
1640700 235
1640710 235
1640720 235
1640730 235
1640740 235
1640750 234
1640760 234
1640770 234
1640780 235
1640790 235
1640800 235
1640810 235
1640820 235
1640830 235
1640840 235
1640850 235
1640860 235
1640870 235
1640880 235
1640890 235
1640900 235
1640910 235
1640920 235
1640930 235
1640940 235
1640950 235
1640960 235
1640970 235
1640980 235
1640990 235
1641000 235
1641010 235
1641020 234
1641030 234
1641040 234
1641050 234
1641060 234
1641070 234
1641080 234
1641090 234
1641100 234
1641110 234
1641120 234
1641130 234
1641140 234
1641150 234
1641160 234
1641170 234
1641180 234
1641190 234
1641200 234
1641210 234
1641220 234
1641230 234
1641240 235
1641250 235
1641260 235
1641270 235
1641280 235
1641290 235
1641300 235
1641310 235
1641320 235
1641330 235
1641340 235
1641350 235
1641360 236
1641370 236
1641380 235
1641390 235
1641400 235
1641410 235
1641420 235
1641430 235
1641440 235
1641450 235
1641460 235
1641470 235
1641480 235
1641490 235
1641500 235
1641510 235
1641520 235
1641530 235
1641540 235
1641550 235
1641560 235
1641570 235
1641580 235
1641590 235
1641600 235
1641610 235
1641620 235
1641630 235
1641640 235
1641650 235
1641660 235
1641670 235
1641680 235
1641690 235
1641700 235
1641710 235
1641720 235
1641730 235
1641740 234
1641750 234
1641760 234
1641770 234
1641780 234
1641790 234
1641800 234
1641810 234
1641820 234
1641830 234
1641840 234
1641850 234
1641860 234
1641870 234
1641880 234
1641890 234
1641900 234
1641910 234
1641920 234
1641930 234
1641940 234
1641950 234
1641960 234
1641970 234
1641980 234
1641990 234
1642000 234
1642010 234
1642020 234
1642030 234
1642040 234
1642050 234
1642060 234
1642070 234
1642080 234
1642090 234
1642100 234
1642110 234
1642120 234
1642130 234
1642140 234
1642150 234
1642160 234
1642170 234
1642180 234
1642190 234
1642200 234
1642210 234
1642220 234
1642230 234
1642240 234
1642250 234
1642260 234
1642270 234
1642280 234
1642290 234
1642300 234
1642310 234
1642320 234
1642330 234
1642340 234
1642350 234
1642360 234
1642370 234
1642380 234
1642390 234
1642400 234
1642410 234
1642420 234
1642430 235
1642440 235
1642450 235
1642460 235
1642470 235
1642480 235
1642490 234
1642500 234
1642510 234
1642520 234
1642530 234
1642540 234
1642550 234
1642560 234
1642570 234
1642580 234
1642590 234
1642600 234
1642610 234
1642620 234
1642630 234
1642640 234
1642650 234
1642660 234
1642670 234
1642680 234
1642690 234
1642700 234
1642710 234
1642720 234
1642730 234
1642740 234
1642750 234
1642760 235
1642770 235
1642780 235
1642790 235
1642800 235
1642810 235
1642820 234
1642830 234
1642840 234
1642850 234
1642860 234
1642870 234
1642880 234
1642890 234
1642900 234
1642910 233
1642920 233
1642930 233
1642940 233
1642950 233
1642960 233
1642970 233
1642980 233
1642990 233
1643000 233
1643010 233
1643020 233
1643030 233
1643040 233
1643050 233
1643060 233
1643070 233
1643080 233
1643090 233
1643100 233
1643110 233
1643120 233
1643130 233
1643140 233
1643150 233
1643160 233
1643170 233
1643180 233
1643190 233
1643200 233
1643210 233
1643220 233
1643230 233
1643240 233
1643250 233
1643260 233
1643270 233
1643280 233
1643290 233
1643300 233
1643310 233
1643320 233
1643330 233
1643340 233
1643350 233
1643360 233
1643370 233
1643380 233
1643390 233
1643400 233
1643410 233
1643420 233
1643430 233
1643440 233
1643450 233
1643460 233
1643470 233
1643480 233
1643490 233
1643500 233
1643510 234
1643520 234
1643530 234
1643540 234
1643550 234
1643560 234
1643570 234
1643580 234
1643590 234
1643600 234
1643610 234
1643620 234
1643630 234
1643640 234
1643650 234
1643660 234
1643670 234
1643680 234
1643690 233
1643700 233
1643710 233
1643720 233
1643730 234
1643740 234
1643750 234
1643760 234
1643770 234
1643780 234
1643790 234
1643800 234
1643810 234
1643820 234
1643830 234
1643840 234
1643850 234
1643860 234
1643870 234
1643880 234
1643890 234
1643900 234
1643910 234
1643920 234
1643930 234
1643940 234
1643950 234
1643960 234
1643970 234
1643980 234
1643990 234
1644000 234
1644010 234
1644020 234
1644030 234
1644040 234
1644050 234
1644060 234
1644070 234
1644080 234
1644090 234
1644100 234
1644110 234
1644120 234
1644130 234
1644140 234
1644150 234
1644160 234
1644170 233
1644180 233
1644190 233
1644200 233
1644210 233
1644220 233
1644230 233
1644240 233
1644250 233
1644260 233
1644270 233
1644280 233
1644290 233
1644300 233
1644310 233
1644320 233
1644330 233
1644340 233
1644350 233
1644360 233
1644370 233
1644380 233
1644390 233
1644400 233
1644410 233
1644420 233
1644430 233
1644440 233
1644450 233
1644460 233
1644470 233
1644480 233
1644490 233
1644500 233
1644510 233
1644520 233
1644530 233
1644540 233
1644550 233
1644560 233
1644570 233
1644580 233
1644590 233
1644600 233
1644610 233
1644620 233
1644630 233
1644640 233
1644650 233
1644660 234
1644670 234
1644680 234
1644690 234
1644700 234
1644710 234
1644720 234
1644730 234
1644740 234
1644750 234
1644760 234
1644770 234
1644780 234
1644790 234
1644800 234
1644810 234
1644820 234
1644830 234
1644840 234
1644850 234
1644860 234
1644870 234
1644880 233
1644890 233
1644900 233
1644910 233
1644920 233
1644930 233
1644940 233
1644950 233
1644960 233
1644970 233
1644980 233
1644990 233
1645000 233
1645010 233
1645020 233
1645030 233
1645040 233
1645050 233
1645060 233
1645070 233
1645080 233
1645090 233
1645100 233
1645110 233
1645120 233
1645130 233
1645140 233
1645150 233
1645160 233
1645170 233
1645180 233
1645190 233
1645200 233
1645210 233
1645220 233
1645230 233
1645240 233
1645250 233
1645260 233
1645270 233
1645280 233
1645290 233
1645300 233
1645310 233
1645320 233
1645330 233
1645340 233
1645350 232
1645360 232
1645370 232
1645380 232
1645390 232
1645400 232
1645410 233
1645420 232
1645430 232
1645440 232
1645450 232
1645460 232
1645470 233
1645480 233
1645490 233
1645500 233
1645510 233
1645520 233
1645530 233
1645540 233
1645550 233
1645560 232
1645570 232
1645580 232
1645590 232
1645600 232
1645610 232
1645620 232
1645630 232
1645640 232
1645650 232
1645660 232
1645670 232
1645680 232
1645690 232
1645700 232
1645710 232
1645720 232
1645730 232
1645740 232
1645750 232
1645760 232
1645770 232
1645780 232
1645790 232
1645800 232
1645810 232
1645820 232
1645830 232
1645840 232
1645850 232
1645860 232
1645870 232
1645880 232
1645890 232
1645900 232
1645910 232
1645920 232
1645930 232
1645940 232
1645950 232
1645960 232
1645970 232
1645980 231
1645990 231
1646000 231
1646010 230
1646020 229
1646030 229
1646040 229
1646050 229
1646060 229
1646070 229
1646080 230
1646090 230
1646100 230
1646110 230
1646120 230
1646130 230
1646140 230
1646150 230
1646160 229
1646170 229
1646180 229
1646190 229
1646200 229
1646210 229
1646220 229
1646230 229
1646240 229
1646250 229
1646260 229
1646270 229
1646280 229
1646290 230
1646300 230
1646310 231
1646320 231
1646330 231
1646340 231
1646350 230
1646360 230
1646370 230
1646380 229
1646390 230
1646400 230
1646410 230
1646420 230
1646430 229
1646440 229
1646450 229
1646460 229
1646470 230
1646480 230
1646490 230
1646500 231
1646510 231
1646520 231
1646530 231
1646540 231
1646550 231
1646560 231
1646570 231
1646580 232
1646590 232
1646600 232
1646610 232
1646620 232
1646630 232
1646640 232
1646650 232
1646660 232
1646670 232
1646680 232
1646690 232
1646700 232
1646710 232
1646720 232
1646730 233
1646740 233
1646750 233
1646760 232
1646770 232
1646780 232
1646790 232
1646800 232
1646810 232
1646820 232
1646830 233
1646840 233
1646850 233
1646860 233
1646870 233
1646880 233
1646890 233
1646900 233
1646910 233
1646920 233
1646930 233
1646940 233
1646950 233
1646960 233
1646970 233
1646980 233
1646990 233
1647000 233
1647010 233
1647020 233
1647030 233
1647040 233
1647050 233
1647060 233
1647070 233
1647080 233
1647090 232
1647100 231
1647110 231
1647120 230
1647130 231
1647140 231
1647150 233
1647160 233
1647170 233
1647180 233
1647190 233
1647200 233
1647210 233
1647220 233
1647230 233
1647240 233
1647250 232
1647260 232
1647270 232
1647280 232
1647290 232
1647300 232
1647310 232
1647320 232
1647330 232
1647340 232
1647350 232
1647360 232
1647370 232
1647380 232
1647390 232
1647400 232
1647410 232
1647420 232
1647430 232
1647440 232
1647450 233
1647460 233
1647470 233
1647480 233
1647490 233
1647500 233
1647510 233
1647520 233
1647530 233
1647540 233
1647550 233
1647560 233
1647570 233
1647580 233
1647590 233
1647600 233
1647610 233
1647620 233
1647630 233
1647640 233
1647650 233
1647660 233
1647670 233
1647680 233
1647690 233
1647700 233
1647710 233
1647720 233
1647730 233
1647740 233
1647750 234
1647760 234
1647770 234
1647780 234
1647790 234
1647800 234
1647810 234
1647820 234
1647830 234
1647840 234
1647850 234
1647860 234
1647870 233
1647880 233
1647890 233
1647900 233
1647910 233
1647920 233
1647930 233
1647940 233
1647950 233
1647960 232
1647970 232
1647980 232
1647990 232
1648000 232
1648010 232
1648020 232
1648030 232
1648040 232
1648050 232
1648060 232
1648070 232
1648080 232
1648090 232
1648100 232
1648110 232
1648120 232
1648130 232
1648140 232
1648150 232
1648160 232
1648170 232
1648180 232
1648190 232
1648200 232
1648210 232
1648220 232
1648230 232
1648240 232
1648250 232
1648260 232
1648270 232
1648280 232
1648290 232
1648300 232
1648310 232
1648320 232
1648330 232
1648340 232
1648350 232
1648360 232
1648370 232
1648380 232
1648390 232
1648400 232
1648410 232
1648420 232
1648430 232
1648440 232
1648450 233
1648460 233
1648470 233
1648480 233
1648490 233
1648500 234
1648510 235
1648520 235
1648530 235
1648540 234
1648550 234
1648560 233
1648570 233
1648580 233
1648590 233
1648600 233
1648610 233
1648620 234
1648630 234
1648640 234
1648650 234
1648660 235
1648670 235
1648680 235
1648690 236
1648700 236
1648710 236
1648720 237
1648730 237
1648740 238
1648750 239
1648760 239
1648770 241
1648780 242
1648790 242
1648800 244
1648810 245
1648820 245
1648830 247
1648840 250
1648850 250
1648860 254
1648870 257
1648880 257
1648890 260
1648900 262
1648910 262
1648920 264
1648930 266
1648940 266
1648950 267
1648960 268
1648970 268
1648980 269
1648990 270
1649000 270
1649010 271
1649020 273
1649030 274
1649040 274
1649050 275
1649060 276
1649070 276
1649080 277
1649090 278
1649100 278
1649110 279
1649120 281
1649130 281
1649140 282
1649150 283
1649160 283
1649170 284
1649180 285
1649190 285
1649200 286
1649210 287
1649220 287
1649230 288
1649240 288
1649250 288
1649260 288
1649270 288
1649280 288
1649290 288
1649300 288
1649310 288
1649320 288
1649330 289
1649340 289
1649350 289
1649360 288
1649370 288
1649380 287
1649390 286
1649400 286
1649410 286
1649420 286
1649430 286
1649440 287
1649450 287
1649460 287
1649470 287
1649480 286
1649490 286
1649500 284
1649510 282
1649520 282
1649530 278
1649540 274
1649550 274
1649560 274
1649570 273
1649580 273
1649590 273
1649600 276
1649610 276
1649620 280
1649630 284
1649640 284
1649650 286
1649660 290
1649670 290
1649680 294
1649690 299
1649700 299
1649710 303
1649720 306
1649730 306
1649740 308
1649750 311
1649760 311
1649770 313
1649780 315
1649790 315
1649800 318
1649810 319
1649820 319
1649830 321
1649840 323
1649850 323
1649860 325
1649870 326
1649880 326
1649890 328
1649900 329
1649910 329
1649920 330
1649930 331
1649940 331
1649950 332
1649960 333
1649970 333
1649980 334
1649990 335
1650000 335
1650010 336
1650020 336
1650030 336
1650040 337
1650050 337
1650060 337
1650070 338
1650080 338
1650090 338
1650100 338
1650110 338
1650120 338
1650130 338
1650140 338
1650150 338
1650160 338
1650170 338
1650180 338
1650190 338
1650200 337
1650210 337
1650220 337
1650230 336
1650240 336
1650250 336
1650260 335
1650270 335
1650280 335
1650290 334
1650300 334
1650310 333
1650320 332
1650330 332
1650340 331
1650350 329
1650360 329
1650370 328
1650380 327
1650390 327
1650400 325
1650410 324
1650420 324
1650430 322
1650440 318
1650450 318
1650460 314
1650470 313
1650480 313
1650490 314
1650500 316
1650510 316
1650520 317
1650530 317
1650540 317
1650550 317
1650560 317
1650570 317
1650580 317
1650590 317
1650600 317
1650610 317
1650620 317
1650630 317
1650640 317
1650650 317
1650660 317
1650670 317
1650680 316
1650690 316
1650700 316
1650710 316
1650720 316
1650730 316
1650740 317
1650750 317
1650760 317
1650770 317
1650780 317
1650790 318
1650800 318
1650810 318
1650820 319
1650830 320
1650840 320
1650850 320
1650860 321
1650870 321
1650880 321
1650890 321
1650900 321
1650910 321
1650920 321
1650930 321
1650940 321
1650950 321
1650960 321
1650970 321
1650980 321
1650990 321
1651000 320
1651010 320
1651020 320
1651030 319
1651040 319
1651050 319
1651060 318
1651070 317
1651080 317
1651090 315
1651100 313
1651110 313
1651120 310
1651130 306
1651140 306
1651150 303
1651160 299
1651170 299
1651180 296
1651190 293
1651200 293
1651210 290
1651220 288
1651230 288
1651240 285
1651250 283
1651260 283
1651270 281
1651280 279
1651290 279
1651300 277
1651310 274
1651320 274
1651330 272
1651340 270
1651350 270
1651360 268
1651370 266
1651380 266
1651390 264
1651400 262
1651410 262
1651420 260
1651430 259
1651440 259
1651450 258
1651460 258
1651470 258
1651480 257
1651490 256
1651500 256
1651510 255
1651520 254
1651530 254
1651540 253
1651550 252
1651560 252
1651570 252
1651580 251
1651590 251
1651600 249
1651610 249
1651620 249
1651630 249
1651640 249
1651650 249
1651660 250
1651670 251
1651680 251
1651690 252
1651700 252
1651710 252
1651720 252
1651730 252
1651740 252
1651750 254
1651760 257
1651770 257
1651780 259
1651790 261
1651800 261
1651810 263
1651820 265
1651830 265
1651840 266
1651850 267
1651860 267
1651870 268
1651880 270
1651890 270
1651900 270
1651910 271
1651920 271
1651930 272
1651940 272
1651950 272
1651960 273
1651970 274
1651980 274
1651990 275
1652000 276
1652010 276
1652020 277
1652030 278
1652040 278
1652050 278
1652060 279
1652070 279
1652080 280
1652090 281
1652100 281
1652110 281
1652120 282
1652130 282
1652140 283
1652150 283
1652160 283
1652170 284
1652180 285
1652190 285
1652200 285
1652210 286
1652220 286
1652230 286
1652240 286
1652250 286
1652260 287
1652270 287
1652280 287
1652290 287
1652300 286
1652310 286
1652320 286
1652330 285
1652340 285
1652350 285
1652360 285
1652370 285
1652380 284
1652390 284
1652400 284
1652410 284
1652420 283
1652430 283
1652440 283
1652450 281
1652460 281
1652470 277
1652480 271
1652490 271
1652500 265
1652510 260
1652520 260
1652530 258
1652540 255
1652550 255
1652560 248
1652570 242
1652580 242
1652590 235
1652600 231
1652610 231
1652620 230
1652630 228
1652640 228
1652650 228
1652660 228
1652670 228
1652680 228
1652690 228
1652700 228
1652710 227
1652720 228
1652730 228
1652740 227
1652750 227
1652760 227
1652770 228
1652780 228
1652790 228
1652800 228
1652810 228
1652820 228
1652830 228
1652840 228
1652850 228
1652860 228
1652870 228
1652880 228
1652890 227
1652900 226
1652910 226
1652920 226
1652930 226
1652940 226
1652950 226
1652960 226
1652970 226
1652980 226
1652990 226
1653000 226
1653010 226
1653020 228
1653030 228
1653040 230
1653050 232
1653060 232
1653070 236
1653080 237
1653090 237
1653100 239
1653110 244
1653120 244
1653130 252
1653140 268
1653150 268
1653160 283
1653170 291
1653180 291
1653190 293
1653200 295
1653210 295
1653220 302
1653230 309
1653240 309
1653250 315
1653260 322
1653270 329
1653280 329
1653290 334
1653300 339
1653310 339
1653320 344
1653330 347
1653340 347
1653350 349
1653360 351
1653370 351
1653380 353
1653390 355
1653400 355
1653410 356
1653420 358
1653430 358
1653440 362
1653450 363
1653460 363
1653470 364
1653480 364
1653490 364
1653500 363
1653510 363
1653520 363
1653530 363
1653540 363
1653550 363
1653560 361
1653570 359
1653580 359
1653590 357
1653600 356
1653610 356
1653620 355
1653630 355
1653640 355
1653650 355
1653660 355
1653670 355
1653680 355
1653690 356
1653700 356
1653710 358
1653720 361
1653730 361
1653740 365
1653750 367
1653760 367
1653770 371
1653780 375
1653790 375
1653800 379
1653810 384
1653820 384
1653830 387
1653840 391
1653850 391
1653860 394
1653870 398
1653880 398
1653890 401
1653900 405
1653910 405
1653920 408
1653930 409
1653940 409
1653950 411
1653960 414
1653970 414
1653980 415
1653990 416
1654000 416
1654010 417
1654020 418
1654030 418
1654040 419
1654050 420
1654060 420
1654070 421
1654080 421
1654090 421
1654100 420
1654110 420
1654120 420
1654130 419
1654140 419
1654150 419
1654160 419
1654170 418
1654180 418
1654190 418
1654200 417
1654210 417
1654220 416
1654230 416
1654240 416
1654250 415
1654260 415
1654270 415
1654280 414
1654290 413
1654300 413
1654310 412
1654320 411
1654330 411
1654340 410
1654350 409
1654360 409
1654370 408
1654380 407
1654390 407
1654400 406
1654410 404
1654420 404
1654430 403
1654440 401
1654450 401
1654460 399
1654470 397
1654480 397
1654490 395
1654500 393
1654510 393
1654520 391
1654530 389
1654540 389
1654550 387
1654560 386
1654570 386
1654580 383
1654590 381
1654600 381
1654610 379
1654620 376
1654630 376
1654640 373
1654650 371
1654660 371
1654670 371
1654680 371
1654690 371
1654700 370
1654710 370
1654720 370
1654730 370
1654740 371
1654750 371
1654760 371
1654770 370
1654780 370
1654790 368
1654800 364
1654810 364
1654820 359
1654830 355
1654840 355
1654850 351
1654860 347
1654870 347
1654880 343
1654890 339
1654900 339
1654910 335
1654920 332
1654930 332
1654940 327
1654950 322
1654960 322
1654970 313
1654980 309
1654990 309
1655000 305
1655010 301
1655020 301
1655030 298
1655040 295
1655050 295
1655060 292
1655070 288
1655080 288
1655090 286
1655100 285
1655110 285
1655120 285
1655130 287
1655140 287
1655150 289
1655160 293
1655170 293
1655180 297
1655190 304
1655200 304
1655210 310
1655220 316
1655230 316
1655240 322
1655250 329
1655260 329
1655270 332
1655280 334
1655290 334
1655300 339
1655310 345
1655320 345
1655330 349
1655340 350
1655350 350
1655360 347
1655370 342
1655380 342
1655390 340
1655400 339
1655410 339
1655420 339
1655430 340
1655440 340
1655450 342
1655460 345
1655470 345
1655480 349
1655490 353
1655500 353
1655510 357
1655520 361
1655530 361
1655540 366
1655550 369
1655560 369
1655570 372
1655580 375
1655590 375
1655600 378
1655610 382
1655620 382
1655630 385
1655640 389
1655650 389
1655660 393
1655670 398
1655680 398
1655690 403
1655700 406
1655710 406
1655720 409
1655730 412
1655740 412
1655750 416
1655760 419
1655770 419
1655780 421
1655790 424
1655800 424
1655810 427
1655820 429
1655830 429
1655840 431
1655850 434
1655860 434
1655870 436
1655880 438
1655890 438
1655900 440
1655910 441
1655920 441
1655930 444
1655940 446
1655950 446
1655960 449
1655970 452
1655980 452
1655990 455
1656000 458
1656010 458
1656020 460
1656030 462
1656040 462
1656050 464
1656060 467
1656070 467
1656080 472
1656090 475
1656100 475
1656110 477
1656120 479
1656130 479
1656140 481
1656150 482
1656160 482
1656170 482
1656180 481
1656190 481
1656200 479
1656210 478
1656220 478
1656230 478
1656240 476
1656250 476
1656260 475
1656270 474
1656280 474
1656290 472
1656300 470
1656310 470
1656320 469
1656330 467
1656340 467
1656350 465
1656360 463
1656370 463
1656380 461
1656390 457
1656400 457
1656410 452
1656420 448
1656430 448
1656440 444
1656450 442
1656460 442
1656470 439
1656480 436
1656490 436
1656500 434
1656510 433
1656520 433
1656530 433
1656540 432
1656550 432
1656560 433
1656570 433
1656580 433
1656590 435
1656600 436
1656610 436
1656620 436
1656630 435
1656640 435
1656650 435
1656660 434
1656670 434
1656680 434
1656690 433
1656700 433
1656710 432
1656720 430
1656730 430
1656740 429
1656750 427
1656760 427
1656770 425
1656780 423
1656790 423
1656800 421
1656810 419
1656820 419
1656830 417
1656840 413
1656850 413
1656860 408
1656870 403
1656880 403
1656890 398
1656900 392
1656910 392
1656920 385
1656930 378
1656940 378
1656950 370
1656960 365
1656970 365
1656980 365
1656990 366
1657000 366
1657010 367
1657020 368
1657030 368
1657040 368
1657050 370
1657060 370
1657070 372
1657080 374
1657090 374
1657100 376
1657110 378
1657120 378
1657130 380
1657140 381
1657150 381
1657160 381
1657170 381
1657180 381
1657190 380
1657200 380
1657210 380
1657220 381
1657230 382
1657240 382
1657250 382
1657260 383
1657270 383
1657280 384
1657290 385
1657300 385
1657310 387
1657320 387
1657330 387
1657340 388
1657350 390
1657360 390
1657370 392
1657380 394
1657390 394
1657400 395
1657410 396
1657420 396
1657430 398
1657440 399
1657450 399
1657460 400
1657470 402
1657480 402
1657490 406
1657500 410
1657510 410
1657520 412
1657530 415
1657540 415
1657550 417
1657560 419
1657570 420
1657580 420
1657590 422
1657600 423
1657610 423
1657620 424
1657630 426
1657640 426
1657650 428
1657660 429
1657670 429
1657680 431
1657690 432
1657700 432
1657710 434
1657720 435
1657730 435
1657740 436
1657750 438
1657760 438
1657770 439
1657780 441
1657790 441
1657800 442
1657810 444
1657820 444
1657830 445
1657840 446
1657850 446
1657860 448
1657870 449
1657880 449
1657890 450
1657900 452
1657910 452
1657920 453
1657930 454
1657940 454
1657950 456
1657960 457
1657970 457
1657980 459
1657990 460
1658000 460
1658010 462
1658020 464
1658030 464
1658040 465
1658050 466
1658060 466
1658070 467
1658080 468
1658090 468
1658100 469
1658110 470
1658120 470
1658130 471
1658140 471
1658150 471
1658160 472
1658170 473
1658180 473
1658190 474
1658200 475
1658210 475
1658220 475
1658230 476
1658240 476
1658250 476
1658260 475
1658270 475
1658280 473
1658290 468
1658300 468
1658310 465
1658320 464
1658330 464
1658340 464
1658350 464
1658360 464
1658370 465
1658380 467
1658390 467
1658400 469
1658410 472
1658420 472
1658430 474
1658440 475
1658450 475
1658460 475
1658470 475
1658480 475
1658490 474
1658500 473
1658510 473
1658520 472
1658530 472
1658540 472
1658550 470
1658560 470
1658570 470
1658580 472
1658590 475
1658600 475
1658610 479
1658620 483
1658630 483
1658640 486
1658650 489
1658660 489
1658670 491
1658680 492
1658690 492
1658700 493
1658710 494
1658720 494
1658730 494
1658740 497
1658750 497
1658760 496
1658770 495
1658780 495
1658790 495
1658800 496
1658810 496
1658820 498
1658830 500
1658840 500
1658850 503
1658860 505
1658870 505
1658880 507
1658890 509
1658900 509
1658910 511
1658920 513
1658930 513
1658940 514
1658950 516
1658960 516
1658970 518
1658980 520
1658990 520
1659000 522
1659010 525
1659020 525
1659030 527
1659040 529
1659050 529
1659060 532
1659070 535
1659080 535
1659090 538
1659100 541
1659110 541
1659120 544
1659130 547
1659140 547
1659150 549
1659160 551
1659170 551
1659180 554
1659190 556
1659200 556
1659210 558
1659220 559
1659230 559
1659240 559
1659250 557
1659260 557
1659270 555
1659280 552
1659290 552
1659300 548
1659310 545
1659320 545
1659330 542
1659340 539
1659350 539
1659360 537
1659370 534
1659380 534
1659390 531
1659400 527
1659410 527
1659420 524
1659430 521
1659440 521
1659450 517
1659460 513
1659470 513
1659480 510
1659490 506
1659500 506
1659510 503
1659520 501
1659530 501
1659540 497
1659550 493
1659560 493
1659570 487
1659580 482
1659590 482
1659600 477
1659610 474
1659620 474
1659630 471
1659640 468
1659650 468
1659660 465
1659670 464
1659680 464
1659690 462
1659700 461
1659710 461
1659720 460
1659730 458
1659740 458
1659750 457
1659760 455
1659770 455
1659780 453
1659790 450
1659800 450
1659810 446
1659820 441
1659830 441
1659840 436
1659850 435
1659860 435
1659870 438
1659880 440
1659890 440
1659900 441
1659910 440
1659920 440
1659930 437
1659940 431
1659950 431
1659960 425
1659970 423
1659980 423
1659990 427
