1640000 234
1640010 234
1640020 234
1640030 234
1640040 234
1640050 234
1640060 234
1640070 234
1640080 234
1640090 234
1640100 234
1640110 234
1640120 234
1640130 234
1640140 234
1640150 234
1640160 234
1640170 234
1640180 234
1640190 234
1640200 234
1640210 234
1640220 234
1640230 234
1640240 234
1640250 234
1640260 234
1640270 234
1640280 234
1640290 234
1640300 234
1640310 235
1640320 235
1640330 235
1640340 235
1640350 235
1640360 235
1640370 234
1640380 234
1640390 233
1640400 233
1640410 233
1640420 233
1640430 233
1640440 233
1640450 233
1640460 233
1640470 233
1640480 234
1640490 235
1640500 235
1640510 235
1640520 235
1640530 235
1640540 235
1640550 235
1640560 235
1640570 235
1640580 235
1640590 235
1640600 235
1640610 235
1640620 235
1640630 235
1640640 235
1640650 235
1640660 235
1640670 235
1640680 235
1640690 235
1640700 234
1640710 234
1640720 234
1640730 234
1640740 234
1640750 234
1640760 234
1640770 234
1640780 234
1640790 234
1640800 234
1640810 234
1640820 234
1640830 234
1640840 234
1640850 234
1640860 234
1640870 234
1640880 234
1640890 234
1640900 234
1640910 234
1640920 234
1640930 234
1640940 234
1640950 234
1640960 234
1640970 234
1640980 234
1640990 234
1641000 234
1641010 234
1641020 234
1641030 234
1641040 234
1641050 234
1641060 234
1641070 234
1641080 234
1641090 234
1641100 234
1641110 234
1641120 234
1641130 234
1641140 234
1641150 234
1641160 234
1641170 234
1641180 234
1641190 234
1641200 234
1641210 234
1641220 234
1641230 234
1641240 234
1641250 234
1641260 234
1641270 234
1641280 234
1641290 234
1641300 234
1641310 234
1641320 234
1641330 234
1641340 234
1641350 235
1641360 235
1641370 235
1641380 234
1641390 234
1641400 234
1641410 234
1641420 234
1641430 234
1641440 234
1641450 234
1641460 234
1641470 235
1641480 235
1641490 235
1641500 234
1641510 235
1641520 235
1641530 235
1641540 235
1641550 235
1641560 235
1641570 235
1641580 235
1641590 235
1641600 235
1641610 235
1641620 235
1641630 235
1641640 235
1641650 235
1641660 235
1641670 235
1641680 235
1641690 235
1641700 235
1641710 235
1641720 235
1641730 235
1641740 235
1641750 235
1641760 235
1641770 235
1641780 235
1641790 235
1641800 235
1641810 235
1641820 235
1641830 235
1641840 235
1641850 235
1641860 235
1641870 234
1641880 234
1641890 234
1641900 234
1641910 234
1641920 234
1641930 234
1641940 234
1641950 234
1641960 234
1641970 234
1641980 234
1641990 234
1642000 234
1642010 234
1642020 234
1642030 234
1642040 234
1642050 234
1642060 234
1642070 234
1642080 234
1642090 234
1642100 233
1642110 233
1642120 233
1642130 233
1642140 233
1642150 233
1642160 233
1642170 233
1642180 233
1642190 233
1642200 233
1642210 233
1642220 233
1642230 233
1642240 233
1642250 233
1642260 233
1642270 233
1642280 233
1642290 232
1642300 232
1642310 232
1642320 232
1642330 232
1642340 232
1642350 232
1642360 232
1642370 232
1642380 232
1642390 232
1642400 232
1642410 232
1642420 232
1642430 232
1642440 232
1642450 232
1642460 232
1642470 232
1642480 232
1642490 232
1642500 233
1642510 233
1642520 233
1642530 233
1642540 233
1642550 233
1642560 233
1642570 233
1642580 233
1642590 233
1642600 233
1642610 233
1642620 233
1642630 233
1642640 233
1642650 233
1642660 233
1642670 233
1642680 233
1642690 233
1642700 233
1642710 233
1642720 233
1642730 233
1642740 233
1642750 233
1642760 233
1642770 233
1642780 233
1642790 233
1642800 233
1642810 233
1642820 233
1642830 233
1642840 233
1642850 233
1642860 233
1642870 233
1642880 234
1642890 234
1642900 234
1642910 234
1642920 234
1642930 234
1642940 234
1642950 234
1642960 234
1642970 234
1642980 234
1642990 234
1643000 234
1643010 234
1643020 234
1643030 234
1643040 234
1643050 234
1643060 234
1643070 234
1643080 234
1643090 234
1643100 234
1643110 234
1643120 234
1643130 234
1643140 234
1643150 234
1643160 234
1643170 234
1643180 234
1643190 234
1643200 234
1643210 234
1643220 234
1643230 234
1643240 234
1643250 234
1643260 234
1643270 234
1643280 234
1643290 234
1643300 234
1643310 234
1643320 234
1643330 234
1643340 234
1643350 234
1643360 234
1643370 234
1643380 234
1643390 234
1643400 234
1643410 233
1643420 233
1643430 233
1643440 233
1643450 233
1643460 233
1643470 233
1643480 233
1643490 233
1643500 233
1643510 233
1643520 233
1643530 233
1643540 233
1643550 233
1643560 233
1643570 233
1643580 233
1643590 233
1643600 233
1643610 233
1643620 233
1643630 233
1643640 233
1643650 233
1643660 233
1643670 233
1643680 233
1643690 233
1643700 232
1643710 233
1643720 233
1643730 233
1643740 233
1643750 233
1643760 233
1643770 233
1643780 233
1643790 233
1643800 233
1643810 233
1643820 233
1643830 233
1643840 233
1643850 234
1643860 234
1643870 234
1643880 234
1643890 234
1643900 234
1643910 234
1643920 234
1643930 234
1643940 234
1643950 234
1643960 234
1643970 234
1643980 234
1643990 234
1644000 234
1644010 234
1644020 234
1644030 234
1644040 234
1644050 234
1644060 233
1644070 233
1644080 233
1644090 233
1644100 234
1644110 234
1644120 234
1644130 233
1644140 233
1644150 233
1644160 233
1644170 233
1644180 233
1644190 233
1644200 233
1644210 233
1644220 233
1644230 233
1644240 233
1644250 233
1644260 233
1644270 233
1644280 233
1644290 233
1644300 233
1644310 233
1644320 233
1644330 233
1644340 233
1644350 233
1644360 233
1644370 233
1644380 233
1644390 233
1644400 233
1644410 233
1644420 233
1644430 233
1644440 233
1644450 233
1644460 233
1644470 233
1644480 233
1644490 233
1644500 233
1644510 233
1644520 233
1644530 233
1644540 233
1644550 233
1644560 233
1644570 233
1644580 233
1644590 233
1644600 233
1644610 233
1644620 233
1644630 233
1644640 233
1644650 233
1644660 233
1644670 233
1644680 233
1644690 233
1644700 233
1644710 233
1644720 233
1644730 233
1644740 233
1644750 233
1644760 233
1644770 233
1644780 233
1644790 233
1644800 233
1644810 233
1644820 233
1644830 233
1644840 233
1644850 233
1644860 233
1644870 233
1644880 233
1644890 233
1644900 233
1644910 233
1644920 233
1644930 233
1644940 233
1644950 233
1644960 234
1644970 234
1644980 234
1644990 234
1645000 234
1645010 234
1645020 234
1645030 234
1645040 234
1645050 234
1645060 234
1645070 234
1645080 234
1645090 234
1645100 234
1645110 234
1645120 234
1645130 234
1645140 234
1645150 234
1645160 234
1645170 233
1645180 233
1645190 233
1645200 233
1645210 233
1645220 233
1645230 233
1645240 233
1645250 233
1645260 233
1645270 233
1645280 233
1645290 233
1645300 233
1645310 233
1645320 233
1645330 233
1645340 233
1645350 233
1645360 233
1645370 233
1645380 232
1645390 232
1645400 232
1645410 232
1645420 232
1645430 232
1645440 232
1645450 232
1645460 232
1645470 232
1645480 232
1645490 232
1645500 232
1645510 232
1645520 232
1645530 232
1645540 232
1645550 232
1645560 232
1645570 232
1645580 232
1645590 232
1645600 232
1645610 232
1645620 232
1645630 232
1645640 232
1645650 232
1645660 232
1645670 232
1645680 232
1645690 232
1645700 232
1645710 232
1645720 232
1645730 232
1645740 232
1645750 232
1645760 232
1645770 232
1645780 232
1645790 232
1645800 232
1645810 232
1645820 232
1645830 232
1645840 232
1645850 232
1645860 232
1645870 231
1645880 231
1645890 231
1645900 231
1645910 231
1645920 231
1645930 231
1645940 231
1645950 232
1645960 232
1645970 232
1645980 231
1645990 231
1646000 231
1646010 230
1646020 229
1646030 229
1646040 229
1646050 229
1646060 229
1646070 230
1646080 230
1646090 230
1646100 230
1646110 230
1646120 230
1646130 230
1646140 230
1646150 230
1646160 230
1646170 229
1646180 229
1646190 229
1646200 229
1646210 229
1646220 229
1646230 228
1646240 228
1646250 228
1646260 228
1646270 228
1646280 228
1646290 228
1646300 228
1646310 228
1646320 229
1646330 229
1646340 229
1646350 229
1646360 229
1646370 229
1646380 229
1646390 229
1646400 229
1646410 229
1646420 229
1646430 229
1646440 229
1646450 229
1646460 228
1646470 228
1646480 228
1646490 228
1646500 228
1646510 228
1646520 228
1646530 228
1646540 228
1646550 228
1646560 229
1646570 229
1646580 230
1646590 231
1646600 231
1646610 231
1646620 231
1646630 231
1646640 231
1646650 231
1646660 231
1646670 231
1646680 231
1646690 231
1646700 232
1646710 232
1646720 232
1646730 232
1646740 232
1646750 232
1646760 231
1646770 231
1646780 231
1646790 231
1646800 231
1646810 231
1646820 231
1646830 231
1646840 231
1646850 231
1646860 231
1646870 231
1646880 231
1646890 231
1646900 231
1646910 231
1646920 231
1646930 231
1646940 231
1646950 231
1646960 231
1646970 232
1646980 232
1646990 232
1647000 232
1647010 231
1647020 231
1647030 231
1647040 231
1647050 231
1647060 231
1647070 230
1647080 230
1647090 229
1647100 231
1647110 231
1647120 232
1647130 232
1647140 232
1647150 232
1647160 232
1647170 232
1647180 232
1647190 232
1647200 232
1647210 232
1647220 232
1647230 232
1647240 232
1647250 232
1647260 232
1647270 231
1647280 231
1647290 231
1647300 231
1647310 231
1647320 231
1647330 231
1647340 232
1647350 232
1647360 232
1647370 232
1647380 232
1647390 232
1647400 232
1647410 232
1647420 232
1647430 232
1647440 232
1647450 232
1647460 232
1647470 232
1647480 232
1647490 232
1647500 232
1647510 232
1647520 232
1647530 232
1647540 232
1647550 232
1647560 232
1647570 232
1647580 232
1647590 232
1647600 232
1647610 232
1647620 232
1647630 232
1647640 232
1647650 232
1647660 232
1647670 232
1647680 232
1647690 232
1647700 232
1647710 232
1647720 232
1647730 232
1647740 233
1647750 233
1647760 233
1647770 233
1647780 233
1647790 233
1647800 233
1647810 233
1647820 233
1647830 233
1647840 233
1647850 233
1647860 233
1647870 233
1647880 233
1647890 233
1647900 233
1647910 232
1647920 232
1647930 232
1647940 233
1647950 233
1647960 233
1647970 233
1647980 233
1647990 233
1648000 232
1648010 232
1648020 232
1648030 232
1648040 232
1648050 232
1648060 232
1648070 232
1648080 232
1648090 232
1648100 232
1648110 232
1648120 232
1648130 232
1648140 232
1648150 232
1648160 232
1648170 232
1648180 232
1648190 232
1648200 232
1648210 233
1648220 233
1648230 233
1648240 233
1648250 233
1648260 233
1648270 233
1648280 233
1648290 233
1648300 233
1648310 233
1648320 233
1648330 233
1648340 233
1648350 233
1648360 233
1648370 233
1648380 233
1648390 233
1648400 233
1648410 233
1648420 233
1648430 233
1648440 233
1648450 233
1648460 234
1648470 234
1648480 234
1648490 234
1648500 234
1648510 234
1648520 234
1648530 234
1648540 234
1648550 235
1648560 235
1648570 235
1648580 235
1648590 235
1648600 234
1648610 234
1648620 234
1648630 234
1648640 234
1648650 234
1648660 235
1648670 235
1648680 235
1648690 235
1648700 236
1648710 236
1648720 236
1648730 237
1648740 237
1648750 237
1648760 238
1648770 238
1648780 239
1648790 240
1648800 240
1648810 240
1648820 242
1648830 242
1648840 244
1648850 244
1648860 244
1648870 244
1648880 245
1648890 245
1648900 247
1648910 250
1648920 250
1648930 254
1648940 257
1648950 257
1648960 259
1648970 261
1648980 261
1648990 263
1649000 266
1649010 266
1649020 268
1649030 271
1649040 271
1649050 273
1649060 274
1649070 274
1649080 275
1649090 276
1649100 276
1649110 277
1649120 278
1649130 278
1649140 279
1649150 280
1649160 280
1649170 280
1649180 280
1649190 280
1649200 281
1649210 281
1649220 281
1649230 281
1649240 281
1649250 281
1649260 280
1649270 279
1649280 279
1649290 278
1649300 276
1649310 276
1649320 274
1649330 273
1649340 273
1649350 270
1649360 268
1649370 268
1649380 265
1649390 265
1649400 265
1649410 268
1649420 270
1649430 270
1649440 270
1649450 270
1649460 270
1649470 270
1649480 271
1649490 271
1649500 272
1649510 273
1649520 273
1649530 275
1649540 277
1649550 277
1649560 280
1649570 283
1649580 283
1649590 286
1649600 288
1649610 288
1649620 288
1649630 288
1649640 288
1649650 289
1649660 290
1649670 290
1649680 291
1649690 292
1649700 292
1649710 293
1649720 294
1649730 294
1649740 297
1649750 300
1649760 300
1649770 303
1649780 305
1649790 305
1649800 308
1649810 312
1649820 312
1649830 314
1649840 316
1649850 316
1649860 318
1649870 319
1649880 319
1649890 321
1649900 323
1649910 323
1649920 325
1649930 326
1649940 326
1649950 328
1649960 330
1649970 330
1649980 331
1649990 332
1650000 332
1650010 334
1650020 335
1650030 335
1650040 336
1650050 338
1650060 338
1650070 339
1650080 339
1650090 339
1650100 340
1650110 341
1650120 341
1650130 341
1650140 341
1650150 341
1650160 341
1650170 341
1650180 341
1650190 341
1650200 340
1650210 340
1650220 340
1650230 339
1650240 339
1650250 339
1650260 338
1650270 338
1650280 337
1650290 335
1650300 335
1650310 334
1650320 332
1650330 332
1650340 331
1650350 329
1650360 329
1650370 327
1650380 325
1650390 325
1650400 324
1650410 322
1650420 322
1650430 320
1650440 318
1650450 318
1650460 316
1650470 315
1650480 315
1650490 314
1650500 313
1650510 313
1650520 313
1650530 311
1650540 311
1650550 310
1650560 309
1650570 309
1650580 308
1650590 307
1650600 305
1650610 305
1650620 305
1650630 305
1650640 304
1650650 304
1650660 304
1650670 303
1650680 303
1650690 303
1650700 303
1650710 303
1650720 303
1650730 302
1650740 301
1650750 301
1650760 300
1650770 300
1650780 300
1650790 301
1650800 301
1650810 301
1650820 301
1650830 302
1650840 302
1650850 304
1650860 306
1650870 306
1650880 309
1650890 314
1650900 314
1650910 316
1650920 316
1650930 316
1650940 317
1650950 317
1650960 317
1650970 317
1650980 317
1650990 317
1651000 317
1651010 315
1651020 315
1651030 314
1651040 312
1651050 312
1651060 311
1651070 309
1651080 309
1651090 307
1651100 305
1651110 305
1651120 304
1651130 302
1651140 302
1651150 300
1651160 298
1651170 298
1651180 295
1651190 292
1651200 292
1651210 289
1651220 286
1651230 286
1651240 284
1651250 282
1651260 282
1651270 281
1651280 280
1651290 280
1651300 279
1651310 278
1651320 278
1651330 276
1651340 275
1651350 275
1651360 274
1651370 271
1651380 271
1651390 271
1651400 271
1651410 271
1651420 270
1651430 269
1651440 269
1651450 268
1651460 267
1651470 266
1651480 266
1651490 265
1651500 264
1651510 264
1651520 263
1651530 262
1651540 262
1651550 260
1651560 259
1651570 259
1651580 257
1651590 256
1651600 256
1651610 256
1651620 256
1651630 256
1651640 255
1651650 254
1651660 254
1651670 251
1651680 249
1651690 249
1651700 247
1651710 246
1651720 246
1651730 247
1651740 248
1651750 248
1651760 252
1651770 256
1651780 256
1651790 259
1651800 262
1651810 262
1651820 264
1651830 265
1651840 265
1651850 266
1651860 268
1651870 268
1651880 269
1651890 270
1651900 270
1651910 272
1651920 273
1651930 273
1651940 274
1651950 276
1651960 276
1651970 277
1651980 278
1651990 278
1652000 279
1652010 279
1652020 279
1652030 280
1652040 281
1652050 281
1652060 282
1652070 283
1652080 283
1652090 284
1652100 284
1652110 284
1652120 285
1652130 285
1652140 285
1652150 286
1652160 286
1652170 286
1652180 287
1652190 287
1652200 287
1652210 288
1652220 288
1652230 288
1652240 288
1652250 288
1652260 288
1652270 288
1652280 288
1652290 288
1652300 287
1652310 287
1652320 287
1652330 286
1652340 285
1652350 285
1652360 283
1652370 282
1652380 282
1652390 279
1652400 275
1652410 275
1652420 270
1652430 264
1652440 264
1652450 259
1652460 255
1652470 255
1652480 250
1652490 244
1652500 244
1652510 239
1652520 236
1652530 236
1652540 234
1652550 232
1652560 232
1652570 231
1652580 229
1652590 229
1652600 228
1652610 228
1652620 228
1652630 228
1652640 228
1652650 228
1652660 228
1652670 228
1652680 228
1652690 228
1652700 228
1652710 228
1652720 228
1652730 228
1652740 228
1652750 228
1652760 228
1652770 228
1652780 228
1652790 228
1652800 228
1652810 228
1652820 228
1652830 228
1652840 228
1652850 226
1652860 226
1652870 226
1652880 226
1652890 226
1652900 226
1652910 226
1652920 226
1652930 226
1652940 226
1652950 226
1652960 226
1652970 229
1652980 229
1652990 231
1653000 234
1653010 234
1653020 235
1653030 236
1653040 236
1653050 239
1653060 244
1653070 244
1653080 243
1653090 250
1653100 250
1653110 259
1653120 268
1653130 268
1653140 275
1653150 279
1653160 279
1653170 284
1653180 288
1653190 288
1653200 292
1653210 296
1653220 296
1653230 301
1653240 305
1653250 305
1653260 310
1653270 314
1653280 314
1653290 319
1653300 323
1653310 323
1653320 326
1653330 330
1653340 330
1653350 333
1653360 336
1653370 336
1653380 339
1653390 342
1653400 342
1653410 344
1653420 347
1653430 347
1653440 349
1653450 351
1653460 351
1653470 352
1653480 354
1653490 354
1653500 355
1653510 357
1653520 357
1653530 359
1653540 361
1653550 361
1653560 363
1653570 366
1653580 366
1653590 368
1653600 369
1653610 369
1653620 371
1653630 373
1653640 373
1653650 375
1653660 377
1653670 377
1653680 379
1653690 380
1653700 380
1653710 382
1653720 383
1653730 383
1653740 384
1653750 385
1653760 385
1653770 386
1653780 387
1653790 387
1653800 388
1653810 389
1653820 389
1653830 390
1653840 392
1653850 392
1653860 393
1653870 395
1653880 395
1653890 397
1653900 400
1653910 400
1653920 403
1653930 404
1653940 404
1653950 407
1653960 409
1653970 409
1653980 411
1653990 413
1654000 413
1654010 414
1654020 415
1654030 415
1654040 416
1654050 417
1654060 417
1654070 417
1654080 418
1654090 418
1654100 418
1654110 418
1654120 418
1654130 417
1654140 417
1654150 417
1654160 417
1654170 417
1654180 417
1654190 417
1654200 416
1654210 416
1654220 416
1654230 416
1654240 416
1654250 416
1654260 415
1654270 415
1654280 414
1654290 413
1654300 413
1654310 413
1654320 412
1654330 412
1654340 412
1654350 411
1654360 411
1654370 411
1654380 410
1654390 410
1654400 410
1654410 409
1654420 409
1654430 408
1654440 408
1654450 408
1654460 405
1654470 405
1654480 405
1654490 404
1654500 403
1654510 403
1654520 402
1654530 401
1654540 401
1654550 401
1654560 399
1654570 399
1654580 398
1654590 396
1654600 396
1654610 394
1654620 391
1654630 391
1654640 388
1654650 385
1654660 385
1654670 382
1654680 378
1654690 378
1654700 375
1654710 372
1654720 372
1654730 369
1654740 365
1654750 365
1654760 362
1654770 360
1654780 360
1654790 357
1654800 356
1654810 356
1654820 354
1654830 352
1654840 352
1654850 349
1654860 347
1654870 347
1654880 344
1654890 341
1654900 341
1654910 337
1654920 333
1654930 333
1654940 329
1654950 326
1654960 326
1654970 323
1654980 321
1654990 321
1655000 321
1655010 320
1655020 320
1655030 318
1655040 315
1655050 315
1655060 310
1655070 305
1655080 305
1655090 301
1655100 296
1655110 296
1655120 292
1655130 289
1655140 289
1655150 288
1655160 288
1655170 288
1655180 291
1655190 294
1655200 294
1655210 298
1655220 309
1655230 309
1655240 316
1655250 323
1655260 323
1655270 328
1655280 331
1655290 331
1655300 333
1655310 336
1655320 336
1655330 340
1655340 343
1655350 343
1655360 346
1655370 349
1655380 349
1655390 352
1655400 354
1655410 354
1655420 354
1655430 354
1655440 354
1655450 354
1655460 354
1655470 354
1655480 354
1655490 356
1655500 356
1655510 357
1655520 359
1655530 359
1655540 361
1655550 363
1655560 363
1655570 365
1655580 368
1655590 368
1655600 370
1655610 372
1655620 372
1655630 375
1655640 378
1655650 378
1655660 381
1655670 383
1655680 383
1655690 386
1655700 388
1655710 391
1655720 391
1655730 392
1655740 394
1655750 394
1655760 396
1655770 398
1655780 398
1655790 400
1655800 402
1655810 402
1655820 405
1655830 407
1655840 407
1655850 408
1655860 410
1655870 410
1655880 411
1655890 412
1655900 412
1655910 414
1655920 416
1655930 416
1655940 419
1655950 422
1655960 422
1655970 425
1655980 431
1655990 431
1656000 435
1656010 438
1656020 438
1656030 441
1656040 443
1656050 443
1656060 444
1656070 447
1656080 447
1656090 450
1656100 452
1656110 452
1656120 452
1656130 451
1656140 451
1656150 449
1656160 446
1656170 446
1656180 444
1656190 442
1656200 442
1656210 442
1656220 443
1656230 443
1656240 443
1656250 444
1656260 444
1656270 445
1656280 444
1656290 444
1656300 444
1656310 443
1656320 443
1656330 442
1656340 442
1656350 442
1656360 441
1656370 439
1656380 439
1656390 438
1656400 436
1656410 436
1656420 435
1656430 433
1656440 433
1656450 433
1656460 432
1656470 432
1656480 430
1656490 429
1656500 429
1656510 427
1656520 425
1656530 425
1656540 423
1656550 421
1656560 421
1656570 419
1656580 419
1656590 419
1656600 420
1656610 423
1656620 423
1656630 427
1656640 428
1656650 428
1656660 427
1656670 427
1656680 427
1656690 426
1656700 424
1656710 424
1656720 422
1656730 420
1656740 420
1656750 417
1656760 413
1656770 413
1656780 410
1656790 407
1656800 407
1656810 404
1656820 401
1656830 401
1656840 398
1656850 395
1656860 395
1656870 390
1656880 385
1656890 385
1656900 379
1656910 374
1656920 374
1656930 369
1656940 364
1656950 364
1656960 361
1656970 362
1656980 362
1656990 364
1657000 368
1657010 368
1657020 374
1657030 379
1657040 379
1657050 382
1657060 387
1657070 387
1657080 389
1657090 392
1657100 392
1657110 396
1657120 399
1657130 399
1657140 402
1657150 404
1657160 404
1657170 405
1657180 406
1657190 406
1657200 408
1657210 408
1657220 408
1657230 409
1657240 409
1657250 409
1657260 409
1657270 410
1657280 410
1657290 410
1657300 410
1657310 410
1657320 409
1657330 410
1657340 410
1657350 410
1657360 411
1657370 411
1657380 411
1657390 412
1657400 412
1657410 412
1657420 412
1657430 412
1657440 413
1657450 413
1657460 413
1657470 413
1657480 412
1657490 412
1657500 411
1657510 410
1657520 410
1657530 413
1657540 417
1657550 417
1657560 419
1657570 422
1657580 422
1657590 424
1657600 426
1657610 426
1657620 427
1657630 428
1657640 428
1657650 430
1657660 431
1657670 431
1657680 432
1657690 433
1657700 433
1657710 434
1657720 435
1657730 435
1657740 436
1657750 437
1657760 437
1657770 438
1657780 439
1657790 439
1657800 440
1657810 441
1657820 441
1657830 442
1657840 443
1657850 443
1657860 444
1657870 445
1657880 445
1657890 446
1657900 448
1657910 448
1657920 449
1657930 450
1657940 450
1657950 451
1657960 452
1657970 452
1657980 453
1657990 454
1658000 454
1658010 454
1658020 455
1658030 455
1658040 456
1658050 457
1658060 457
1658070 458
1658080 458
1658090 458
1658100 459
1658110 459
1658120 459
1658130 461
1658140 462
1658150 462
1658160 463
1658170 464
1658180 464
1658190 465
1658200 465
1658210 465
1658220 466
1658230 466
1658240 466
1658250 466
1658260 466
1658270 466
1658280 465
1658290 463
1658300 463
1658310 461
1658320 459
1658330 459
1658340 457
1658350 456
1658360 456
1658370 455
1658380 455
1658390 455
1658400 456
1658410 456
1658420 456
1658430 457
1658440 457
1658450 457
1658460 458
1658470 458
1658480 458
1658490 459
1658500 459
1658510 459
1658520 460
1658530 462
1658540 462
1658550 463
1658560 464
1658570 464
1658580 465
1658590 466
1658600 466
1658610 467
1658620 467
1658630 467
1658640 468
1658650 469
1658660 469
1658670 470
1658680 472
1658690 472
1658700 476
1658710 480
1658720 480
1658730 482
1658740 485
1658750 485
1658760 487
1658770 490
1658780 490
1658790 493
1658800 496
1658810 496
1658820 499
1658830 502
1658840 502
1658850 506
1658860 509
1658870 509
1658880 511
1658890 514
1658900 514
1658910 515
1658920 517
1658930 517
1658940 518
1658950 520
1658960 520
1658970 521
1658980 524
1658990 524
1659000 527
1659010 531
1659020 531
1659030 534
1659040 537
1659050 537
1659060 539
1659070 542
1659080 542
1659090 545
1659100 547
1659110 547
1659120 549
1659130 551
1659140 551
1659150 553
1659160 554
1659170 554
1659180 556
1659190 557
1659200 557
1659210 557
1659220 556
1659230 556
1659240 554
1659250 552
1659260 552
1659270 550
1659280 548
1659290 548
1659300 545
1659310 543
1659320 543
1659330 540
1659340 537
1659350 537
1659360 534
1659370 531
1659380 531
1659390 528
1659400 525
1659410 525
1659420 522
1659430 519
1659440 519
1659450 515
1659460 510
1659470 510
1659480 506
1659490 501
1659500 501
1659510 496
1659520 492
1659530 492
1659540 486
1659550 483
1659560 483
1659570 478
1659580 475
1659590 475
1659600 473
1659610 471
1659620 471
1659630 467
1659640 464
1659650 464
1659660 461
1659670 458
1659680 458
1659690 455
1659700 452
1659710 452
1659720 452
1659730 451
1659740 451
1659750 449
1659760 447
1659770 447
1659780 445
1659790 444
1659800 444
1659810 445
1659820 447
1659830 447
1659840 450
1659850 452
1659860 452
1659870 452
1659880 450
1659890 450
1659900 447
1659910 441
1659920 435
1659930 435
1659940 429
1659950 427
1659960 427
1659970 428
1659980 430
1659990 430
