1640000 236
1640010 236
1640020 235
1640030 235
1640040 235
1640050 235
1640060 235
1640070 235
1640080 235
1640090 235
1640100 235
1640110 235
1640120 235
1640130 236
1640140 236
1640150 236
1640160 236
1640170 236
1640180 236
1640190 236
1640200 236
1640210 236
1640220 236
1640230 236
1640240 236
1640250 236
1640260 236
1640270 236
1640280 236
1640290 236
1640300 236
1640310 235
1640320 235
1640330 235
1640340 235
1640350 235
1640360 235
1640370 235
1640380 235
1640390 235
1640400 235
1640410 235
1640420 235
1640430 235
1640440 235
1640450 235
1640460 235
1640470 235
1640480 235
1640490 236
1640500 235
1640510 235
1640520 235
1640530 235
1640540 235
1640550 235
1640560 235
1640570 235
1640580 235
1640590 235
1640600 235
1640610 235
1640620 235
1640630 235
1640640 235
1640650 235
1640660 235
1640670 235
1640680 235
1640690 235
1640700 235
1640710 235
1640720 235
1640730 235
1640740 235
1640750 235
1640760 235
1640770 236
1640780 236
1640790 236
1640800 236
1640810 236
1640820 236
1640830 235
1640840 235
1640850 235
1640860 235
1640870 235
1640880 235
1640890 236
1640900 236
1640910 236
1640920 237
1640930 237
1640940 237
1640950 237
1640960 237
1640970 237
1640980 237
1640990 237
1641000 237
1641010 237
1641020 237
1641030 237
1641040 237
1641050 237
1641060 237
1641070 237
1641080 237
1641090 237
1641100 237
1641110 237
1641120 237
1641130 237
1641140 237
1641150 237
1641160 237
1641170 237
1641180 237
1641190 237
1641200 237
1641210 237
1641220 237
1641230 237
1641240 237
1641250 237
1641260 237
1641270 237
1641280 236
1641290 236
1641300 236
1641310 236
1641320 236
1641330 236
1641340 236
1641350 236
1641360 235
1641370 235
1641380 235
1641390 235
1641400 235
1641410 235
1641420 235
1641430 235
1641440 235
1641450 235
1641460 235
1641470 235
1641480 235
1641490 235
1641500 235
1641510 235
1641520 235
1641530 235
1641540 236
1641550 235
1641560 235
1641570 235
1641580 235
1641590 235
1641600 235
1641610 235
1641620 235
1641630 235
1641640 235
1641650 235
1641660 235
1641670 235
1641680 235
1641690 235
1641700 235
1641710 235
1641720 235
1641730 235
1641740 235
1641750 235
1641760 235
1641770 235
1641780 235
1641790 235
1641800 235
1641810 235
1641820 235
1641830 235
1641840 235
1641850 235
1641860 235
1641870 235
1641880 235
1641890 235
1641900 235
1641910 235
1641920 235
1641930 235
1641940 235
1641950 235
1641960 235
1641970 235
1641980 235
1641990 235
1642000 235
1642010 235
1642020 235
1642030 235
1642040 235
1642050 235
1642060 235
1642070 235
1642080 235
1642090 235
1642100 235
1642110 235
1642120 235
1642130 235
1642140 235
1642150 235
1642160 235
1642170 235
1642180 235
1642190 235
1642200 235
1642210 235
1642220 235
1642230 235
1642240 235
1642250 235
1642260 235
1642270 235
1642280 235
1642290 235
1642300 235
1642310 235
1642320 235
1642330 235
1642340 235
1642350 235
1642360 235
1642370 235
1642380 235
1642390 235
1642400 235
1642410 235
1642420 235
1642430 235
1642440 235
1642450 235
1642460 235
1642470 235
1642480 235
1642490 235
1642500 235
1642510 235
1642520 235
1642530 235
1642540 235
1642550 235
1642560 235
1642570 235
1642580 235
1642590 235
1642600 235
1642610 235
1642620 235
1642630 235
1642640 235
1642650 235
1642660 235
1642670 235
1642680 235
1642690 235
1642700 235
1642710 235
1642720 235
1642730 235
1642740 235
1642750 235
1642760 235
1642770 236
1642780 236
1642790 236
1642800 236
1642810 236
1642820 236
1642830 236
1642840 236
1642850 236
1642860 236
1642870 236
1642880 236
1642890 236
1642900 236
1642910 236
1642920 236
1642930 236
1642940 236
1642950 236
1642960 237
1642970 237
1642980 237
1642990 237
1643000 237
1643010 238
1643020 238
1643030 238
1643040 238
1643050 238
1643060 238
1643070 238
1643080 238
1643090 238
1643100 238
1643110 237
1643120 237
1643130 237
1643140 236
1643150 236
1643160 236
1643170 236
1643180 236
1643190 236
1643200 236
1643210 236
1643220 236
1643230 236
1643240 236
1643250 236
1643260 236
1643270 236
1643280 236
1643290 236
1643300 236
1643310 236
1643320 235
1643330 235
1643340 235
1643350 235
1643360 235
1643370 235
1643380 235
1643390 235
1643400 235
1643410 235
1643420 235
1643430 235
1643440 235
1643450 235
1643460 235
1643470 235
1643480 235
1643490 235
1643500 235
1643510 235
1643520 235
1643530 235
1643540 235
1643550 235
1643560 235
1643570 235
1643580 235
1643590 234
1643600 234
1643610 234
1643620 234
1643630 234
1643640 234
1643650 234
1643660 234
1643670 234
1643680 234
1643690 234
1643700 234
1643710 234
1643720 234
1643730 234
1643740 234
1643750 234
1643760 234
1643770 234
1643780 234
1643790 234
1643800 234
1643810 234
1643820 234
1643830 234
1643840 234
1643850 234
1643860 234
1643870 234
1643880 234
1643890 234
1643900 234
1643910 234
1643920 234
1643930 234
1643940 234
1643950 234
1643960 234
1643970 234
1643980 234
1643990 234
1644000 234
1644010 234
1644020 234
1644030 234
1644040 234
1644050 234
1644060 234
1644070 234
1644080 234
1644090 234
1644100 234
1644110 234
1644120 234
1644130 234
1644140 234
1644150 234
1644160 234
1644170 234
1644180 234
1644190 234
1644200 234
1644210 234
1644220 234
1644230 234
1644240 234
1644250 234
1644260 234
1644270 234
1644280 234
1644290 234
1644300 234
1644310 234
1644320 234
1644330 234
1644340 234
1644350 234
1644360 234
1644370 235
1644380 235
1644390 235
1644400 235
1644410 234
1644420 234
1644430 234
1644440 234
1644450 234
1644460 234
1644470 235
1644480 235
1644490 235
1644500 235
1644510 235
1644520 235
1644530 235
1644540 235
1644550 235
1644560 235
1644570 235
1644580 235
1644590 235
1644600 235
1644610 235
1644620 235
1644630 235
1644640 235
1644650 235
1644660 235
1644670 235
1644680 235
1644690 235
1644700 235
1644710 235
1644720 235
1644730 235
1644740 235
1644750 235
1644760 235
1644770 235
1644780 235
1644790 235
1644800 235
1644810 235
1644820 235
1644830 235
1644840 235
1644850 236
1644860 236
1644870 236
1644880 236
1644890 237
1644900 237
1644910 237
1644920 236
1644930 236
1644940 236
1644950 236
1644960 236
1644970 236
1644980 236
1644990 236
1645000 236
1645010 236
1645020 236
1645030 236
1645040 236
1645050 236
1645060 236
1645070 236
1645080 236
1645090 236
1645100 236
1645110 236
1645120 236
1645130 236
1645140 236
1645150 236
1645160 236
1645170 236
1645180 236
1645190 236
1645200 236
1645210 236
1645220 236
1645230 236
1645240 236
1645250 236
1645260 236
1645270 236
1645280 236
1645290 236
1645300 236
1645310 235
1645320 235
1645330 235
1645340 235
1645350 235
1645360 235
1645370 235
1645380 235
1645390 235
1645400 235
1645410 235
1645420 235
1645430 235
1645440 235
1645450 235
1645460 235
1645470 235
1645480 235
1645490 235
1645500 235
1645510 235
1645520 235
1645530 235
1645540 235
1645550 235
1645560 235
1645570 235
1645580 235
1645590 235
1645600 235
1645610 235
1645620 235
1645630 236
1645640 237
1645650 237
1645660 236
1645670 233
1645680 233
1645690 232
1645700 234
1645710 234
1645720 235
1645730 235
1645740 235
1645750 235
1645760 236
1645770 236
1645780 236
1645790 236
1645800 236
1645810 236
1645820 236
1645830 236
1645840 236
1645850 236
1645860 236
1645870 236
1645880 237
1645890 237
1645900 237
1645910 237
1645920 237
1645930 237
1645940 237
1645950 237
1645960 237
1645970 237
1645980 237
1645990 238
1646000 238
1646010 238
1646020 238
1646030 238
1646040 238
1646050 238
1646060 239
1646070 239
1646080 239
1646090 239
1646100 239
1646110 239
1646120 239
1646130 239
1646140 239
1646150 239
1646160 239
1646170 239
1646180 240
1646190 240
1646200 239
1646210 239
1646220 239
1646230 239
1646240 239
1646250 240
1646260 240
1646270 240
1646280 240
1646290 240
1646300 241
1646310 241
1646320 241
1646330 241
1646340 241
1646350 242
1646360 242
1646370 242
1646380 241
1646390 241
1646400 241
1646410 241
1646420 241
1646430 241
1646440 240
1646450 240
1646460 240
1646470 240
1646480 240
1646490 240
1646500 240
1646510 240
1646520 240
1646530 240
1646540 241
1646550 241
1646560 241
1646570 242
1646580 242
1646590 243
1646600 245
1646610 245
1646620 248
1646630 251
1646640 251
1646650 254
1646660 257
1646670 257
1646680 258
1646690 260
1646700 260
1646710 261
1646720 262
1646730 262
1646740 264
1646750 266
1646760 266
1646770 267
1646780 269
1646790 269
1646800 271
1646810 272
1646820 272
1646830 274
1646840 276
1646850 276
1646860 278
1646870 280
1646880 280
1646890 282
1646900 284
1646910 284
1646920 286
1646930 288
1646940 288
1646950 289
1646960 290
1646970 290
1646980 292
1646990 293
1647000 293
1647010 295
1647020 296
1647030 296
1647040 297
1647050 300
1647060 300
1647070 301
1647080 302
1647090 302
1647100 302
1647110 303
1647120 303
1647130 304
1647140 304
1647150 304
1647160 305
1647170 305
1647180 305
1647190 306
1647200 306
1647210 306
1647220 307
1647230 307
1647240 307
1647250 307
1647260 307
1647270 307
1647280 307
1647290 306
1647300 306
1647310 306
1647320 305
1647330 305
1647340 305
1647350 304
1647360 304
1647370 303
1647380 302
1647390 302
1647400 302
1647410 302
1647420 302
1647430 301
1647440 302
1647450 302
1647460 302
1647470 302
1647480 302
1647490 302
1647500 301
1647510 301
1647520 301
1647530 301
1647540 301
1647550 300
1647560 299
1647570 299
1647580 298
1647590 297
1647600 297
1647610 296
1647620 294
1647630 294
1647640 293
1647650 290
1647660 290
1647670 287
1647680 283
1647690 283
1647700 279
1647710 276
1647720 276
1647730 273
1647740 272
1647750 272
1647760 272
1647770 273
1647780 273
1647790 275
1647800 277
1647810 277
1647820 279
1647830 281
1647840 282
1647850 284
1647860 286
1647870 286
1647880 288
1647890 289
1647900 289
1647910 290
1647920 292
1647930 292
1647940 294
1647950 295
1647960 295
1647970 297
1647980 298
1647990 298
1648000 299
1648010 301
1648020 301
1648030 300
1648040 300
1648050 300
1648060 302
1648070 303
1648080 303
1648090 303
1648100 302
1648110 302
1648120 303
1648130 304
1648140 304
1648150 304
1648160 305
1648170 305
1648180 307
1648190 309
1648200 309
1648210 310
1648220 310
1648230 310
1648240 310
1648250 311
1648260 311
1648270 310
1648280 309
1648290 309
1648300 307
1648310 305
1648320 301
1648330 301
1648340 298
1648350 293
1648360 293
1648370 290
1648380 292
1648390 292
1648400 297
1648410 301
1648420 301
1648430 305
1648440 308
1648450 308
1648460 309
1648470 309
1648480 309
1648490 307
1648500 304
1648510 304
1648520 299
1648530 294
1648540 294
1648550 290
1648560 286
1648570 286
1648580 281
1648590 277
1648600 277
1648610 279
1648620 285
1648630 285
1648640 290
1648650 295
1648660 295
1648670 301
1648680 306
1648690 306
1648700 311
1648710 317
1648720 317
1648730 321
1648740 324
1648750 324
1648760 328
1648770 331
1648780 331
1648790 333
1648800 335
1648810 335
1648820 337
1648830 339
1648840 339
1648850 341
1648860 343
1648870 343
1648880 345
1648890 346
1648900 346
1648910 346
1648920 347
1648930 347
1648940 347
1648950 346
1648960 346
1648970 347
1648980 349
1648990 349
1649000 352
1649010 355
1649020 355
1649030 358
1649040 362
1649050 362
1649060 365
1649070 367
1649080 367
1649090 369
1649100 371
1649110 371
1649120 373
1649130 375
1649140 375
1649150 376
1649160 377
1649170 377
1649180 378
1649190 379
1649200 379
1649210 380
1649220 381
1649230 381
1649240 382
1649250 383
1649260 383
1649270 383
1649280 383
1649290 383
1649300 383
1649310 383
1649320 383
1649330 383
1649340 383
1649350 383
1649360 383
1649370 383
1649380 383
1649390 382
1649400 381
1649410 381
1649420 381
1649430 380
1649440 380
1649450 379
1649460 378
1649470 378
1649480 376
1649490 375
1649500 375
1649510 373
1649520 371
1649530 371
1649540 369
1649550 368
1649560 368
1649570 368
1649580 367
1649590 367
1649600 365
1649610 364
1649620 364
1649630 363
1649640 361
1649650 361
1649660 359
1649670 356
1649680 356
1649690 351
1649700 351
1649710 351
1649720 355
1649730 356
1649740 356
1649750 356
1649760 356
1649770 356
1649780 357
1649790 357
1649800 357
1649810 358
1649820 357
1649830 357
1649840 357
1649850 357
1649860 357
1649870 356
1649880 356
1649890 356
1649900 355
1649910 354
1649920 354
1649930 353
1649940 351
1649950 351
1649960 349
1649970 345
1649980 345
1649990 340
1650000 338
1650010 338
1650020 338
1650030 341
1650040 341
1650050 345
1650060 349
1650070 349
1650080 352
1650090 355
1650100 355
1650110 359
1650120 363
1650130 363
1650140 367
1650150 370
1650160 370
1650170 372
1650180 372
1650190 372
1650200 373
1650210 375
1650220 375
1650230 375
1650240 375
1650250 375
1650260 374
1650270 374
1650280 374
1650290 373
1650300 372
1650310 372
1650320 372
1650330 371
1650340 371
1650350 370
1650360 370
1650370 370
1650380 370
1650390 369
1650400 369
1650410 368
1650420 367
1650430 367
1650440 366
1650450 364
1650460 364
1650470 363
1650480 362
1650490 362
1650500 361
1650510 360
1650520 360
1650530 359
1650540 356
1650550 356
1650560 353
1650570 350
1650580 350
1650590 348
1650600 346
1650610 346
1650620 344
1650630 343
1650640 343
1650650 341
1650660 340
1650670 340
1650680 339
1650690 338
1650700 338
1650710 337
1650720 337
1650730 337
1650740 337
1650750 337
1650760 337
1650770 338
1650780 339
1650790 339
1650800 339
1650810 337
1650820 337
1650830 335
1650840 334
1650850 334
1650860 332
1650870 329
1650880 329
1650890 325
1650900 322
1650910 322
1650920 319
1650930 315
1650940 315
1650950 311
1650960 307
1650970 307
1650980 302
1650990 295
1651000 295
1651010 292
1651020 289
1651030 289
1651040 285
1651050 282
1651060 282
1651070 280
1651080 279
1651090 279
1651100 280
1651110 282
1651120 282
1651130 286
1651140 289
1651150 289
1651160 292
1651170 295
1651180 295
1651190 298
1651200 300
1651210 300
1651220 303
1651230 304
1651240 304
1651250 306
1651260 308
1651270 308
1651280 309
1651290 311
1651300 311
1651310 312
1651320 313
1651330 313
1651340 314
1651350 313
1651360 313
1651370 311
1651380 308
1651390 308
1651400 303
1651410 299
1651420 299
1651430 295
1651440 293
1651450 293
1651460 291
1651470 290
1651480 290
1651490 289
1651500 290
1651510 290
1651520 295
1651530 300
1651540 300
1651550 305
1651560 308
1651570 308
1651580 311
1651590 313
1651600 313
1651610 316
1651620 319
1651630 319
1651640 322
1651650 325
1651660 325
1651670 330
1651680 337
1651690 337
1651700 343
1651710 348
1651720 348
1651730 350
1651740 351
1651750 351
1651760 352
1651770 351
1651780 351
1651790 353
1651800 357
1651810 357
1651820 360
1651830 362
1651840 362
1651850 363
1651860 364
1651870 364
1651880 366
1651890 368
1651900 368
1651910 370
1651920 373
1651930 373
1651940 376
1651950 377
1651960 377
1651970 378
1651980 380
1651990 380
1652000 381
1652010 383
1652020 383
1652030 385
1652040 388
1652050 388
1652060 390
1652070 392
1652080 392
1652090 393
1652100 395
1652110 395
1652120 396
1652130 397
1652140 397
1652150 398
1652160 400
1652170 400
1652180 400
1652190 400
1652200 400
1652210 400
1652220 401
1652230 401
1652240 400
1652250 400
1652260 400
1652270 400
1652280 399
1652290 399
1652300 398
1652310 397
1652320 397
1652330 396
1652340 394
1652350 394
1652360 392
1652370 390
1652380 390
1652390 388
1652400 386
1652410 386
1652420 383
1652430 379
1652440 379
1652450 376
1652460 371
1652470 371
1652480 367
1652490 364
1652500 364
1652510 359
1652520 353
1652530 353
1652540 349
1652550 350
1652560 350
1652570 350
1652580 350
1652590 350
1652600 351
1652610 353
1652620 353
1652630 355
1652640 356
1652650 356
1652660 357
1652670 358
1652680 358
1652690 361
1652700 364
1652710 364
1652720 370
1652730 376
1652740 376
1652750 380
1652760 383
1652770 383
1652780 385
1652790 387
1652800 387
1652810 389
1652820 391
1652830 391
1652840 391
1652850 391
1652860 391
1652870 390
1652880 388
1652890 388
1652900 386
1652910 385
1652920 385
1652930 385
1652940 385
1652950 385
1652960 384
1652970 381
1652980 381
1652990 378
1653000 374
1653010 374
1653020 370
1653030 366
1653040 366
1653050 362
1653060 357
1653070 357
1653080 351
1653090 345
1653100 345
1653110 340
1653120 334
1653130 334
1653140 326
1653150 316
1653160 316
1653170 306
1653180 297
1653190 297
1653200 290
1653210 283
1653220 277
1653230 277
1653240 271
1653250 264
1653260 264
1653270 257
1653280 251
1653290 251
1653300 246
1653310 244
1653320 244
1653330 240
1653340 236
1653350 236
1653360 234
1653370 232
1653380 232
1653390 230
1653400 228
1653410 228
1653420 227
1653430 227
1653440 227
1653450 227
1653460 227
1653470 227
1653480 227
1653490 227
1653500 227
1653510 227
1653520 227
1653530 227
1653540 227
1653550 227
1653560 227
1653570 227
1653580 227
1653590 227
1653600 227
1653610 226
1653620 226
1653630 226
1653640 226
1653650 226
1653660 226
1653670 226
1653680 226
1653690 226
1653700 226
1653710 226
1653720 226
1653730 226
1653740 226
1653750 226
1653760 226
1653770 226
1653780 226
1653790 226
1653800 226
1653810 227
1653820 230
1653830 230
1653840 234
1653850 235
1653860 235
1653870 236
1653880 242
1653890 242
1653900 250
1653910 259
1653920 259
1653930 264
1653940 269
1653950 269
1653960 274
1653970 280
1653980 280
1653990 285
1654000 292
1654010 292
1654020 299
1654030 305
1654040 305
1654050 310
1654060 312
1654070 312
1654080 310
1654090 310
1654100 310
1654110 309
1654120 308
1654130 308
1654140 307
1654150 306
1654160 306
1654170 304
1654180 302
1654190 302
1654200 300
1654210 298
1654220 298
1654230 296
1654240 294
1654250 294
1654260 290
1654270 284
1654280 284
1654290 277
1654300 272
1654310 272
1654320 267
1654330 263
1654340 263
1654350 261
1654360 259
1654370 259
1654380 258
1654390 258
1654400 258
1654410 255
1654420 253
1654430 253
1654440 255
1654450 258
1654460 258
1654470 264
1654480 269
1654490 269
1654500 275
1654510 281
1654520 281
1654530 287
1654540 293
1654550 293
1654560 299
1654570 303
1654580 303
1654590 310
1654600 315
1654610 315
1654620 319
1654630 322
1654640 322
1654650 325
1654660 329
1654670 329
1654680 333
1654690 336
1654700 336
1654710 340
1654720 344
1654730 344
1654740 349
1654750 354
1654760 354
1654770 357
1654780 359
1654790 359
1654800 360
1654810 362
1654820 362
1654830 363
1654840 370
1654850 370
1654860 372
1654870 376
1654880 376
1654890 379
1654900 383
1654910 383
1654920 388
1654930 393
1654940 393
1654950 393
1654960 390
1654970 390
1654980 387
1654990 387
1655000 387
1655010 389
1655020 391
1655030 391
1655040 393
1655050 394
1655060 394
1655070 393
1655080 393
1655090 393
1655100 391
1655110 388
1655120 388
1655130 386
1655140 384
1655150 384
1655160 381
1655170 381
1655180 381
1655190 382
1655200 383
1655210 383
1655220 385
1655230 387
1655240 387
1655250 389
1655260 391
1655270 391
1655280 392
1655290 393
1655300 393
1655310 394
1655320 398
1655330 398
1655340 405
1655350 412
1655360 412
1655370 417
1655380 422
1655390 422
1655400 426
1655410 430
1655420 430
1655430 434
1655440 438
1655450 438
1655460 442
1655470 446
1655480 446
1655490 448
1655500 450
1655510 450
1655520 451
1655530 453
1655540 453
1655550 453
1655560 454
1655570 454
1655580 456
1655590 457
1655600 459
1655610 461
1655620 462
1655630 462
1655640 464
1655650 466
1655660 466
1655670 468
1655680 470
1655690 470
1655700 472
1655710 472
1655720 472
1655730 472
1655740 473
1655750 473
1655760 476
1655770 479
1655780 479
1655790 482
1655800 484
1655810 484
1655820 487
1655830 490
1655840 490
1655850 492
1655860 494
1655870 494
1655880 495
1655890 496
1655900 496
1655910 498
1655920 499
1655930 499
1655940 500
1655950 500
1655960 500
1655970 500
1655980 501
1655990 501
1656000 502
1656010 503
1656020 503
1656030 504
1656040 504
1656050 504
1656060 505
1656070 505
1656080 505
1656090 505
1656100 505
1656110 505
1656120 505
1656130 505
1656140 505
1656150 504
1656160 503
1656170 503
1656180 503
1656190 502
1656200 502
1656210 501
1656220 500
1656230 500
1656240 499
1656250 498
1656260 498
1656270 497
1656280 495
1656290 495
1656300 494
1656310 493
1656320 493
1656330 491
1656340 489
1656350 489
1656360 489
1656370 487
1656380 487
1656390 486
1656400 484
1656410 484
1656420 482
1656430 480
1656440 480
1656450 478
1656460 475
1656470 475
1656480 473
1656490 471
1656500 471
1656510 470
1656520 468
1656530 468
1656540 468
1656550 468
1656560 468
1656570 467
1656580 467
1656590 467
1656600 467
1656610 468
1656620 468
1656630 468
1656640 468
1656650 468
1656660 467
1656670 465
1656680 465
1656690 463
1656700 460
1656710 460
1656720 457
1656730 454
1656740 454
1656750 451
1656760 447
1656770 447
1656780 443
1656790 437
1656800 437
1656810 435
1656820 436
1656830 436
1656840 438
1656850 442
1656860 442
1656870 445
1656880 447
1656890 447
1656900 448
1656910 447
1656920 447
1656930 446
1656940 445
1656950 445
1656960 443
1656970 443
1656980 443
1656990 445
1657000 447
1657010 447
1657020 449
1657030 450
1657040 450
1657050 452
1657060 453
1657070 453
1657080 454
1657090 454
1657100 454
1657110 454
1657120 455
1657130 455
1657140 455
1657150 455
1657160 455
1657170 455
1657180 455
1657190 455
1657200 455
1657210 454
1657220 454
1657230 454
1657240 453
1657250 453
1657260 451
1657270 447
1657280 447
1657290 441
1657300 438
1657310 438
1657320 439
1657330 441
1657340 441
1657350 443
1657360 446
1657370 446
1657380 448
1657390 451
1657400 451
1657410 453
1657420 455
1657430 455
1657440 456
1657450 456
1657460 456
1657470 456
1657480 456
1657490 456
1657500 456
1657510 456
1657520 456
1657530 456
1657540 456
1657550 456
1657560 457
1657570 457
1657580 457
1657590 458
1657600 459
1657610 459
1657620 460
1657630 460
1657640 460
1657650 461
1657660 461
1657670 461
1657680 462
1657690 463
1657700 463
1657710 464
1657720 465
1657730 465
1657740 465
1657750 466
1657760 466
1657770 466
1657780 467
1657790 467
1657800 467
1657810 465
1657820 465
1657830 464
1657840 465
1657850 465
1657860 466
1657870 468
1657880 468
1657890 469
1657900 471
1657910 471
1657920 472
1657930 474
1657940 474
1657950 475
1657960 476
1657970 476
1657980 478
1657990 479
1658000 479
1658010 480
1658020 482
1658030 482
1658040 484
1658050 486
1658060 486
1658070 487
1658080 488
1658090 489
1658100 489
1658110 490
1658120 492
1658130 492
1658140 493
1658150 495
1658160 495
1658170 496
1658180 498
1658190 498
1658200 500
1658210 501
1658220 501
1658230 503
1658240 504
1658250 504
1658260 505
1658270 506
1658280 506
1658290 506
1658300 507
1658310 507
1658320 508
1658330 509
1658340 509
1658350 510
1658360 511
1658370 511
1658380 512
1658390 512
1658400 512
1658410 512
1658420 512
1658430 512
1658440 511
1658450 509
1658460 509
1658470 507
1658480 505
1658490 505
1658500 503
1658510 499
1658520 499
1658530 496
1658540 493
1658550 493
1658560 491
1658570 489
1658580 489
1658590 487
1658600 485
1658610 487
1658620 485
1658630 482
1658640 482
1658650 480
1658660 478
1658670 478
1658680 477
1658690 476
1658700 476
1658710 473
1658720 471
1658730 471
1658740 467
1658750 464
1658760 464
1658770 459
1658780 455
1658790 455
1658800 451
1658810 448
1658820 448
1658830 445
1658840 441
1658850 441
1658860 439
1658870 439
1658880 439
1658890 438
1658900 436
1658910 436
1658920 434
1658930 432
1658940 432
1658950 431
1658960 429
1658970 429
1658980 428
1658990 426
1659000 426
1659010 424
1659020 421
1659030 421
1659040 419
1659050 418
1659060 418
1659070 416
1659080 415
1659090 415
1659100 414
1659110 413
1659120 413
1659130 412
1659140 411
1659150 411
1659160 410
1659170 410
1659180 410
1659190 409
1659200 409
1659210 409
1659220 408
1659230 407
1659240 407
1659250 406
1659260 405
1659270 405
1659280 405
1659290 404
1659300 404
1659310 404
1659320 405
1659330 405
1659340 406
1659350 412
1659360 412
1659370 414
1659380 414
1659390 414
1659400 414
1659410 415
1659420 415
1659430 416
1659440 417
1659450 417
1659460 417
1659470 418
1659480 418
1659490 418
1659500 419
1659510 419
1659520 419
1659530 420
1659540 420
1659550 421
1659560 422
1659570 422
1659580 423
1659590 424
1659600 424
1659610 425
1659620 425
1659630 425
1659640 425
1659650 425
1659660 425
1659670 424
1659680 423
1659690 423
1659700 421
1659710 419
1659720 419
1659730 418
1659740 416
1659750 416
1659760 415
1659770 412
1659780 412
1659790 411
1659800 410
1659810 410
1659820 410
1659830 409
1659840 409
1659850 409
1659860 409
1659870 409
1659880 409
1659890 409
1659900 409
1659910 409
1659920 410
1659930 410
1659940 410
1659950 410
1659960 410
1659970 409
1659980 409
1659990 409
