1640000 236
1640010 236
1640020 236
1640030 236
1640040 236
1640050 236
1640060 236
1640070 236
1640080 236
1640090 236
1640100 236
1640110 236
1640120 236
1640130 236
1640140 236
1640150 236
1640160 236
1640170 236
1640180 236
1640190 236
1640200 236
1640210 236
1640220 236
1640230 236
1640240 236
1640250 236
1640260 236
1640270 236
1640280 237
1640290 237
1640300 237
1640310 237
1640320 237
1640330 237
1640340 237
1640350 237
1640360 237
1640370 237
1640380 237
1640390 237
1640400 237
1640410 237
1640420 237
1640430 237
1640440 237
1640450 237
1640460 237
1640470 237
1640480 237
1640490 237
1640500 237
1640510 237
1640520 237
1640530 237
1640540 237
1640550 237
1640560 237
1640570 237
1640580 237
1640590 237
1640600 237
1640610 237
1640620 237
1640630 237
1640640 237
1640650 237
1640660 237
1640670 237
1640680 237
1640690 237
1640700 237
1640710 237
1640720 237
1640730 237
1640740 237
1640750 237
1640760 237
1640770 237
1640780 237
1640790 237
1640800 237
1640810 237
1640820 237
1640830 237
1640840 237
1640850 237
1640860 237
1640870 237
1640880 237
1640890 237
1640900 237
1640910 237
1640920 237
1640930 237
1640940 237
1640950 237
1640960 237
1640970 237
1640980 237
1640990 237
1641000 237
1641010 237
1641020 237
1641030 237
1641040 237
1641050 238
1641060 238
1641070 238
1641080 238
1641090 239
1641100 239
1641110 239
1641120 240
1641130 240
1641140 241
1641150 242
1641160 242
1641170 243
1641180 243
1641190 243
1641200 243
1641210 243
1641220 244
1641230 244
1641240 244
1641250 244
1641260 245
1641270 245
1641280 245
1641290 246
1641300 246
1641310 246
1641320 247
1641330 247
1641340 247
1641350 248
1641360 249
1641370 249
1641380 251
1641390 252
1641400 252
1641410 253
1641420 254
1641430 254
1641440 254
1641450 254
1641460 254
1641470 255
1641480 256
1641490 256
1641500 257
1641510 258
1641520 258
1641530 259
1641540 260
1641550 260
1641560 261
1641570 262
1641580 262
1641590 263
1641600 264
1641610 264
1641620 264
1641630 265
1641640 265
1641650 266
1641660 266
1641670 266
1641680 266
1641690 267
1641700 267
1641710 268
1641720 270
1641730 270
1641740 272
1641750 275
1641760 275
1641770 277
1641780 279
1641790 279
1641800 280
1641810 281
1641820 281
1641830 282
1641840 283
1641850 283
1641860 283
1641870 284
1641880 284
1641890 284
1641900 285
1641910 285
1641920 286
1641930 286
1641940 286
1641950 287
1641960 287
1641970 287
1641980 287
1641990 287
1642000 287
1642010 287
1642020 288
1642030 288
1642040 288
1642050 288
1642060 288
1642070 289
1642080 289
1642090 289
1642100 290
1642110 290
1642120 290
1642130 290
1642140 290
1642150 290
1642160 291
1642170 291
1642180 291
1642190 291
1642200 291
1642210 291
1642220 291
1642230 292
1642240 292
1642250 292
1642260 292
1642270 292
1642280 292
1642290 292
1642300 292
1642310 292
1642320 292
1642330 292
1642340 293
1642350 293
1642360 293
1642370 293
1642380 293
1642390 293
1642400 293
1642410 294
1642420 294
1642430 294
1642440 294
1642450 294
1642460 294
1642470 294
1642480 294
1642490 294
1642500 294
1642510 294
1642520 293
1642530 293
1642540 293
1642550 293
1642560 293
1642570 293
1642580 292
1642590 291
1642600 291
1642610 290
1642620 289
1642630 289
1642640 288
1642650 288
1642660 288
1642670 287
1642680 287
1642690 287
1642700 286
1642710 285
1642720 285
1642730 283
1642740 282
1642750 282
1642760 281
1642770 278
1642780 278
1642790 276
1642800 272
1642810 272
1642820 269
1642830 265
1642840 265
1642850 262
1642860 253
1642870 253
1642880 249
1642890 246
1642900 246
1642910 244
1642920 244
1642930 244
1642940 243
1642950 244
1642960 244
1642970 244
1642980 245
1642990 245
1643000 245
1643010 245
1643020 245
1643030 245
1643040 245
1643050 245
1643060 245
1643070 245
1643080 245
1643090 245
1643100 245
1643110 245
1643120 245
1643130 245
1643140 245
1643150 245
1643160 246
1643170 246
1643180 246
1643190 246
1643200 246
1643210 247
1643220 247
1643230 247
1643240 247
1643250 248
1643260 248
1643270 248
1643280 249
1643290 249
1643300 249
1643310 250
1643320 250
1643330 252
1643340 253
1643350 253
1643360 255
1643370 257
1643380 257
1643390 259
1643400 261
1643410 261
1643420 264
1643430 266
1643440 266
1643450 269
1643460 271
1643470 271
1643480 274
1643490 275
1643500 275
1643510 276
1643520 277
1643530 277
1643540 281
1643550 286
1643560 286
1643570 291
1643580 295
1643590 295
1643600 299
1643610 302
1643620 302
1643630 305
1643640 307
1643650 307
1643660 308
1643670 309
1643680 311
1643690 311
1643700 311
1643710 311
1643720 311
1643730 311
1643740 311
1643750 311
1643760 310
1643770 310
1643780 310
1643790 309
1643800 309
1643810 308
1643820 307
1643830 307
1643840 305
1643850 302
1643860 302
1643870 299
1643880 299
1643890 299
1643900 303
1643910 306
1643920 306
1643930 311
1643940 314
1643950 314
1643960 315
1643970 316
1643980 316
1643990 316
1644000 317
1644010 317
1644020 317
1644030 318
1644040 318
1644050 318
1644060 318
1644070 318
1644080 318
1644090 318
1644100 318
1644110 318
1644120 318
1644130 318
1644140 318
1644150 318
1644160 318
1644170 317
1644180 317
1644190 317
1644200 316
1644210 315
1644220 315
1644230 314
1644240 314
1644250 314
1644260 313
1644270 312
1644280 312
1644290 311
1644300 309
1644310 309
1644320 308
1644330 307
1644340 307
1644350 305
1644360 303
1644370 303
1644380 300
1644390 297
1644400 297
1644410 295
1644420 292
1644430 292
1644440 289
1644450 287
1644460 287
1644470 284
1644480 281
1644490 279
1644500 276
1644510 274
1644520 274
1644530 273
1644540 271
1644550 271
1644560 269
1644570 267
1644580 267
1644590 264
1644600 263
1644610 263
1644620 261
1644630 259
1644640 259
1644650 257
1644660 255
1644670 255
1644680 254
1644690 252
1644700 252
1644710 251
1644720 250
1644730 250
1644740 250
1644750 250
1644760 250
1644770 250
1644780 250
1644790 250
1644800 252
1644810 253
1644820 253
1644830 255
1644840 257
1644850 257
1644860 261
1644870 264
1644880 264
1644890 266
1644900 266
1644910 266
1644920 265
1644930 263
1644940 263
1644950 259
1644960 257
1644970 257
1644980 253
1644990 245
1645000 245
1645010 239
1645020 236
1645030 236
1645040 236
1645050 240
1645060 248
1645070 248
1645080 257
1645090 262
1645100 262
1645110 267
1645120 274
1645130 274
1645140 280
1645150 284
1645160 284
1645170 287
1645180 288
1645190 288
1645200 289
1645210 290
1645220 290
1645230 290
1645240 290
1645250 290
1645260 291
1645270 292
1645280 292
1645290 292
1645300 294
1645310 294
1645320 295
1645330 295
1645340 295
1645350 296
1645360 295
1645370 295
1645380 295
1645390 295
1645400 295
1645410 295
1645420 294
1645430 294
1645440 294
1645450 293
1645460 293
1645470 292
1645480 291
1645490 291
1645500 290
1645510 288
1645520 288
1645530 287
1645540 288
1645550 288
1645560 287
1645570 284
1645580 284
1645590 279
1645600 275
1645610 275
1645620 270
1645630 267
1645640 267
1645650 269
1645660 272
1645670 272
1645680 274
1645690 277
1645700 277
1645710 279
1645720 282
1645730 282
1645740 285
1645750 287
1645760 287
1645770 288
1645780 289
1645790 289
1645800 290
1645810 290
1645820 290
1645830 291
1645840 292
1645850 292
1645860 292
1645870 293
1645880 293
1645890 294
1645900 294
1645910 294
1645920 294
1645930 295
1645940 295
1645950 295
1645960 295
1645970 295
1645980 296
1645990 296
1646000 296
1646010 296
1646020 296
1646030 296
1646040 296
1646050 295
1646060 295
1646070 293
1646080 292
1646090 292
1646100 291
1646110 290
1646120 290
1646130 289
1646140 288
1646150 288
1646160 286
1646170 286
1646180 286
1646190 285
1646200 284
1646210 284
1646220 282
1646230 281
1646240 281
1646250 279
1646260 277
1646270 277
1646280 276
1646290 275
1646300 275
1646310 274
1646320 272
1646330 272
1646340 269
1646350 265
1646360 265
1646370 264
1646380 266
1646390 266
1646400 270
1646410 272
1646420 272
1646430 273
1646440 275
1646450 275
1646460 276
1646470 277
1646480 277
1646490 279
1646500 280
1646510 280
1646520 281
1646530 282
1646540 282
1646550 283
1646560 284
1646570 284
1646580 284
1646590 284
1646600 284
1646610 285
1646620 284
1646630 284
1646640 284
1646650 284
1646660 284
1646670 284
1646680 284
1646690 284
1646700 283
1646710 283
1646720 283
1646730 281
1646740 280
1646750 280
1646760 279
1646770 277
1646780 277
1646790 276
1646800 275
1646810 275
1646820 274
1646830 274
1646840 274
1646850 273
1646860 272
1646870 272
1646880 271
1646890 270
1646900 270
1646910 268
1646920 267
1646930 267
1646940 265
1646950 263
1646960 263
1646970 263
1646980 264
1646990 264
1647000 266
1647010 267
1647020 267
1647030 269
1647040 270
1647050 270
1647060 272
1647070 273
1647080 273
1647090 274
1647100 274
1647110 274
1647120 275
1647130 276
1647140 276
1647150 277
1647160 278
1647170 278
1647180 279
1647190 280
1647200 280
1647210 281
1647220 282
1647230 282
1647240 283
1647250 283
1647260 283
1647270 283
1647280 282
1647290 282
1647300 282
1647310 282
1647320 282
1647330 281
1647340 281
1647350 281
1647360 281
1647370 281
1647380 281
1647390 280
1647400 280
1647410 280
1647420 280
1647430 279
1647440 279
1647450 278
1647460 278
1647470 278
1647480 278
1647490 278
1647500 278
1647510 279
1647520 279
1647530 279
1647540 279
1647550 279
1647560 279
1647570 279
1647580 280
1647590 280
1647600 280
1647610 280
1647620 280
1647630 280
1647640 280
1647650 280
1647660 280
1647670 279
1647680 279
1647690 279
1647700 280
1647710 280
1647720 279
1647730 278
1647740 278
1647750 277
1647760 276
1647770 276
1647780 275
1647790 274
1647800 274
1647810 274
1647820 275
1647830 275
1647840 277
1647850 278
1647860 278
1647870 280
1647880 280
1647890 280
1647900 282
1647910 283
1647920 283
1647930 283
1647940 285
1647950 285
1647960 288
1647970 289
1647980 289
1647990 289
1648000 289
1648010 289
1648020 290
1648030 290
1648040 290
1648050 289
1648060 290
1648070 290
1648080 292
1648090 293
1648100 293
1648110 294
1648120 295
1648130 295
1648140 297
1648150 298
1648160 298
1648170 300
1648180 301
1648190 301
1648200 302
1648210 302
1648220 302
1648230 303
1648240 304
1648250 304
1648260 305
1648270 305
1648280 305
1648290 306
1648300 308
1648310 308
1648320 310
1648330 312
1648340 312
1648350 314
1648360 316
1648370 316
1648380 318
1648390 321
1648400 321
1648410 324
1648420 327
1648430 327
1648440 329
1648450 332
1648460 332
1648470 334
1648480 337
1648490 337
1648500 338
1648510 340
1648520 340
1648530 342
1648540 344
1648550 344
1648560 345
1648570 346
1648580 346
1648590 348
1648600 349
1648610 349
1648620 350
1648630 351
1648640 351
1648650 352
1648660 353
1648670 353
1648680 354
1648690 354
1648700 354
1648710 355
1648720 355
1648730 355
1648740 355
1648750 355
1648760 355
1648770 355
1648780 355
1648790 355
1648800 355
1648810 355
1648820 355
1648830 355
1648840 355
1648850 355
1648860 355
1648870 355
1648880 355
1648890 355
1648900 355
1648910 355
1648920 354
1648930 353
1648940 353
1648950 352
1648960 351
1648970 351
1648980 350
1648990 350
1649000 350
1649010 350
1649020 351
1649030 351
1649040 354
1649050 355
1649060 355
1649070 357
1649080 359
1649090 359
1649100 361
1649110 363
1649120 363
1649130 365
1649140 367
1649150 367
1649160 369
1649170 371
1649180 371
1649190 373
1649200 375
1649210 375
1649220 377
1649230 379
1649240 379
1649250 381
1649260 382
1649270 382
1649280 384
1649290 385
1649300 385
1649310 386
1649320 388
1649330 388
1649340 389
1649350 390
1649360 390
1649370 391
1649380 392
1649390 392
1649400 393
1649410 394
1649420 394
1649430 395
1649440 396
1649450 396
1649460 397
1649470 398
1649480 398
1649490 398
1649500 399
1649510 399
1649520 399
1649530 400
1649540 400
1649550 400
1649560 400
1649570 400
1649580 401
1649590 401
1649600 401
1649610 401
1649620 400
1649630 400
1649640 400
1649650 400
1649660 400
1649670 399
1649680 399
1649690 399
1649700 399
1649710 398
1649720 398
1649730 397
1649740 396
1649750 396
1649760 395
1649770 394
1649780 394
1649790 392
1649800 389
1649810 389
1649820 386
1649830 383
1649840 383
1649850 381
1649860 382
1649870 382
1649880 383
1649890 383
1649900 383
1649910 384
1649920 385
1649930 385
1649940 385
1649950 386
1649960 386
1649970 387
1649980 389
1649990 389
1650000 391
1650010 393
1650020 393
1650030 394
1650040 395
1650050 395
1650060 396
1650070 399
1650080 399
1650090 400
1650100 401
1650110 401
1650120 402
1650130 402
1650140 402
1650150 403
1650160 403
1650170 403
1650180 403
1650190 402
1650200 402
1650210 400
1650220 398
1650230 398
1650240 394
1650250 391
1650260 391
1650270 387
1650280 384
1650290 384
1650300 380
1650310 375
1650320 375
1650330 371
1650340 368
1650350 368
1650360 365
1650370 362
1650380 362
1650390 360
1650400 358
1650410 358
1650420 356
1650430 355
1650440 355
1650450 353
1650460 349
1650470 349
1650480 344
1650490 341
1650500 344
1650510 344
1650520 349
1650530 352
1650540 352
1650550 353
1650560 356
1650570 356
1650580 360
1650590 363
1650600 363
1650610 366
1650620 368
1650630 368
1650640 371
1650650 373
1650660 373
1650670 375
1650680 376
1650690 376
1650700 377
1650710 378
1650720 378
1650730 378
1650740 378
1650750 378
1650760 378
1650770 377
1650780 377
1650790 377
1650800 376
1650810 376
1650820 376
1650830 378
1650840 378
1650850 382
1650860 385
1650870 385
1650880 388
1650890 391
1650900 391
1650910 394
1650920 397
1650930 397
1650940 399
1650950 401
1650960 401
1650970 402
1650980 404
1650990 404
1651000 405
1651010 406
1651020 406
1651030 407
1651040 407
1651050 407
1651060 407
1651070 407
1651080 407
1651090 407
1651100 407
1651110 407
1651120 406
1651130 404
1651140 404
1651150 401
1651160 398
1651170 398
1651180 398
1651190 399
1651200 399
1651210 402
1651220 403
1651230 403
1651240 403
1651250 403
1651260 403
1651270 403
1651280 403
1651290 403
1651300 403
1651310 404
1651320 404
1651330 406
1651340 408
1651350 408
1651360 410
1651370 413
1651380 413
1651390 415
1651400 418
1651410 418
1651420 420
1651430 421
1651440 421
1651450 422
1651460 423
1651470 423
1651480 423
1651490 423
1651500 423
1651510 421
1651520 419
1651530 419
1651540 416
1651550 415
1651560 415
1651570 415
1651580 418
1651590 418
1651600 420
1651610 423
1651620 423
1651630 426
1651640 428
1651650 428
1651660 429
1651670 430
1651680 430
1651690 430
1651700 430
1651710 430
1651720 429
1651730 428
1651740 428
1651750 426
1651760 423
1651770 423
1651780 419
1651790 415
1651800 415
1651810 412
1651820 408
1651830 408
1651840 408
1651850 411
1651860 411
1651870 414
1651880 417
1651890 417
1651900 421
1651910 425
1651920 425
1651930 429
1651940 432
1651950 432
1651960 434
1651970 435
1651980 435
1651990 435
1652000 436
1652010 436
1652020 437
1652030 436
1652040 436
1652050 435
1652060 433
1652070 433
1652080 432
1652090 431
1652100 431
1652110 432
1652120 435
1652130 435
1652140 439
1652150 441
1652160 441
1652170 444
1652180 445
1652190 445
1652200 446
1652210 447
1652220 447
1652230 447
1652240 448
1652250 448
1652260 449
1652270 450
1652280 450
1652290 450
1652300 451
1652310 451
1652320 451
1652330 451
1652340 451
1652350 451
1652360 451
1652370 451
1652380 451
1652390 450
1652400 450
1652410 451
1652420 449
1652430 449
1652440 447
1652450 444
1652460 444
1652470 441
1652480 438
1652490 438
1652500 436
1652510 435
1652520 435
1652530 433
1652540 431
1652550 431
1652560 429
1652570 425
1652580 425
1652590 421
1652600 417
1652610 417
1652620 414
1652630 416
1652640 416
1652650 420
1652660 424
1652670 424
1652680 429
1652690 433
1652700 433
1652710 436
1652720 438
1652730 438
1652740 439
1652750 439
1652760 439
1652770 439
1652780 439
1652790 439
1652800 439
1652810 439
1652820 439
1652830 438
1652840 437
1652850 437
1652860 436
1652870 435
1652880 435
1652890 434
1652900 432
1652910 432
1652920 431
1652930 431
1652940 431
1652950 431
1652960 432
1652970 432
1652980 433
1652990 434
1653000 434
1653010 435
1653020 436
1653030 436
1653040 437
1653050 438
1653060 438
1653070 438
1653080 436
1653090 436
1653100 433
1653110 429
1653120 429
1653130 426
1653140 421
1653150 421
1653160 417
1653170 413
1653180 413
1653190 408
1653200 401
1653210 401
1653220 395
1653230 389
1653240 389
1653250 382
1653260 377
1653270 377
1653280 371
1653290 365
1653300 365
1653310 360
1653320 355
1653330 355
1653340 352
1653350 348
1653360 348
1653370 343
1653380 339
1653390 339
1653400 336
1653410 333
1653420 333
1653430 331
1653440 328
1653450 328
1653460 324
1653470 320
1653480 320
1653490 316
1653500 309
1653510 309
1653520 303
1653530 296
1653540 296
1653550 289
1653560 283
1653570 283
1653580 275
1653590 267
1653600 267
1653610 259
1653620 252
1653630 252
1653640 246
1653650 242
1653660 242
1653670 238
1653680 236
1653690 236
1653700 234
1653710 234
1653720 234
1653730 233
1653740 229
1653750 229
1653760 227
1653770 227
1653780 227
1653790 227
1653800 227
1653810 227
1653820 227
1653830 227
1653840 227
1653850 227
1653860 227
1653870 227
1653880 227
1653890 227
1653900 227
1653910 227
1653920 226
1653930 226
1653940 226
1653950 226
1653960 226
1653970 226
1653980 226
1653990 226
1654000 226
1654010 226
1654020 226
1654030 226
1654040 227
1654050 227
1654060 229
1654070 232
1654080 232
1654090 238
1654100 242
1654110 242
1654120 248
1654130 255
1654140 255
1654150 261
1654160 270
1654170 270
1654180 279
1654190 289
1654200 289
1654210 298
1654220 305
1654230 305
1654240 312
1654250 320
1654260 320
1654270 326
1654280 333
1654290 333
1654300 339
1654310 345
1654320 345
1654330 350
1654340 355
1654350 355
1654360 361
1654370 365
1654380 365
1654390 371
1654400 377
1654410 377
1654420 381
1654430 386
1654440 386
1654450 390
1654460 395
1654470 395
1654480 399
1654490 404
1654500 404
1654510 409
1654520 414
1654530 414
1654540 418
1654550 422
1654560 422
1654570 426
1654580 430
1654590 430
1654600 434
1654610 438
1654620 438
1654630 442
1654640 446
1654650 446
1654660 451
1654670 456
1654680 456
1654690 461
1654700 466
1654710 462
1654720 467
1654730 470
1654740 470
1654750 473
1654760 475
1654770 475
1654780 477
1654790 476
1654800 476
1654810 475
1654820 475
1654830 475
1654840 477
1654850 480
1654860 480
1654870 482
1654880 484
1654890 484
1654900 487
1654910 489
1654920 489
1654930 491
1654940 493
1654950 493
1654960 495
1654970 497
1654980 497
1654990 499
1655000 501
1655010 501
1655020 502
1655030 504
1655040 504
1655050 505
1655060 506
1655070 506
1655080 507
1655090 507
1655100 507
1655110 507
1655120 508
1655130 508
1655140 508
1655150 509
1655160 509
1655170 509
1655180 509
1655190 509
1655200 508
1655210 508
1655220 508
1655230 508
1655240 508
1655250 508
1655260 507
1655270 504
1655280 504
1655290 502
1655300 500
1655310 500
1655320 498
1655330 497
1655340 497
1655350 497
1655360 498
1655370 498
1655380 499
1655390 500
1655400 500
1655410 501
1655420 500
1655430 500
1655440 499
1655450 497
1655460 497
1655470 493
1655480 492
1655490 492
1655500 490
1655510 489
1655520 489
1655530 488
1655540 488
1655550 488
1655560 487
1655570 487
1655580 487
1655590 487
1655600 487
1655610 487
1655620 487
1655630 487
1655640 487
1655650 486
1655660 485
1655670 485
1655680 484
1655690 482
1655700 482
1655710 480
1655720 477
1655730 477
1655740 472
1655750 468
1655760 468
1655770 465
1655780 461
1655790 461
1655800 459
1655810 457
1655820 457
1655830 455
1655840 453
1655850 453
1655860 453
1655870 454
1655880 454
1655890 455
1655900 456
1655910 456
1655920 456
1655930 456
1655940 456
1655950 455
1655960 455
1655970 455
1655980 455
1655990 455
1656000 455
1656010 454
1656020 454
1656030 454
1656040 454
1656050 454
1656060 454
1656070 453
1656080 454
1656090 454
1656100 454
1656110 455
1656120 457
1656130 457
1656140 459
1656150 460
1656160 460
1656170 462
1656180 465
1656190 465
1656200 466
1656210 468
1656220 469
1656230 471
1656240 473
1656250 473
1656260 476
1656270 478
1656280 478
1656290 480
1656300 482
1656310 482
1656320 485
1656330 487
1656340 487
1656350 489
1656360 491
1656370 491
1656380 494
1656390 496
1656400 496
1656410 498
1656420 500
1656430 500
1656440 501
1656450 502
1656460 502
1656470 502
1656480 500
1656490 500
1656500 498
1656510 496
1656520 496
1656530 496
1656540 496
1656550 496
1656560 499
1656570 502
1656580 502
1656590 505
1656600 509
1656610 509
1656620 512
1656630 515
1656640 515
1656650 516
1656660 518
1656670 518
1656680 519
1656690 520
1656700 520
1656710 520
1656720 520
1656730 520
1656740 519
1656750 519
1656760 519
1656770 518
1656780 517
1656790 517
1656800 516
1656810 515
1656820 515
1656830 513
1656840 512
1656850 512
1656860 510
1656870 509
1656880 509
1656890 508
1656900 506
1656910 506
1656920 505
1656930 504
1656940 504
1656950 504
1656960 501
1656970 501
1656980 496
1656990 493
1657000 493
1657010 489
1657020 486
1657030 486
1657040 484
1657050 483
1657060 483
1657070 482
1657080 482
1657090 482
1657100 483
1657110 484
1657120 484
1657130 484
1657140 484
1657150 484
1657160 485
1657170 485
1657180 485
1657190 485
1657200 486
1657210 486
1657220 487
1657230 488
1657240 488
1657250 489
1657260 490
1657270 490
1657280 491
1657290 492
1657300 492
1657310 493
1657320 493
1657330 493
1657340 493
1657350 493
1657360 493
1657370 493
1657380 493
1657390 493
1657400 493
1657410 492
1657420 492
1657430 492
1657440 491
1657450 491
1657460 490
1657470 490
1657480 490
1657490 488
1657500 487
1657510 487
1657520 486
1657530 484
1657540 484
1657550 483
1657560 482
1657570 482
1657580 481
1657590 482
1657600 482
1657610 484
1657620 485
1657630 485
1657640 486
1657650 487
1657660 487
1657670 487
1657680 487
1657690 487
1657700 486
1657710 485
1657720 485
1657730 486
1657740 485
1657750 485
1657760 484
1657770 483
1657780 483
1657790 482
1657800 481
1657810 481
1657820 479
1657830 478
1657840 478
1657850 477
1657860 475
1657870 475
1657880 473
1657890 472
1657900 472
1657910 470
1657920 468
1657930 468
1657940 465
1657950 462
1657960 462
1657970 459
1657980 455
1657990 455
1658000 453
1658010 451
1658020 451
1658030 450
1658040 446
1658050 446
1658060 444
1658070 443
1658080 443
1658090 441
1658100 440
1658110 440
1658120 439
1658130 438
1658140 438
1658150 437
1658160 436
1658170 436
1658180 435
1658190 434
1658200 434
1658210 432
1658220 431
1658230 431
1658240 430
1658250 429
1658260 429
1658270 427
1658280 425
1658290 425
1658300 423
1658310 422
1658320 422
1658330 422
1658340 421
1658350 421
1658360 420
1658370 419
1658380 419
1658390 418
1658400 418
1658410 418
1658420 418
1658430 417
1658440 417
1658450 416
1658460 415
1658470 415
1658480 413
1658490 410
1658500 410
1658510 409
1658520 408
1658530 408
1658540 409
1658550 415
1658560 415
1658570 420
1658580 424
1658590 424
1658600 428
1658610 431
1658620 431
1658630 433
1658640 436
1658650 436
1658660 437
1658670 439
1658680 439
1658690 441
1658700 442
1658710 442
1658720 443
1658730 444
1658740 444
1658750 445
1658760 446
1658770 446
1658780 446
1658790 446
1658800 446
1658810 447
1658820 447
1658830 447
1658840 447
1658850 448
1658860 448
1658870 449
1658880 451
1658890 451
1658900 452
1658910 453
1658920 453
1658930 455
1658940 457
1658950 457
1658960 458
1658970 460
1658980 460
1658990 461
1659000 462
1659010 462
1659020 464
1659030 465
1659040 465
1659050 465
1659060 467
1659070 467
1659080 467
1659090 468
1659100 468
1659110 469
1659120 469
1659130 469
1659140 469
1659150 470
1659160 470
1659170 472
1659180 473
1659190 473
1659200 472
1659210 471
1659220 470
1659230 468
1659240 467
1659250 467
1659260 465
1659270 463
1659280 463
1659290 461
1659300 459
1659310 459
1659320 458
1659330 456
1659340 456
1659350 455
1659360 453
1659370 453
1659380 452
1659390 451
1659400 451
1659410 450
1659420 450
1659430 450
1659440 449
1659450 449
1659460 449
1659470 450
1659480 450
1659490 450
1659500 450
1659510 449
1659520 449
1659530 450
1659540 450
1659550 450
1659560 451
1659570 451
1659580 451
1659590 451
1659600 451
1659610 451
1659620 451
1659630 450
1659640 450
1659650 448
1659660 445
1659670 445
1659680 442
1659690 440
1659700 440
1659710 439
1659720 439
1659730 439
1659740 441
1659750 443
1659760 443
1659770 444
1659780 446
1659790 446
1659800 448
1659810 449
1659820 449
1659830 450
1659840 451
1659850 451
1659860 452
1659870 453
1659880 453
1659890 453
1659900 453
1659910 453
1659920 453
1659930 453
1659940 453
1659950 452
1659960 451
1659970 451
1659980 451
1659990 451
