1640000 241
1640010 241
1640020 241
1640030 241
1640040 241
1640050 241
1640060 241
1640070 241
1640080 241
1640090 241
1640100 241
1640110 241
1640120 241
1640130 241
1640140 242
1640150 242
1640160 242
1640170 242
1640180 242
1640190 242
1640200 243
1640210 242
1640220 243
1640230 242
1640240 242
1640250 242
1640260 242
1640270 243
1640280 243
1640290 243
1640300 243
1640310 243
1640320 243
1640330 243
1640340 243
1640350 243
1640360 243
1640370 243
1640380 243
1640390 243
1640400 243
1640410 243
1640420 243
1640430 243
1640440 243
1640450 243
1640460 243
1640470 243
1640480 243
1640490 243
1640500 243
1640510 243
1640520 243
1640530 243
1640540 243
1640550 243
1640560 243
1640570 243
1640580 243
1640590 244
1640600 244
1640610 244
1640620 244
1640630 245
1640640 245
1640650 246
1640660 246
1640670 246
1640680 247
1640690 248
1640700 248
1640710 249
1640720 251
1640730 251
1640740 253
1640750 254
1640760 254
1640770 255
1640780 256
1640790 256
1640800 258
1640810 259
1640820 259
1640830 261
1640840 262
1640850 262
1640860 264
1640870 265
1640880 265
1640890 265
1640900 266
1640910 266
1640920 267
1640930 268
1640940 268
1640950 269
1640960 270
1640970 270
1640980 271
1640990 273
1641000 273
1641010 274
1641020 275
1641030 275
1641040 276
1641050 276
1641060 276
1641070 277
1641080 279
1641090 279
1641100 280
1641110 281
1641120 281
1641130 282
1641140 283
1641150 283
1641160 284
1641170 285
1641180 285
1641190 285
1641200 286
1641210 286
1641220 287
1641230 288
1641240 288
1641250 289
1641260 290
1641270 290
1641280 291
1641290 291
1641300 291
1641310 291
1641320 291
1641330 291
1641340 291
1641350 291
1641360 291
1641370 291
1641380 292
1641390 292
1641400 292
1641410 292
1641420 292
1641430 291
1641440 291
1641450 291
1641460 290
1641470 289
1641480 289
1641490 289
1641500 288
1641510 288
1641520 288
1641530 288
1641540 288
1641550 288
1641560 288
1641570 288
1641580 289
1641590 289
1641600 289
1641610 289
1641620 289
1641630 289
1641640 289
1641650 289
1641660 289
1641670 289
1641680 289
1641690 289
1641700 288
1641710 288
1641720 288
1641730 287
1641740 285
1641750 285
1641760 284
1641770 282
1641780 282
1641790 279
1641800 277
1641810 277
1641820 274
1641830 272
1641840 272
1641850 270
1641860 268
1641870 268
1641880 264
1641890 261
1641900 261
1641910 258
1641920 255
1641930 255
1641940 254
1641950 254
1641960 254
1641970 255
1641980 257
1641990 257
1642000 261
1642010 263
1642020 263
1642030 266
1642040 269
1642050 269
1642060 271
1642070 272
1642080 272
1642090 274
1642100 276
1642110 276
1642120 278
1642130 280
1642140 280
1642150 282
1642160 283
1642170 283
1642180 285
1642190 286
1642200 286
1642210 287
1642220 287
1642230 287
1642240 288
1642250 288
1642260 288
1642270 288
1642280 289
1642290 289
1642300 289
1642310 289
1642320 289
1642330 289
1642340 289
1642350 289
1642360 289
1642370 288
1642380 288
1642390 287
1642400 286
1642410 286
1642420 284
1642430 282
1642440 282
1642450 280
1642460 277
1642470 277
1642480 275
1642490 273
1642500 273
1642510 271
1642520 269
1642530 269
1642540 267
1642550 267
1642560 267
1642570 267
1642580 267
1642590 267
1642600 267
1642610 268
1642620 268
1642630 269
1642640 270
1642650 270
1642660 271
1642670 271
1642680 271
1642690 272
1642700 274
1642710 274
1642720 274
1642730 273
1642740 273
1642750 273
1642760 273
1642770 273
1642780 273
1642790 273
1642800 274
1642810 274
1642820 275
1642830 276
1642840 276
1642850 278
1642860 281
1642870 281
1642880 283
1642890 284
1642900 284
1642910 286
1642920 287
1642930 287
1642940 289
1642950 290
1642960 290
1642970 291
1642980 293
1642990 293
1643000 294
1643010 295
1643020 295
1643030 296
1643040 298
1643050 298
1643060 298
1643070 299
1643080 299
1643090 300
1643100 300
1643110 300
1643120 300
1643130 300
1643140 300
1643150 300
1643160 300
1643170 300
1643180 300
1643190 301
1643200 301
1643210 301
1643220 302
1643230 302
1643240 304
1643250 305
1643260 305
1643270 307
1643280 308
1643290 308
1643300 309
1643310 311
1643320 311
1643330 312
1643340 314
1643350 314
1643360 315
1643370 315
1643380 315
1643390 315
1643400 315
1643410 315
1643420 315
1643430 314
1643440 314
1643450 311
1643460 310
1643470 310
1643480 310
1643490 308
1643500 308
1643510 309
1643520 312
1643530 312
1643540 313
1643550 313
1643560 313
1643570 312
1643580 311
1643590 311
1643600 311
1643610 310
1643620 310
1643630 309
1643640 308
1643650 308
1643660 309
1643670 310
1643680 310
1643690 311
1643700 313
1643710 313
1643720 315
1643730 316
1643740 316
1643750 317
1643760 318
1643770 318
1643780 320
1643790 323
1643800 323
1643810 326
1643820 328
1643830 328
1643840 330
1643850 332
1643860 332
1643870 335
1643880 337
1643890 337
1643900 338
1643910 340
1643920 340
1643930 341
1643940 342
1643950 342
1643960 342
1643970 342
1643980 342
1643990 342
1644000 342
1644010 342
1644020 342
1644030 343
1644040 343
1644050 345
1644060 347
1644070 347
1644080 351
1644090 355
1644100 355
1644110 359
1644120 362
1644130 362
1644140 364
1644150 365
1644160 365
1644170 366
1644180 367
1644190 367
1644200 368
1644210 369
1644220 369
1644230 370
1644240 371
1644250 371
1644260 372
1644270 372
1644280 372
1644290 373
1644300 373
1644310 373
1644320 374
1644330 373
1644340 373
1644350 373
1644360 373
1644370 373
1644380 373
1644390 372
1644400 372
1644410 372
1644420 371
1644430 371
1644440 371
1644450 370
1644460 370
1644470 369
1644480 369
1644490 369
1644500 368
1644510 368
1644520 368
1644530 367
1644540 367
1644550 367
1644560 366
1644570 365
1644580 365
1644590 365
1644600 364
1644610 364
1644620 363
1644630 363
1644640 363
1644650 363
1644660 362
1644670 362
1644680 361
1644690 360
1644700 360
1644710 358
1644720 356
1644730 356
1644740 354
1644750 352
1644760 352
1644770 350
1644780 348
1644790 348
1644800 347
1644810 346
1644820 346
1644830 345
1644840 344
1644850 344
1644860 343
1644870 341
1644880 341
1644890 340
1644900 339
1644910 339
1644920 339
1644930 338
1644940 338
1644950 338
1644960 338
1644970 338
1644980 337
1644990 335
1645000 335
1645010 335
1645020 335
1645030 335
1645040 335
1645050 335
1645060 335
1645070 334
1645080 333
1645090 333
1645100 333
1645110 331
1645120 331
1645130 329
1645140 323
1645150 323
1645160 321
1645170 320
1645180 320
1645190 317
1645200 314
1645210 314
1645220 312
1645230 311
1645240 311
1645250 310
1645260 309
1645270 309
1645280 306
1645290 302
1645300 302
1645310 297
1645320 291
1645330 291
1645340 285
1645350 279
1645360 279
1645370 276
1645380 276
1645390 276
1645400 276
1645410 276
1645420 276
1645430 275
1645440 275
1645450 275
1645460 276
1645470 276
1645480 276
1645490 277
1645500 278
1645510 278
1645520 279
1645530 280
1645540 280
1645550 280
1645560 279
1645570 279
1645580 279
1645590 278
1645600 278
1645610 277
1645620 277
1645630 277
1645640 277
1645650 276
1645660 276
1645670 277
1645680 278
1645690 278
1645700 279
1645710 279
1645720 279
1645730 279
1645740 279
1645750 279
1645760 279
1645770 280
1645780 280
1645790 281
1645800 282
1645810 282
1645820 282
1645830 283
1645840 283
1645850 284
1645860 285
1645870 285
1645880 285
1645890 286
1645900 286
1645910 286
1645920 286
1645930 286
1645940 287
1645950 286
1645960 286
1645970 287
1645980 287
1645990 287
1646000 288
1646010 288
1646020 288
1646030 289
1646040 290
1646050 290
1646060 290
1646070 291
1646080 291
1646090 292
1646100 292
1646110 292
1646120 293
1646130 294
1646140 294
1646150 294
1646160 295
1646170 295
1646180 296
1646190 297
1646200 297
1646210 298
1646220 299
1646230 299
1646240 299
1646250 300
1646260 300
1646270 300
1646280 301
1646290 301
1646300 302
1646310 302
1646320 302
1646330 303
1646340 305
1646350 305
1646360 305
1646370 306
1646380 306
1646390 306
1646400 307
1646410 307
1646420 308
1646430 308
1646440 308
1646450 309
1646460 310
1646470 310
1646480 310
1646490 310
1646500 310
1646510 311
1646520 311
1646530 311
1646540 312
1646550 312
1646560 312
1646570 312
1646580 313
1646590 313
1646600 313
1646610 313
1646620 313
1646630 312
1646640 312
1646650 312
1646660 311
1646670 311
1646680 311
1646690 311
1646700 311
1646710 311
1646720 311
1646730 310
1646740 310
1646750 310
1646760 309
1646770 309
1646780 309
1646790 309
1646800 309
1646810 309
1646820 308
1646830 308
1646840 308
1646850 308
1646860 308
1646870 307
1646880 307
1646890 307
1646900 306
1646910 306
1646920 306
1646930 306
1646940 305
1646950 305
1646960 305
1646970 305
1646980 305
1646990 305
1647000 305
1647010 305
1647020 304
1647030 304
1647040 304
1647050 304
1647060 303
1647070 303
1647080 303
1647090 302
1647100 302
1647110 301
1647120 299
1647130 299
1647140 298
1647150 297
1647160 297
1647170 297
1647180 297
1647190 297
1647200 298
1647210 298
1647220 298
1647230 298
1647240 299
1647250 299
1647260 300
1647270 301
1647280 301
1647290 302
1647300 302
1647310 302
1647320 303
1647330 304
1647340 304
1647350 304
1647360 305
1647370 305
1647380 305
1647390 305
1647400 305
1647410 306
1647420 307
1647430 307
1647440 307
1647450 308
1647460 308
1647470 310
1647480 312
1647490 312
1647500 313
1647510 314
1647520 314
1647530 314
1647540 314
1647550 315
1647560 315
1647570 315
1647580 315
1647590 315
1647600 315
1647610 315
1647620 314
1647630 314
1647640 314
1647650 314
1647660 314
1647670 314
1647680 314
1647690 314
1647700 314
1647710 314
1647720 313
1647730 313
1647740 312
1647750 312
1647760 312
1647770 311
1647780 311
1647790 311
1647800 310
1647810 310
1647820 310
1647830 310
1647840 309
1647850 309
1647860 308
1647870 308
1647880 308
1647890 307
1647900 307
1647910 307
1647920 307
1647930 306
1647940 306
1647950 306
1647960 305
1647970 305
1647980 304
1647990 304
1648000 304
1648010 303
1648020 303
1648030 303
1648040 302
1648050 302
1648060 302
1648070 301
1648080 301
1648090 301
1648100 300
1648110 299
1648120 299
1648130 298
1648140 298
1648150 298
1648160 298
1648170 297
1648180 297
1648190 296
1648200 295
1648210 295
1648220 294
1648230 293
1648240 293
1648250 291
1648260 290
1648270 290
1648280 289
1648290 289
1648300 289
1648310 290
1648320 290
1648330 290
1648340 292
1648350 293
1648360 293
1648370 294
1648380 295
1648390 295
1648400 296
1648410 297
1648420 297
1648430 298
1648440 299
1648450 299
1648460 300
1648470 301
1648480 301
1648490 301
1648500 302
1648510 302
1648520 303
1648530 304
1648540 304
1648550 305
1648560 307
1648570 307
1648580 308
1648590 309
1648600 309
1648610 311
1648620 312
1648630 312
1648640 313
1648650 314
1648660 314
1648670 315
1648680 316
1648690 316
1648700 317
1648710 318
1648720 318
1648730 319
1648740 320
1648750 320
1648760 320
1648770 321
1648780 321
1648790 321
1648800 321
1648810 321
1648820 321
1648830 321
1648840 321
1648850 321
1648860 322
1648870 322
1648880 322
1648890 323
1648900 324
1648910 324
1648920 325
1648930 326
1648940 326
1648950 326
1648960 327
1648970 327
1648980 327
1648990 328
1649000 328
1649010 329
1649020 330
1649030 330
1649040 330
1649050 331
1649060 331
1649070 332
1649080 332
1649090 332
1649100 333
1649110 334
1649120 334
1649130 337
1649140 338
1649150 338
1649160 338
1649170 339
1649180 339
1649190 339
1649200 339
1649210 339
1649220 338
1649230 338
1649240 338
1649250 338
1649260 337
1649270 337
1649280 336
1649290 335
1649300 335
1649310 333
1649320 333
1649330 333
1649340 331
1649350 330
1649360 330
1649370 329
1649380 328
1649390 328
1649400 328
1649410 329
1649420 329
1649430 329
1649440 328
1649450 328
1649460 326
1649470 326
1649480 326
1649490 330
1649500 332
1649510 332
1649520 333
1649530 333
1649540 333
1649550 332
1649560 334
1649570 334
1649580 338
1649590 339
1649600 339
1649610 341
1649620 342
1649630 342
1649640 344
1649650 345
1649660 345
1649670 345
1649680 346
1649690 346
1649700 346
1649710 346
1649720 346
1649730 346
1649740 345
1649750 345
1649760 344
1649770 343
1649780 343
1649790 341
1649800 339
1649810 339
1649820 336
1649830 333
1649840 333
1649850 329
1649860 324
1649870 324
1649880 318
1649890 315
1649900 315
1649910 313
1649920 311
1649930 311
1649940 308
1649950 307
1649960 307
1649970 305
1649980 304
1649990 304
1650000 303
1650010 302
1650020 302
1650030 301
1650040 299
1650050 299
1650060 298
1650070 297
1650080 297
1650090 296
1650100 295
1650110 295
1650120 293
1650130 291
1650140 291
1650150 290
1650160 290
1650170 290
1650180 290
1650190 290
1650200 290
1650210 290
1650220 290
1650230 290
1650240 291
1650250 292
1650260 292
1650270 293
1650280 294
1650290 294
1650300 294
1650310 295
1650320 295
1650330 295
1650340 296
1650350 296
1650360 297
1650370 298
1650380 298
1650390 299
1650400 301
1650410 301
1650420 302
1650430 303
1650440 303
1650450 304
1650460 306
1650470 306
1650480 310
1650490 313
1650500 313
1650510 315
1650520 316
1650530 316
1650540 317
1650550 318
1650560 318
1650570 320
1650580 322
1650590 322
1650600 325
1650610 328
1650620 328
1650630 330
1650640 331
1650650 331
1650660 331
1650670 332
1650680 332
1650690 332
1650700 333
1650710 333
1650720 333
1650730 333
1650740 333
1650750 332
1650760 332
1650770 332
1650780 331
1650790 331
1650800 331
1650810 330
1650820 330
1650830 330
1650840 330
1650850 329
1650860 329
1650870 328
1650880 327
1650890 327
1650900 326
1650910 325
1650920 325
1650930 323
1650940 321
1650950 321
1650960 320
1650970 319
1650980 319
1650990 317
1651000 317
1651010 317
1651020 318
1651030 318
1651040 318
1651050 318
1651060 318
1651070 318
1651080 317
1651090 318
1651100 318
1651110 318
1651120 319
1651130 319
1651140 320
1651150 320
1651160 320
1651170 320
1651180 320
1651190 320
1651200 320
1651210 319
1651220 319
1651230 318
1651240 318
1651250 318
1651260 317
1651270 316
1651280 316
1651290 316
1651300 315
1651310 315
1651320 315
1651330 315
1651340 315
1651350 315
1651360 316
1651370 316
1651380 317
1651390 319
1651400 319
1651410 320
1651420 321
1651430 321
1651440 321
1651450 322
1651460 322
1651470 322
1651480 321
1651490 321
1651500 322
1651510 322
1651520 322
1651530 322
1651540 321
1651550 321
1651560 322
1651570 323
1651580 323
1651590 324
1651600 325
1651610 325
1651620 326
1651630 326
1651640 326
1651650 327
1651660 327
1651670 327
1651680 328
1651690 329
1651700 329
1651710 329
1651720 330
1651730 330
1651740 330
1651750 330
1651760 330
1651770 329
1651780 328
1651790 328
1651800 327
1651810 327
1651820 327
1651830 327
1651840 326
1651850 326
1651860 326
1651870 325
1651880 325
1651890 325
1651900 325
1651910 325
1651920 325
1651930 324
1651940 324
1651950 323
1651960 322
1651970 322
1651980 321
1651990 320
1652000 320
1652010 319
1652020 319
1652030 319
1652040 318
1652050 318
1652060 318
1652070 317
1652080 316
1652090 316
1652100 315
1652110 314
1652120 314
1652130 314
1652140 313
1652150 313
1652160 313
1652170 313
1652180 313
1652190 314
1652200 314
1652210 314
1652220 314
1652230 314
1652240 314
1652250 312
1652260 312
1652270 312
1652280 312
1652290 313
1652300 313
1652310 313
1652320 313
1652330 313
1652340 313
1652350 315
1652360 315
1652370 316
1652380 318
1652390 318
1652400 321
1652410 323
1652420 323
1652430 325
1652440 327
1652450 327
1652460 328
1652470 329
1652480 329
1652490 330
1652500 331
1652510 331
1652520 331
1652530 333
1652540 333
1652550 334
1652560 336
1652570 336
1652580 338
1652590 339
1652600 339
1652610 340
1652620 340
1652630 340
1652640 339
1652650 339
1652660 339
1652670 338
1652680 338
1652690 338
1652700 339
1652710 339
1652720 339
1652730 339
1652740 338
1652750 338
1652760 335
1652770 333
1652780 333
1652790 329
1652800 324
1652810 324
1652820 319
1652830 315
1652840 315
1652850 312
1652860 308
1652870 308
1652880 303
1652890 297
1652900 297
1652910 290
1652920 285
1652930 285
1652940 279
1652950 273
1652960 273
1652970 267
1652980 262
1652990 262
1653000 258
1653010 255
1653020 255
1653030 249
1653040 247
1653050 247
1653060 245
1653070 242
1653080 242
1653090 240
1653100 238
1653110 238
1653120 238
1653130 238
1653140 238
1653150 238
1653160 238
1653170 238
1653180 238
1653190 237
1653200 237
1653210 237
1653220 237
1653230 237
1653240 237
1653250 237
1653260 237
1653270 237
1653280 236
1653290 236
1653300 236
1653310 235
1653320 235
1653330 235
1653340 235
1653350 235
1653360 236
1653370 235
1653380 235
1653390 235
1653400 236
1653410 236
1653420 236
1653430 236
1653440 236
1653450 236
1653460 236
1653470 236
1653480 236
1653490 235
1653500 235
1653510 233
1653520 233
1653530 233
1653540 233
1653550 233
1653560 233
1653570 231
1653580 228
1653590 228
1653600 227
1653610 227
1653620 227
1653630 227
1653640 227
1653650 227
1653660 227
1653670 227
1653680 227
1653690 227
1653700 227
1653710 227
1653720 227
1653730 227
1653740 227
1653750 227
1653760 226
1653770 226
1653780 226
1653790 226
1653800 226
1653810 226
1653820 226
1653830 226
1653840 226
1653850 226
1653860 226
1653870 226
1653880 226
1653890 226
1653900 226
1653910 226
1653920 226
1653930 226
1653940 226
1653950 226
1653960 226
1653970 226
1653980 226
1653990 226
1654000 226
1654010 226
1654020 228
1654030 230
1654040 230
1654050 233
1654060 234
1654070 234
1654080 235
1654090 240
1654100 240
1654110 245
1654120 252
1654130 252
1654140 257
1654150 262
1654160 262
1654170 266
1654180 269
1654190 269
1654200 271
1654210 274
1654220 274
1654230 276
1654240 279
1654250 279
1654260 280
1654270 282
1654280 282
1654290 283
1654300 284
1654310 284
1654320 284
1654330 285
1654340 285
1654350 286
1654360 288
1654370 288
1654380 289
1654390 292
1654400 292
1654410 295
1654420 298
1654430 298
1654440 300
1654450 303
1654460 303
1654470 305
1654480 307
1654490 307
1654500 309
1654510 310
1654520 310
1654530 311
1654540 314
1654550 314
1654560 312
1654570 314
1654580 314
1654590 317
1654600 320
1654610 320
1654620 321
1654630 323
1654640 323
1654650 324
1654660 325
1654670 325
1654680 326
1654690 327
1654700 327
1654710 328
1654720 328
1654730 328
1654740 329
1654750 331
1654760 331
1654770 331
1654780 332
1654790 332
1654800 333
1654810 334
1654820 334
1654830 335
1654840 334
1654850 334
1654860 333
1654870 330
1654880 330
1654890 328
1654900 327
1654910 327
1654920 327
1654930 325
1654940 325
1654950 324
1654960 323
1654970 323
1654980 322
1654990 321
1655000 321
1655010 321
1655020 319
1655030 319
1655040 320
1655050 320
1655060 320
1655070 321
1655080 321
1655090 321
1655100 321
1655110 319
1655120 319
1655130 320
1655140 320
1655150 320
1655160 321
1655170 323
1655180 323
1655190 324
1655200 325
1655210 325
1655220 327
1655230 333
1655240 333
1655250 341
1655260 347
1655270 347
1655280 352
1655290 354
1655300 354
1655310 357
1655320 355
1655330 358
1655340 358
1655350 361
1655360 365
1655370 365
1655380 368
1655390 373
1655400 373
1655410 378
1655420 384
1655430 384
1655440 390
1655450 396
1655460 396
1655470 403
1655480 409
1655490 409
1655500 417
1655510 424
1655520 424
1655530 429
1655540 434
1655550 434
1655560 440
1655570 448
1655580 448
1655590 455
1655600 461
1655610 461
1655620 468
1655630 476
1655640 476
1655650 482
1655660 483
1655670 483
1655680 482
1655690 480
1655700 480
1655710 480
1655720 482
1655730 482
1655740 483
1655750 485
1655760 485
1655770 487
1655780 489
1655790 489
1655800 492
1655810 494
1655820 494
1655830 498
1655840 502
1655850 502
1655860 506
1655870 508
1655880 508
1655890 507
1655900 506
1655910 506
1655920 507
1655930 508
1655940 508
1655950 508
1655960 507
1655970 507
1655980 504
1655990 502
1656000 502
1656010 502
1656020 502
1656030 502
1656040 502
1656050 504
1656060 504
1656070 507
1656080 510
1656090 510
1656100 514
1656110 516
1656120 516
1656130 517
1656140 519
1656150 519
1656160 520
1656170 522
1656180 522
1656190 523
1656200 525
1656210 525
1656220 526
1656230 528
1656240 528
1656250 530
1656260 531
1656270 531
1656280 533
1656290 534
1656300 534
1656310 534
1656320 535
1656330 535
1656340 535
1656350 535
1656360 535
1656370 535
1656380 535
1656390 535
1656400 535
1656410 536
1656420 536
1656430 536
1656440 536
1656450 536
1656460 536
1656470 536
1656480 536
1656490 536
1656500 535
1656510 535
1656520 534
1656530 532
1656540 532
1656550 530
1656560 528
1656570 528
1656580 525
1656590 522
1656600 522
1656610 519
1656620 516
1656630 516
1656640 513
1656650 510
1656660 510
1656670 507
1656680 503
1656690 503
1656700 499
1656710 496
1656720 496
1656730 493
1656740 490
1656750 490
1656760 485
1656770 480
1656780 480
1656790 473
1656800 468
1656810 468
1656820 463
1656830 456
1656840 456
1656850 449
1656860 443
1656870 443
1656880 438
1656890 435
1656900 435
1656910 429
1656920 425
1656930 425
1656940 422
1656950 421
1656960 421
1656970 422
1656980 423
1656990 423
1657000 425
1657010 427
1657020 427
1657030 429
1657040 430
1657050 430
1657060 432
1657070 434
1657080 434
1657090 438
1657100 442
1657110 442
1657120 446
1657130 449
1657140 449
1657150 450
1657160 451
1657170 451
1657180 451
1657190 451
1657200 451
1657210 452
1657220 452
1657230 452
1657240 453
1657250 453
1657260 453
1657270 452
1657280 451
1657290 451
1657300 447
1657310 443
1657320 443
1657330 438
1657340 434
1657350 434
1657360 430
1657370 426
1657380 426
1657390 422
1657400 419
1657410 419
1657420 415
1657430 412
1657440 412
1657450 409
1657460 406
1657470 406
1657480 404
1657490 403
1657500 403
1657510 401
1657520 398
1657530 398
1657540 395
1657550 390
1657560 390
1657570 385
1657580 382
1657590 382
1657600 381
1657610 385
1657620 385
1657630 388
1657640 392
1657650 392
1657660 396
1657670 400
1657680 400
1657690 401
1657700 400
1657710 400
1657720 397
1657730 393
1657740 393
1657750 388
1657760 385
1657770 385
1657780 381
1657790 378
1657800 378
1657810 375
1657820 373
1657830 373
1657840 372
1657850 372
1657860 372
1657870 371
1657880 370
1657890 370
1657900 368
1657910 365
1657920 365
1657930 362
1657940 359
1657950 359
1657960 356
1657970 352
1657980 352
1657990 346
1658000 340
1658010 340
1658020 334
1658030 332
1658040 332
1658050 334
1658060 339
1658070 339
1658080 343
1658090 348
1658100 348
1658110 354
1658120 357
1658130 357
1658140 360
1658150 364
1658160 364
1658170 369
1658180 373
1658190 373
1658200 376
1658210 379
1658220 379
1658230 380
1658240 381
1658250 381
1658260 380
1658270 378
1658280 378
1658290 380
1658300 382
1658310 382
1658320 385
1658330 388
1658340 388
1658350 395
1658360 400
1658370 400
1658380 404
1658390 408
1658400 408
1658410 413
1658420 417
1658430 417
1658440 420
1658450 423
1658460 423
1658470 425
1658480 427
1658490 427
1658500 429
1658510 431
1658520 431
1658530 434
1658540 435
1658550 435
1658560 437
1658570 439
1658580 439
1658590 441
1658600 443
1658610 443
1658620 445
1658630 447
1658640 447
1658650 449
1658660 451
1658670 451
1658680 453
1658690 454
1658700 454
1658710 456
1658720 458
1658730 458
1658740 459
1658750 460
1658760 460
1658770 460
1658780 460
1658790 460
1658800 460
1658810 460
1658820 460
1658830 461
1658840 461
1658850 461
1658860 461
1658870 462
1658880 462
1658890 462
1658900 463
1658910 463
1658920 463
1658930 463
1658940 463
1658950 464
1658960 464
1658970 464
1658980 464
1658990 464
1659000 464
1659010 464
1659020 464
1659030 464
1659040 463
1659050 462
1659060 462
1659070 461
1659080 460
1659090 460
1659100 459
1659110 459
1659120 459
1659130 458
1659140 458
1659150 458
1659160 458
1659170 457
1659180 457
1659190 457
1659200 457
1659210 457
1659220 456
1659230 456
1659240 456
1659250 456
1659260 456
1659270 456
1659280 455
1659290 454
1659300 454
1659310 453
1659320 453
1659330 453
1659340 454
1659350 455
1659360 455
1659370 456
1659380 456
1659390 456
1659400 455
1659410 455
1659420 455
1659430 454
1659440 453
1659450 453
1659460 451
1659470 451
1659480 451
1659490 450
1659500 451
1659510 451
1659520 452
1659530 453
1659540 453
1659550 454
1659560 454
1659570 454
1659580 455
1659590 455
1659600 455
1659610 454
1659620 454
1659630 454
1659640 453
1659650 452
1659660 452
1659670 450
1659680 448
1659690 448
1659700 447
1659710 445
1659720 445
1659730 443
1659740 441
1659750 441
1659760 440
1659770 439
1659780 439
1659790 437
1659800 435
1659810 434
1659820 432
1659830 430
1659840 430
1659850 427
1659860 424
1659870 424
1659880 426
1659890 431
1659900 431
1659910 436
1659920 441
1659930 441
1659940 444
1659950 445
1659960 445
1659970 445
1659980 445
1659990 445
