1640000 241
1640010 242
1640020 242
1640030 242
1640040 241
1640050 241
1640060 242
1640070 242
1640080 242
1640090 242
1640100 242
1640110 242
1640120 242
1640130 242
1640140 242
1640150 242
1640160 242
1640170 242
1640180 242
1640190 243
1640200 243
1640210 243
1640220 243
1640230 243
1640240 242
1640250 242
1640260 242
1640270 242
1640280 242
1640290 242
1640300 242
1640310 242
1640320 242
1640330 242
1640340 242
1640350 242
1640360 242
1640370 242
1640380 242
1640390 242
1640400 242
1640410 242
1640420 242
1640430 242
1640440 242
1640450 243
1640460 243
1640470 243
1640480 243
1640490 243
1640500 243
1640510 243
1640520 242
1640530 242
1640540 242
1640550 242
1640560 242
1640570 242
1640580 242
1640590 242
1640600 242
1640610 242
1640620 242
1640630 242
1640640 242
1640650 242
1640660 242
1640670 242
1640680 242
1640690 242
1640700 242
1640710 242
1640720 242
1640730 243
1640740 243
1640750 243
1640760 244
1640770 244
1640780 245
1640790 246
1640800 246
1640810 248
1640820 251
1640830 251
1640840 254
1640850 256
1640860 256
1640870 260
1640880 261
1640890 261
1640900 263
1640910 266
1640920 266
1640930 267
1640940 269
1640950 269
1640960 270
1640970 270
1640980 270
1640990 271
1641000 272
1641010 272
1641020 273
1641030 274
1641040 274
1641050 275
1641060 276
1641070 276
1641080 277
1641090 278
1641100 278
1641110 278
1641120 279
1641130 279
1641140 279
1641150 280
1641160 280
1641170 280
1641180 281
1641190 281
1641200 281
1641210 282
1641220 282
1641230 282
1641240 283
1641250 283
1641260 283
1641270 283
1641280 283
1641290 284
1641300 284
1641310 284
1641320 284
1641330 284
1641340 284
1641350 284
1641360 284
1641370 284
1641380 284
1641390 285
1641400 285
1641410 285
1641420 285
1641430 285
1641440 285
1641450 285
1641460 285
1641470 286
1641480 287
1641490 287
1641500 287
1641510 287
1641520 287
1641530 287
1641540 287
1641550 287
1641560 287
1641570 287
1641580 287
1641590 287
1641600 286
1641610 286
1641620 285
1641630 284
1641640 284
1641650 283
1641660 282
1641670 282
1641680 282
1641690 281
1641700 281
1641710 281
1641720 282
1641730 282
1641740 283
1641750 283
1641760 283
1641770 284
1641780 284
1641790 284
1641800 284
1641810 284
1641820 284
1641830 283
1641840 281
1641850 281
1641860 280
1641870 278
1641880 278
1641890 277
1641900 275
1641910 275
1641920 273
1641930 271
1641940 271
1641950 268
1641960 265
1641970 265
1641980 261
1641990 259
1642000 259
1642010 256
1642020 255
1642030 255
1642040 253
1642050 252
1642060 252
1642070 252
1642080 252
1642090 252
1642100 253
1642110 256
1642120 256
1642130 259
1642140 263
1642150 263
1642160 266
1642170 266
1642180 266
1642190 266
1642200 265
1642210 265
1642220 264
1642230 263
1642240 263
1642250 264
1642260 266
1642270 266
1642280 269
1642290 271
1642300 271
1642310 272
1642320 273
1642330 273
1642340 274
1642350 275
1642360 275
1642370 276
1642380 276
1642390 276
1642400 276
1642410 277
1642420 277
1642430 276
1642440 275
1642450 275
1642460 274
1642470 272
1642480 272
1642490 270
1642500 268
1642510 268
1642520 265
1642530 263
1642540 263
1642550 261
1642560 260
1642570 260
1642580 261
1642590 262
1642600 262
1642610 265
1642620 267
1642630 267
1642640 269
1642650 271
1642660 271
1642670 273
1642680 274
1642690 274
1642700 276
1642710 278
1642720 278
1642730 279
1642740 280
1642750 280
1642760 281
1642770 282
1642780 282
1642790 282
1642800 283
1642810 283
1642820 283
1642830 283
1642840 283
1642850 282
1642860 281
1642870 281
1642880 280
1642890 279
1642900 279
1642910 278
1642920 277
1642930 277
1642940 275
1642950 275
1642960 275
1642970 274
1642980 272
1642990 272
1643000 270
1643010 270
1643020 270
1643030 270
1643040 271
1643050 271
1643060 271
1643070 271
1643080 271
1643090 271
1643100 272
1643110 272
1643120 273
1643130 274
1643140 274
1643150 274
1643160 275
1643170 275
1643180 275
1643190 277
1643200 277
1643210 277
1643220 278
1643230 277
1643240 278
1643250 281
1643260 281
1643270 282
1643280 284
1643290 284
1643300 286
1643310 288
1643320 288
1643330 290
1643340 292
1643350 292
1643360 294
1643370 297
1643380 297
1643390 300
1643400 303
1643410 303
1643420 307
1643430 310
1643440 310
1643450 314
1643460 317
1643470 317
1643480 321
1643490 325
1643500 325
1643510 328
1643520 331
1643530 331
1643540 333
1643550 335
1643560 335
1643570 337
1643580 338
1643590 338
1643600 339
1643610 341
1643620 341
1643630 342
1643640 343
1643650 343
1643660 343
1643670 344
1643680 344
1643690 345
1643700 346
1643710 346
1643720 346
1643730 347
1643740 347
1643750 348
1643760 349
1643770 349
1643780 349
1643790 351
1643800 351
1643810 352
1643820 352
1643830 352
1643840 353
1643850 354
1643860 354
1643870 355
1643880 355
1643890 355
1643900 356
1643910 357
1643920 357
1643930 358
1643940 358
1643950 358
1643960 359
1643970 360
1643980 360
1643990 361
1644000 362
1644010 362
1644020 364
1644030 365
1644040 367
1644050 367
1644060 368
1644070 368
1644080 369
1644090 370
1644100 370
1644110 370
1644120 370
1644130 370
1644140 369
1644150 368
1644160 368
1644170 368
1644180 369
1644190 369
1644200 371
1644210 373
1644220 373
1644230 375
1644240 377
1644250 377
1644260 378
1644270 378
1644280 378
1644290 379
1644300 380
1644310 380
1644320 380
1644330 380
1644340 380
1644350 380
1644360 380
1644370 380
1644380 380
1644390 380
1644400 380
1644410 380
1644420 379
1644430 379
1644440 379
1644450 378
1644460 378
1644470 378
1644480 376
1644490 376
1644500 374
1644510 372
1644520 372
1644530 370
1644540 367
1644550 367
1644560 363
1644570 360
1644580 357
1644590 357
1644600 353
1644610 349
1644620 349
1644630 345
1644640 341
1644650 341
1644660 336
1644670 333
1644680 333
1644690 335
1644700 337
1644710 337
1644720 339
1644730 341
1644740 341
1644750 343
1644760 346
1644770 346
1644780 346
1644790 346
1644800 346
1644810 346
1644820 345
1644830 345
1644840 345
1644850 351
1644860 351
1644870 352
1644880 353
1644890 353
1644900 353
1644910 352
1644920 352
1644930 348
1644940 342
1644950 342
1644960 335
1644970 329
1644980 329
1644990 320
1645000 314
1645010 314
1645020 311
1645030 308
1645040 308
1645050 307
1645060 304
1645070 304
1645080 301
1645090 296
1645100 296
1645110 291
1645120 289
1645130 289
1645140 289
1645150 292
1645160 292
1645170 297
1645180 296
1645190 296
1645200 291
1645210 286
1645220 286
1645230 278
1645240 271
1645250 271
1645260 269
1645270 268
1645280 268
1645290 268
1645300 271
1645310 271
1645320 273
1645330 281
1645340 281
1645350 293
1645360 297
1645370 297
1645380 300
1645390 305
1645400 305
1645410 309
1645420 310
1645430 310
1645440 312
1645450 312
1645460 312
1645470 310
1645480 309
1645490 309
1645500 308
1645510 306
1645520 306
1645530 305
1645540 304
1645550 304
1645560 304
1645570 303
1645580 303
1645590 302
1645600 301
1645610 301
1645620 299
1645630 298
1645640 298
1645650 297
1645660 295
1645670 295
1645680 293
1645690 292
1645700 292
1645710 291
1645720 290
1645730 290
1645740 288
1645750 286
1645760 286
1645770 287
1645780 288
1645790 288
1645800 291
1645810 292
1645820 292
1645830 293
1645840 294
1645850 294
1645860 295
1645870 296
1645880 296
1645890 297
1645900 298
1645910 298
1645920 298
1645930 299
1645940 299
1645950 299
1645960 299
1645970 299
1645980 299
1645990 300
1646000 300
1646010 300
1646020 300
1646030 300
1646040 300
1646050 301
1646060 301
1646070 301
1646080 301
1646090 301
1646100 301
1646110 302
1646120 302
1646130 302
1646140 303
1646150 303
1646160 303
1646170 303
1646180 303
1646190 304
1646200 304
1646210 304
1646220 304
1646230 305
1646240 305
1646250 305
1646260 305
1646270 305
1646280 305
1646290 306
1646300 306
1646310 306
1646320 307
1646330 307
1646340 307
1646350 307
1646360 307
1646370 307
1646380 307
1646390 307
1646400 308
1646410 308
1646420 308
1646430 308
1646440 308
1646450 308
1646460 308
1646470 308
1646480 308
1646490 310
1646500 310
1646510 310
1646520 310
1646530 310
1646540 310
1646550 310
1646560 309
1646570 309
1646580 308
1646590 307
1646600 307
1646610 307
1646620 306
1646630 306
1646640 306
1646650 305
1646660 305
1646670 304
1646680 304
1646690 304
1646700 303
1646710 303
1646720 303
1646730 302
1646740 301
1646750 301
1646760 300
1646770 300
1646780 300
1646790 299
1646800 299
1646810 299
1646820 299
1646830 299
1646840 299
1646850 298
1646860 298
1646870 298
1646880 298
1646890 297
1646900 297
1646910 297
1646920 296
1646930 296
1646940 295
1646950 294
1646960 294
1646970 294
1646980 294
1646990 294
1647000 294
1647010 294
1647020 294
1647030 293
1647040 293
1647050 293
1647060 292
1647070 292
1647080 292
1647090 292
1647100 291
1647110 291
1647120 291
1647130 290
1647140 290
1647150 290
1647160 290
1647170 290
1647180 290
1647190 290
1647200 290
1647210 291
1647220 292
1647230 292
1647240 293
1647250 294
1647260 294
1647270 295
1647280 296
1647290 296
1647300 296
1647310 297
1647320 297
1647330 297
1647340 298
1647350 298
1647360 298
1647370 300
1647380 300
1647390 300
1647400 299
1647410 299
1647420 300
1647430 301
1647440 301
1647450 302
1647460 303
1647470 303
1647480 304
1647490 304
1647500 304
1647510 306
1647520 308
1647530 308
1647540 309
1647550 309
1647560 309
1647570 309
1647580 309
1647590 309
1647600 308
1647610 308
1647620 308
1647630 308
1647640 307
1647650 307
1647660 307
1647670 307
1647680 307
1647690 307
1647700 306
1647710 306
1647720 305
1647730 304
1647740 304
1647750 303
1647760 302
1647770 302
1647780 302
1647790 301
1647800 301
1647810 301
1647820 300
1647830 300
1647840 299
1647850 299
1647860 299
1647870 298
1647880 298
1647890 298
1647900 298
1647910 299
1647920 299
1647930 299
1647940 299
1647950 299
1647960 298
1647970 298
1647980 298
1647990 298
1648000 298
1648010 298
1648020 297
1648030 296
1648040 296
1648050 296
1648060 296
1648070 296
1648080 295
1648090 295
1648100 295
1648110 293
1648120 292
1648130 292
1648140 291
1648150 290
1648160 290
1648170 289
1648180 288
1648190 288
1648200 288
1648210 287
1648220 287
1648230 286
1648240 286
1648250 286
1648260 287
1648270 288
1648280 288
1648290 288
1648300 288
1648310 288
1648320 289
1648330 290
1648340 290
1648350 290
1648360 291
1648370 291
1648380 291
1648390 292
1648400 292
1648410 292
1648420 293
1648430 293
1648440 294
1648450 294
1648460 294
1648470 295
1648480 295
1648490 295
1648500 295
1648510 295
1648520 295
1648530 296
1648540 296
1648550 296
1648560 297
1648570 297
1648580 297
1648590 298
1648600 298
1648610 298
1648620 298
1648630 298
1648640 298
1648650 299
1648660 301
1648670 301
1648680 302
1648690 303
1648700 303
1648710 304
1648720 305
1648730 305
1648740 306
1648750 307
1648760 307
1648770 308
1648780 309
1648790 309
1648800 311
1648810 312
1648820 312
1648830 313
1648840 314
1648850 314
1648860 316
1648870 317
1648880 317
1648890 318
1648900 320
1648910 320
1648920 321
1648930 321
1648940 321
1648950 322
1648960 323
1648970 323
1648980 324
1648990 325
1649000 325
1649010 327
1649020 328
1649030 328
1649040 328
1649050 329
1649060 329
1649070 330
1649080 331
1649090 331
1649100 331
1649110 332
1649120 332
1649130 333
1649140 335
1649150 335
1649160 336
1649170 337
1649180 337
1649190 338
1649200 339
1649210 339
1649220 342
1649230 344
1649240 344
1649250 347
1649260 349
1649270 349
1649280 351
1649290 352
1649300 352
1649310 354
1649320 355
1649330 355
1649340 357
1649350 358
1649360 358
1649370 359
1649380 359
1649390 359
1649400 360
1649410 360
1649420 360
1649430 360
1649440 359
1649450 359
1649460 358
1649470 358
1649480 358
1649490 359
1649500 360
1649510 360
1649520 360
1649530 360
1649540 360
1649550 360
1649560 360
1649570 360
1649580 360
1649590 360
1649600 360
1649610 360
1649620 360
1649630 356
1649640 355
1649650 355
1649660 355
1649670 355
1649680 355
1649690 355
1649700 354
1649710 354
1649720 354
1649730 353
1649740 353
1649750 353
1649760 353
1649770 352
1649780 352
1649790 352
1649800 352
1649810 352
1649820 352
1649830 352
1649840 352
1649850 352
1649860 352
1649870 352
1649880 351
1649890 349
1649900 349
1649910 346
1649920 342
1649930 342
1649940 338
1649950 332
1649960 332
1649970 326
1649980 320
1649990 320
1650000 316
1650010 315
1650020 315
1650030 312
1650040 309
1650050 309
1650060 307
1650070 303
1650080 303
1650090 300
1650100 301
1650110 301
1650120 304
1650130 310
1650140 310
1650150 316
1650160 320
1650170 320
1650180 322
1650190 323
1650200 323
1650210 324
1650220 326
1650230 326
1650240 328
1650250 330
1650260 330
1650270 332
1650280 332
1650290 332
1650300 333
1650310 333
1650320 333
1650330 332
1650340 332
1650350 332
1650360 332
1650370 332
1650380 332
1650390 332
1650400 332
1650410 332
1650420 331
1650430 332
1650440 332
1650450 332
1650460 333
1650470 333
1650480 333
1650490 334
1650500 334
1650510 334
1650520 335
1650530 335
1650540 336
1650550 336
1650560 336
1650570 336
1650580 336
1650590 336
1650600 337
1650610 337
1650620 337
1650630 337
1650640 337
1650650 337
1650660 337
1650670 336
1650680 336
1650690 336
1650700 335
1650710 334
1650720 334
1650730 334
1650740 334
1650750 334
1650760 333
1650770 331
1650780 331
1650790 330
1650800 328
1650810 328
1650820 327
1650830 327
1650840 327
1650850 328
1650860 328
1650870 328
1650880 329
1650890 329
1650900 329
1650910 330
1650920 330
1650930 330
1650940 330
1650950 330
1650960 330
1650970 331
1650980 331
1650990 331
1651000 332
1651010 333
1651020 333
1651030 333
1651040 334
1651050 334
1651060 334
1651070 335
1651080 335
1651090 335
1651100 336
1651110 336
1651120 337
1651130 337
1651140 337
1651150 337
1651160 338
1651170 338
1651180 338
1651190 339
1651200 336
1651210 336
1651220 337
1651230 337
1651240 337
1651250 337
1651260 337
1651270 337
1651280 337
1651290 337
1651300 337
1651310 337
1651320 337
1651330 336
1651340 334
1651350 334
1651360 333
1651370 334
1651380 334
1651390 336
1651400 337
1651410 337
1651420 338
1651430 339
1651440 339
1651450 340
1651460 342
1651470 342
1651480 343
1651490 344
1651500 344
1651510 345
1651520 346
1651530 346
1651540 347
1651550 348
1651560 348
1651570 349
1651580 350
1651590 350
1651600 352
1651610 352
1651620 352
1651630 353
1651640 354
1651650 354
1651660 354
1651670 353
1651680 353
1651690 354
1651700 354
1651710 354
1651720 354
1651730 356
1651740 356
1651750 357
1651760 357
1651770 357
1651780 357
1651790 358
1651800 358
1651810 359
1651820 359
1651830 359
1651840 361
1651850 361
1651860 361
1651870 362
1651880 363
1651890 363
1651900 363
1651910 363
1651920 363
1651930 363
1651940 364
1651950 364
1651960 364
1651970 364
1651980 360
1651990 360
1652000 360
1652010 360
1652020 360
1652030 361
1652040 361
1652050 361
1652060 362
1652070 362
1652080 362
1652090 363
1652100 363
1652110 364
1652120 364
1652130 364
1652140 364
1652150 363
1652160 363
1652170 361
1652180 360
1652190 360
1652200 359
1652210 357
1652220 357
1652230 354
1652240 350
1652250 350
1652260 347
1652270 347
1652280 347
1652290 348
1652300 350
1652310 350
1652320 352
1652330 354
1652340 354
1652350 358
1652360 361
1652370 361
1652380 364
1652390 369
1652400 369
1652410 374
1652420 380
1652430 380
1652440 386
1652450 390
1652460 390
1652470 391
1652480 391
1652490 391
1652500 390
1652510 390
1652520 390
1652530 391
1652540 393
1652550 393
1652560 396
1652570 399
1652580 399
1652590 401
1652600 401
1652610 401
1652620 399
1652630 397
1652640 397
1652650 395
1652660 394
1652670 394
1652680 395
1652690 395
1652700 395
1652710 393
1652720 389
1652730 389
1652740 383
1652750 376
1652760 376
1652770 371
1652780 364
1652790 364
1652800 359
1652810 354
1652820 354
1652830 348
1652840 341
1652850 341
1652860 336
1652870 331
1652880 331
1652890 327
1652900 323
1652910 323
1652920 320
1652930 317
1652940 317
1652950 314
1652960 310
1652970 310
1652980 307
1652990 302
1653000 302
1653010 298
1653020 294
1653030 294
1653040 289
1653050 285
1653060 285
1653070 280
1653080 276
1653090 276
1653100 272
1653110 268
1653120 268
1653130 263
1653140 259
1653150 259
1653160 255
1653170 251
1653180 251
1653190 248
1653200 246
1653210 246
1653220 245
1653230 243
1653240 243
1653250 241
1653260 238
1653270 238
1653280 237
1653290 237
1653300 237
1653310 237
1653320 238
1653330 238
1653340 237
1653350 236
1653360 236
1653370 236
1653380 236
1653390 236
1653400 236
1653410 236
1653420 236
1653430 236
1653440 236
1653450 236
1653460 236
1653470 236
1653480 236
1653490 236
1653500 236
1653510 236
1653520 236
1653530 236
1653540 236
1653550 236
1653560 236
1653570 236
1653580 234
1653590 232
1653600 232
1653610 228
1653620 227
1653630 227
1653640 227
1653650 227
1653660 227
1653670 227
1653680 227
1653690 227
1653700 227
1653710 227
1653720 227
1653730 227
1653740 227
1653750 227
1653760 227
1653770 227
1653780 227
1653790 227
1653800 226
1653810 226
1653820 226
1653830 226
1653840 226
1653850 226
1653860 226
1653870 226
1653880 226
1653890 226
1653900 226
1653910 226
1653920 226
1653930 226
1653940 226
1653950 226
1653960 226
1653970 226
1653980 226
1653990 226
1654000 228
1654010 230
1654020 230
1654030 233
1654040 236
1654050 236
1654060 242
1654070 250
1654080 250
1654090 257
1654100 265
1654110 265
1654120 273
1654130 279
1654140 279
1654150 285
1654160 290
1654170 290
1654180 295
1654190 299
1654200 299
1654210 303
1654220 307
1654230 307
1654240 312
1654250 317
1654260 317
1654270 321
1654280 320
1654290 320
1654300 322
1654310 324
1654320 324
1654330 327
1654340 329
1654350 329
1654360 332
1654370 336
1654380 336
1654390 339
1654400 343
1654410 343
1654420 347
1654430 352
1654440 352
1654450 356
1654460 358
1654470 358
1654480 359
1654490 358
1654500 358
1654510 357
1654520 355
1654530 355
1654540 355
1654550 358
1654560 358
1654570 361
1654580 363
1654590 363
1654600 365
1654610 366
1654620 366
1654630 368
1654640 368
1654650 368
1654660 368
1654670 368
1654680 368
1654690 369
1654700 369
1654710 369
1654720 371
1654730 371
1654740 371
1654750 372
1654760 371
1654770 371
1654780 372
1654790 374
1654800 374
1654810 376
1654820 379
1654830 379
1654840 382
1654850 386
1654860 386
1654870 388
1654880 388
1654890 388
1654900 387
1654910 386
1654920 386
1654930 384
1654940 382
1654950 382
1654960 381
1654970 381
1654980 381
1654990 380
1655000 379
1655010 379
1655020 378
1655030 378
1655040 378
1655050 373
1655060 373
1655070 373
1655080 373
1655090 372
1655100 372
1655110 371
1655120 373
1655130 373
1655140 375
1655150 378
1655160 378
1655170 381
1655180 384
1655190 384
1655200 384
1655210 383
1655220 383
1655230 380
1655240 377
1655250 377
1655260 375
1655270 375
1655280 375
1655290 373
1655300 371
1655310 371
1655320 371
1655330 371
1655340 371
1655350 373
1655360 376
1655370 376
1655380 379
1655390 385
1655400 385
1655410 390
1655420 394
1655430 394
1655440 399
1655450 403
1655460 403
1655470 408
1655480 414
1655490 414
1655500 419
1655510 423
1655520 423
1655530 427
1655540 432
1655550 432
1655560 437
1655570 442
1655580 442
1655590 447
1655600 451
1655610 451
1655620 457
1655630 464
1655640 464
1655650 471
1655660 476
1655670 476
1655680 479
1655690 483
1655700 483
1655710 485
1655720 487
1655730 487
1655740 489
1655750 490
1655760 490
1655770 492
1655780 495
1655790 495
1655800 507
1655810 508
1655820 508
1655830 510
1655840 511
1655850 511
1655860 510
1655870 509
1655880 509
1655890 508
1655900 508
1655910 508
1655920 508
1655930 509
1655940 509
1655950 511
1655960 514
1655970 514
1655980 517
1655990 520
1656000 520
1656010 523
1656020 525
1656030 525
1656040 527
1656050 528
1656060 528
1656070 530
1656080 531
1656090 531
1656100 532
1656110 533
1656120 533
1656130 534
1656140 535
1656150 535
1656160 536
1656170 537
1656180 537
1656190 538
1656200 538
1656210 538
1656220 538
1656230 539
1656240 539
1656250 539
1656260 539
1656270 539
1656280 540
1656290 540
1656300 540
1656310 541
1656320 541
1656330 541
1656340 541
1656350 541
1656360 541
1656370 541
1656380 542
1656390 542
1656400 543
1656410 543
1656420 543
1656430 543
1656440 544
1656450 544
1656460 544
1656470 544
1656480 544
1656490 545
1656500 546
1656510 546
1656520 547
1656530 547
1656540 547
1656550 546
1656560 545
1656570 545
1656580 543
1656590 541
1656600 541
1656610 537
1656620 533
1656630 533
1656640 529
1656650 526
1656660 526
1656670 523
1656680 521
1656690 521
1656700 518
1656710 515
1656720 515
1656730 512
1656740 508
1656750 508
1656760 505
1656770 502
1656780 502
1656790 499
1656800 496
1656810 496
1656820 493
1656830 490
1656840 490
1656850 486
1656860 481
1656870 474
1656880 474
1656890 467
1656900 462
1656910 462
1656920 460
1656930 459
1656940 459
1656950 459
1656960 462
1656970 462
1656980 464
1656990 466
1657000 466
1657010 469
1657020 473
1657030 473
1657040 478
1657050 482
1657060 482
1657070 482
1657080 482
1657090 482
1657100 480
1657110 477
1657120 477
1657130 474
1657140 471
1657150 471
1657160 467
1657170 463
1657180 463
1657190 459
1657200 457
1657210 457
1657220 455
1657230 452
1657240 452
1657250 449
1657260 447
1657270 447
1657280 444
1657290 440
1657300 440
1657310 434
1657320 431
1657330 431
1657340 428
1657350 424
1657360 424
1657370 420
1657380 416
1657390 416
1657400 412
1657410 408
1657420 408
1657430 405
1657440 402
1657450 402
1657460 399
1657470 398
1657480 398
1657490 398
1657500 400
1657510 400
1657520 403
1657530 405
1657540 405
1657550 407
1657560 408
1657570 408
1657580 410
1657590 412
1657600 412
1657610 413
1657620 413
1657630 413
1657640 414
1657650 413
1657660 413
1657670 413
1657680 412
1657690 412
1657700 411
1657710 409
1657720 409
1657730 408
1657740 407
1657750 407
1657760 405
1657770 402
1657780 402
1657790 399
1657800 394
1657810 394
1657820 388
1657830 381
1657840 381
1657850 376
1657860 380
1657870 380
1657880 383
1657890 386
1657900 386
1657910 389
1657920 391
1657930 391
1657940 390
1657950 389
1657960 389
1657970 387
1657980 383
1657990 383
1658000 379
1658010 375
1658020 375
1658030 373
1658040 371
1658050 371
1658060 365
1658070 364
1658080 364
1658090 363
1658100 363
1658110 363
1658120 365
1658130 365
1658140 365
1658150 364
1658160 364
1658170 364
1658180 366
1658190 370
1658200 370
1658210 373
1658220 377
1658230 377
1658240 379
1658250 382
1658260 382
1658270 385
1658280 389
1658290 389
1658300 393
1658310 397
1658320 397
1658330 401
1658340 405
1658350 405
1658360 406
1658370 406
1658380 406
1658390 407
1658400 406
1658410 406
1658420 406
1658430 405
1658440 405
1658450 405
1658460 406
1658470 406
1658480 407
1658490 408
1658500 408
1658510 410
1658520 411
1658530 411
1658540 413
1658550 413
1658560 413
1658570 415
1658580 417
1658590 417
1658600 419
1658610 421
1658620 421
1658630 423
1658640 426
1658650 426
1658660 430
1658670 432
1658680 432
1658690 434
1658700 436
1658710 436
1658720 439
1658730 441
1658740 441
1658750 443
1658760 445
1658770 445
1658780 448
1658790 449
1658800 449
1658810 453
1658820 455
1658830 455
1658840 457
1658850 458
1658860 458
1658870 460
1658880 462
1658890 462
1658900 463
1658910 464
1658920 464
1658930 466
1658940 467
1658950 467
1658960 468
1658970 469
1658980 469
1658990 469
1659000 469
1659010 469
1659020 470
1659030 470
1659040 470
1659050 470
1659060 471
1659070 471
1659080 472
1659090 472
1659100 472
1659110 472
1659120 472
1659130 472
1659140 472
1659150 471
1659160 471
1659170 471
1659180 470
1659190 470
1659200 469
1659210 467
1659220 467
1659230 465
1659240 465
1659250 465
1659260 465
1659270 466
1659280 466
1659290 467
1659300 467
1659310 467
1659320 468
1659330 468
1659340 468
1659350 469
1659360 469
1659370 469
1659380 469
1659390 468
1659400 468
1659410 468
1659420 468
1659430 468
1659440 467
1659450 466
1659460 466
1659470 465
1659480 465
1659490 465
1659500 463
1659510 462
1659520 462
1659530 460
1659540 458
1659550 456
1659560 455
1659570 453
1659580 453
1659590 452
1659600 451
1659610 451
1659620 450
1659630 449
1659640 449
1659650 447
1659660 446
1659670 446
1659680 444
1659690 444
1659700 444
1659710 443
1659720 443
1659730 443
1659740 442
1659750 441
1659760 441
1659770 440
1659780 438
1659790 438
1659800 436
1659810 435
1659820 435
1659830 438
1659840 440
1659850 440
1659860 441
1659870 441
1659880 441
1659890 441
1659900 441
1659910 441
1659920 442
1659930 443
1659940 443
1659950 444
1659960 445
1659970 445
1659980 444
1659990 443
