1640000 474
1640010 474
1640020 474
1640030 474
1640040 474
1640050 474
1640060 475
1640070 476
1640080 476
1640090 477
1640100 478
1640110 478
1640120 479
1640130 479
1640140 479
1640150 481
1640160 482
1640170 482
1640180 483
1640190 484
1640200 484
1640210 485
1640220 486
1640230 486
1640240 488
1640250 489
1640260 489
1640270 490
1640280 490
1640290 490
1640300 491
1640310 492
1640320 492
1640330 493
1640340 493
1640350 493
1640360 494
1640370 495
1640380 495
1640390 495
1640400 496
1640410 496
1640420 497
1640430 497
1640440 497
1640450 497
1640460 498
1640470 498
1640480 498
1640490 498
1640500 498
1640510 498
1640520 498
1640530 498
1640540 498
1640550 499
1640560 499
1640570 499
1640580 498
1640590 498
1640600 498
1640610 498
1640620 498
1640630 498
1640640 498
1640650 498
1640660 498
1640670 497
1640680 497
1640690 497
1640700 497
1640710 497
1640720 497
1640730 496
1640740 496
1640750 495
1640760 495
1640770 495
1640780 494
1640790 492
1640800 492
1640810 490
1640820 489
1640830 489
1640840 487
1640850 485
1640860 485
1640870 483
1640880 481
1640890 481
1640900 477
1640910 474
1640920 474
1640930 472
1640940 468
1640950 468
1640960 466
1640970 464
1640980 464
1640990 463
1641000 462
1641010 462
1641020 461
1641030 460
1641040 460
1641050 458
1641060 456
1641070 456
1641080 455
1641090 453
1641100 453
1641110 451
1641120 450
1641130 450
1641140 449
1641150 449
1641160 449
1641170 449
1641180 449
1641190 449
1641200 449
1641210 449
1641220 449
1641230 448
1641240 448
1641250 450
1641260 450
1641270 450
1641280 450
1641290 449
1641300 449
1641310 449
1641320 448
1641330 447
1641340 447
1641350 446
1641360 444
1641370 444
1641380 443
1641390 441
1641400 441
1641410 439
1641420 436
1641430 436
1641440 434
1641450 432
1641460 432
1641470 432
1641480 433
1641490 433
1641500 434
1641510 434
1641520 434
1641530 434
1641540 434
1641550 434
1641560 434
1641570 435
1641580 435
1641590 436
1641600 437
1641610 437
1641620 438
1641630 440
1641640 440
1641650 441
1641660 440
1641670 440
1641680 440
1641690 438
1641700 438
1641710 436
1641720 434
1641730 434
1641740 432
1641750 430
1641760 430
1641770 428
1641780 427
1641790 427
1641800 426
1641810 424
1641820 424
1641830 423
1641840 422
1641850 422
1641860 422
1641870 421
1641880 421
1641890 420
1641900 419
1641910 419
1641920 419
1641930 418
1641940 418
1641950 417
1641960 416
1641970 416
1641980 416
1641990 416
1642000 416
1642010 416
1642020 417
1642030 417
1642040 418
1642050 418
1642060 418
1642070 419
1642080 418
1642090 418
1642100 418
1642110 417
1642120 417
1642130 417
1642140 416
1642150 416
1642160 415
1642170 414
1642180 414
1642190 413
1642200 412
1642210 412
1642220 411
1642230 409
1642240 409
1642250 408
1642260 407
1642270 407
1642280 405
1642290 403
1642300 403
1642310 401
1642320 399
1642330 399
1642340 396
1642350 394
1642360 394
1642370 392
1642380 389
1642390 389
1642400 386
1642410 384
1642420 384
1642430 381
1642440 378
1642450 378
1642460 375
1642470 372
1642480 372
1642490 370
1642500 369
1642510 369
1642520 367
1642530 366
1642540 366
1642550 364
1642560 362
1642570 362
1642580 358
1642590 357
1642600 357
1642610 359
1642620 359
1642630 359
1642640 359
1642650 358
1642660 358
1642670 358
1642680 357
1642690 357
1642700 356
1642710 355
1642720 355
1642730 353
1642740 350
1642750 350
1642760 348
1642770 345
1642780 345
1642790 344
1642800 343
1642810 343
1642820 343
1642830 344
1642840 344
1642850 346
1642860 348
1642870 348
1642880 350
1642890 352
1642900 354
1642910 356
1642920 357
1642930 357
1642940 358
1642950 358
1642960 358
1642970 359
1642980 359
1642990 359
1643000 358
1643010 358
1643020 358
1643030 357
1643040 357
1643050 357
1643060 356
1643070 356
1643080 356
1643090 355
1643100 355
1643110 355
1643120 354
1643130 354
1643140 354
1643150 353
1643160 353
1643170 353
1643180 352
1643190 351
1643200 351
1643210 351
1643220 350
1643230 350
1643240 349
1643250 348
1643260 348
1643270 346
1643280 345
1643290 345
1643300 343
1643310 341
1643320 341
1643330 339
1643340 337
1643350 337
1643360 335
1643370 333
1643380 333
1643390 330
1643400 328
1643410 328
1643420 326
1643430 324
1643440 324
1643450 323
1643460 322
1643470 322
1643480 321
1643490 320
1643500 320
1643510 319
1643520 318
1643530 318
1643540 317
1643550 316
1643560 316
1643570 314
1643580 313
1643590 313
1643600 311
1643610 309
1643620 309
1643630 307
1643640 305
1643650 305
1643660 304
1643670 303
1643680 303
1643690 303
1643700 303
1643710 303
1643720 303
1643730 303
1643740 303
1643750 303
1643760 303
1643770 303
1643780 303
1643790 304
1643800 304
1643810 305
1643820 308
1643830 308
1643840 311
1643850 314
1643860 314
1643870 316
1643880 318
1643890 318
1643900 319
1643910 320
1643920 320
1643930 320
1643940 321
1643950 321
1643960 322
1643970 323
1643980 323
1643990 323
1644000 324
1644010 324
1644020 324
1644030 324
1644040 324
1644050 325
1644060 325
1644070 325
1644080 324
1644090 324
1644100 324
1644110 324
1644120 323
1644130 323
1644140 320
1644150 317
1644160 317
1644170 314
1644180 310
1644190 310
1644200 310
1644210 310
1644220 310
1644230 309
1644240 309
1644250 309
1644260 311
1644270 315
1644280 315
1644290 318
1644300 321
1644310 321
1644320 325
1644330 328
1644340 328
1644350 330
1644360 332
1644370 332
1644380 334
1644390 335
1644400 335
1644410 336
1644420 336
1644430 336
1644440 337
1644450 338
1644460 338
1644470 338
1644480 339
1644490 339
1644500 340
1644510 340
1644520 340
1644530 341
1644540 341
1644550 341
1644560 340
1644570 339
1644580 339
1644590 336
1644600 332
1644610 332
1644620 327
1644630 324
1644640 324
1644650 326
1644660 328
1644670 328
1644680 331
1644690 334
1644700 334
1644710 337
1644720 339
1644730 339
1644740 342
1644750 346
1644760 346
1644770 349
1644780 353
1644790 353
1644800 355
1644810 357
1644820 357
1644830 358
1644840 358
1644850 358
1644860 358
1644870 358
1644880 358
1644890 358
1644900 358
1644910 358
1644920 358
1644930 358
1644940 358
1644950 358
1644960 359
1644970 359
1644980 359
1644990 360
1645000 360
1645010 361
1645020 362
1645030 362
1645040 363
1645050 364
1645060 364
1645070 365
1645080 366
1645090 366
1645100 367
1645110 369
1645120 369
1645130 370
1645140 371
1645150 371
1645160 372
1645170 373
1645180 373
1645190 374
1645200 375
1645210 375
1645220 376
1645230 377
1645240 377
1645250 378
1645260 378
1645270 378
1645280 379
1645290 380
1645300 380
1645310 381
1645320 381
1645330 381
1645340 384
1645350 384
1645360 384
1645370 385
1645380 385
1645390 385
1645400 385
1645410 386
1645420 386
1645430 386
1645440 387
1645450 387
1645460 387
1645470 387
1645480 387
1645490 388
1645500 388
1645510 388
1645520 387
1645530 386
1645540 386
1645550 384
1645560 382
1645570 382
1645580 380
1645590 377
1645600 377
1645610 374
1645620 373
1645630 373
1645640 372
1645650 371
1645660 371
1645670 372
1645680 372
1645690 372
1645700 373
1645710 374
1645720 374
1645730 375
1645740 375
1645750 375
1645760 375
1645770 374
1645780 374
1645790 371
1645800 365
1645810 365
1645820 358
1645830 353
1645840 353
1645850 349
1645860 345
1645870 345
1645880 341
1645890 338
1645900 338
1645910 335
1645920 332
1645930 332
1645940 330
1645950 328
1645960 328
1645970 328
1645980 327
1645990 327
1646000 327
1646010 327
1646020 327
1646030 327
1646040 326
1646050 326
1646060 326
1646070 326
1646080 326
1646090 326
1646100 326
1646110 326
1646120 326
1646130 326
1646140 326
1646150 326
1646160 326
1646170 326
1646180 326
1646190 326
1646200 326
1646210 326
1646220 327
1646230 327
1646240 329
1646250 332
1646260 332
1646270 336
1646280 339
1646290 339
1646300 342
1646310 345
1646320 345
1646330 348
1646340 350
1646350 350
1646360 350
1646370 351
1646380 351
1646390 355
1646400 359
1646410 359
1646420 361
1646430 363
1646440 363
1646450 365
1646460 366
1646470 366
1646480 367
1646490 368
1646500 368
1646510 368
1646520 368
1646530 368
1646540 368
1646550 368
1646560 368
1646570 368
1646580 368
1646590 368
1646600 368
1646610 367
1646620 367
1646630 366
1646640 366
1646650 366
1646660 364
1646670 362
1646680 362
1646690 360
1646700 358
1646710 358
1646720 357
1646730 357
1646740 357
1646750 358
1646760 360
1646770 360
1646780 360
1646790 360
1646800 360
1646810 360
1646820 360
1646830 360
1646840 360
1646850 361
1646860 361
1646870 361
1646880 362
1646890 362
1646900 362
1646910 363
1646920 363
1646930 364
1646940 366
1646950 366
1646960 366
1646970 366
1646980 366
1646990 366
1647000 366
1647010 366
1647020 367
1647030 368
1647040 368
1647050 369
1647060 369
1647070 369
1647080 369
1647090 371
1647100 371
1647110 372
1647120 372
1647130 372
1647140 372
1647150 373
1647160 373
1647170 374
1647180 375
1647190 375
1647200 377
1647210 377
1647220 377
1647230 380
1647240 382
1647250 382
1647260 383
1647270 384
1647280 384
1647290 385
1647300 386
1647310 386
1647320 387
1647330 388
1647340 388
1647350 389
1647360 390
1647370 390
1647380 391
1647390 392
1647400 392
1647410 393
1647420 394
1647430 394
1647440 396
1647450 397
1647460 397
1647470 398
1647480 399
1647490 399
1647500 400
1647510 401
1647520 401
1647530 402
1647540 403
1647550 403
1647560 403
1647570 404
1647580 404
1647590 404
1647600 404
1647610 404
1647620 404
1647630 403
1647640 403
1647650 402
1647660 400
1647670 400
1647680 398
1647690 396
1647700 396
1647710 396
1647720 397
1647730 397
1647740 399
1647750 401
1647760 401
1647770 402
1647780 403
1647790 403
1647800 404
1647810 405
1647820 405
1647830 406
1647840 407
1647850 407
1647860 408
1647870 409
1647880 409
1647890 410
1647900 410
1647910 410
1647920 411
1647930 412
1647940 412
1647950 412
1647960 412
1647970 412
1647980 413
1647990 413
1648000 413
1648010 413
1648020 412
1648030 412
1648040 412
1648050 412
1648060 412
1648070 412
1648080 413
1648090 413
1648100 415
1648110 416
1648120 416
1648130 417
1648140 417
1648150 417
1648160 418
1648170 420
1648180 420
1648190 422
1648200 424
1648210 424
1648220 425
1648230 427
1648240 427
1648250 427
1648260 428
1648270 428
1648280 428
1648290 429
1648300 429
1648310 429
1648320 430
1648330 430
1648340 432
1648350 433
1648360 433
1648370 434
1648380 435
1648390 435
1648400 436
1648410 437
1648420 437
1648430 438
1648440 439
1648450 439
1648460 440
1648470 440
1648480 440
1648490 441
1648500 441
1648510 441
1648520 442
1648530 444
1648540 444
1648550 445
1648560 446
1648570 446
1648580 446
1648590 447
1648600 447
1648610 447
1648620 448
1648630 448
1648640 448
1648650 448
1648660 448
1648670 449
1648680 449
1648690 449
1648700 450
1648710 451
1648720 451
1648730 452
1648740 453
1648750 453
1648760 453
1648770 454
1648780 454
1648790 455
1648800 455
1648810 455
1648820 455
1648830 455
1648840 455
1648850 455
1648860 455
1648870 455
1648880 454
1648890 452
1648900 452
1648910 449
1648920 446
1648930 446
1648940 443
1648950 440
1648960 440
1648970 436
1648980 432
1648990 432
1649000 428
1649010 425
1649020 425
1649030 421
1649040 416
1649050 416
1649060 413
1649070 413
1649080 413
1649090 412
1649100 412
1649110 412
1649120 413
1649130 415
1649140 415
1649150 417
1649160 421
1649170 421
1649180 422
1649190 424
1649200 424
1649210 426
1649220 428
1649230 428
1649240 429
1649250 430
1649260 430
1649270 431
1649280 435
1649290 435
1649300 439
1649310 443
1649320 441
1649330 445
1649340 448
1649350 448
1649360 451
1649370 454
1649380 454
1649390 457
1649400 459
1649410 459
1649420 461
1649430 463
1649440 463
1649450 465
1649460 466
1649470 466
1649480 467
1649490 467
1649500 467
1649510 467
1649520 466
1649530 466
1649540 466
1649550 465
1649560 465
1649570 463
1649580 460
1649590 460
1649600 457
1649610 454
1649620 454
1649630 450
1649640 447
1649650 447
1649660 446
1649670 444
1649680 444
1649690 442
1649700 437
1649710 437
1649720 431
1649730 425
1649740 425
1649750 420
1649760 417
1649770 417
1649780 416
1649790 415
1649800 415
1649810 418
1649820 421
1649830 421
1649840 424
1649850 428
1649860 428
1649870 430
1649880 432
1649890 432
1649900 436
1649910 438
1649920 438
1649930 441
1649940 443
1649950 443
1649960 446
1649970 449
1649980 449
1649990 452
1650000 454
1650010 454
1650020 458
1650030 462
1650040 462
1650050 465
1650060 469
1650070 469
1650080 471
1650090 472
1650100 472
1650110 469
1650120 472
1650130 472
1650140 474
1650150 476
1650160 476
1650170 477
1650180 479
1650190 479
1650200 482
1650210 483
1650220 483
1650230 485
1650240 488
1650250 488
1650260 491
1650270 494
1650280 494
1650290 496
1650300 498
1650310 498
1650320 499
1650330 501
1650340 501
1650350 502
1650360 503
1650370 503
1650380 504
1650390 505
1650400 505
1650410 506
1650420 506
1650430 506
1650440 507
1650450 507
1650460 507
1650470 507
1650480 508
1650490 508
1650500 508
1650510 508
1650520 508
1650530 509
1650540 509
1650550 509
1650560 510
1650570 510
1650580 510
1650590 510
1650600 511
1650610 511
1650620 511
1650630 511
1650640 511
1650650 512
1650660 511
1650670 511
1650680 511
1650690 510
1650700 510
1650710 510
1650720 509
1650730 509
1650740 508
1650750 507
1650760 507
1650770 506
1650780 505
1650790 505
1650800 503
1650810 501
1650820 501
1650830 499
1650840 496
1650850 496
1650860 495
1650870 493
1650880 493
1650890 495
1650900 493
1650910 493
1650920 492
1650930 490
1650940 490
1650950 488
1650960 485
1650970 485
1650980 481
1650990 478
1651000 478
1651010 474
1651020 471
1651030 471
1651040 468
1651050 466
1651060 466
1651070 464
1651080 461
1651090 461
1651100 459
1651110 458
1651120 458
1651130 459
1651140 460
1651150 460
1651160 465
1651170 470
1651180 470
1651190 475
1651200 479
1651210 479
1651220 483
1651230 487
1651240 487
1651250 490
1651260 492
1651270 492
1651280 494
1651290 495
1651300 495
1651310 496
1651320 497
1651330 497
1651340 497
1651350 498
1651360 498
1651370 499
1651380 500
1651390 500
1651400 501
1651410 502
1651420 502
1651430 503
1651440 504
1651450 504
1651460 504
1651470 505
1651480 505
1651490 505
1651500 504
1651510 504
1651520 503
1651530 502
1651540 502
1651550 500
1651560 499
1651570 499
1651580 498
1651590 498
1651600 498
1651610 498
1651620 498
1651630 498
1651640 499
1651650 501
1651660 501
1651670 501
1651680 503
1651690 503
1651700 505
1651710 506
1651720 506
1651730 507
1651740 508
1651750 508
1651760 509
1651770 509
1651780 509
1651790 509
1651800 510
1651810 510
1651820 510
1651830 510
1651840 510
1651850 510
1651860 510
1651870 510
1651880 510
1651890 510
1651900 510
1651910 510
1651920 511
1651930 511
1651940 510
1651950 510
1651960 510
1651970 509
1651980 508
1651990 508
1652000 508
1652010 507
1652020 507
1652030 506
1652040 506
1652050 506
1652060 506
1652070 506
1652080 506
1652090 507
1652100 507
1652110 507
1652120 507
1652130 507
1652140 507
1652150 507
1652160 507
1652170 507
1652180 507
1652190 507
1652200 507
1652210 507
1652220 506
1652230 506
1652240 505
1652250 504
1652260 504
1652270 502
1652280 500
1652290 500
1652300 497
1652310 495
1652320 495
1652330 493
1652340 491
1652350 491
1652360 490
1652370 490
1652380 490
1652390 490
1652400 491
1652410 491
1652420 491
1652430 491
1652440 492
1652450 492
1652460 492
1652470 492
1652480 492
1652490 492
1652500 492
1652510 492
1652520 492
1652530 492
1652540 491
1652550 489
1652560 489
1652570 487
1652580 486
1652590 486
1652600 486
1652610 487
1652620 487
1652630 488
1652640 489
1652650 489
1652660 490
1652670 492
1652680 492
1652690 493
1652700 494
1652710 494
1652720 494
1652730 494
1652740 494
1652750 493
1652760 491
1652770 491
1652780 490
1652790 490
1652800 490
1652810 490
1652820 490
1652830 490
1652840 490
1652850 489
1652860 489
1652870 488
1652880 490
1652890 490
1652900 495
1652910 502
1652920 502
1652930 507
1652940 509
1652950 509
1652960 510
1652970 511
1652980 511
1652990 511
1653000 510
1653010 510
1653020 508
1653030 508
1653040 508
1653050 507
1653060 507
1653070 507
1653080 506
1653090 504
1653100 504
1653110 503
1653120 501
1653130 501
1653140 500
1653150 499
1653160 499
1653170 500
1653180 500
1653190 500
1653200 500
1653210 502
1653220 502
1653230 501
1653240 501
1653250 501
1653260 502
1653270 503
1653280 503
1653290 503
1653300 504
1653310 504
1653320 504
1653330 504
1653340 504
1653350 505
1653360 505
1653370 505
1653380 505
1653390 506
1653400 506
1653410 507
1653420 508
1653430 508
1653440 508
1653450 509
1653460 509
1653470 510
1653480 510
1653490 510
1653500 511
1653510 513
1653520 513
1653530 514
1653540 515
1653550 515
1653560 516
1653570 518
1653580 518
1653590 519
1653600 520
1653610 520
1653620 520
1653630 522
1653640 522
1653650 524
1653660 526
1653670 526
1653680 528
1653690 530
1653700 530
1653710 532
1653720 533
1653730 533
1653740 535
1653750 537
1653760 537
1653770 538
1653780 539
1653790 539
1653800 540
1653810 540
1653820 540
1653830 541
1653840 541
1653850 541
1653860 542
1653870 543
1653880 543
1653890 543
1653900 543
1653910 543
1653920 542
1653930 541
1653940 541
1653950 540
1653960 538
1653970 538
1653980 537
1653990 536
1654000 536
1654010 535
1654020 536
1654030 536
1654040 539
1654050 541
1654060 541
1654070 543
1654080 544
1654090 544
1654100 545
1654110 544
1654120 544
1654130 544
1654140 544
1654150 544
1654160 543
1654170 543
1654180 543
1654190 542
1654200 541
1654210 541
1654220 540
1654230 539
1654240 539
1654250 540
1654260 542
1654270 542
1654280 543
1654290 545
1654300 545
1654310 547
1654320 549
1654330 549
1654340 551
1654350 553
1654360 553
1654370 554
1654380 556
1654390 556
1654400 558
1654410 559
1654420 559
1654430 560
1654440 562
1654450 562
1654460 564
1654470 565
1654480 565
1654490 566
1654500 567
1654510 567
1654520 568
1654530 569
1654540 569
1654550 570
1654560 571
1654570 571
1654580 572
1654590 573
1654600 573
1654610 574
1654620 575
1654630 575
1654640 575
1654650 576
1654660 576
1654670 576
1654680 577
1654690 577
1654700 577
1654710 578
1654720 578
1654730 579
1654740 583
1654750 583
1654760 583
1654770 583
1654780 583
1654790 584
1654800 584
1654810 584
1654820 583
1654830 582
1654840 582
1654850 578
1654860 573
1654870 573
1654880 569
1654890 566
1654900 566
1654910 563
1654920 561
1654930 561
1654940 562
1654950 564
1654960 564
1654970 566
1654980 568
1654990 568
1655000 571
1655010 573
1655020 573
1655030 574
1655040 575
1655050 575
1655060 575
1655070 576
1655080 576
1655090 576
1655100 577
1655110 577
1655120 577
1655130 577
1655140 577
1655150 577
1655160 576
1655170 576
1655180 574
1655190 573
1655200 573
1655210 571
1655220 568
1655230 568
1655240 565
1655250 563
1655260 563
1655270 562
1655280 559
1655290 559
1655300 556
1655310 551
1655320 551
1655330 548
1655340 545
1655350 545
1655360 543
1655370 541
1655380 541
1655390 538
1655400 534
1655410 534
1655420 530
1655430 525
1655440 525
1655450 521
1655460 519
1655470 519
1655480 516
1655490 514
1655500 511
1655510 509
1655520 508
1655530 508
1655540 506
1655550 504
1655560 504
1655570 501
1655580 499
1655590 499
1655600 498
1655610 497
1655620 497
1655630 496
1655640 494
1655650 494
1655660 492
1655670 490
1655680 490
1655690 489
1655700 488
1655710 488
1655720 488
1655730 487
1655740 487
1655750 484
1655760 481
1655770 481
1655780 476
1655790 472
1655800 472
1655810 469
1655820 467
1655830 467
1655840 465
1655850 463
1655860 463
1655870 460
1655880 456
1655890 456
1655900 450
1655910 444
1655920 444
1655930 439
1655940 437
1655950 437
1655960 435
1655970 433
1655980 433
1655990 432
1656000 431
1656010 431
1656020 430
1656030 429
1656040 429
1656050 428
1656060 428
1656070 428
1656080 428
1656090 427
1656100 427
1656110 428
1656120 429
1656130 429
1656140 431
1656150 433
1656160 433
1656170 434
1656180 434
1656190 434
1656200 435
1656210 436
1656220 436
1656230 437
1656240 438
1656250 438
1656260 443
1656270 444
1656280 444
1656290 444
1656300 445
1656310 445
1656320 445
1656330 445
1656340 445
1656350 445
1656360 445
1656370 445
1656380 444
1656390 444
1656400 444
1656410 444
1656420 443
1656430 443
1656440 443
1656450 442
1656460 442
1656470 442
1656480 441
1656490 441
1656500 439
1656510 437
1656520 437
1656530 436
1656540 434
1656550 434
1656560 433
1656570 431
1656580 431
1656590 430
1656600 429
1656610 429
1656620 428
1656630 426
1656640 426
1656650 422
1656660 417
1656670 417
1656680 413
1656690 410
1656700 410
1656710 410
1656720 410
1656730 410
1656740 409
1656750 409
1656760 409
1656770 410
1656780 414
1656790 414
1656800 422
1656810 429
1656820 429
1656830 435
1656840 439
1656850 439
1656860 442
1656870 445
1656880 445
1656890 448
1656900 451
1656910 451
1656920 454
1656930 458
1656940 458
1656950 461
1656960 465
1656970 465
1656980 468
1656990 472
1657000 472
1657010 476
1657020 480
1657030 480
1657040 484
1657050 489
1657060 489
1657070 494
1657080 498
1657090 498
1657100 500
1657110 503
1657120 503
1657130 505
1657140 507
1657150 507
1657160 508
1657170 509
1657180 509
1657190 510
1657200 511
1657210 511
1657220 512
1657230 512
1657240 512
1657250 512
1657260 513
1657270 513
1657280 513
1657290 514
1657300 514
1657310 514
1657320 514
1657330 514
1657340 514
1657350 513
1657360 513
1657370 513
1657380 514
1657390 514
1657400 514
1657410 514
1657420 514
1657430 514
1657440 513
1657450 513
1657460 512
1657470 509
1657480 509
1657490 507
1657500 504
1657510 504
1657520 503
1657530 502
1657540 502
1657550 501
1657560 499
1657570 499
1657580 496
1657590 492
1657600 492
1657610 488
1657620 486
1657630 486
1657640 486
1657650 489
1657660 489
1657670 492
1657680 493
1657690 493
1657700 494
1657710 494
1657720 494
1657730 493
1657740 489
1657750 489
1657760 485
1657770 483
1657780 483
1657790 478
1657800 476
1657810 476
1657820 478
1657830 482
1657840 482
1657850 483
1657860 482
1657870 482
1657880 482
1657890 484
1657900 484
1657910 489
1657920 493
1657930 493
1657940 496
1657950 498
1657960 498
1657970 500
1657980 502
1657990 502
1658000 504
1658010 505
1658020 505
1658030 507
1658040 509
1658050 509
1658060 511
1658070 513
1658080 513
1658090 514
1658100 515
1658110 515
1658120 516
1658130 518
1658140 518
1658150 521
1658160 522
1658170 522
1658180 523
1658190 524
1658200 524
1658210 525
1658220 526
1658230 526
1658240 526
1658250 527
1658260 527
1658270 527
1658280 528
1658290 528
1658300 528
1658310 527
1658320 527
1658330 527
1658340 527
1658350 527
1658360 527
1658370 527
1658380 527
1658390 526
1658400 525
1658410 525
1658420 524
1658430 523
1658440 523
1658450 521
1658460 518
1658470 518
1658480 515
1658490 513
1658500 513
1658510 510
1658520 508
1658530 508
1658540 506
1658550 504
1658560 504
1658570 503
1658580 502
1658590 502
1658600 501
1658610 500
1658620 500
1658630 498
1658640 497
1658650 497
1658660 495
1658670 492
1658680 492
1658690 489
1658700 486
1658710 486
1658720 482
1658730 478
1658740 478
1658750 475
1658760 473
1658770 473
1658780 471
1658790 470
1658800 470
1658810 470
1658820 471
1658830 471
1658840 474
1658850 479
1658860 479
1658870 484
1658880 487
1658890 487
1658900 490
1658910 493
1658920 493
1658930 496
1658940 499
1658950 499
1658960 502
1658970 505
1658980 505
1658990 508
1659000 512
1659010 512
1659020 516
1659030 519
1659040 519
1659050 523
1659060 526
1659070 526
1659080 529
1659090 532
1659100 532
1659110 536
1659120 539
1659130 539
1659140 541
1659150 542
1659160 542
1659170 541
1659180 542
1659190 542
1659200 543
1659210 546
1659220 546
1659230 551
1659240 555
1659250 555
1659260 562
1659270 567
1659280 567
1659290 570
1659300 572
1659310 572
1659320 574
1659330 574
1659340 574
1659350 575
1659360 574
1659370 574
1659380 573
1659390 572
1659400 572
1659410 570
1659420 568
1659430 568
1659440 566
1659450 564
1659460 564
1659470 562
1659480 560
1659490 560
1659500 558
1659510 554
1659520 554
1659530 548
1659540 543
1659550 543
1659560 539
1659570 534
1659580 534
1659590 529
1659600 524
1659610 524
1659620 519
1659630 514
1659640 514
1659650 508
1659660 501
1659670 501
1659680 497
1659690 491
1659700 491
1659710 484
1659720 478
1659730 478
1659740 473
1659750 468
1659760 468
1659770 464
1659780 460
1659790 460
1659800 456
1659810 451
1659820 451
1659830 448
1659840 444
1659850 444
1659860 440
1659870 436
1659880 436
1659890 433
1659900 430
1659910 430
1659920 428
1659930 426
1659940 426
1659950 423
1659960 421
1659970 421
1659980 420
1659990 421
