1640000 391
1640010 393
1640020 393
1640030 394
1640040 394
1640050 394
1640060 395
1640070 396
1640080 396
1640090 396
1640100 396
1640110 396
1640120 396
1640130 396
1640140 396
1640150 396
1640160 396
1640170 396
1640180 395
1640190 395
1640200 395
1640210 394
1640220 394
1640230 394
1640240 393
1640250 393
1640260 393
1640270 393
1640280 392
1640290 392
1640300 392
1640310 391
1640320 391
1640330 390
1640340 390
1640350 390
1640360 390
1640370 390
1640380 390
1640390 389
1640400 389
1640410 389
1640420 388
1640430 388
1640440 388
1640450 386
1640460 385
1640470 385
1640480 384
1640490 383
1640500 383
1640510 381
1640520 380
1640530 380
1640540 378
1640550 376
1640560 376
1640570 375
1640580 373
1640590 373
1640600 370
1640610 367
1640620 367
1640630 365
1640640 363
1640650 363
1640660 362
1640670 361
1640680 361
1640690 359
1640700 358
1640710 358
1640720 358
1640730 357
1640740 357
1640750 357
1640760 357
1640770 357
1640780 357
1640790 357
1640800 357
1640810 357
1640820 357
1640830 357
1640840 356
1640850 357
1640860 357
1640870 357
1640880 357
1640890 357
1640900 357
1640910 358
1640920 358
1640930 358
1640940 359
1640950 359
1640960 359
1640970 360
1640980 360
1640990 361
1641000 361
1641010 361
1641020 362
1641030 363
1641040 363
1641050 364
1641060 366
1641070 366
1641080 367
1641090 369
1641100 369
1641110 370
1641120 372
1641130 372
1641140 373
1641150 375
1641160 375
1641170 376
1641180 377
1641190 377
1641200 378
1641210 378
1641220 378
1641230 377
1641240 375
1641250 375
1641260 372
1641270 370
1641280 371
1641290 369
1641300 372
1641310 372
1641320 375
1641330 377
1641340 377
1641350 379
1641360 381
1641370 381
1641380 383
1641390 386
1641400 386
1641410 388
1641420 390
1641430 390
1641440 393
1641450 394
1641460 394
1641470 396
1641480 398
1641490 398
1641500 399
1641510 401
1641520 401
1641530 402
1641540 403
1641550 403
1641560 403
1641570 404
1641580 404
1641590 404
1641600 405
1641610 405
1641620 405
1641630 405
1641640 405
1641650 406
1641660 406
1641670 406
1641680 406
1641690 406
1641700 406
1641710 406
1641720 406
1641730 406
1641740 406
1641750 406
1641760 406
1641770 405
1641780 405
1641790 405
1641800 404
1641810 404
1641820 404
1641830 403
1641840 402
1641850 402
1641860 400
1641870 398
1641880 398
1641890 396
1641900 393
1641910 393
1641920 389
1641930 387
1641940 387
1641950 384
1641960 382
1641970 382
1641980 380
1641990 379
1642000 379
1642010 379
1642020 380
1642030 380
1642040 381
1642050 382
1642060 382
1642070 384
1642080 385
1642090 385
1642100 387
1642110 390
1642120 390
1642130 390
1642140 391
1642150 391
1642160 390
1642170 390
1642180 390
1642190 390
1642200 389
1642210 389
1642220 388
1642230 387
1642240 387
1642250 386
1642260 385
1642270 385
1642280 384
1642290 383
1642300 383
1642310 383
1642320 382
1642330 382
1642340 382
1642350 381
1642360 381
1642370 381
1642380 379
1642390 379
1642400 378
1642410 377
1642420 377
1642430 375
1642440 372
1642450 372
1642460 369
1642470 366
1642480 366
1642490 362
1642500 358
1642510 358
1642520 354
1642530 350
1642540 350
1642550 346
1642560 343
1642570 343
1642580 337
1642590 331
1642600 331
1642610 324
1642620 321
1642630 321
1642640 320
1642650 320
1642660 320
1642670 320
1642680 321
1642690 321
1642700 323
1642710 327
1642720 327
1642730 331
1642740 336
1642750 336
1642760 343
1642770 349
1642780 349
1642790 357
1642800 363
1642810 363
1642820 370
1642830 376
1642840 376
1642850 383
1642860 390
1642870 390
1642880 396
1642890 399
1642900 399
1642910 397
1642920 394
1642930 400
1642940 398
1642950 395
1642960 395
1642970 392
1642980 390
1642990 390
1643000 389
1643010 389
1643020 389
1643030 392
1643040 395
1643050 395
1643060 400
1643070 405
1643080 405
1643090 410
1643100 416
1643110 416
1643120 421
1643130 424
1643140 424
1643150 427
1643160 428
1643170 428
1643180 430
1643190 431
1643200 431
1643210 431
1643220 432
1643230 432
1643240 432
1643250 432
1643260 432
1643270 432
1643280 432
1643290 432
1643300 432
1643310 432
1643320 432
1643330 431
1643340 431
1643350 431
1643360 430
1643370 430
1643380 430
1643390 430
1643400 431
1643410 431
1643420 432
1643430 434
1643440 434
1643450 436
1643460 437
1643470 437
1643480 439
1643490 440
1643500 440
1643510 440
1643520 440
1643530 440
1643540 440
1643550 440
1643560 440
1643570 441
1643580 441
1643590 441
1643600 443
1643610 443
1643620 443
1643630 444
1643640 445
1643650 445
1643660 446
1643670 446
1643680 446
1643690 447
1643700 448
1643710 448
1643720 449
1643730 449
1643740 449
1643750 450
1643760 450
1643770 450
1643780 449
1643790 446
1643800 446
1643810 444
1643820 441
1643830 441
1643840 440
1643850 439
1643860 439
1643870 440
1643880 441
1643890 441
1643900 442
1643910 445
1643920 445
1643930 447
1643940 450
1643950 450
1643960 452
1643970 454
1643980 454
1643990 456
1644000 457
1644010 457
1644020 457
1644030 457
1644040 457
1644050 458
1644060 457
1644070 457
1644080 456
1644090 456
1644100 456
1644110 455
1644120 453
1644130 453
1644140 450
1644150 448
1644160 448
1644170 444
1644180 441
1644190 441
1644200 437
1644210 434
1644220 434
1644230 431
1644240 428
1644250 428
1644260 425
1644270 423
1644280 423
1644290 427
1644300 433
1644310 433
1644320 437
1644330 441
1644340 441
1644350 443
1644360 444
1644370 444
1644380 441
1644390 439
1644400 439
1644410 437
1644420 437
1644430 437
1644440 439
1644450 441
1644460 441
1644470 443
1644480 446
1644490 446
1644500 448
1644510 452
1644520 452
1644530 456
1644540 458
1644550 458
1644560 463
1644570 464
1644580 464
1644590 465
1644600 465
1644610 465
1644620 466
1644630 466
1644640 466
1644650 467
1644660 467
1644670 467
1644680 467
1644690 467
1644700 467
1644710 468
1644720 468
1644730 468
1644740 467
1644750 467
1644760 467
1644770 465
1644780 464
1644790 464
1644800 462
1644810 461
1644820 461
1644830 459
1644840 458
1644850 458
1644860 456
1644870 455
1644880 455
1644890 453
1644900 449
1644910 449
1644920 449
1644930 449
1644940 449
1644950 451
1644960 452
1644970 452
1644980 453
1644990 454
1645000 454
1645010 456
1645020 459
1645030 459
1645040 461
1645050 463
1645060 463
1645070 464
1645080 465
1645090 465
1645100 466
1645110 467
1645120 467
1645130 467
1645140 468
1645150 468
1645160 468
1645170 468
1645180 468
1645190 469
1645200 469
1645210 469
1645220 469
1645230 468
1645240 468
1645250 468
1645260 467
1645270 467
1645280 467
1645290 466
1645300 466
1645310 465
1645320 464
1645330 464
1645340 462
1645350 460
1645360 460
1645370 457
1645380 453
1645390 453
1645400 449
1645410 446
1645420 446
1645430 443
1645440 440
1645450 440
1645460 437
1645470 433
1645480 433
1645490 429
1645500 426
1645510 426
1645520 423
1645530 421
1645540 421
1645550 419
1645560 419
1645570 419
1645580 418
1645590 415
1645600 415
1645610 411
1645620 406
1645630 406
1645640 402
1645650 396
1645660 396
1645670 390
1645680 384
1645690 384
1645700 380
1645710 378
1645720 378
1645730 376
1645740 374
1645750 374
1645760 372
1645770 370
1645780 370
1645790 368
1645800 366
1645810 366
1645820 365
1645830 363
1645840 363
1645850 361
1645860 359
1645870 359
1645880 357
1645890 356
1645900 356
1645910 356
1645920 354
1645930 354
1645940 352
1645950 350
1645960 350
1645970 348
1645980 348
1645990 348
1646000 348
1646010 348
1646020 348
1646030 348
1646040 347
1646050 347
1646060 347
1646070 348
1646080 348
1646090 348
1646100 349
1646110 349
1646120 349
1646130 350
1646140 350
1646150 351
1646160 354
1646170 358
1646180 361
1646190 363
1646200 363
1646210 364
1646220 363
1646230 363
1646240 364
1646250 365
1646260 365
1646270 366
1646280 367
1646290 367
1646300 368
1646310 370
1646320 370
1646330 371
1646340 372
1646350 372
1646360 373
1646370 375
1646380 375
1646390 376
1646400 379
1646410 379
1646420 383
1646430 387
1646440 387
1646450 391
1646460 396
1646470 396
1646480 400
1646490 404
1646500 404
1646510 409
1646520 415
1646530 415
1646540 420
1646550 426
1646560 426
1646570 432
1646580 436
1646590 436
1646600 440
1646610 441
1646620 441
1646630 442
1646640 440
1646650 440
1646660 440
1646670 439
1646680 439
1646690 439
1646700 440
1646710 440
1646720 442
1646730 443
1646740 443
1646750 446
1646760 448
1646770 448
1646780 450
1646790 452
1646800 452
1646810 455
1646820 457
1646830 457
1646840 460
1646850 463
1646860 463
1646870 466
1646880 469
1646890 469
1646900 471
1646910 472
1646920 472
1646930 474
1646940 475
1646950 475
1646960 476
1646970 475
1646980 475
1646990 476
1647000 477
1647010 477
1647020 478
1647030 478
1647040 478
1647050 479
1647060 480
1647070 480
1647080 482
1647090 483
1647100 483
1647110 484
1647120 486
1647130 486
1647140 487
1647150 488
1647160 488
1647170 489
1647180 490
1647190 490
1647200 491
1647210 492
1647220 492
1647230 492
1647240 492
1647250 492
1647260 493
1647270 493
1647280 493
1647290 493
1647300 493
1647310 493
1647320 493
1647330 493
1647340 493
1647350 494
1647360 494
1647370 494
1647380 494
1647390 494
1647400 494
1647410 494
1647420 494
1647430 494
1647440 495
1647450 495
1647460 495
1647470 495
1647480 495
1647490 495
1647500 495
1647510 495
1647520 496
1647530 496
1647540 496
1647550 496
1647560 496
1647570 496
1647580 497
1647590 497
1647600 497
1647610 497
1647620 498
1647630 498
1647640 498
1647650 498
1647660 498
1647670 499
1647680 499
1647690 499
1647700 500
1647710 500
1647720 500
1647730 500
1647740 501
1647750 501
1647760 501
1647770 502
1647780 502
1647790 502
1647800 502
1647810 502
1647820 503
1647830 503
1647840 503
1647850 503
1647860 503
1647870 503
1647880 503
1647890 503
1647900 503
1647910 503
1647920 503
1647930 503
1647940 502
1647950 502
1647960 502
1647970 502
1647980 502
1647990 502
1648000 501
1648010 501
1648020 501
1648030 500
1648040 499
1648050 499
1648060 498
1648070 497
1648080 497
1648090 496
1648100 495
1648110 495
1648120 493
1648130 491
1648140 491
1648150 488
1648160 486
1648170 486
1648180 482
1648190 479
1648200 479
1648210 477
1648220 475
1648230 475
1648240 474
1648250 472
1648260 472
1648270 471
1648280 470
1648290 470
1648300 469
1648310 469
1648320 469
1648330 468
1648340 470
1648350 470
1648360 472
1648370 474
1648380 474
1648390 476
1648400 477
1648410 477
1648420 478
1648430 478
1648440 478
1648450 478
1648460 478
1648470 478
1648480 479
1648490 478
1648500 478
1648510 478
1648520 477
1648530 477
1648540 476
1648550 475
1648560 475
1648570 475
1648580 474
1648590 474
1648600 473
1648610 472
1648620 472
1648630 471
1648640 470
1648650 470
1648660 468
1648670 465
1648680 465
1648690 463
1648700 462
1648710 462
1648720 461
1648730 460
1648740 460
1648750 460
1648760 461
1648770 461
1648780 462
1648790 464
1648800 464
1648810 467
1648820 468
1648830 468
1648840 471
1648850 474
1648860 474
1648870 477
1648880 479
1648890 479
1648900 481
1648910 482
1648920 482
1648930 483
1648940 484
1648950 484
1648960 485
1648970 487
1648980 487
1648990 488
1649000 490
1649010 490
1649020 492
1649030 495
1649040 495
1649050 497
1649060 499
1649070 499
1649080 501
1649090 503
1649100 503
1649110 505
1649120 506
1649130 506
1649140 508
1649150 509
1649160 509
1649170 509
1649180 509
1649190 509
1649200 509
1649210 508
1649220 508
1649230 508
1649240 506
1649250 506
1649260 505
1649270 505
1649280 505
1649290 505
1649300 505
1649310 505
1649320 505
1649330 505
1649340 505
1649350 503
1649360 503
1649370 503
1649380 503
1649390 503
1649400 503
1649410 503
1649420 503
1649430 503
1649440 503
1649450 503
1649460 503
1649470 503
1649480 503
1649490 503
1649500 503
1649510 503
1649520 503
1649530 503
1649540 503
1649550 503
1649560 503
1649570 503
1649580 503
1649590 502
1649600 502
1649610 502
1649620 502
1649630 502
1649640 502
1649650 502
1649660 502
1649670 502
1649680 502
1649690 502
1649700 502
1649710 502
1649720 502
1649730 502
1649740 502
1649750 501
1649760 501
1649770 501
1649780 501
1649790 501
1649800 501
1649810 502
1649820 502
1649830 503
1649840 505
1649850 505
1649860 505
1649870 506
1649880 506
1649890 506
1649900 506
1649910 506
1649920 507
1649930 507
1649940 507
1649950 508
1649960 509
1649970 509
1649980 510
1649990 511
1650000 511
1650010 512
1650020 513
1650030 513
1650040 514
1650050 515
1650060 515
1650070 516
1650080 517
1650090 517
1650100 518
1650110 519
1650120 519
1650130 520
1650140 522
1650150 522
1650160 523
1650170 525
1650180 525
1650190 526
1650200 527
1650210 527
1650220 528
1650230 530
1650240 530
1650250 531
1650260 533
1650270 533
1650280 534
1650290 535
1650300 535
1650310 537
1650320 539
1650330 539
1650340 539
1650350 540
1650360 540
1650370 540
1650380 540
1650390 540
1650400 540
1650410 540
1650420 540
1650430 540
1650440 540
1650450 540
1650460 540
1650470 539
1650480 539
1650490 538
1650500 537
1650510 537
1650520 535
1650530 534
1650540 534
1650550 532
1650560 531
1650570 531
1650580 530
1650590 529
1650600 529
1650610 528
1650620 527
1650630 527
1650640 526
1650650 525
1650660 525
1650670 524
1650680 522
1650690 522
1650700 521
1650710 519
1650720 519
1650730 518
1650740 517
1650750 517
1650760 515
1650770 513
1650780 513
1650790 512
1650800 510
1650810 510
1650820 508
1650830 506
1650840 506
1650850 504
1650860 501
1650870 501
1650880 498
1650890 494
1650900 494
1650910 489
1650920 484
1650930 484
1650940 481
1650950 477
1650960 477
1650970 475
1650980 475
1650990 475
1651000 478
1651010 481
1651020 481
1651030 484
1651040 485
1651050 485
1651060 486
1651070 487
1651080 487
1651090 489
1651100 491
1651110 491
1651120 493
1651130 494
1651140 494
1651150 495
1651160 497
1651170 497
1651180 499
1651190 500
1651200 500
1651210 501
1651220 502
1651230 502
1651240 503
1651250 504
1651260 504
1651270 505
1651280 506
1651290 506
1651300 508
1651310 510
1651320 510
1651330 511
1651340 511
1651350 511
1651360 511
1651370 512
1651380 512
1651390 512
1651400 512
1651410 512
1651420 511
1651430 509
1651440 509
1651450 506
1651460 503
1651470 503
1651480 499
1651490 495
1651500 495
1651510 493
1651520 494
1651530 494
1651540 497
1651550 499
1651560 499
1651570 501
1651580 504
1651590 504
1651600 506
1651610 507
1651620 507
1651630 509
1651640 511
1651650 511
1651660 513
1651670 515
1651680 515
1651690 517
1651700 520
1651710 520
1651720 522
1651730 524
1651740 524
1651750 526
1651760 528
1651770 528
1651780 530
1651790 532
1651800 532
1651810 533
1651820 535
1651830 535
1651840 537
1651850 539
1651860 539
1651870 540
1651880 541
1651890 541
1651900 541
1651910 542
1651920 542
1651930 542
1651940 543
1651950 543
1651960 544
1651970 544
1651980 544
1651990 543
1652000 542
1652010 542
1652020 542
1652030 542
1652040 542
1652050 543
1652060 543
1652070 543
1652080 544
1652090 545
1652100 545
1652110 547
1652120 549
1652130 549
1652140 550
1652150 552
1652160 552
1652170 553
1652180 555
1652190 555
1652200 556
1652210 557
1652220 557
1652230 558
1652240 559
1652250 559
1652260 560
1652270 560
1652280 560
1652290 561
1652300 561
1652310 561
1652320 561
1652330 561
1652340 561
1652350 561
1652360 561
1652370 561
1652380 561
1652390 561
1652400 561
1652410 561
1652420 561
1652430 561
1652440 561
1652450 561
1652460 561
1652470 563
1652480 563
1652490 563
1652500 562
1652510 562
1652520 562
1652530 562
1652540 562
1652550 562
1652560 562
1652570 561
1652580 561
1652590 561
1652600 560
1652610 560
1652620 559
1652630 557
1652640 557
1652650 554
1652660 551
1652670 551
1652680 548
1652690 546
1652700 546
1652710 545
1652720 544
1652730 544
1652740 543
1652750 544
1652760 544
1652770 545
1652780 543
1652790 543
1652800 538
1652810 533
1652820 533
1652830 529
1652840 527
1652850 527
1652860 525
1652870 525
1652880 525
1652890 525
1652900 525
1652910 525
1652920 525
1652930 525
1652940 525
1652950 524
1652960 524
1652970 524
1652980 524
1652990 524
1653000 524
1653010 525
1653020 526
1653030 526
1653040 528
1653050 530
1653060 530
1653070 531
1653080 533
1653090 533
1653100 534
1653110 534
1653120 534
1653130 532
1653140 528
1653150 528
1653160 523
1653170 518
1653180 518
1653190 517
1653200 517
1653210 517
1653220 518
1653230 521
1653240 522
1653250 526
1653260 530
1653270 530
1653280 534
1653290 537
1653300 537
1653310 541
1653320 543
1653330 543
1653340 546
1653350 549
1653360 549
1653370 551
1653380 552
1653390 552
1653400 553
1653410 554
1653420 554
1653430 554
1653440 555
1653450 555
1653460 555
1653470 555
1653480 555
1653490 556
1653500 556
1653510 556
1653520 555
1653530 554
1653540 554
1653550 553
1653560 551
1653570 551
1653580 549
1653590 547
1653600 547
1653610 545
1653620 543
1653630 543
1653640 542
1653650 541
1653660 541
1653670 541
1653680 542
1653690 542
1653700 542
1653710 543
1653720 543
1653730 543
1653740 543
1653750 543
1653760 542
1653770 541
1653780 541
1653790 541
1653800 541
1653810 541
1653820 543
1653830 545
1653840 545
1653850 547
1653860 549
1653870 549
1653880 551
1653890 553
1653900 553
1653910 555
1653920 557
1653930 557
1653940 558
1653950 559
1653960 559
1653970 560
1653980 561
1653990 561
1654000 562
1654010 562
1654020 562
1654030 563
1654040 564
1654050 564
1654060 565
1654070 565
1654080 565
1654090 565
1654100 565
1654110 565
1654120 565
1654130 565
1654140 565
1654150 565
1654160 564
1654170 564
1654180 564
1654190 563
1654200 563
1654210 562
1654220 561
1654230 561
1654240 560
1654250 559
1654260 559
1654270 558
1654280 557
1654290 557
1654300 556
1654310 556
1654320 556
1654330 555
1654340 555
1654350 555
1654360 554
1654370 554
1654380 554
1654390 553
1654400 553
1654410 553
1654420 553
1654430 552
1654440 552
1654450 552
1654460 551
1654470 551
1654480 551
1654490 550
1654500 550
1654510 549
1654520 549
1654530 549
1654540 549
1654550 548
1654560 548
1654570 548
1654580 548
1654590 548
1654600 548
1654610 548
1654620 548
1654630 547
1654640 547
1654650 547
1654660 547
1654670 546
1654680 546
1654690 546
1654700 545
1654710 545
1654720 545
1654730 544
1654740 544
1654750 543
1654760 543
1654770 542
1654780 541
1654790 541
1654800 541
1654810 541
1654820 541
1654830 541
1654840 540
1654850 540
1654860 540
1654870 539
1654880 538
1654890 538
1654900 537
1654910 536
1654920 536
1654930 535
1654940 534
1654950 534
1654960 534
1654970 534
1654980 534
1654990 535
1655000 535
1655010 535
1655020 535
1655030 534
1655040 534
1655050 533
1655060 532
1655070 532
1655080 532
1655090 531
1655100 531
1655110 530
1655120 530
1655130 530
1655140 530
1655150 529
1655160 529
1655170 528
1655180 526
1655190 526
1655200 523
1655210 520
1655220 520
1655230 516
1655240 512
1655250 512
1655260 508
1655270 505
1655280 505
1655290 502
1655300 499
1655310 499
1655320 496
1655330 494
1655340 494
1655350 493
1655360 491
1655370 491
1655380 490
1655390 489
1655400 489
1655410 488
1655420 487
1655430 487
1655440 487
1655450 486
1655460 486
1655470 486
1655480 487
1655490 487
1655500 488
1655510 491
1655520 491
1655530 495
1655540 499
1655550 499
1655560 503
1655570 506
1655580 506
1655590 509
1655600 512
1655610 512
1655620 515
1655630 518
1655640 518
1655650 521
1655660 523
1655670 523
1655680 526
1655690 528
1655700 528
1655710 530
1655720 531
1655730 531
1655740 533
1655750 535
1655760 535
1655770 536
1655780 537
1655790 537
1655800 537
1655810 536
1655820 536
1655830 536
1655840 534
1655850 534
1655860 532
1655870 529
1655880 529
1655890 525
1655900 519
1655910 519
1655920 514
1655930 509
1655940 509
1655950 505
1655960 501
1655970 501
1655980 497
1655990 495
1656000 495
1656010 493
1656020 492
1656030 492
1656040 491
1656050 491
1656060 491
1656070 490
1656080 490
1656090 490
1656100 491
1656110 491
1656120 491
1656130 492
1656140 494
1656150 494
1656160 498
1656170 502
1656180 502
1656190 506
1656200 509
1656210 509
1656220 513
1656230 517
1656240 517
1656250 519
1656260 521
1656270 521
1656280 525
1656290 529
1656300 529
1656310 531
1656320 534
1656330 534
1656340 535
1656350 536
1656360 536
1656370 536
1656380 537
1656390 537
1656400 538
1656410 540
1656420 540
1656430 541
1656440 543
1656450 543
1656460 545
1656470 547
1656480 547
1656490 549
1656500 552
1656510 552
1656520 554
1656530 556
1656540 556
1656550 558
1656560 561
1656570 561
1656580 564
1656590 567
1656600 567
1656610 569
1656620 571
1656630 571
1656640 573
1656650 575
1656660 575
1656670 577
1656680 579
1656690 579
1656700 580
1656710 582
1656720 582
1656730 583
1656740 583
1656750 583
1656760 582
1656770 581
1656780 581
1656790 579
1656800 575
1656810 575
1656820 571
1656830 568
1656840 568
1656850 566
1656860 565
1656870 565
1656880 563
1656890 561
1656900 561
1656910 559
1656920 557
1656930 557
1656940 553
1656950 548
1656960 548
1656970 544
1656980 540
1656990 540
1657000 536
1657010 531
1657020 531
1657030 526
1657040 521
1657050 519
1657060 517
1657070 514
1657080 514
1657090 510
1657100 506
1657110 506
1657120 502
1657130 498
1657140 498
1657150 494
1657160 490
1657170 490
1657180 486
1657190 482
1657200 482
1657210 477
1657220 472
1657230 472
1657240 467
1657250 463
1657260 463
1657270 458
1657280 453
1657290 453
1657300 450
1657310 450
1657320 450
1657330 450
1657340 452
1657350 452
1657360 454
1657370 456
1657380 456
1657390 458
1657400 459
1657410 459
1657420 461
1657430 464
1657440 464
1657450 468
1657460 471
1657470 471
1657480 474
1657490 478
1657500 478
1657510 483
1657520 488
1657530 488
1657540 491
1657550 493
1657560 493
1657570 499
1657580 507
1657590 507
1657600 513
1657610 518
1657620 518
1657630 522
1657640 527
1657650 527
1657660 530
1657670 533
1657680 533
1657690 535
1657700 538
1657710 538
1657720 540
1657730 541
1657740 541
1657750 542
1657760 541
1657770 541
1657780 539
1657790 538
1657800 542
1657810 542
1657820 543
1657830 543
1657840 546
1657850 549
1657860 549
1657870 553
1657880 556
1657890 556
1657900 559
1657910 562
1657920 562
1657930 565
1657940 568
1657950 568
1657960 571
1657970 575
1657980 575
1657990 580
1658000 585
1658010 585
1658020 589
1658030 590
1658040 590
1658050 590
1658060 589
1658070 589
1658080 590
1658090 589
1658100 589
1658110 589
1658120 591
1658130 591
1658140 594
1658150 598
1658160 598
1658170 602
1658180 604
1658190 604
1658200 606
1658210 607
1658220 607
1658230 609
1658240 611
1658250 611
1658260 613
1658270 614
1658280 614
1658290 614
1658300 614
1658310 614
1658320 614
1658330 615
1658340 615
1658350 616
1658360 617
1658370 617
1658380 618
1658390 619
1658400 619
1658410 621
1658420 625
1658430 625
1658440 627
1658450 629
1658460 629
1658470 630
1658480 631
1658490 631
1658500 631
1658510 631
1658520 631
1658530 630
1658540 630
1658550 630
1658560 629
1658570 627
1658580 627
1658590 626
1658600 624
1658610 624
1658620 623
1658630 622
1658640 622
1658650 621
1658660 621
1658670 621
1658680 621
1658690 621
1658700 621
1658710 621
1658720 621
1658730 621
1658740 622
1658750 622
1658760 622
1658770 621
1658780 621
1658790 621
1658800 619
1658810 617
1658820 617
1658830 616
1658840 614
1658850 614
1658860 612
1658870 609
1658880 609
1658890 607
1658900 606
1658910 606
1658920 604
1658930 602
1658940 602
1658950 597
1658960 592
1658970 592
1658980 587
1658990 581
1659000 581
1659010 576
1659020 573
1659030 573
1659040 571
1659050 569
1659060 569
1659070 567
1659080 565
1659090 565
1659100 563
1659110 564
1659120 564
1659130 567
1659140 571
1659150 571
1659160 575
1659170 579
1659180 579
1659190 582
1659200 583
1659210 583
1659220 585
1659230 585
1659240 585
1659250 586
1659260 585
1659270 585
1659280 584
1659290 580
1659300 580
1659310 578
1659320 574
1659330 574
1659340 572
1659350 571
1659360 571
1659370 571
1659380 572
1659390 572
1659400 574
1659410 577
1659420 577
1659430 579
1659440 578
1659450 578
1659460 576
1659470 575
1659480 575
1659490 573
1659500 571
1659510 571
1659520 569
1659530 567
1659540 567
1659550 565
1659560 563
1659570 563
1659580 561
1659590 559
1659600 559
1659610 557
1659620 554
1659630 554
1659640 551
1659650 547
1659660 547
1659670 542
1659680 538
1659690 538
1659700 533
1659710 528
1659720 528
1659730 523
1659740 519
1659750 519
1659760 516
1659770 513
1659780 513
1659790 511
1659800 507
1659810 507
1659820 504
1659830 501
1659840 501
1659850 497
1659860 491
1659870 491
1659880 485
1659890 479
1659900 479
1659910 475
1659920 471
1659930 471
1659940 467
1659950 464
1659960 464
1659970 464
1659980 465
1659990 465
