1640000 423
1640010 422
1640020 422
1640030 421
1640040 420
1640050 420
1640060 421
1640070 422
1640080 422
1640090 422
1640100 422
1640110 422
1640120 422
1640130 422
1640140 422
1640150 422
1640160 422
1640170 422
1640180 422
1640190 422
1640200 422
1640210 422
1640220 422
1640230 422
1640240 422
1640250 423
1640260 423
1640270 423
1640280 424
1640290 424
1640300 424
1640310 424
1640320 424
1640330 424
1640340 424
1640350 424
1640360 423
1640370 422
1640380 422
1640390 420
1640400 418
1640410 418
1640420 416
1640430 416
1640440 416
1640450 415
1640460 413
1640470 413
1640480 412
1640490 411
1640500 411
1640510 409
1640520 408
1640530 408
1640540 407
1640550 406
1640560 406
1640570 405
1640580 405
1640590 405
1640600 404
1640610 404
1640620 404
1640630 403
1640640 402
1640650 402
1640660 401
1640670 401
1640680 401
1640690 400
1640700 400
1640710 400
1640720 399
1640730 400
1640740 400
1640750 399
1640760 399
1640770 399
1640780 398
1640790 398
1640800 398
1640810 397
1640820 397
1640830 397
1640840 397
1640850 397
1640860 397
1640870 396
1640880 396
1640890 396
1640900 396
1640910 395
1640920 395
1640930 395
1640940 395
1640950 395
1640960 395
1640970 395
1640980 395
1640990 394
1641000 393
1641010 393
1641020 392
1641030 392
1641040 392
1641050 392
1641060 391
1641070 391
1641080 391
1641090 391
1641100 391
1641110 392
1641120 392
1641130 392
1641140 392
1641150 392
1641160 392
1641170 391
1641180 391
1641190 391
1641200 392
1641210 392
1641220 392
1641230 392
1641240 392
1641250 392
1641260 391
1641270 391
1641280 391
1641290 391
1641300 392
1641310 392
1641320 392
1641330 393
1641340 393
1641350 393
1641360 393
1641370 393
1641380 389
1641390 385
1641400 385
1641410 383
1641420 384
1641430 384
1641440 385
1641450 387
1641460 387
1641470 389
1641480 392
1641490 392
1641500 396
1641510 399
1641520 399
1641530 401
1641540 403
1641550 403
1641560 400
1641570 401
1641580 401
1641590 403
1641600 405
1641610 405
1641620 407
1641630 410
1641640 410
1641650 413
1641660 415
1641670 415
1641680 418
1641690 420
1641700 420
1641710 421
1641720 423
1641730 423
1641740 424
1641750 425
1641760 425
1641770 427
1641780 429
1641790 429
1641800 431
1641810 433
1641820 433
1641830 434
1641840 436
1641850 436
1641860 438
1641870 440
1641880 440
1641890 442
1641900 444
1641910 444
1641920 445
1641930 447
1641940 447
1641950 448
1641960 448
1641970 448
1641980 449
1641990 449
1642000 449
1642010 448
1642020 447
1642030 447
1642040 448
1642050 450
1642060 450
1642070 452
1642080 454
1642090 454
1642100 456
1642110 459
1642120 459
1642130 460
1642140 461
1642150 461
1642160 461
1642170 462
1642180 462
1642190 463
1642200 465
1642210 465
1642220 467
1642230 469
1642240 469
1642250 471
1642260 473
1642270 473
1642280 474
1642290 475
1642300 475
1642310 476
1642320 477
1642330 477
1642340 477
1642350 477
1642360 477
1642370 477
1642380 477
1642390 477
1642400 476
1642410 476
1642420 476
1642430 476
1642440 475
1642450 475
1642460 474
1642470 472
1642480 472
1642490 470
1642500 467
1642510 467
1642520 464
1642530 459
1642540 459
1642550 453
1642560 447
1642570 447
1642580 448
1642590 452
1642600 452
1642610 456
1642620 460
1642630 460
1642640 465
1642650 470
1642660 470
1642670 474
1642680 476
1642690 476
1642700 479
1642710 481
1642720 481
1642730 482
1642740 483
1642750 483
1642760 484
1642770 485
1642780 485
1642790 487
1642800 488
1642810 488
1642820 489
1642830 491
1642840 491
1642850 491
1642860 492
1642870 492
1642880 492
1642890 493
1642900 493
1642910 493
1642920 494
1642930 494
1642940 494
1642950 494
1642960 494
1642970 492
1642980 491
1642990 491
1643000 489
1643010 488
1643020 488
1643030 488
1643040 490
1643050 490
1643060 492
1643070 494
1643080 494
1643090 496
1643100 498
1643110 498
1643120 499
1643130 501
1643140 501
1643150 503
1643160 504
1643170 504
1643180 505
1643190 506
1643200 506
1643210 506
1643220 506
1643230 506
1643240 506
1643250 507
1643260 507
1643270 507
1643280 507
1643290 507
1643300 506
1643310 505
1643320 505
1643330 505
1643340 504
1643350 504
1643360 504
1643370 503
1643380 503
1643390 502
1643400 501
1643410 501
1643420 500
1643430 499
1643440 499
1643450 498
1643460 497
1643470 497
1643480 496
1643490 495
1643500 495
1643510 494
1643520 493
1643530 493
1643540 492
1643550 491
1643560 491
1643570 489
1643580 488
1643590 488
1643600 488
1643610 487
1643620 487
1643630 486
1643640 485
1643650 485
1643660 485
1643670 484
1643680 484
1643690 481
1643700 478
1643710 478
1643720 477
1643730 477
1643740 477
1643750 476
1643760 475
1643770 475
1643780 474
1643790 473
1643800 473
1643810 472
1643820 471
1643830 471
1643840 471
1643850 471
1643860 471
1643870 472
1643880 472
1643890 472
1643900 473
1643910 471
1643920 471
1643930 466
1643940 462
1643950 462
1643960 459
1643970 456
1643980 456
1643990 454
1644000 453
1644010 453
1644020 451
1644030 450
1644040 450
1644050 449
1644060 449
1644070 449
1644080 448
1644090 447
1644100 447
1644110 446
1644120 445
1644130 445
1644140 444
1644150 441
1644160 441
1644170 439
1644180 439
1644190 439
1644200 439
1644210 440
1644220 440
1644230 442
1644240 442
1644250 442
1644260 441
1644270 439
1644280 439
1644290 436
1644300 433
1644310 433
1644320 432
1644330 430
1644340 430
1644350 427
1644360 424
1644370 424
1644380 424
1644390 425
1644400 425
1644410 427
1644420 430
1644430 430
1644440 432
1644450 435
1644460 435
1644470 436
1644480 437
1644490 437
1644500 436
1644510 435
1644520 435
1644530 432
1644540 429
1644550 429
1644560 427
1644570 424
1644580 424
1644590 421
1644600 419
1644610 419
1644620 417
1644630 414
1644640 414
1644650 411
1644660 408
1644670 408
1644680 405
1644690 401
1644700 401
1644710 398
1644720 395
1644730 395
1644740 392
1644750 387
1644760 387
1644770 381
1644780 376
1644790 376
1644800 373
1644810 372
1644820 372
1644830 377
1644840 384
1644850 384
1644860 388
1644870 393
1644880 393
1644890 399
1644900 400
1644910 400
1644920 402
1644930 402
1644940 402
1644950 400
1644960 397
1644970 397
1644980 395
1644990 393
1645000 393
1645010 390
1645020 387
1645030 387
1645040 385
1645050 384
1645060 384
1645070 383
1645080 383
1645090 383
1645100 383
1645110 383
1645120 383
1645130 383
1645140 384
1645150 384
1645160 384
1645170 385
1645180 385
1645190 385
1645200 385
1645210 385
1645220 383
1645230 381
1645240 381
1645250 379
1645260 376
1645270 376
1645280 374
1645290 371
1645300 371
1645310 367
1645320 365
1645330 365
1645340 363
1645350 360
1645360 360
1645370 359
1645380 359
1645390 359
1645400 359
1645410 359
1645420 359
1645430 360
1645440 360
1645450 360
1645460 361
1645470 362
1645480 362
1645490 363
1645500 364
1645510 364
1645520 365
1645530 366
1645540 366
1645550 366
1645560 367
1645570 367
1645580 368
1645590 369
1645600 369
1645610 370
1645620 371
1645630 371
1645640 372
1645650 373
1645660 373
1645670 373
1645680 375
1645690 375
1645700 377
1645710 379
1645720 379
1645730 382
1645740 386
1645750 386
1645760 387
1645770 391
1645780 391
1645790 395
1645800 399
1645810 399
1645820 403
1645830 407
1645840 407
1645850 411
1645860 415
1645870 415
1645880 418
1645890 421
1645900 421
1645910 427
1645920 433
1645930 433
1645940 439
1645950 443
1645960 443
1645970 446
1645980 448
1645990 448
1646000 449
1646010 451
1646020 451
1646030 451
1646040 452
1646050 452
1646060 453
1646070 453
1646080 453
1646090 453
1646100 453
1646110 453
1646120 452
1646130 451
1646140 451
1646150 450
1646160 450
1646170 450
1646180 449
1646190 449
1646200 449
1646210 449
1646220 450
1646230 450
1646240 452
1646250 455
1646260 455
1646270 460
1646280 463
1646290 463
1646300 466
1646310 469
1646320 469
1646330 472
1646340 474
1646350 474
1646360 475
1646370 476
1646380 476
1646390 477
1646400 478
1646410 478
1646420 478
1646430 479
1646440 480
1646450 480
1646460 480
1646470 480
1646480 479
1646490 479
1646500 479
1646510 479
1646520 478
1646530 478
1646540 478
1646550 477
1646560 477
1646570 476
1646580 476
1646590 476
1646600 475
1646610 474
1646620 474
1646630 474
1646640 473
1646650 473
1646660 473
1646670 472
1646680 472
1646690 470
1646700 467
1646710 467
1646720 462
1646730 455
1646740 455
1646750 450
1646760 446
1646770 446
1646780 443
1646790 445
1646800 445
1646810 449
1646820 451
1646830 451
1646840 454
1646850 456
1646860 456
1646870 459
1646880 461
1646890 461
1646900 463
1646910 464
1646920 464
1646930 463
1646940 463
1646950 463
1646960 461
1646970 460
1646980 460
1646990 458
1647000 456
1647010 456
1647020 452
1647030 448
1647040 448
1647050 443
1647060 438
1647070 438
1647080 432
1647090 427
1647100 427
1647110 423
1647120 419
1647130 419
1647140 414
1647150 408
1647160 408
1647170 402
1647180 396
1647190 396
1647200 390
1647210 385
1647220 385
1647230 382
1647240 382
1647250 382
1647260 381
1647270 379
1647280 379
1647290 378
1647300 377
1647310 377
1647320 375
1647330 375
1647340 375
1647350 375
1647360 375
1647370 375
1647380 375
1647390 375
1647400 375
1647410 375
1647420 376
1647430 376
1647440 377
1647450 380
1647460 380
1647470 383
1647480 388
1647490 388
1647500 392
1647510 395
1647520 395
1647530 397
1647540 400
1647550 400
1647560 402
1647570 403
1647580 403
1647590 404
1647600 405
1647610 405
1647620 406
1647630 406
1647640 406
1647650 407
1647660 407
1647670 407
1647680 407
1647690 406
1647700 406
1647710 406
1647720 406
1647730 406
1647740 405
1647750 405
1647760 405
1647770 404
1647780 404
1647790 404
1647800 403
1647810 402
1647820 402
1647830 403
1647840 404
1647850 404
1647860 406
1647870 407
1647880 407
1647890 407
1647900 408
1647910 408
1647920 408
1647930 408
1647940 408
1647950 408
1647960 408
1647970 408
1647980 409
1647990 412
1648000 412
1648010 416
1648020 421
1648030 421
1648040 432
1648050 436
1648060 436
1648070 438
1648080 441
1648090 441
1648100 444
1648110 446
1648120 446
1648130 448
1648140 451
1648150 451
1648160 454
1648170 456
1648180 456
1648190 458
1648200 461
1648210 461
1648220 462
1648230 464
1648240 464
1648250 465
1648260 467
1648270 467
1648280 468
1648290 470
1648300 470
1648310 471
1648320 471
1648330 471
1648340 471
1648350 470
1648360 470
1648370 468
1648380 465
1648390 465
1648400 463
1648410 461
1648420 461
1648430 460
1648440 458
1648450 458
1648460 455
1648470 453
1648480 453
1648490 450
1648500 449
1648510 449
1648520 448
1648530 448
1648540 448
1648550 447
1648560 448
1648570 448
1648580 449
1648590 448
1648600 448
1648610 450
1648620 452
1648630 452
1648640 453
1648650 454
1648660 454
1648670 456
1648680 458
1648690 458
1648700 461
1648710 465
1648720 465
1648730 469
1648740 473
1648750 473
1648760 477
1648770 481
1648780 481
1648790 484
1648800 488
1648810 488
1648820 491
1648830 497
1648840 497
1648850 499
1648860 501
1648870 501
1648880 503
1648890 504
1648900 504
1648910 505
1648920 507
1648930 507
1648940 508
1648950 509
1648960 509
1648970 510
1648980 511
1648990 511
1649000 512
1649010 514
1649020 514
1649030 515
1649040 517
1649050 517
1649060 518
1649070 520
1649080 520
1649090 521
1649100 523
1649110 523
1649120 525
1649130 527
1649140 527
1649150 530
1649160 533
1649170 533
1649180 535
1649190 538
1649200 538
1649210 541
1649220 544
1649230 544
1649240 547
1649250 548
1649260 548
1649270 550
1649280 552
1649290 552
1649300 555
1649310 557
1649320 557
1649330 558
1649340 559
1649350 559
1649360 560
1649370 562
1649380 562
1649390 563
1649400 564
1649410 564
1649420 565
1649430 565
1649440 565
1649450 566
1649460 567
1649470 567
1649480 568
1649490 568
1649500 568
1649510 568
1649520 569
1649530 569
1649540 569
1649550 569
1649560 569
1649570 570
1649580 570
1649590 570
1649600 571
1649610 573
1649620 571
1649630 572
1649640 573
1649650 573
1649660 574
1649670 574
1649680 574
1649690 575
1649700 576
1649710 576
1649720 576
1649730 576
1649740 576
1649750 576
1649760 575
1649770 575
1649780 574
1649790 574
1649800 574
1649810 573
1649820 572
1649830 572
1649840 571
1649850 570
1649860 570
1649870 569
1649880 568
1649890 568
1649900 567
1649910 566
1649920 566
1649930 565
1649940 565
1649950 565
1649960 565
1649970 565
1649980 565
1649990 565
1650000 565
1650010 565
1650020 565
1650030 565
1650040 565
1650050 565
1650060 564
1650070 564
1650080 564
1650090 563
1650100 563
1650110 562
1650120 561
1650130 561
1650140 560
1650150 560
1650160 560
1650170 560
1650180 560
1650190 560
1650200 559
1650210 559
1650220 559
1650230 558
1650240 558
1650250 558
1650260 557
1650270 556
1650280 556
1650290 555
1650300 554
1650310 554
1650320 553
1650330 553
1650340 553
1650350 552
1650360 550
1650370 550
1650380 549
1650390 548
1650400 546
1650410 545
1650420 544
1650430 544
1650440 543
1650450 542
1650460 542
1650470 541
1650480 539
1650490 539
1650500 538
1650510 537
1650520 537
1650530 536
1650540 534
1650550 534
1650560 533
1650570 532
1650580 532
1650590 531
1650600 531
1650610 530
1650620 528
1650630 528
1650640 526
1650650 523
1650660 523
1650670 521
1650680 520
1650690 520
1650700 519
1650710 519
1650720 519
1650730 519
1650740 519
1650750 519
1650760 519
1650770 520
1650780 520
1650790 521
1650800 522
1650810 522
1650820 522
1650830 523
1650840 523
1650850 524
1650860 525
1650870 525
1650880 527
1650890 529
1650900 529
1650910 531
1650920 532
1650930 532
1650940 532
1650950 532
1650960 532
1650970 531
1650980 529
1650990 529
1651000 527
1651010 525
1651020 525
1651030 522
1651040 520
1651050 520
1651060 517
1651070 515
1651080 515
1651090 513
1651100 511
1651110 511
1651120 509
1651130 508
1651140 508
1651150 506
1651160 503
1651170 503
1651180 500
1651190 498
1651200 498
1651210 497
1651220 498
1651230 498
1651240 501
1651250 506
1651260 506
1651270 509
1651280 512
1651290 512
1651300 516
1651310 519
1651320 519
1651330 521
1651340 522
1651350 522
1651360 521
1651370 519
1651380 519
1651390 516
1651400 509
1651410 509
1651420 502
1651430 496
1651440 496
1651450 495
1651460 495
1651470 495
1651480 495
1651490 497
1651500 497
1651510 501
1651520 506
1651530 506
1651540 508
1651550 511
1651560 511
1651570 514
1651580 517
1651590 517
1651600 520
1651610 523
1651620 523
1651630 526
1651640 529
1651650 529
1651660 531
1651670 532
1651680 532
1651690 534
1651700 537
1651710 537
1651720 539
1651730 542
1651740 542
1651750 544
1651760 547
1651770 547
1651780 549
1651790 552
1651800 552
1651810 554
1651820 556
1651830 556
1651840 558
1651850 560
1651860 560
1651870 561
1651880 563
1651890 563
1651900 564
1651910 565
1651920 565
1651930 566
1651940 567
1651950 567
1651960 572
1651970 573
1651980 573
1651990 574
1652000 574
1652010 574
1652020 574
1652030 575
1652040 575
1652050 575
1652060 575
1652070 575
1652080 574
1652090 573
1652100 573
1652110 573
1652120 572
1652130 572
1652140 572
1652150 572
1652160 572
1652170 573
1652180 573
1652190 573
1652200 574
1652210 575
1652220 575
1652230 576
1652240 578
1652250 578
1652260 579
1652270 581
1652280 581
1652290 581
1652300 581
1652310 581
1652320 581
1652330 581
1652340 581
1652350 582
1652360 582
1652370 582
1652380 582
1652390 583
1652400 583
1652410 583
1652420 583
1652430 583
1652440 583
1652450 584
1652460 584
1652470 585
1652480 586
1652490 586
1652500 587
1652510 589
1652520 589
1652530 590
1652540 592
1652550 592
1652560 592
1652570 592
1652580 592
1652590 592
1652600 592
1652610 592
1652620 592
1652630 592
1652640 592
1652650 592
1652660 591
1652670 591
1652680 590
1652690 590
1652700 590
1652710 589
1652720 587
1652730 587
1652740 585
1652750 583
1652760 583
1652770 580
1652780 578
1652790 578
1652800 577
1652810 577
1652820 577
1652830 577
1652840 578
1652850 578
1652860 579
1652870 580
1652880 580
1652890 581
1652900 583
1652910 583
1652920 584
1652930 585
1652940 585
1652950 586
1652960 587
1652970 587
1652980 587
1652990 586
1653000 586
1653010 585
1653020 584
1653030 584
1653040 584
1653050 583
1653060 583
1653070 584
1653080 586
1653090 586
1653100 587
1653110 588
1653120 588
1653130 589
1653140 589
1653150 589
1653160 590
1653170 591
1653180 591
1653190 591
1653200 590
1653210 590
1653220 589
1653230 589
1653240 589
1653250 588
1653260 588
1653270 588
1653280 588
1653290 587
1653300 587
1653310 586
1653320 585
1653330 585
1653340 583
1653350 580
1653360 580
1653370 578
1653380 576
1653390 576
1653400 573
1653410 572
1653420 572
1653430 570
1653440 570
1653450 570
1653460 569
1653470 569
1653480 569
1653490 569
1653500 572
1653510 572
1653520 573
1653530 574
1653540 574
1653550 575
1653560 575
1653570 575
1653580 576
1653590 577
1653600 577
1653610 578
1653620 579
1653630 579
1653640 580
1653650 582
1653660 582
1653670 584
1653680 586
1653690 586
1653700 589
1653710 592
1653720 592
1653730 594
1653740 596
1653750 596
1653760 598
1653770 601
1653780 601
1653790 602
1653800 604
1653810 604
1653820 606
1653830 607
1653840 607
1653850 608
1653860 608
1653870 608
1653880 609
1653890 609
1653900 609
1653910 610
1653920 610
1653930 610
1653940 610
1653950 609
1653960 609
1653970 609
1653980 608
1653990 608
1654000 608
1654010 607
1654020 607
1654030 607
1654040 607
1654050 607
1654060 607
1654070 607
1654080 607
1654090 607
1654100 607
1654110 607
1654120 607
1654130 607
1654140 607
1654150 608
1654160 608
1654170 608
1654180 607
1654190 607
1654200 607
1654210 607
1654220 607
1654230 607
1654240 607
1654250 606
1654260 606
1654270 605
1654280 604
1654290 604
1654300 603
1654310 602
1654320 602
1654330 601
1654340 600
1654350 600
1654360 598
1654370 597
1654380 597
1654390 595
1654400 593
1654410 593
1654420 591
1654430 588
1654440 588
1654450 586
1654460 582
1654470 582
1654480 578
1654490 574
1654500 574
1654510 571
1654520 568
1654530 568
1654540 566
1654550 565
1654560 565
1654570 563
1654580 564
1654590 564
1654600 563
1654610 563
1654620 563
1654630 563
1654640 562
1654650 562
1654660 561
1654670 560
1654680 560
1654690 558
1654700 557
1654710 557
1654720 556
1654730 555
1654740 555
1654750 555
1654760 555
1654770 555
1654780 554
1654790 554
1654800 554
1654810 553
1654820 553
1654830 553
1654840 554
1654850 554
1654860 554
1654870 555
1654880 555
1654890 555
1654900 556
1654910 556
1654920 556
1654930 555
1654940 553
1654950 553
1654960 551
1654970 547
1654980 547
1654990 544
1655000 540
1655010 540
1655020 539
1655030 538
1655040 538
1655050 540
1655060 542
1655070 542
1655080 545
1655090 547
1655100 547
1655110 549
1655120 551
1655130 551
1655140 553
1655150 554
1655160 554
1655170 553
1655180 553
1655190 553
1655200 554
1655210 555
1655220 555
1655230 556
1655240 555
1655250 555
1655260 555
1655270 553
1655280 553
1655290 551
1655300 549
1655310 549
1655320 548
1655330 548
1655340 548
1655350 547
1655360 545
1655370 545
1655380 542
1655390 541
1655400 541
1655410 540
1655420 541
1655430 541
1655440 543
1655450 546
1655460 546
1655470 550
1655480 553
1655490 553
1655500 554
1655510 554
1655520 554
1655530 553
1655540 552
1655550 552
1655560 551
1655570 550
1655580 550
1655590 548
1655600 546
1655610 546
1655620 542
1655630 539
1655640 539
1655650 536
1655660 531
1655670 531
1655680 528
1655690 525
1655700 525
1655710 522
1655720 518
1655730 518
1655740 514
1655750 510
1655760 510
1655770 506
1655780 502
1655790 501
1655800 500
1655810 500
1655820 500
1655830 500
1655840 502
1655850 502
1655860 505
1655870 509
1655880 509
1655890 511
1655900 511
1655910 511
1655920 510
1655930 509
1655940 509
1655950 508
1655960 508
1655970 508
1655980 508
1655990 509
1656000 509
1656010 510
1656020 512
1656030 512
1656040 514
1656050 516
1656060 516
1656070 518
1656080 519
1656090 519
1656100 521
1656110 523
1656120 523
1656130 524
1656140 525
1656150 525
1656160 526
1656170 527
1656180 527
1656190 527
1656200 527
1656210 527
1656220 527
1656230 527
1656240 527
1656250 527
1656260 527
1656270 527
1656280 527
1656290 527
1656300 527
1656310 526
1656320 525
1656330 525
1656340 525
1656350 525
1656360 525
1656370 526
1656380 528
1656390 528
1656400 531
1656410 535
1656420 535
1656430 539
1656440 542
1656450 542
1656460 546
1656470 550
1656480 550
1656490 553
1656500 557
1656510 557
1656520 560
1656530 564
1656540 564
1656550 565
1656560 568
1656570 568
1656580 570
1656590 573
1656600 573
1656610 575
1656620 578
1656630 578
1656640 580
1656650 582
1656660 582
1656670 584
1656680 587
1656690 587
1656700 589
1656710 593
1656720 593
1656730 595
1656740 597
1656750 597
1656760 598
1656770 598
1656780 598
1656790 599
1656800 598
1656810 598
1656820 597
1656830 595
1656840 595
1656850 592
1656860 589
1656870 589
1656880 587
1656890 584
1656900 584
1656910 582
1656920 579
1656930 579
1656940 577
1656950 575
1656960 575
1656970 573
1656980 571
1656990 571
1657000 570
1657010 569
1657020 569
1657030 568
1657040 567
1657050 567
1657060 565
1657070 563
1657080 563
1657090 561
1657100 559
1657110 559
1657120 558
1657130 557
1657140 557
1657150 556
1657160 555
1657170 555
1657180 554
1657190 552
1657200 552
1657210 550
1657220 548
1657230 548
1657240 546
1657250 545
1657260 545
1657270 543
1657280 545
1657290 545
1657300 550
1657310 554
1657320 554
1657330 559
1657340 563
1657350 563
1657360 567
1657370 570
1657380 570
1657390 573
1657400 575
1657410 575
1657420 577
1657430 579
1657440 579
1657450 580
1657460 582
1657470 582
1657480 583
1657490 584
1657500 584
1657510 584
1657520 583
1657530 583
1657540 582
1657550 580
1657560 580
1657570 576
1657580 573
1657590 573
1657600 569
1657610 566
1657620 566
1657630 564
1657640 562
1657650 562
1657660 561
1657670 560
1657680 560
1657690 558
1657700 556
1657710 556
1657720 553
1657730 551
1657740 551
1657750 549
1657760 546
1657770 546
1657780 543
1657790 540
1657800 540
1657810 537
1657820 534
1657830 534
1657840 531
1657850 528
1657860 528
1657870 524
1657880 521
1657890 521
1657900 517
1657910 516
1657920 516
1657930 515
1657940 515
1657950 515
1657960 515
1657970 515
1657980 515
1657990 516
1658000 517
1658010 517
1658020 519
1658030 521
1658040 521
1658050 520
1658060 522
1658070 522
1658080 524
1658090 525
1658100 525
1658110 528
1658120 532
1658130 532
1658140 535
1658150 539
1658160 539
1658170 542
1658180 545
1658190 545
1658200 549
1658210 552
1658220 552
1658230 555
1658240 557
1658250 557
1658260 560
1658270 561
1658280 561
1658290 562
1658300 563
1658310 563
1658320 563
1658330 563
1658340 563
1658350 564
1658360 564
1658370 564
1658380 565
1658390 565
1658400 565
1658410 566
1658420 567
1658430 567
1658440 568
1658450 569
1658460 569
1658470 571
1658480 572
1658490 572
1658500 573
1658510 574
1658520 574
1658530 575
1658540 576
1658550 576
1658560 577
1658570 577
1658580 577
1658590 577
1658600 578
1658610 578
1658620 578
1658630 578
1658640 578
1658650 578
1658660 578
1658670 578
1658680 577
1658690 577
1658700 577
1658710 576
1658720 575
1658730 575
1658740 573
1658750 571
1658760 571
1658770 568
1658780 564
1658790 564
1658800 564
1658810 561
1658820 561
1658830 557
1658840 553
1658850 553
1658860 550
1658870 549
1658880 549
1658890 551
1658900 555
1658910 555
1658920 561
1658930 565
1658940 565
1658950 568
1658960 570
1658970 570
1658980 574
1658990 579
1659000 579
1659010 583
1659020 587
1659030 587
1659040 590
1659050 593
1659060 593
1659070 595
1659080 596
1659090 596
1659100 596
1659110 596
1659120 596
1659130 597
1659140 597
1659150 597
1659160 597
1659170 597
1659180 597
1659190 597
1659200 597
1659210 597
1659220 597
1659230 597
1659240 597
1659250 598
1659260 598
1659270 598
1659280 599
1659290 600
1659300 600
1659310 601
1659320 602
1659330 602
1659340 602
1659350 602
1659360 602
1659370 601
1659380 598
1659390 598
1659400 594
1659410 590
1659420 590
1659430 585
1659440 581
1659450 581
1659460 576
1659470 572
1659480 572
1659490 567
1659500 563
1659510 563
1659520 559
1659530 556
1659540 557
1659550 559
1659560 561
1659570 561
1659580 563
1659590 567
1659600 567
1659610 571
1659620 573
1659630 573
1659640 575
1659650 578
1659660 578
1659670 581
1659680 583
1659690 583
1659700 585
1659710 586
1659720 586
1659730 588
1659740 589
1659750 589
1659760 591
1659770 593
1659780 593
1659790 595
1659800 598
1659810 598
1659820 601
1659830 604
1659840 604
1659850 606
1659860 609
1659870 609
1659880 612
1659890 615
1659900 615
1659910 619
1659920 623
1659930 623
1659940 625
1659950 627
1659960 627
1659970 629
1659980 630
1659990 630
