1640000 438
1640010 438
1640020 438
1640030 437
1640040 437
1640050 437
1640060 436
1640070 436
1640080 435
1640090 434
1640100 434
1640110 433
1640120 432
1640130 432
1640140 430
1640150 428
1640160 428
1640170 426
1640180 427
1640190 427
1640200 428
1640210 427
1640220 427
1640230 426
1640240 425
1640250 425
1640260 423
1640270 422
1640280 422
1640290 421
1640300 421
1640310 421
1640320 420
1640330 418
1640340 418
1640350 417
1640360 416
1640370 416
1640380 415
1640390 415
1640400 415
1640410 415
1640420 415
1640430 415
1640440 415
1640450 415
1640460 415
1640470 415
1640480 415
1640490 415
1640500 416
1640510 416
1640520 416
1640530 417
1640540 416
1640550 416
1640560 416
1640570 415
1640580 415
1640590 413
1640600 412
1640610 412
1640620 410
1640630 409
1640640 409
1640650 411
1640660 412
1640670 412
1640680 413
1640690 413
1640700 413
1640710 414
1640720 414
1640730 414
1640740 415
1640750 415
1640760 415
1640770 415
1640780 414
1640790 412
1640800 411
1640810 410
1640820 410
1640830 409
1640840 408
1640850 408
1640860 407
1640870 406
1640880 406
1640890 405
1640900 405
1640910 405
1640920 405
1640930 405
1640940 405
1640950 404
1640960 403
1640970 403
1640980 401
1640990 400
1641000 400
1641010 399
1641020 399
1641030 399
1641040 398
1641050 398
1641060 398
1641070 397
1641080 398
1641090 398
1641100 397
1641110 396
1641120 396
1641130 394
1641140 392
1641150 392
1641160 390
1641170 389
1641180 389
1641190 387
1641200 386
1641210 386
1641220 386
1641230 386
1641240 386
1641250 386
1641260 387
1641270 387
1641280 390
1641290 392
1641300 392
1641310 396
1641320 401
1641330 401
1641340 407
1641350 410
1641360 410
1641370 411
1641380 413
1641390 413
1641400 415
1641410 416
1641420 416
1641430 418
1641440 419
1641450 419
1641460 420
1641470 421
1641480 421
1641490 422
1641500 423
1641510 423
1641520 423
1641530 424
1641540 424
1641550 425
1641560 426
1641570 426
1641580 427
1641590 428
1641600 428
1641610 432
1641620 434
1641630 434
1641640 436
1641650 438
1641660 438
1641670 440
1641680 441
1641690 441
1641700 443
1641710 444
1641720 444
1641730 445
1641740 445
1641750 445
1641760 446
1641770 446
1641780 446
1641790 446
1641800 445
1641810 445
1641820 444
1641830 443
1641840 443
1641850 442
1641860 441
1641870 441
1641880 440
1641890 440
1641900 440
1641910 440
1641920 438
1641930 438
1641940 436
1641950 436
1641960 436
1641970 435
1641980 434
1641990 434
1642000 433
1642010 433
1642020 433
1642030 433
1642040 432
1642050 432
1642060 432
1642070 432
1642080 432
1642090 432
1642100 434
1642110 434
1642120 436
1642130 437
1642140 437
1642150 439
1642160 440
1642170 440
1642180 442
1642190 445
1642200 445
1642210 448
1642220 451
1642230 451
1642240 454
1642250 457
1642260 457
1642270 459
1642280 462
1642290 462
1642300 463
1642310 464
1642320 464
1642330 466
1642340 467
1642350 467
1642360 468
1642370 470
1642380 470
1642390 471
1642400 472
1642410 472
1642420 473
1642430 475
1642440 476
1642450 477
1642460 478
1642470 478
1642480 478
1642490 478
1642500 478
1642510 477
1642520 474
1642530 474
1642540 470
1642550 466
1642560 466
1642570 464
1642580 464
1642590 464
1642600 467
1642610 469
1642620 469
1642630 472
1642640 475
1642650 475
1642660 479
1642670 483
1642680 483
1642690 487
1642700 491
1642710 491
1642720 494
1642730 496
1642740 496
1642750 498
1642760 500
1642770 500
1642780 501
1642790 502
1642800 502
1642810 504
1642820 505
1642830 505
1642840 507
1642850 508
1642860 508
1642870 509
1642880 511
1642890 511
1642900 512
1642910 513
1642920 513
1642930 514
1642940 515
1642950 515
1642960 516
1642970 516
1642980 516
1642990 517
1643000 518
1643010 518
1643020 518
1643030 519
1643040 519
1643050 519
1643060 520
1643070 520
1643080 521
1643090 521
1643100 521
1643110 522
1643120 522
1643130 522
1643140 522
1643150 523
1643160 523
1643170 523
1643180 523
1643190 523
1643200 523
1643210 523
1643220 523
1643230 523
1643240 523
1643250 523
1643260 524
1643270 523
1643280 523
1643290 523
1643300 523
1643310 523
1643320 523
1643330 523
1643340 523
1643350 522
1643360 522
1643370 522
1643380 522
1643390 521
1643400 521
1643410 521
1643420 521
1643430 521
1643440 520
1643450 520
1643460 520
1643470 520
1643480 519
1643490 519
1643500 519
1643510 518
1643520 518
1643530 518
1643540 517
1643550 517
1643560 517
1643570 516
1643580 516
1643590 516
1643600 515
1643610 515
1643620 514
1643630 514
1643640 514
1643650 513
1643660 512
1643670 512
1643680 511
1643690 510
1643700 510
1643710 509
1643720 508
1643730 508
1643740 508
1643750 507
1643760 507
1643770 505
1643780 504
1643790 504
1643800 502
1643810 501
1643820 501
1643830 499
1643840 498
1643850 498
1643860 497
1643870 496
1643880 496
1643890 495
1643900 493
1643910 493
1643920 491
1643930 488
1643940 488
1643950 484
1643960 480
1643970 480
1643980 479
1643990 481
1644000 481
1644010 482
1644020 484
1644030 484
1644040 486
1644050 487
1644060 487
1644070 490
1644080 491
1644090 491
1644100 492
1644110 492
1644120 492
1644130 493
1644140 493
1644150 493
1644160 493
1644170 493
1644180 493
1644190 493
1644200 493
1644210 493
1644220 493
1644230 492
1644240 492
1644250 491
1644260 490
1644270 490
1644280 488
1644290 486
1644300 486
1644310 483
1644320 481
1644330 481
1644340 477
1644350 474
1644360 474
1644370 471
1644380 467
1644390 467
1644400 463
1644410 459
1644420 459
1644430 455
1644440 451
1644450 451
1644460 447
1644470 442
1644480 442
1644490 438
1644500 434
1644510 434
1644520 429
1644530 423
1644540 423
1644550 417
1644560 410
1644570 410
1644580 403
1644590 396
1644600 396
1644610 389
1644620 386
1644630 386
1644640 389
1644650 394
1644660 394
1644670 400
1644680 407
1644690 407
1644700 414
1644710 421
1644720 421
1644730 427
1644740 431
1644750 431
1644760 433
1644770 434
1644780 434
1644790 434
1644800 436
1644810 436
1644820 439
1644830 443
1644840 443
1644850 446
1644860 449
1644870 449
1644880 453
1644890 456
1644900 456
1644910 459
1644920 459
1644930 459
1644940 459
1644950 458
1644960 458
1644970 457
1644980 455
1644990 455
1645000 453
1645010 451
1645020 451
1645030 449
1645040 447
1645050 447
1645060 446
1645070 446
1645080 446
1645090 446
1645100 446
1645110 446
1645120 445
1645130 443
1645140 443
1645150 441
1645160 438
1645170 438
1645180 435
1645190 430
1645200 430
1645210 426
1645220 421
1645230 421
1645240 415
1645250 408
1645260 408
1645270 402
1645280 396
1645290 396
1645300 389
1645310 382
1645320 382
1645330 376
1645340 369
1645350 369
1645360 364
1645370 362
1645380 362
1645390 362
1645400 362
1645410 362
1645420 362
1645430 362
1645440 362
1645450 363
1645460 366
1645470 366
1645480 373
1645490 381
1645500 381
1645510 388
1645520 395
1645530 395
1645540 402
1645550 408
1645560 408
1645570 412
1645580 418
1645590 418
1645600 424
1645610 430
1645620 430
1645630 437
1645640 443
1645650 443
1645660 449
1645670 454
1645680 454
1645690 462
1645700 468
1645710 468
1645720 472
1645730 474
1645740 474
1645750 473
1645760 469
1645770 469
1645780 464
1645790 460
1645800 460
1645810 458
1645820 456
1645830 456
1645840 455
1645850 453
1645860 453
1645870 451
1645880 450
1645890 450
1645900 449
1645910 448
1645920 448
1645930 447
1645940 446
1645950 446
1645960 445
1645970 443
1645980 443
1645990 441
1646000 439
1646010 439
1646020 437
1646030 436
1646040 436
1646050 435
1646060 433
1646070 433
1646080 432
1646090 431
1646100 431
1646110 430
1646120 430
1646130 430
1646140 429
1646150 428
1646160 428
1646170 428
1646180 427
1646190 427
1646200 426
1646210 426
1646220 426
1646230 425
1646240 424
1646250 424
1646260 424
1646270 423
1646280 423
1646290 423
1646300 423
1646310 423
1646320 423
1646330 424
1646340 424
1646350 423
1646360 423
1646370 423
1646380 425
1646390 429
1646400 429
1646410 430
1646420 432
1646430 432
1646440 434
1646450 436
1646460 436
1646470 438
1646480 439
1646490 437
1646500 440
1646510 441
1646520 441
1646530 443
1646540 445
1646550 445
1646560 447
1646570 449
1646580 449
1646590 451
1646600 454
1646610 454
1646620 457
1646630 460
1646640 460
1646650 463
1646660 466
1646670 466
1646680 470
1646690 473
1646700 473
1646710 475
1646720 478
1646730 478
1646740 479
1646750 482
1646760 482
1646770 484
1646780 485
1646790 485
1646800 486
1646810 488
1646820 488
1646830 488
1646840 489
1646850 489
1646860 490
1646870 491
1646880 491
1646890 492
1646900 492
1646910 492
1646920 493
1646930 494
1646940 494
1646950 495
1646960 495
1646970 495
1646980 496
1646990 496
1647000 496
1647010 497
1647020 497
1647030 497
1647040 497
1647050 498
1647060 498
1647070 497
1647080 497
1647090 497
1647100 496
1647110 493
1647120 493
1647130 488
1647140 484
1647150 484
1647160 482
1647170 480
1647180 480
1647190 478
1647200 474
1647210 474
1647220 470
1647230 466
1647240 466
1647250 462
1647260 459
1647270 459
1647280 457
1647290 458
1647300 458
1647310 456
1647320 454
1647330 454
1647340 452
1647350 448
1647360 448
1647370 440
1647380 433
1647390 433
1647400 426
1647410 419
1647420 419
1647430 413
1647440 407
1647450 407
1647460 400
1647470 394
1647480 394
1647490 386
1647500 381
1647510 381
1647520 380
1647530 379
1647540 379
1647550 379
1647560 380
1647570 380
1647580 380
1647590 381
1647600 381
1647610 382
1647620 385
1647630 385
1647640 390
1647650 395
1647660 395
1647670 399
1647680 401
1647690 401
1647700 403
1647710 405
1647720 405
1647730 406
1647740 407
1647750 407
1647760 407
1647770 408
1647780 408
1647790 407
1647800 407
1647810 407
1647820 406
1647830 406
1647840 406
1647850 406
1647860 405
1647870 405
1647880 407
1647890 409
1647900 409
1647910 411
1647920 413
1647930 413
1647940 415
1647950 419
1647960 419
1647970 423
1647980 427
1647990 427
1648000 431
1648010 435
1648020 435
1648030 439
1648040 442
1648050 442
1648060 447
1648070 451
1648080 451
1648090 453
1648100 457
1648110 457
1648120 462
1648130 464
1648140 464
1648150 467
1648160 469
1648170 469
1648180 470
1648190 470
1648200 470
1648210 470
1648220 470
1648230 470
1648240 471
1648250 473
1648260 473
1648270 474
1648280 475
1648290 475
1648300 476
1648310 476
1648320 476
1648330 477
1648340 477
1648350 477
1648360 478
1648370 479
1648380 479
1648390 481
1648400 482
1648410 482
1648420 483
1648430 484
1648440 484
1648450 485
1648460 485
1648470 485
1648480 485
1648490 486
1648500 486
1648510 487
1648520 488
1648530 488
1648540 490
1648550 491
1648560 491
1648570 493
1648580 495
1648590 495
1648600 496
1648610 498
1648620 498
1648630 500
1648640 502
1648650 502
1648660 503
1648670 504
1648680 504
1648690 505
1648700 506
1648710 506
1648720 506
1648730 508
1648740 508
1648750 508
1648760 509
1648770 509
1648780 508
1648790 507
1648800 507
1648810 504
1648820 499
1648830 499
1648840 495
1648850 493
1648860 493
1648870 492
1648880 492
1648890 492
1648900 490
1648910 489
1648920 489
1648930 488
1648940 488
1648950 488
1648960 489
1648970 489
1648980 491
1648990 493
1649000 493
1649010 495
1649020 496
1649030 496
1649040 497
1649050 498
1649060 498
1649070 499
1649080 499
1649090 499
1649100 501
1649110 503
1649120 503
1649130 505
1649140 507
1649150 507
1649160 508
1649170 509
1649180 509
1649190 510
1649200 511
1649210 511
1649220 511
1649230 511
1649240 511
1649250 512
1649260 512
1649270 512
1649280 512
1649290 513
1649300 513
1649310 515
1649320 516
1649330 516
1649340 517
1649350 518
1649360 518
1649370 519
1649380 521
1649390 521
1649400 523
1649410 525
1649420 525
1649430 526
1649440 528
1649450 528
1649460 529
1649470 531
1649480 531
1649490 532
1649500 533
1649510 533
1649520 535
1649530 536
1649540 536
1649550 538
1649560 539
1649570 539
1649580 540
1649590 541
1649600 541
1649610 542
1649620 543
1649630 543
1649640 544
1649650 544
1649660 544
1649670 544
1649680 544
1649690 544
1649700 544
1649710 544
1649720 544
1649730 544
1649740 544
1649750 544
1649760 544
1649770 543
1649780 543
1649790 542
1649800 540
1649810 540
1649820 539
1649830 540
1649840 540
1649850 541
1649860 543
1649870 543
1649880 544
1649890 545
1649900 545
1649910 547
1649920 548
1649930 548
1649940 549
1649950 550
1649960 550
1649970 552
1649980 553
1649990 553
1650000 554
1650010 555
1650020 555
1650030 556
1650040 557
1650050 557
1650060 558
1650070 559
1650080 559
1650090 559
1650100 560
1650110 560
1650120 560
1650130 560
1650140 560
1650150 562
1650160 562
1650170 562
1650180 562
1650190 562
1650200 562
1650210 562
1650220 562
1650230 562
1650240 563
1650250 563
1650260 563
1650270 563
1650280 563
1650290 563
1650300 563
1650310 563
1650320 563
1650330 563
1650340 563
1650350 563
1650360 563
1650370 563
1650380 563
1650390 562
1650400 562
1650410 562
1650420 562
1650430 561
1650440 561
1650450 561
1650460 558
1650470 558
1650480 555
1650490 553
1650500 553
1650510 551
1650520 550
1650530 550
1650540 548
1650550 546
1650560 546
1650570 545
1650580 544
1650590 544
1650600 544
1650610 547
1650620 547
1650630 549
1650640 552
1650650 552
1650660 555
1650670 557
1650680 557
1650690 558
1650700 559
1650710 559
1650720 560
1650730 560
1650740 560
1650750 561
1650760 561
1650770 561
1650780 561
1650790 560
1650800 560
1650810 559
1650820 558
1650830 558
1650840 557
1650850 555
1650860 555
1650870 553
1650880 551
1650890 551
1650900 549
1650910 547
1650920 547
1650930 544
1650940 541
1650950 541
1650960 540
1650970 540
1650980 540
1650990 541
1651000 541
1651010 541
1651020 541
1651030 540
1651040 540
1651050 538
1651060 537
1651070 537
1651080 535
1651090 533
1651100 533
1651110 532
1651120 530
1651130 530
1651140 526
1651150 521
1651160 521
1651170 516
1651180 513
1651190 513
1651200 510
1651210 508
1651220 508
1651230 510
1651240 514
1651250 514
1651260 518
1651270 521
1651280 521
1651290 524
1651300 526
1651310 526
1651320 527
1651330 527
1651340 527
1651350 525
1651360 523
1651370 523
1651380 519
1651390 515
1651400 515
1651410 510
1651420 505
1651430 505
1651440 501
1651450 500
1651460 500
1651470 501
1651480 501
1651490 501
1651500 501
1651510 501
1651520 501
1651530 503
1651540 505
1651550 505
1651560 509
1651570 512
1651580 512
1651590 513
1651600 514
1651610 514
1651620 514
1651630 516
1651640 516
1651650 517
1651660 518
1651670 518
1651680 520
1651690 522
1651700 522
1651710 525
1651720 528
1651730 528
1651740 530
1651750 534
1651760 534
1651770 536
1651780 539
1651790 539
1651800 542
1651810 544
1651820 544
1651830 546
1651840 548
1651850 548
1651860 550
1651870 551
1651880 551
1651890 554
1651900 556
1651910 556
1651920 559
1651930 561
1651940 561
1651950 563
1651960 566
1651970 566
1651980 568
1651990 570
1652000 570
1652010 570
1652020 572
1652030 572
1652040 573
1652050 576
1652060 576
1652070 578
1652080 580
1652090 580
1652100 582
1652110 585
1652120 585
1652130 586
1652140 588
1652150 588
1652160 591
1652170 594
1652180 594
1652190 596
1652200 599
1652210 599
1652220 601
1652230 603
1652240 603
1652250 606
1652260 609
1652270 609
1652280 612
1652290 614
1652300 614
1652310 617
1652320 619
1652330 619
1652340 622
1652350 625
1652360 625
1652370 628
1652380 631
1652390 631
1652400 633
1652410 634
1652420 634
1652430 635
1652440 636
1652450 636
1652460 638
1652470 639
1652480 639
1652490 639
1652500 639
1652510 639
1652520 638
1652530 636
1652540 636
1652550 633
1652560 630
1652570 630
1652580 627
1652590 624
1652600 624
1652610 623
1652620 622
1652630 622
1652640 621
1652650 622
1652660 622
1652670 622
1652680 622
1652690 622
1652700 622
1652710 623
1652720 623
1652730 624
1652740 625
1652750 625
1652760 624
1652770 622
1652780 624
1652790 622
1652800 619
1652810 619
1652820 615
1652830 612
1652840 612
1652850 608
1652860 606
1652870 606
1652880 603
1652890 601
1652900 601
1652910 600
1652920 599
1652930 599
1652940 600
1652950 602
1652960 602
1652970 603
1652980 606
1652990 606
1653000 608
1653010 608
1653020 608
1653030 608
1653040 608
1653050 608
1653060 608
1653070 607
1653080 607
1653090 606
1653100 605
1653110 605
1653120 603
1653130 602
1653140 602
1653150 604
1653160 606
1653170 606
1653180 607
1653190 608
1653200 608
1653210 610
1653220 611
1653230 611
1653240 612
1653250 612
1653260 612
1653270 611
1653280 612
1653290 612
1653300 611
1653310 611
1653320 611
1653330 611
1653340 610
1653350 610
1653360 609
1653370 608
1653380 608
1653390 607
1653400 605
1653410 605
1653420 604
1653430 603
1653440 603
1653450 602
1653460 601
1653470 601
1653480 600
1653490 599
1653500 599
1653510 599
1653520 599
1653530 599
1653540 598
1653550 598
1653560 598
1653570 595
1653580 593
1653590 593
1653600 591
1653610 588
1653620 588
1653630 584
1653640 581
1653650 581
1653660 579
1653670 577
1653680 577
1653690 575
1653700 573
1653710 573
1653720 571
1653730 570
1653740 570
1653750 567
1653760 565
1653770 565
1653780 563
1653790 563
1653800 563
1653810 563
1653820 563
1653830 563
1653840 564
1653850 565
1653860 565
1653870 566
1653880 566
1653890 566
1653900 566
1653910 565
1653920 565
1653930 566
1653940 568
1653950 568
1653960 568
1653970 568
1653980 568
1653990 567
1654000 567
1654010 567
1654020 567
1654030 567
1654040 567
1654050 567
1654060 569
1654070 569
1654080 572
1654090 574
1654100 574
1654110 576
1654120 578
1654130 578
1654140 578
1654150 578
1654160 578
1654170 578
1654180 578
1654190 578
1654200 578
1654210 577
1654220 577
1654230 578
1654240 578
1654250 578
1654260 579
1654270 578
1654280 578
1654290 578
1654300 576
1654310 576
1654320 570
1654330 567
1654340 567
1654350 566
1654360 565
1654370 565
1654380 565
1654390 564
1654400 564
1654410 563
1654420 562
1654430 562
1654440 562
1654450 562
1654460 562
1654470 562
1654480 562
1654490 562
1654500 562
1654510 562
1654520 562
1654530 561
1654540 561
1654550 561
1654560 559
1654570 557
1654580 557
1654590 556
1654600 555
1654610 555
1654620 554
1654630 552
1654640 552
1654650 549
1654660 545
1654670 545
1654680 542
1654690 540
1654700 540
1654710 538
1654720 537
1654730 537
1654740 536
1654750 535
1654760 535
1654770 534
1654780 533
1654790 533
1654800 533
1654810 532
1654820 532
1654830 532
1654840 532
1654850 532
1654860 532
1654870 534
1654880 534
1654890 537
1654900 540
1654910 540
1654920 543
1654930 544
1654940 544
1654950 544
1654960 543
1654970 543
1654980 543
1654990 541
1655000 541
1655010 540
1655020 538
1655030 538
1655040 536
1655050 536
1655060 536
1655070 537
1655080 541
1655090 541
1655100 543
1655110 545
1655120 545
1655130 547
1655140 548
1655150 548
1655160 549
1655170 548
1655180 548
1655190 547
1655200 546
1655210 546
1655220 546
1655230 545
1655240 545
1655250 545
1655260 546
1655270 546
1655280 546
1655290 546
1655300 546
1655310 545
1655320 544
1655330 544
1655340 543
1655350 542
1655360 542
1655370 541
1655380 540
1655390 540
1655400 540
1655410 539
1655420 539
1655430 538
1655440 537
1655450 537
1655460 536
1655470 534
1655480 534
1655490 532
1655500 530
1655510 530
1655520 527
1655530 523
1655540 523
1655550 520
1655560 517
1655570 517
1655580 515
1655590 515
1655600 515
1655610 519
1655620 526
1655630 526
1655640 531
1655650 535
1655660 535
1655670 537
1655680 537
1655690 537
1655700 532
1655710 523
1655720 523
1655730 512
1655740 505
1655750 505
1655760 502
1655770 501
1655780 501
1655790 501
1655800 502
1655810 502
1655820 503
1655830 503
1655840 505
1655850 509
1655860 511
1655870 511
1655880 509
1655890 508
1655900 508
1655910 509
1655920 511
1655930 511
1655940 513
1655950 515
1655960 515
1655970 518
1655980 521
1655990 521
1656000 524
1656010 528
1656020 528
1656030 532
1656040 535
1656050 535
1656060 539
1656070 542
1656080 542
1656090 545
1656100 547
1656110 547
1656120 549
1656130 551
1656140 551
1656150 552
1656160 554
1656170 554
1656180 555
1656190 556
1656200 556
1656210 558
1656220 560
1656230 560
1656240 561
1656250 563
1656260 563
1656270 565
1656280 568
1656290 568
1656300 570
1656310 572
1656320 572
1656330 574
1656340 576
1656350 576
1656360 578
1656370 580
1656380 580
1656390 582
1656400 584
1656410 584
1656420 585
1656430 584
1656440 584
1656450 583
1656460 579
1656470 579
1656480 576
1656490 573
1656500 573
1656510 572
1656520 570
1656530 570
1656540 568
1656550 566
1656560 566
1656570 564
1656580 564
1656590 564
1656600 569
1656610 572
1656620 572
1656630 574
1656640 577
1656650 577
1656660 580
1656670 581
1656680 581
1656690 581
1656700 581
1656710 581
1656720 580
1656730 580
1656740 580
1656750 581
1656760 581
1656770 581
1656780 581
1656790 581
1656800 581
1656810 582
1656820 583
1656830 583
1656840 585
1656850 586
1656860 586
1656870 587
1656880 587
1656890 587
1656900 587
1656910 587
1656920 587
1656930 587
1656940 586
1656950 586
1656960 586
1656970 585
1656980 585
1656990 584
1657000 584
1657010 584
1657020 583
1657030 582
1657040 582
1657050 581
1657060 579
1657070 579
1657080 578
1657090 577
1657100 577
1657110 575
1657120 574
1657130 574
1657140 573
1657150 571
1657160 571
1657170 569
1657180 566
1657190 566
1657200 563
1657210 561
1657220 561
1657230 558
1657240 556
1657250 556
1657260 555
1657270 555
1657280 555
1657290 556
1657300 558
1657310 558
1657320 560
1657330 559
1657340 559
1657350 558
1657360 555
1657370 555
1657380 551
1657390 549
1657400 549
1657410 548
1657420 547
1657430 547
1657440 549
1657450 553
1657460 553
1657470 556
1657480 557
1657490 557
1657500 558
1657510 559
1657520 559
1657530 559
1657540 560
1657550 560
1657560 560
1657570 561
1657580 561
1657590 561
1657600 561
1657610 561
1657620 561
1657630 561
1657640 561
1657650 560
1657660 560
1657670 560
1657680 559
1657690 559
1657700 559
1657710 558
1657720 556
1657730 556
1657740 553
1657750 550
1657760 550
1657770 547
1657780 545
1657790 545
1657800 545
1657810 547
1657820 547
1657830 549
1657840 549
1657850 549
1657860 549
1657870 548
1657880 548
1657890 548
1657900 548
1657910 548
1657920 550
1657930 551
1657940 551
1657950 553
1657960 555
1657970 555
1657980 556
1657990 557
1658000 557
1658010 557
1658020 556
1658030 556
1658040 554
1658050 551
1658060 551
1658070 547
1658080 543
1658090 543
1658100 540
1658110 537
1658120 537
1658130 534
1658140 532
1658150 532
1658160 531
1658170 532
1658180 532
1658190 535
1658200 538
1658210 538
1658220 539
1658230 537
1658240 537
1658250 532
1658260 529
1658270 529
1658280 528
1658290 531
1658300 531
1658310 536
1658320 541
1658330 541
1658340 547
1658350 553
1658360 553
1658370 558
1658380 562
1658390 562
1658400 565
1658410 566
1658420 566
1658430 568
1658440 571
1658450 571
1658460 574
1658470 576
1658480 576
1658490 577
1658500 579
1658510 579
1658520 581
1658530 582
1658540 582
1658550 584
1658560 586
1658570 586
1658580 587
1658590 590
1658600 590
1658610 592
1658620 594
1658630 594
1658640 595
1658650 597
1658660 597
1658670 598
1658680 599
1658690 599
1658700 599
1658710 599
1658720 599
1658730 600
1658740 600
1658750 600
1658760 600
1658770 600
1658780 600
1658790 600
1658800 599
1658810 599
1658820 597
1658830 594
1658840 594
1658850 591
1658860 588
1658870 588
1658880 585
1658890 583
1658900 583
1658910 581
1658920 580
1658930 580
1658940 580
1658950 582
1658960 582
1658970 585
1658980 588
1658990 588
1659000 591
1659010 593
1659020 593
1659030 596
1659040 599
1659050 599
1659060 603
1659070 606
1659080 606
1659090 609
1659100 612
1659110 612
1659120 616
1659130 619
1659140 619
1659150 622
1659160 623
1659170 623
1659180 623
1659190 622
1659200 622
1659210 620
1659220 619
1659230 619
1659240 617
1659250 616
1659260 616
1659270 615
1659280 614
1659290 614
1659300 612
1659310 611
1659320 611
1659330 609
1659340 607
1659350 607
1659360 605
1659370 603
1659380 603
1659390 601
1659400 600
1659410 600
1659420 600
1659430 601
1659440 601
1659450 602
1659460 603
1659470 603
1659480 604
1659490 604
1659500 604
1659510 605
1659520 606
1659530 606
1659540 608
1659550 609
1659560 609
1659570 610
1659580 611
1659590 614
1659600 615
1659610 617
1659620 617
1659630 620
1659640 622
1659650 622
1659660 624
1659670 626
1659680 626
1659690 628
1659700 629
1659710 629
1659720 631
1659730 632
1659740 632
1659750 634
1659760 637
1659770 637
1659780 638
1659790 640
1659800 640
1659810 641
1659820 641
1659830 641
1659840 640
1659850 638
1659860 638
1659870 635
1659880 630
1659890 630
1659900 626
1659910 622
1659920 622
1659930 619
1659940 615
1659950 615
1659960 610
1659970 605
1659980 605
1659990 601
