1640000 586
1640010 586
1640020 584
1640030 583
1640040 583
1640050 582
1640060 579
1640070 579
1640080 576
1640090 573
1640100 573
1640110 570
1640120 567
1640130 567
1640140 561
1640150 555
1640160 555
1640170 551
1640180 548
1640190 548
1640200 546
1640210 541
1640220 541
1640230 537
1640240 537
1640250 537
1640260 537
1640270 536
1640280 536
1640290 533
1640300 526
1640310 526
1640320 524
1640330 521
1640340 521
1640350 519
1640360 517
1640370 517
1640380 516
1640390 515
1640400 515
1640410 514
1640420 512
1640430 512
1640440 509
1640450 509
1640460 509
1640470 510
1640480 512
1640490 512
1640500 514
1640510 515
1640520 515
1640530 516
1640540 516
1640550 516
1640560 515
1640570 512
1640580 512
1640590 508
1640600 501
1640610 501
1640620 494
1640630 487
1640640 487
1640650 484
1640660 482
1640670 482
1640680 484
1640690 486
1640700 486
1640710 487
1640720 489
1640730 489
1640740 491
1640750 491
1640760 491
1640770 487
1640780 483
1640790 483
1640800 477
1640810 467
1640820 467
1640830 458
1640840 454
1640850 454
1640860 449
1640870 447
1640880 447
1640890 448
1640900 450
1640910 450
1640920 455
1640930 459
1640940 459
1640950 462
1640960 466
1640970 466
1640980 472
1640990 477
1641000 477
1641010 481
1641020 485
1641030 485
1641040 476
1641050 466
1641060 466
1641070 458
1641080 452
1641090 452
1641100 445
1641110 438
1641120 438
1641130 431
1641140 425
1641150 425
1641160 418
1641170 411
1641180 411
1641190 403
1641200 400
1641210 400
1641220 399
1641230 399
1641240 399
1641250 401
1641260 408
1641270 408
1641280 415
1641290 419
1641300 419
1641310 422
1641320 424
1641330 424
1641340 427
1641350 431
1641360 431
1641370 436
1641380 441
1641390 441
1641400 445
1641410 451
1641420 451
1641430 457
1641440 463
1641450 463
1641460 468
1641470 473
1641480 473
1641490 476
1641500 479
1641510 479
1641520 481
1641530 482
1641540 482
1641550 483
1641560 482
1641570 482
1641580 482
1641590 483
1641600 483
1641610 484
1641620 486
1641630 486
1641640 486
1641650 487
1641660 487
1641670 488
1641680 489
1641690 489
1641700 490
1641710 490
1641720 490
1641730 491
1641740 491
1641750 491
1641760 491
1641770 492
1641780 492
1641790 493
1641800 494
1641810 494
1641820 497
1641830 499
1641840 499
1641850 502
1641860 504
1641870 504
1641880 506
1641890 508
1641900 508
1641910 510
1641920 512
1641930 512
1641940 514
1641950 517
1641960 517
1641970 519
1641980 521
1641990 521
1642000 523
1642010 525
1642020 525
1642030 527
1642040 528
1642050 528
1642060 529
1642070 530
1642080 530
1642090 530
1642100 530
1642110 530
1642120 530
1642130 530
1642140 530
1642150 531
1642160 532
1642170 532
1642180 533
1642190 534
1642200 534
1642210 534
1642220 534
1642230 534
1642240 534
1642250 532
1642260 532
1642270 529
1642280 528
1642290 528
1642300 529
1642310 531
1642320 531
1642330 532
1642340 532
1642350 532
1642360 533
1642370 533
1642380 533
1642390 533
1642400 533
1642410 533
1642420 534
1642430 535
1642440 535
1642450 535
1642460 535
1642470 535
1642480 535
1642490 536
1642500 536
1642510 536
1642520 537
1642530 537
1642540 538
1642550 540
1642560 540
1642570 543
1642580 545
1642590 545
1642600 547
1642610 549
1642620 549
1642630 552
1642640 553
1642650 553
1642660 553
1642670 554
1642680 554
1642690 555
1642700 555
1642710 555
1642720 555
1642730 554
1642740 554
1642750 554
1642760 553
1642770 553
1642780 551
1642790 551
1642800 551
1642810 551
1642820 550
1642830 550
1642840 549
1642850 548
1642860 548
1642870 547
1642880 547
1642890 547
1642900 547
1642910 545
1642920 545
1642930 545
1642940 545
1642950 545
1642960 546
1642970 547
1642980 547
1642990 548
1643000 548
1643010 548
1643020 548
1643030 548
1643040 548
1643050 548
1643060 548
1643070 548
1643080 547
1643090 547
1643100 547
1643110 546
1643120 545
1643130 545
1643140 544
1643150 542
1643160 542
1643170 540
1643180 538
1643190 538
1643200 537
1643210 535
1643220 535
1643230 532
1643240 529
1643250 529
1643260 525
1643270 522
1643280 522
1643290 521
1643300 521
1643310 521
1643320 522
1643330 523
1643340 523
1643350 524
1643360 525
1643370 525
1643380 526
1643390 527
1643400 527
1643410 527
1643420 528
1643430 528
1643440 529
1643450 529
1643460 529
1643470 530
1643480 530
1643490 530
1643500 531
1643510 531
1643520 531
1643530 532
1643540 532
1643550 532
1643560 532
1643570 532
1643580 532
1643590 534
1643600 534
1643610 534
1643620 534
1643630 534
1643640 534
1643650 533
1643660 533
1643670 533
1643680 533
1643690 533
1643700 532
1643710 532
1643720 532
1643730 532
1643740 531
1643750 531
1643760 530
1643770 529
1643780 529
1643790 527
1643800 526
1643810 526
1643820 526
1643830 525
1643840 525
1643850 525
1643860 524
1643870 524
1643880 523
1643890 521
1643900 521
1643910 519
1643920 516
1643930 516
1643940 513
1643950 510
1643960 510
1643970 507
1643980 505
1643990 505
1644000 503
1644010 503
1644020 503
1644030 504
1644040 506
1644050 506
1644060 511
1644070 515
1644080 515
1644090 519
1644100 521
1644110 521
1644120 523
1644130 524
1644140 524
1644150 525
1644160 527
1644170 527
1644180 528
1644190 529
1644200 529
1644210 530
1644220 531
1644230 531
1644240 532
1644250 532
1644260 532
1644270 533
1644280 533
1644290 533
1644300 534
1644310 533
1644320 533
1644330 532
1644340 531
1644350 531
1644360 528
1644370 525
1644380 525
1644390 520
1644400 515
1644410 519
1644420 516
1644430 514
1644440 514
1644450 513
1644460 512
1644470 512
1644480 510
1644490 509
1644500 509
1644510 509
1644520 509
1644530 509
1644540 511
1644550 513
1644560 513
1644570 516
1644580 518
1644590 518
1644600 521
1644610 523
1644620 523
1644630 524
1644640 525
1644650 525
1644660 526
1644670 526
1644680 526
1644690 527
1644700 528
1644710 528
1644720 529
1644730 531
1644740 531
1644750 532
1644760 533
1644770 533
1644780 535
1644790 536
1644800 536
1644810 537
1644820 538
1644830 538
1644840 539
1644850 539
1644860 539
1644870 540
1644880 540
1644890 540
1644900 541
1644910 541
1644920 541
1644930 541
1644940 541
1644950 541
1644960 541
1644970 541
1644980 541
1644990 541
1645000 540
1645010 540
1645020 540
1645030 539
1645040 539
1645050 538
1645060 538
1645070 538
1645080 537
1645090 537
1645100 537
1645110 536
1645120 536
1645130 536
1645140 536
1645150 536
1645160 536
1645170 535
1645180 535
1645190 535
1645200 534
1645210 533
1645220 536
1645230 535
1645240 533
1645250 533
1645260 532
1645270 531
1645280 531
1645290 530
1645300 529
1645310 529
1645320 529
1645330 529
1645340 529
1645350 529
1645360 528
1645370 528
1645380 527
1645390 525
1645400 525
1645410 524
1645420 522
1645430 522
1645440 521
1645450 519
1645460 519
1645470 518
1645480 517
1645490 517
1645500 515
1645510 514
1645520 514
1645530 512
1645540 510
1645550 510
1645560 507
1645570 505
1645580 505
1645590 502
1645600 499
1645610 499
1645620 493
1645630 487
1645640 487
1645650 482
1645660 477
1645670 477
1645680 473
1645690 469
1645700 469
1645710 464
1645720 459
1645730 459
1645740 454
1645750 449
1645760 449
1645770 445
1645780 440
1645790 440
1645800 435
1645810 430
1645820 430
1645830 426
1645840 421
1645850 421
1645860 415
1645870 409
1645880 409
1645890 402
1645900 397
1645910 397
1645920 397
1645930 397
1645940 397
1645950 397
1645960 398
1645970 398
1645980 399
1645990 402
1646000 402
1646010 407
1646020 414
1646030 414
1646040 422
1646050 431
1646060 431
1646070 438
1646080 444
1646090 444
1646100 448
1646110 450
1646120 450
1646130 450
1646140 451
1646150 451
1646160 452
1646170 453
1646180 453
1646190 455
1646200 457
1646210 457
1646220 459
1646230 461
1646240 461
1646250 463
1646260 465
1646270 465
1646280 467
1646290 470
1646300 470
1646310 472
1646320 473
1646330 473
1646340 473
1646350 473
1646360 473
1646370 473
1646380 472
1646390 472
1646400 471
1646410 468
1646420 468
1646430 466
1646440 463
1646450 463
1646460 462
1646470 461
1646480 461
1646490 461
1646500 461
1646510 461
1646520 461
1646530 460
1646540 460
1646550 460
1646560 458
1646570 458
1646580 455
1646590 460
1646600 460
1646610 464
1646620 467
1646630 467
1646640 470
1646650 474
1646660 474
1646670 476
1646680 479
1646690 479
1646700 482
1646710 484
1646720 484
1646730 486
1646740 488
1646750 488
1646760 489
1646770 490
1646780 490
1646790 491
1646800 492
1646810 492
1646820 492
1646830 488
1646840 488
1646850 488
1646860 487
1646870 487
1646880 488
1646890 488
1646900 488
1646910 490
1646920 492
1646930 492
1646940 495
1646950 498
1646960 498
1646970 501
1646980 505
1646990 505
1647000 508
1647010 511
1647020 511
1647030 513
1647040 514
1647050 514
1647060 515
1647070 516
1647080 516
1647090 516
1647100 517
1647110 517
1647120 517
1647130 517
1647140 517
1647150 518
1647160 519
1647170 519
1647180 519
1647190 520
1647200 520
1647210 521
1647220 521
1647230 521
1647240 521
1647250 522
1647260 522
1647270 522
1647280 522
1647290 522
1647300 522
1647310 522
1647320 522
1647330 522
1647340 522
1647350 522
1647360 521
1647370 520
1647380 520
1647390 519
1647400 517
1647410 517
1647420 516
1647430 514
1647440 514
1647450 512
1647460 510
1647470 510
1647480 508
1647490 507
1647500 507
1647510 505
1647520 503
1647530 503
1647540 502
1647550 500
1647560 500
1647570 498
1647580 495
1647590 495
1647600 491
1647610 487
1647620 487
1647630 486
1647640 482
1647650 482
1647660 477
1647670 471
1647680 471
1647690 466
1647700 460
1647710 460
1647720 456
1647730 453
1647740 453
1647750 448
1647760 445
1647770 445
1647780 444
1647790 445
1647800 445
1647810 443
1647820 443
1647830 443
1647840 443
1647850 443
1647860 443
1647870 444
1647880 445
1647890 445
1647900 447
1647910 449
1647920 449
1647930 451
1647940 451
1647950 451
1647960 449
1647970 443
1647980 443
1647990 438
1648000 435
1648010 435
1648020 436
1648030 437
1648040 437
1648050 440
1648060 442
1648070 442
1648080 444
1648090 447
1648100 447
1648110 451
1648120 453
1648130 453
1648140 453
1648150 454
1648160 454
1648170 454
1648180 453
1648190 453
1648200 452
1648210 450
1648220 450
1648230 447
1648240 442
1648250 442
1648260 437
1648270 432
1648280 432
1648290 429
1648300 428
1648310 428
1648320 431
1648330 436
1648340 436
1648350 444
1648360 452
1648370 452
1648380 460
1648390 467
1648400 467
1648410 473
1648420 479
1648430 479
1648440 483
1648450 488
1648460 488
1648470 492
1648480 496
1648490 496
1648500 499
1648510 501
1648520 501
1648530 502
1648540 502
1648550 502
1648560 502
1648570 502
1648580 502
1648590 501
1648600 501
1648610 501
1648620 500
1648630 498
1648640 498
1648650 496
1648660 495
1648670 495
1648680 494
1648690 491
1648700 491
1648710 489
1648720 485
1648730 485
1648740 482
1648750 478
1648760 478
1648770 473
1648780 470
1648790 470
1648800 466
1648810 463
1648820 463
1648830 460
1648840 457
1648850 457
1648860 459
1648870 466
1648880 466
1648890 472
1648900 476
1648910 476
1648920 479
1648930 481
1648940 481
1648950 483
1648960 485
1648970 485
1648980 486
1648990 486
1649000 486
1649010 486
1649020 485
1649030 485
1649040 484
1649050 483
1649060 483
1649070 481
1649080 478
1649090 478
1649100 476
1649110 473
1649120 473
1649130 472
1649140 472
1649150 472
1649160 474
1649170 477
1649180 477
1649190 479
1649200 480
1649210 484
1649220 484
1649230 484
1649240 484
1649250 484
1649260 483
1649270 483
1649280 483
1649290 482
1649300 482
1649310 482
1649320 482
1649330 482
1649340 482
1649350 481
1649360 481
1649370 481
1649380 480
1649390 480
1649400 479
1649410 478
1649420 478
1649430 476
1649440 474
1649450 474
1649460 472
1649470 468
1649480 468
1649490 466
1649500 463
1649510 463
1649520 460
1649530 458
1649540 458
1649550 455
1649560 453
1649570 453
1649580 451
1649590 448
1649600 448
1649610 447
1649620 445
1649630 445
1649640 444
1649650 443
1649660 443
1649670 444
1649680 444
1649690 444
1649700 444
1649710 444
1649720 444
1649730 444
1649740 445
1649750 445
1649760 445
1649770 445
1649780 445
1649790 446
1649800 446
1649810 446
1649820 447
1649830 449
1649840 449
1649850 451
1649860 452
1649870 452
1649880 453
1649890 453
1649900 453
1649910 454
1649920 454
1649930 454
1649940 454
1649950 454
1649960 454
1649970 454
1649980 453
1649990 453
1650000 450
1650010 451
1650020 451
1650030 451
1650040 452
1650050 452
1650060 452
1650070 452
1650080 452
1650090 452
1650100 453
1650110 453
1650120 456
1650130 459
1650140 459
1650150 462
1650160 464
1650170 464
1650180 466
1650190 469
1650200 469
1650210 471
1650220 473
1650230 473
1650240 474
1650250 475
1650260 475
1650270 474
1650280 474
1650290 474
1650300 476
1650310 479
1650320 479
1650330 480
1650340 480
1650350 480
1650360 481
1650370 481
1650380 481
1650390 479
1650400 478
1650410 478
1650420 476
1650430 475
1650440 475
1650450 474
1650460 472
1650470 472
1650480 470
1650490 469
1650500 469
1650510 470
1650520 472
1650530 472
1650540 474
1650550 477
1650560 477
1650570 479
1650580 482
1650590 482
1650600 485
1650610 489
1650620 489
1650630 493
1650640 496
1650650 496
1650660 498
1650670 499
1650680 499
1650690 500
1650700 501
1650710 501
1650720 501
1650730 502
1650740 502
1650750 503
1650760 503
1650770 503
1650780 509
1650790 510
1650800 510
1650810 510
1650820 509
1650830 509
1650840 510
1650850 512
1650860 512
1650870 514
1650880 515
1650890 515
1650900 516
1650910 517
1650920 517
1650930 518
1650940 518
1650950 518
1650960 517
1650970 519
1650980 519
1650990 522
1651000 527
1651010 527
1651020 531
1651030 533
1651040 533
1651050 535
1651060 537
1651070 537
1651080 539
1651090 540
1651100 540
1651110 540
1651120 541
1651130 541
1651140 542
1651150 543
1651160 543
1651170 543
1651180 544
1651190 544
1651200 543
1651210 543
1651220 543
1651230 542
1651240 542
1651250 540
1651260 537
1651270 537
1651280 533
1651290 529
1651300 529
1651310 525
1651320 522
1651330 522
1651340 519
1651350 516
1651360 516
1651370 514
1651380 512
1651390 512
1651400 512
1651410 514
1651420 514
1651430 515
1651440 517
1651450 517
1651460 519
1651470 520
1651480 520
1651490 522
1651500 524
1651510 524
1651520 526
1651530 528
1651540 528
1651550 529
1651560 530
1651570 530
1651580 532
1651590 535
1651600 535
1651610 538
1651620 542
1651630 542
1651640 544
1651650 547
1651660 547
1651670 549
1651680 551
1651690 551
1651700 552
1651710 553
1651720 553
1651730 554
1651740 554
1651750 554
1651760 553
1651770 552
1651780 552
1651790 550
1651800 549
1651810 549
1651820 546
1651830 544
1651840 544
1651850 544
1651860 544
1651870 544
1651880 544
1651890 544
1651900 544
1651910 545
1651920 546
1651930 546
1651940 548
1651950 549
1651960 549
1651970 550
1651980 550
1651990 550
1652000 549
1652010 548
1652020 548
1652030 548
1652040 549
1652050 549
1652060 550
1652070 551
1652080 551
1652090 552
1652100 553
1652110 553
1652120 554
1652130 555
1652140 555
1652150 557
1652160 558
1652170 558
1652180 559
1652190 560
1652200 560
1652210 562
1652220 563
1652230 563
1652240 565
1652250 566
1652260 566
1652270 567
1652280 568
1652290 568
1652300 569
1652310 570
1652320 570
1652330 571
1652340 572
1652350 572
1652360 574
1652370 575
1652380 575
1652390 576
1652400 578
1652410 578
1652420 579
1652430 580
1652440 580
1652450 581
1652460 583
1652470 583
1652480 584
1652490 585
1652500 585
1652510 586
1652520 587
1652530 587
1652540 588
1652550 589
1652560 589
1652570 590
1652580 591
1652590 591
1652600 591
1652610 592
1652620 592
1652630 593
1652640 594
1652650 594
1652660 595
1652670 595
1652680 595
1652690 597
1652700 599
1652710 599
1652720 601
1652730 602
1652740 602
1652750 603
1652760 604
1652770 604
1652780 604
1652790 605
1652800 605
1652810 605
1652820 605
1652830 605
1652840 604
1652850 602
1652860 602
1652870 601
1652880 600
1652890 600
1652900 599
1652910 598
1652920 598
1652930 599
1652940 600
1652950 600
1652960 601
1652970 603
1652980 603
1652990 606
1653000 609
1653010 609
1653020 612
1653030 614
1653040 614
1653050 616
1653060 618
1653070 618
1653080 620
1653090 622
1653100 622
1653110 627
1653120 630
1653130 630
1653140 631
1653150 632
1653160 632
1653170 634
1653180 635
1653190 635
1653200 636
1653210 637
1653220 637
1653230 638
1653240 638
1653250 638
1653260 639
1653270 639
1653280 639
1653290 639
1653300 639
1653310 639
1653320 640
1653330 640
1653340 640
1653350 641
1653360 641
1653370 641
1653380 642
1653390 642
1653400 642
1653410 642
1653420 643
1653430 643
1653440 644
1653450 643
1653460 643
1653470 644
1653480 644
1653490 644
1653500 643
1653510 643
1653520 643
1653530 643
1653540 644
1653550 644
1653560 644
1653570 644
1653580 644
1653590 644
1653600 645
1653610 645
1653620 645
1653630 645
1653640 645
1653650 646
1653660 646
1653670 646
1653680 647
1653690 647
1653700 647
1653710 647
1653720 647
1653730 647
1653740 648
1653750 648
1653760 648
1653770 648
1653780 649
1653790 649
1653800 649
1653810 649
1653820 649
1653830 649
1653840 648
1653850 648
1653860 647
1653870 649
1653880 649
1653890 648
1653900 647
1653910 647
1653920 645
1653930 643
1653940 643
1653950 641
1653960 638
1653970 638
1653980 634
1653990 630
1654000 630
1654010 626
1654020 623
1654030 623
1654040 620
1654050 618
1654060 618
1654070 616
1654080 614
1654090 614
1654100 612
1654110 610
1654120 610
1654130 608
1654140 607
1654150 607
1654160 604
1654170 602
1654180 602
1654190 599
1654200 598
1654210 598
1654220 596
1654230 595
1654240 595
1654250 593
1654260 592
1654270 592
1654280 591
1654290 589
1654300 589
1654310 588
1654320 586
1654330 586
1654340 585
1654350 583
1654360 583
1654370 581
1654380 579
1654390 579
1654400 577
1654410 576
1654420 576
1654430 575
1654440 575
1654450 575
1654460 574
1654470 573
1654480 573
1654490 572
1654500 572
1654510 572
1654520 571
1654530 570
1654540 570
1654550 570
1654560 569
1654570 569
1654580 570
1654590 570
1654600 570
1654610 570
1654620 568
1654630 568
1654640 565
1654650 564
1654660 564
1654670 563
1654680 563
1654690 563
1654700 563
1654710 563
1654720 563
1654730 564
1654740 565
1654750 565
1654760 566
1654770 567
1654780 567
1654790 565
1654800 564
1654810 564
1654820 562
1654830 561
1654840 561
1654850 559
1654860 556
1654870 556
1654880 554
1654890 552
1654900 552
1654910 553
1654920 555
1654930 555
1654940 556
1654950 558
1654960 558
1654970 560
1654980 562
1654990 562
1655000 565
1655010 569
1655020 569
1655030 572
1655040 574
1655050 574
1655060 576
1655070 577
1655080 577
1655090 578
1655100 579
1655110 579
1655120 579
1655130 579
1655140 579
1655150 579
1655160 579
1655170 579
1655180 579
1655190 578
1655200 578
1655210 576
1655220 575
1655230 575
1655240 572
1655250 569
1655260 569
1655270 566
1655280 563
1655290 563
1655300 560
1655310 557
1655320 557
1655330 554
1655340 550
1655350 550
1655360 547
1655370 544
1655380 544
1655390 541
1655400 535
1655410 535
1655420 532
1655430 530
1655440 530
1655450 528
1655460 526
1655470 526
1655480 526
1655490 526
1655500 526
1655510 527
1655520 527
1655530 527
1655540 528
1655550 528
1655560 528
1655570 528
1655580 530
1655590 530
1655600 532
1655610 534
1655620 534
1655630 536
1655640 539
1655650 539
1655660 542
1655670 544
1655680 544
1655690 547
1655700 550
1655710 550
1655720 552
1655730 554
1655740 554
1655750 555
1655760 555
1655770 555
1655780 556
1655790 558
1655800 558
1655810 559
1655820 560
1655830 560
1655840 560
1655850 561
1655860 561
1655870 562
1655880 565
1655890 565
1655900 568
1655910 570
1655920 570
1655930 573
1655940 576
1655950 576
1655960 579
1655970 581
1655980 581
1655990 584
1656000 587
1656010 587
1656020 590
1656030 594
1656040 594
1656050 597
1656060 600
1656070 600
1656080 603
1656090 607
1656100 607
1656110 611
1656120 615
1656130 615
1656140 618
1656150 621
1656160 624
1656170 625
1656180 626
1656190 626
1656200 626
1656210 627
1656220 627
1656230 627
1656240 624
1656250 624
1656260 620
1656270 617
1656280 617
1656290 614
1656300 612
1656310 612
1656320 611
1656330 611
1656340 611
1656350 611
1656360 612
1656370 612
1656380 612
1656390 613
1656400 613
1656410 614
1656420 615
1656430 615
1656440 616
1656450 617
1656460 617
1656470 619
1656480 620
1656490 620
1656500 623
1656510 625
1656520 625
1656530 628
1656540 631
1656550 631
1656560 633
1656570 634
1656580 634
1656590 636
1656600 638
1656610 638
1656620 641
1656630 643
1656640 643
1656650 646
1656660 648
1656670 648
1656680 650
1656690 652
1656700 652
1656710 652
1656720 651
1656730 651
1656740 651
1656750 652
1656760 652
1656770 652
1656780 653
1656790 653
1656800 653
1656810 652
1656820 652
1656830 651
1656840 650
1656850 650
1656860 648
1656870 646
1656880 646
1656890 644
1656900 645
1656910 645
1656920 644
1656930 645
1656940 645
1656950 645
1656960 645
1656970 645
1656980 645
1656990 644
1657000 644
1657010 644
1657020 643
1657030 643
1657040 642
1657050 642
1657060 642
1657070 642
1657080 641
1657090 641
1657100 640
1657110 638
1657120 638
1657130 637
1657140 636
1657150 636
1657160 634
1657170 633
1657180 633
1657190 632
1657200 631
1657210 631
1657220 631
1657230 631
1657240 631
1657250 630
1657260 628
1657270 628
1657280 626
1657290 625
1657300 625
1657310 623
1657320 622
1657330 622
1657340 621
1657350 620
1657360 620
1657370 619
1657380 617
1657390 617
1657400 615
1657410 612
1657420 612
1657430 609
1657440 607
1657450 607
1657460 606
1657470 606
1657480 606
1657490 606
1657500 606
1657510 606
1657520 606
1657530 607
1657540 607
1657550 608
1657560 609
1657570 609
1657580 609
1657590 610
1657600 610
1657610 610
1657620 610
1657630 610
1657640 610
1657650 610
1657660 610
1657670 611
1657680 612
1657690 612
1657700 612
1657710 612
1657720 612
1657730 613
1657740 613
1657750 613
1657760 614
1657770 614
1657780 614
1657790 615
1657800 615
1657810 615
1657820 616
1657830 616
1657840 616
1657850 616
1657860 616
1657870 616
1657880 616
1657890 616
1657900 616
1657910 615
1657920 614
1657930 614
1657940 613
1657950 612
1657960 612
1657970 611
1657980 610
1657990 610
1658000 609
1658010 608
1658020 608
1658030 607
1658040 604
1658050 604
1658060 602
1658070 601
1658080 601
1658090 602
1658100 602
1658110 602
1658120 602
1658130 601
1658140 601
1658150 600
1658160 599
1658170 599
1658180 599
1658190 598
1658200 598
1658210 598
1658220 598
1658230 598
1658240 599
1658250 599
1658260 599
1658270 600
1658280 600
1658290 600
1658300 596
1658310 594
1658320 594
1658330 593
1658340 593
1658350 593
1658360 593
1658370 595
1658380 595
1658390 597
1658400 599
1658410 599
1658420 602
1658430 601
1658440 601
1658450 599
1658460 598
1658470 598
1658480 596
1658490 595
1658500 595
1658510 595
1658520 595
1658530 595
1658540 596
1658550 599
1658560 599
1658570 603
1658580 606
1658590 606
1658600 610
1658610 613
1658620 613
1658630 615
1658640 617
1658650 617
1658660 618
1658670 619
1658680 619
1658690 620
1658700 621
1658710 621
1658720 622
1658730 624
1658740 624
1658750 625
1658760 628
1658770 628
1658780 629
1658790 630
1658800 630
1658810 631
1658820 633
1658830 633
1658840 637
1658850 640
1658860 640
1658870 643
1658880 643
1658890 645
1658900 647
1658910 647
1658920 649
1658930 652
1658940 652
1658950 654
1658960 656
1658970 656
1658980 658
1658990 660
1659000 660
1659010 662
1659020 664
1659030 664
1659040 665
1659050 666
1659060 666
1659070 667
1659080 668
1659090 668
1659100 668
1659110 668
1659120 668
1659130 668
1659140 668
1659150 668
1659160 666
1659170 666
1659180 666
1659190 665
1659200 665
1659210 665
1659220 663
1659230 662
1659240 662
1659250 660
1659260 659
1659270 659
1659280 659
1659290 658
1659300 658
1659310 658
1659320 658
1659330 658
1659340 659
1659350 660
1659360 660
1659370 661
1659380 661
1659390 661
1659400 662
1659410 663
1659420 663
1659430 664
1659440 665
1659450 665
1659460 665
1659470 665
1659480 665
1659490 665
1659500 665
1659510 665
1659520 665
1659530 665
1659540 665
1659550 665
1659560 666
1659570 666
1659580 666
1659590 666
1659600 666
1659610 666
1659620 666
1659630 666
1659640 666
1659650 666
1659660 666
1659670 666
1659680 666
1659690 666
1659700 666
1659710 665
1659720 665
1659730 665
1659740 665
1659750 665
1659760 664
1659770 663
1659780 663
1659790 663
1659800 662
1659810 662
1659820 661
1659830 659
1659840 659
1659850 657
1659860 655
1659870 655
1659880 654
1659890 653
1659900 653
1659910 653
1659920 653
1659930 653
1659940 653
1659950 653
1659960 653
1659970 653
1659980 653
1659990 653
