1640000 576
1640010 576
1640020 574
1640030 571
1640040 571
1640050 569
1640060 567
1640070 567
1640080 566
1640090 567
1640100 567
1640110 568
1640120 570
1640130 570
1640140 572
1640150 574
1640160 574
1640170 574
1640180 574
1640190 574
1640200 572
1640210 570
1640220 570
1640230 568
1640240 567
1640250 567
1640260 568
1640270 571
1640280 571
1640290 575
1640300 578
1640310 578
1640320 580
1640330 580
1640340 583
1640350 586
1640360 586
1640370 587
1640380 587
1640390 587
1640400 587
1640410 587
1640420 587
1640430 586
1640440 586
1640450 586
1640460 585
1640470 585
1640480 585
1640490 583
1640500 582
1640510 582
1640520 581
1640530 580
1640540 580
1640550 580
1640560 578
1640570 578
1640580 577
1640590 575
1640600 575
1640610 573
1640620 570
1640630 570
1640640 565
1640650 560
1640660 560
1640670 556
1640680 553
1640690 553
1640700 549
1640710 543
1640720 543
1640730 538
1640740 536
1640750 536
1640760 537
1640770 541
1640780 541
1640790 544
1640800 544
1640810 544
1640820 546
1640830 548
1640840 548
1640850 551
1640860 554
1640870 554
1640880 553
1640890 549
1640900 549
1640910 544
1640920 539
1640930 539
1640940 535
1640950 532
1640960 532
1640970 532
1640980 534
1640990 534
1641000 537
1641010 539
1641020 539
1641030 542
1641040 544
1641050 544
1641060 547
1641070 549
1641080 549
1641090 550
1641100 552
1641110 552
1641120 554
1641130 557
1641140 557
1641150 559
1641160 561
1641170 561
1641180 563
1641190 564
1641200 564
1641210 564
1641220 564
1641230 564
1641240 564
1641250 562
1641260 562
1641270 560
1641280 557
1641290 557
1641300 554
1641310 552
1641320 552
1641330 550
1641340 549
1641350 549
1641360 548
1641370 546
1641380 546
1641390 544
1641400 542
1641410 542
1641420 539
1641430 536
1641440 536
1641450 532
1641460 528
1641470 528
1641480 524
1641490 520
1641500 520
1641510 517
1641520 513
1641530 513
1641540 509
1641550 507
1641560 507
1641570 507
1641580 503
1641590 503
1641600 501
1641610 500
1641620 500
1641630 501
1641640 504
1641650 504
1641660 511
1641670 518
1641680 518
1641690 523
1641700 527
1641710 527
1641720 528
1641730 532
1641740 532
1641750 535
1641760 539
1641770 539
1641780 544
1641790 548
1641800 548
1641810 550
1641820 552
1641830 552
1641840 554
1641850 556
1641860 556
1641870 559
1641880 558
1641890 558
1641900 555
1641910 553
1641920 553
1641930 550
1641940 545
1641950 545
1641960 542
1641970 540
1641980 540
1641990 539
1642000 539
1642010 539
1642020 539
1642030 540
1642040 540
1642050 543
1642060 548
1642070 548
1642080 552
1642090 555
1642100 555
1642110 560
1642120 564
1642130 564
1642140 569
1642150 572
1642160 572
1642170 577
1642180 583
1642190 583
1642200 586
1642210 586
1642220 586
1642230 585
1642240 585
1642250 585
1642260 586
1642270 587
1642280 587
1642290 588
1642300 590
1642310 590
1642320 592
1642330 594
1642340 594
1642350 598
1642360 602
1642370 602
1642380 607
1642390 611
1642400 611
1642410 614
1642420 616
1642430 616
1642440 618
1642450 620
1642460 620
1642470 622
1642480 624
1642490 624
1642500 627
1642510 631
1642520 631
1642530 634
1642540 635
1642550 635
1642560 638
1642570 642
1642580 642
1642590 644
1642600 646
1642610 646
1642620 647
1642630 648
1642640 648
1642650 650
1642660 653
1642670 653
1642680 659
1642690 660
1642700 660
1642710 659
1642720 656
1642730 656
1642740 654
1642750 653
1642760 653
1642770 655
1642780 654
1642790 654
1642800 656
1642810 658
1642820 658
1642830 660
1642840 663
1642850 663
1642860 666
1642870 670
1642880 670
1642890 673
1642900 677
1642910 677
1642920 681
1642930 683
1642940 683
1642950 685
1642960 688
1642970 688
1642980 691
1642990 692
1643000 692
1643010 692
1643020 692
1643030 692
1643040 693
1643050 696
1643060 696
1643070 698
1643080 701
1643090 701
1643100 704
1643110 705
1643120 705
1643130 708
1643140 714
1643150 714
1643160 714
1643170 709
1643180 709
1643190 703
1643200 700
1643210 700
1643220 697
1643230 694
1643240 694
1643250 693
1643260 691
1643270 691
1643280 690
1643290 689
1643300 689
1643310 689
1643320 690
1643330 690
1643340 691
1643350 693
1643360 693
1643370 695
1643380 697
1643390 697
1643400 698
1643410 699
1643420 699
1643430 700
1643440 700
1643450 700
1643460 698
1643470 696
1643480 696
1643490 693
1643500 690
1643510 690
1643520 687
1643530 682
1643540 682
1643550 678
1643560 677
1643570 677
1643580 680
1643590 685
1643600 685
1643610 680
1643620 674
1643630 674
1643640 667
1643650 659
1643660 659
1643670 652
1643680 650
1643690 650
1643700 645
1643710 639
1643720 639
1643730 634
1643740 630
1643750 630
1643760 626
1643770 622
1643780 622
1643790 618
1643800 615
1643810 615
1643820 612
1643830 610
1643840 610
1643850 608
1643860 606
1643870 606
1643880 604
1643890 602
1643900 602
1643910 600
1643920 598
1643930 598
1643940 594
1643950 591
1643960 591
1643970 592
1643980 595
1643990 595
1644000 598
1644010 601
1644020 601
1644030 602
1644040 603
1644050 603
1644060 601
1644070 601
1644080 601
1644090 603
1644100 607
1644110 607
1644120 611
1644130 615
1644140 615
1644150 619
1644160 622
1644170 622
1644180 625
1644190 628
1644200 628
1644210 630
1644220 631
1644230 631
1644240 632
1644250 632
1644260 632
1644270 632
1644280 631
1644290 631
1644300 630
1644310 629
1644320 629
1644330 629
1644340 627
1644350 627
1644360 625
1644370 624
1644380 624
1644390 626
1644400 629
1644410 629
1644420 632
1644430 636
1644440 636
1644450 639
1644460 642
1644470 642
1644480 644
1644490 646
1644500 646
1644510 648
1644520 649
1644530 649
1644540 650
1644550 651
1644560 651
1644570 652
1644580 653
1644590 653
1644600 655
1644610 655
1644620 655
1644630 656
1644640 657
1644650 657
1644660 658
1644670 660
1644680 660
1644690 660
1644700 662
1644710 662
1644720 663
1644730 665
1644740 665
1644750 667
1644760 669
1644770 669
1644780 670
1644790 671
1644800 671
1644810 673
1644820 674
1644830 674
1644840 672
1644850 668
1644860 668
1644870 666
1644880 664
1644890 664
1644900 664
1644910 666
1644920 666
1644930 669
1644940 671
1644950 671
1644960 672
1644970 673
1644980 673
1644990 674
1645000 675
1645010 675
1645020 676
1645030 678
1645040 678
1645050 678
1645060 680
1645070 680
1645080 682
1645090 683
1645100 683
1645110 683
1645120 684
1645130 684
1645140 681
1645150 677
1645160 677
1645170 673
1645180 667
1645190 667
1645200 659
1645210 647
1645220 647
1645230 641
1645240 636
1645250 636
1645260 631
1645270 626
1645280 626
1645290 621
1645300 615
1645310 615
1645320 610
1645330 606
1645340 606
1645350 602
1645360 596
1645370 596
1645380 589
1645390 583
1645400 583
1645410 575
1645420 568
1645430 568
1645440 561
1645450 556
1645460 556
1645470 550
1645480 545
1645490 545
1645500 541
1645510 536
1645520 536
1645530 531
1645540 526
1645550 526
1645560 522
1645570 518
1645580 518
1645590 514
1645600 510
1645610 510
1645620 507
1645630 504
1645640 504
1645650 501
1645660 501
1645670 498
1645680 495
1645690 495
1645700 492
1645710 489
1645720 489
1645730 485
1645740 483
1645750 483
1645760 481
1645770 480
1645780 480
1645790 478
1645800 477
1645810 477
1645820 476
1645830 476
1645840 476
1645850 477
1645860 478
1645870 478
1645880 478
1645890 479
1645900 479
1645910 480
1645920 481
1645930 481
1645940 482
1645950 484
1645960 484
1645970 485
1645980 484
1645990 484
1646000 484
1646010 482
1646020 482
1646030 479
1646040 475
1646050 475
1646060 472
1646070 468
1646080 468
1646090 466
1646100 463
1646110 463
1646120 462
1646130 463
1646140 463
1646150 465
1646160 467
1646170 467
1646180 471
1646190 474
1646200 474
1646210 478
1646220 481
1646230 481
1646240 484
1646250 486
1646260 486
1646270 489
1646280 492
1646290 492
1646300 495
1646310 498
1646320 498
1646330 501
1646340 504
1646350 504
1646360 508
1646370 511
1646380 511
1646390 515
1646400 519
1646410 519
1646420 523
1646430 527
1646440 527
1646450 531
1646460 534
1646470 534
1646480 535
1646490 535
1646500 535
1646510 536
1646520 536
1646530 536
1646540 535
1646550 535
1646560 535
1646570 535
1646580 534
1646590 534
1646600 534
1646610 533
1646620 533
1646630 533
1646640 532
1646650 532
1646660 531
1646670 529
1646680 529
1646690 526
1646700 524
1646710 524
1646720 520
1646730 516
1646740 516
1646750 513
1646760 509
1646770 509
1646780 504
1646790 501
1646800 501
1646810 496
1646820 496
1646830 496
1646840 490
1646850 485
1646860 485
1646870 480
1646880 475
1646890 475
1646900 472
1646910 470
1646920 470
1646930 468
1646940 468
1646950 468
1646960 468
1646970 468
1646980 468
1646990 468
1647000 469
1647010 469
1647020 472
1647030 475
1647040 475
1647050 477
1647060 479
1647070 479
1647080 481
1647090 482
1647100 482
1647110 486
1647120 489
1647130 489
1647140 491
1647150 494
1647160 494
1647170 497
1647180 500
1647190 500
1647200 502
1647210 505
1647220 505
1647230 508
1647240 510
1647250 510
1647260 512
1647270 513
1647280 513
1647290 515
1647300 516
1647310 516
1647320 516
1647330 517
1647340 517
1647350 517
1647360 517
1647370 517
1647380 516
1647390 515
1647400 515
1647410 512
1647420 510
1647430 510
1647440 507
1647450 504
1647460 504
1647470 501
1647480 502
1647490 502
1647500 505
1647510 508
1647520 508
1647530 512
1647540 515
1647550 515
1647560 519
1647570 523
1647580 523
1647590 527
1647600 531
1647610 531
1647620 536
1647630 539
1647640 539
1647650 542
1647660 544
1647670 544
1647680 546
1647690 547
1647700 547
1647710 548
1647720 548
1647730 548
1647740 548
1647750 548
1647760 548
1647770 548
1647780 547
1647790 547
1647800 545
1647810 544
1647820 544
1647830 541
1647840 539
1647850 539
1647860 536
1647870 533
1647880 533
1647890 529
1647900 525
1647910 525
1647920 522
1647930 520
1647940 520
1647950 519
1647960 517
1647970 517
1647980 516
1647990 516
1648000 516
1648010 517
1648020 517
1648030 517
1648040 519
1648050 520
1648060 520
1648070 523
1648080 527
1648090 527
1648100 531
1648110 536
1648120 536
1648130 540
1648140 544
1648150 544
1648160 548
1648170 552
1648180 552
1648190 556
1648200 559
1648210 559
1648220 561
1648230 562
1648240 562
1648250 564
1648260 564
1648270 564
1648280 565
1648290 565
1648300 565
1648310 565
1648320 565
1648330 565
1648340 565
1648350 565
1648360 565
1648370 565
1648380 566
1648390 566
1648400 566
1648410 563
1648420 563
1648430 564
1648440 564
1648450 564
1648460 564
1648470 564
1648480 564
1648490 565
1648500 565
1648510 565
1648520 565
1648530 565
1648540 565
1648550 565
1648560 564
1648570 564
1648580 564
1648590 564
1648600 564
1648610 563
1648620 562
1648630 562
1648640 562
1648650 561
1648660 561
1648670 558
1648680 557
1648690 557
1648700 556
1648710 555
1648720 555
1648730 555
1648740 554
1648750 554
1648760 553
1648770 551
1648780 551
1648790 550
1648800 548
1648810 548
1648820 546
1648830 544
1648840 544
1648850 539
1648860 537
1648870 537
1648880 535
1648890 532
1648900 532
1648910 530
1648920 527
1648930 527
1648940 524
1648950 522
1648960 522
1648970 521
1648980 521
1648990 521
1649000 521
1649010 523
1649020 523
1649030 524
1649040 525
1649050 525
1649060 526
1649070 526
1649080 526
1649090 525
1649100 525
1649110 525
1649120 524
1649130 523
1649140 523
1649150 521
1649160 519
1649170 519
1649180 517
1649190 515
1649200 519
1649210 516
1649220 514
1649230 514
1649240 512
1649250 511
1649260 511
1649270 510
1649280 509
1649290 509
1649300 509
1649310 508
1649320 508
1649330 507
1649340 507
1649350 507
1649360 506
1649370 506
1649380 506
1649390 506
1649400 506
1649410 506
1649420 507
1649430 507
1649440 507
1649450 507
1649460 507
1649470 507
1649480 507
1649490 507
1649500 507
1649510 507
1649520 507
1649530 507
1649540 507
1649550 507
1649560 507
1649570 507
1649580 507
1649590 507
1649600 507
1649610 507
1649620 507
1649630 507
1649640 508
1649650 508
1649660 508
1649670 508
1649680 508
1649690 508
1649700 508
1649710 508
1649720 508
1649730 508
1649740 508
1649750 508
1649760 508
1649770 508
1649780 508
1649790 507
1649800 507
1649810 507
1649820 507
1649830 507
1649840 507
1649850 507
1649860 507
1649870 508
1649880 508
1649890 508
1649900 508
1649910 508
1649920 508
1649930 509
1649940 508
1649950 508
1649960 508
1649970 508
1649980 508
1649990 509
1650000 509
1650010 509
1650020 509
1650030 509
1650040 509
1650050 509
1650060 510
1650070 510
1650080 510
1650090 511
1650100 511
1650110 512
1650120 513
1650130 513
1650140 513
1650150 514
1650160 514
1650170 516
1650180 519
1650190 519
1650200 521
1650210 523
1650220 523
1650230 525
1650240 526
1650250 526
1650260 527
1650270 529
1650280 529
1650290 530
1650300 532
1650310 532
1650320 534
1650330 537
1650340 537
1650350 539
1650360 542
1650370 542
1650380 544
1650390 546
1650400 546
1650410 548
1650420 549
1650430 549
1650440 550
1650450 551
1650460 551
1650470 552
1650480 553
1650490 553
1650500 554
1650510 556
1650520 556
1650530 557
1650540 559
1650550 559
1650560 560
1650570 562
1650580 562
1650590 563
1650600 562
1650610 562
1650620 560
1650630 556
1650640 556
1650650 551
1650660 545
1650670 545
1650680 538
1650690 528
1650700 528
1650710 521
1650720 519
1650730 519
1650740 520
1650750 520
1650760 520
1650770 521
1650780 521
1650790 521
1650800 521
1650810 522
1650820 522
1650830 522
1650840 523
1650850 523
1650860 524
1650870 525
1650880 525
1650890 526
1650900 528
1650910 528
1650920 531
1650930 531
1650940 534
1650950 536
1650960 536
1650970 540
1650980 544
1650990 544
1651000 548
1651010 553
1651020 553
1651030 557
1651040 561
1651050 561
1651060 563
1651070 565
1651080 565
1651090 567
1651100 569
1651110 569
1651120 571
1651130 572
1651140 572
1651150 574
1651160 575
1651170 575
1651180 577
1651190 580
1651200 580
1651210 582
1651220 584
1651230 584
1651240 586
1651250 587
1651260 587
1651270 587
1651280 588
1651290 588
1651300 589
1651310 589
1651320 589
1651330 590
1651340 590
1651350 590
1651360 591
1651370 592
1651380 592
1651390 593
1651400 593
1651410 593
1651420 594
1651430 594
1651440 594
1651450 595
1651460 595
1651470 595
1651480 595
1651490 595
1651500 595
1651510 595
1651520 594
1651530 594
1651540 594
1651550 597
1651560 597
1651570 595
1651580 594
1651590 594
1651600 594
1651610 594
1651620 594
1651630 593
1651640 591
1651650 591
1651660 588
1651670 585
1651680 585
1651690 582
1651700 581
1651710 581
1651720 582
1651730 584
1651740 584
1651750 587
1651760 589
1651770 589
1651780 592
1651790 596
1651800 596
1651810 599
1651820 602
1651830 602
1651840 605
1651850 608
1651860 608
1651870 610
1651880 612
1651890 612
1651900 613
1651910 614
1651920 614
1651930 615
1651940 615
1651950 615
1651960 616
1651970 617
1651980 617
1651990 617
1652000 618
1652010 618
1652020 618
1652030 619
1652040 619
1652050 619
1652060 619
1652070 619
1652080 620
1652090 620
1652100 620
1652110 619
1652120 619
1652130 619
1652140 619
1652150 619
1652160 619
1652170 619
1652180 619
1652190 619
1652200 619
1652210 619
1652220 619
1652230 619
1652240 620
1652250 620
1652260 619
1652270 619
1652280 619
1652290 619
1652300 619
1652310 619
1652320 618
1652330 618
1652340 618
1652350 617
1652360 616
1652370 616
1652380 614
1652390 612
1652400 612
1652410 610
1652420 610
1652430 610
1652440 609
1652450 608
1652460 608
1652470 608
1652480 608
1652490 608
1652500 608
1652510 610
1652520 610
1652530 613
1652540 614
1652550 614
1652560 614
1652570 615
1652580 615
1652590 615
1652600 616
1652610 616
1652620 617
1652630 618
1652640 618
1652650 619
1652660 620
1652670 620
1652680 621
1652690 623
1652700 623
1652710 623
1652720 624
1652730 624
1652740 625
1652750 625
1652760 625
1652770 626
1652780 626
1652790 626
1652800 626
1652810 626
1652820 626
1652830 627
1652840 627
1652850 627
1652860 627
1652870 627
1652880 627
1652890 626
1652900 626
1652910 626
1652920 625
1652930 625
1652940 625
1652950 625
1652960 624
1652970 624
1652980 623
1652990 623
1653000 623
1653010 622
1653020 622
1653030 622
1653040 621
1653050 621
1653060 621
1653070 620
1653080 619
1653090 619
1653100 620
1653110 618
1653120 618
1653130 617
1653140 615
1653150 615
1653160 614
1653170 612
1653180 612
1653190 610
1653200 609
1653210 609
1653220 607
1653230 605
1653240 605
1653250 602
1653260 600
1653270 600
1653280 597
1653290 593
1653300 593
1653310 590
1653320 587
1653330 587
1653340 585
1653350 583
1653360 583
1653370 581
1653380 580
1653390 580
1653400 578
1653410 577
1653420 577
1653430 577
1653440 578
1653450 578
1653460 578
1653470 577
1653480 577
1653490 575
1653500 573
1653510 573
1653520 572
1653530 571
1653540 571
1653550 570
1653560 569
1653570 569
1653580 567
1653590 565
1653600 565
1653610 562
1653620 558
1653630 558
1653640 556
1653650 555
1653660 555
1653670 554
1653680 553
1653690 553
1653700 553
1653710 552
1653720 552
1653730 552
1653740 552
1653750 552
1653760 552
1653770 552
1653780 552
1653790 552
1653800 553
1653810 553
1653820 557
1653830 561
1653840 561
1653850 564
1653860 566
1653870 570
1653880 572
1653890 573
1653900 573
1653910 574
1653920 574
1653930 574
1653940 572
1653950 569
1653960 569
1653970 567
1653980 568
1653990 568
1654000 571
1654010 575
1654020 575
1654030 579
1654040 582
1654050 582
1654060 584
1654070 585
1654080 585
1654090 587
1654100 587
1654110 587
1654120 587
1654130 587
1654140 587
1654150 587
1654160 586
1654170 586
1654180 584
1654190 581
1654200 581
1654210 578
1654220 576
1654230 576
1654240 574
1654250 572
1654260 572
1654270 572
1654280 573
1654290 573
1654300 575
1654310 578
1654320 578
1654330 580
1654340 581
1654350 581
1654360 581
1654370 581
1654380 581
1654390 580
1654400 580
1654410 580
1654420 579
1654430 578
1654440 578
1654450 577
1654460 576
1654470 576
1654480 574
1654490 573
1654500 573
1654510 571
1654520 570
1654530 570
1654540 568
1654550 566
1654560 566
1654570 565
1654580 564
1654590 564
1654600 563
1654610 563
1654620 563
1654630 562
1654640 561
1654650 561
1654660 561
1654670 560
1654680 560
1654690 559
1654700 558
1654710 558
1654720 556
1654730 555
1654740 555
1654750 553
1654760 550
1654770 550
1654780 546
1654790 544
1654800 544
1654810 543
1654820 543
1654830 543
1654840 543
1654850 542
1654860 542
1654870 542
1654880 542
1654890 542
1654900 542
1654910 542
1654920 542
1654930 542
1654940 542
1654950 542
1654960 542
1654970 542
1654980 542
1654990 542
1655000 542
1655010 542
1655020 542
1655030 542
1655040 542
1655050 542
1655060 543
1655070 543
1655080 545
1655090 547
1655100 547
1655110 548
1655120 550
1655130 550
1655140 551
1655150 553
1655160 553
1655170 554
1655180 556
1655190 556
1655200 557
1655210 559
1655220 559
1655230 560
1655240 562
1655250 562
1655260 564
1655270 565
1655280 565
1655290 567
1655300 568
1655310 568
1655320 571
1655330 574
1655340 574
1655350 576
1655360 578
1655370 578
1655380 580
1655390 582
1655400 581
1655410 584
1655420 586
1655430 586
1655440 587
1655450 589
1655460 589
1655470 591
1655480 592
1655490 592
1655500 593
1655510 594
1655520 594
1655530 594
1655540 594
1655550 594
1655560 594
1655570 594
1655580 594
1655590 593
1655600 593
1655610 593
1655620 592
1655630 592
1655640 592
1655650 591
1655660 589
1655670 589
1655680 588
1655690 586
1655700 586
1655710 584
1655720 581
1655730 581
1655740 578
1655750 576
1655760 576
1655770 575
1655780 574
1655790 574
1655800 573
1655810 572
1655820 572
1655830 571
1655840 570
1655850 570
1655860 569
1655870 566
1655880 566
1655890 564
1655900 565
1655910 565
1655920 565
1655930 565
1655940 565
1655950 563
1655960 558
1655970 558
1655980 554
1655990 552
1656000 552
1656010 551
1656020 553
1656030 553
1656040 556
1656050 560
1656060 560
1656070 566
1656080 572
1656090 572
1656100 576
1656110 578
1656120 578
1656130 579
1656140 580
1656150 580
1656160 577
1656170 578
1656180 578
1656190 579
1656200 579
1656210 581
1656220 583
1656230 583
1656240 584
1656250 585
1656260 585
1656270 585
1656280 585
1656290 585
1656300 585
1656310 586
1656320 586
1656330 586
1656340 587
1656350 587
1656360 587
1656370 588
1656380 588
1656390 589
1656400 590
1656410 590
1656420 590
1656430 591
1656440 591
1656450 592
1656460 594
1656470 594
1656480 595
1656490 597
1656500 597
1656510 599
1656520 600
1656530 600
1656540 602
1656550 604
1656560 604
1656570 607
1656580 609
1656590 609
1656600 612
1656610 614
1656620 614
1656630 617
1656640 619
1656650 619
1656660 621
1656670 624
1656680 624
1656690 625
1656700 627
1656710 627
1656720 628
1656730 629
1656740 629
1656750 630
1656760 632
1656770 632
1656780 633
1656790 634
1656800 634
1656810 635
1656820 637
1656830 637
1656840 638
1656850 639
1656860 639
1656870 640
1656880 641
1656890 641
1656900 643
1656910 643
1656920 643
1656930 646
1656940 648
1656950 648
1656960 651
1656970 653
1656980 653
1656990 656
1657000 658
1657010 658
1657020 660
1657030 662
1657040 662
1657050 663
1657060 665
1657070 665
1657080 666
1657090 667
1657100 667
1657110 668
1657120 669
1657130 669
1657140 668
1657150 668
1657160 668
1657170 667
1657180 667
1657190 667
1657200 668
1657210 669
1657220 669
1657230 670
1657240 672
1657250 672
1657260 675
1657270 677
1657280 677
1657290 680
1657300 683
1657310 683
1657320 686
1657330 690
1657340 690
1657350 691
1657360 692
1657370 692
1657380 691
1657390 687
1657400 687
1657410 679
1657420 673
1657430 673
1657440 670
1657450 667
1657460 667
1657470 664
1657480 662
1657490 662
1657500 659
1657510 657
1657520 657
1657530 656
1657540 655
1657550 655
1657560 654
1657570 653
1657580 653
1657590 652
1657600 651
1657610 651
1657620 648
1657630 646
1657640 646
1657650 644
1657660 641
1657670 641
1657680 640
1657690 640
1657700 640
1657710 639
1657720 639
1657730 639
1657740 637
1657750 637
1657760 637
1657770 637
1657780 638
1657790 638
1657800 638
1657810 638
1657820 638
1657830 639
1657840 639
1657850 639
1657860 639
1657870 642
1657880 642
1657890 645
1657900 647
1657910 647
1657920 649
1657930 652
1657940 652
1657950 654
1657960 657
1657970 657
1657980 659
1657990 661
1658000 661
1658010 663
1658020 665
1658030 665
1658040 667
1658050 669
1658060 669
1658070 671
1658080 673
1658090 673
1658100 674
1658110 676
1658120 676
1658130 677
1658140 677
1658150 677
1658160 678
1658170 678
1658180 678
1658190 677
1658200 677
1658210 677
1658220 677
1658230 677
1658240 677
1658250 677
1658260 678
1658270 678
1658280 679
1658290 680
1658300 680
1658310 681
1658320 681
1658330 681
1658340 681
1658350 680
1658360 680
1658370 679
1658380 678
1658390 678
1658400 678
1658410 675
1658420 675
1658430 675
1658440 675
1658450 675
1658460 675
1658470 676
1658480 676
1658490 677
1658500 679
1658510 679
1658520 680
1658530 682
1658540 682
1658550 683
1658560 683
1658570 683
1658580 684
1658590 685
1658600 685
1658610 686
1658620 687
1658630 687
1658640 688
1658650 689
1658660 689
1658670 692
1658680 694
1658690 694
1658700 696
1658710 698
1658720 698
1658730 699
1658740 701
1658750 701
1658760 702
1658770 703
1658780 703
1658790 703
1658800 703
1658810 703
1658820 704
1658830 704
1658840 704
1658850 704
1658860 704
1658870 704
1658880 704
1658890 704
1658900 704
1658910 704
1658920 702
1658930 702
1658940 701
1658950 700
1658960 700
1658970 698
1658980 697
1658990 697
1659000 696
1659010 695
1659020 695
1659030 694
1659040 693
1659050 693
1659060 692
1659070 690
1659080 690
1659090 690
1659100 690
1659110 690
1659120 691
1659130 691
1659140 691
1659150 691
1659160 692
1659170 692
1659180 692
1659190 692
1659200 692
1659210 691
1659220 691
1659230 691
1659240 691
1659250 690
1659260 690
1659270 690
1659280 690
1659290 690
1659300 689
1659310 689
1659320 689
1659330 688
1659340 687
1659350 687
1659360 687
1659370 687
1659380 687
1659390 687
1659400 688
1659410 688
1659420 688
1659430 687
1659440 687
1659450 687
1659460 687
1659470 687
1659480 687
1659490 686
1659500 686
1659510 685
1659520 685
1659530 685
1659540 684
1659550 684
1659560 684
1659570 683
1659580 682
1659590 682
1659600 682
1659610 681
1659620 681
1659630 681
1659640 680
1659650 680
1659660 680
1659670 679
1659680 679
1659690 679
1659700 677
1659710 677
1659720 674
1659730 671
1659740 671
1659750 669
1659760 670
1659770 670
1659780 674
1659790 678
1659800 678
1659810 683
1659820 685
1659830 685
1659840 687
1659850 688
1659860 688
1659870 689
1659880 689
1659890 689
1659900 688
1659910 687
1659920 687
1659930 686
1659940 686
1659950 686
1659960 686
1659970 687
1659980 687
1659990 687
