1640000 572
1640010 571
1640020 570
1640030 570
1640040 571
1640050 572
1640060 572
1640070 573
1640080 574
1640090 574
1640100 576
1640110 577
1640120 577
1640130 579
1640140 580
1640150 580
1640160 579
1640170 578
1640180 578
1640190 576
1640200 573
1640210 573
1640220 571
1640230 569
1640240 569
1640250 569
1640260 572
1640270 572
1640280 576
1640290 579
1640300 579
1640310 583
1640320 585
1640330 585
1640340 587
1640350 588
1640360 588
1640370 588
1640380 588
1640390 588
1640400 587
1640410 586
1640420 586
1640430 585
1640440 584
1640450 584
1640460 583
1640470 582
1640480 582
1640490 580
1640500 578
1640510 578
1640520 577
1640530 575
1640540 575
1640550 574
1640560 573
1640570 573
1640580 571
1640590 570
1640600 570
1640610 567
1640620 564
1640630 564
1640640 559
1640650 554
1640660 554
1640670 549
1640680 544
1640690 544
1640700 542
1640710 542
1640720 542
1640730 542
1640740 546
1640750 546
1640760 550
1640770 554
1640780 554
1640790 556
1640800 557
1640810 557
1640820 556
1640830 556
1640840 556
1640850 559
1640860 559
1640870 559
1640880 558
1640890 556
1640900 556
1640910 552
1640920 549
1640930 549
1640940 546
1640950 544
1640960 544
1640970 542
1640980 537
1640990 537
1641000 535
1641010 536
1641020 536
1641030 538
1641040 541
1641050 541
1641060 544
1641070 546
1641080 546
1641090 549
1641100 553
1641110 553
1641120 556
1641130 559
1641140 559
1641150 561
1641160 563
1641170 563
1641180 564
1641190 566
1641200 566
1641210 567
1641220 568
1641230 568
1641240 567
1641250 566
1641260 566
1641270 563
1641280 561
1641290 561
1641300 559
1641310 558
1641320 558
1641330 558
1641340 558
1641350 558
1641360 559
1641370 558
1641380 558
1641390 556
1641400 553
1641410 553
1641420 549
1641430 545
1641440 545
1641450 540
1641460 535
1641470 535
1641480 531
1641490 526
1641500 526
1641510 520
1641520 514
1641530 514
1641540 508
1641550 503
1641560 503
1641570 504
1641580 508
1641590 508
1641600 510
1641610 507
1641620 507
1641630 504
1641640 502
1641650 502
1641660 502
1641670 504
1641680 503
1641690 503
1641700 506
1641710 506
1641720 511
1641730 516
1641740 516
1641750 521
1641760 524
1641770 524
1641780 529
1641790 535
1641800 535
1641810 541
1641820 544
1641830 544
1641840 545
1641850 545
1641860 545
1641870 543
1641880 542
1641890 542
1641900 541
1641910 540
1641920 540
1641930 538
1641940 536
1641950 536
1641960 533
1641970 531
1641980 531
1641990 532
1642000 535
1642010 535
1642020 538
1642030 541
1642040 541
1642050 545
1642060 551
1642070 551
1642080 556
1642090 561
1642100 561
1642110 566
1642120 571
1642130 571
1642140 575
1642150 579
1642160 579
1642170 582
1642180 586
1642190 586
1642200 590
1642210 593
1642220 593
1642230 593
1642240 592
1642250 592
1642260 590
1642270 589
1642280 589
1642290 589
1642300 590
1642310 590
1642320 591
1642330 593
1642340 593
1642350 596
1642360 599
1642370 599
1642380 603
1642390 606
1642400 606
1642410 608
1642420 610
1642430 610
1642440 612
1642450 615
1642460 615
1642470 617
1642480 620
1642490 620
1642500 622
1642510 625
1642520 625
1642530 628
1642540 630
1642550 630
1642560 634
1642570 637
1642580 637
1642590 639
1642600 642
1642610 642
1642620 643
1642630 644
1642640 644
1642650 645
1642660 647
1642670 647
1642680 650
1642690 653
1642700 653
1642710 656
1642720 657
1642730 657
1642740 658
1642750 658
1642760 658
1642770 658
1642780 659
1642790 659
1642800 661
1642810 663
1642820 663
1642830 665
1642840 667
1642850 667
1642860 670
1642870 672
1642880 672
1642890 674
1642900 678
1642910 678
1642920 682
1642930 685
1642940 685
1642950 688
1642960 691
1642970 691
1642980 696
1642990 701
1643000 701
1643010 704
1643020 703
1643030 703
1643040 703
1643050 703
1643060 703
1643070 702
1643080 702
1643090 702
1643100 702
1643110 702
1643120 702
1643130 705
1643140 706
1643150 706
1643160 707
1643170 706
1643180 706
1643190 705
1643200 704
1643210 704
1643220 702
1643230 701
1643240 701
1643250 702
1643260 703
1643270 703
1643280 703
1643290 705
1643300 705
1643310 706
1643320 714
1643330 714
1643340 716
1643350 716
1643360 716
1643370 717
1643380 717
1643390 717
1643400 717
1643410 715
1643420 715
1643430 714
1643440 711
1643450 711
1643460 707
1643470 702
1643480 702
1643490 698
1643500 696
1643510 696
1643520 694
1643530 693
1643540 693
1643550 691
1643560 691
1643570 691
1643580 689
1643590 684
1643600 684
1643610 678
1643620 672
1643630 672
1643640 667
1643650 660
1643660 660
1643670 653
1643680 648
1643690 648
1643700 644
1643710 640
1643720 640
1643730 635
1643740 630
1643750 630
1643760 625
1643770 622
1643780 622
1643790 618
1643800 614
1643810 614
1643820 611
1643830 609
1643840 609
1643850 606
1643860 604
1643870 604
1643880 603
1643890 603
1643900 603
1643910 603
1643920 602
1643930 602
1643940 599
1643950 595
1643960 595
1643970 593
1643980 595
1643990 595
1644000 599
1644010 602
1644020 602
1644030 604
1644040 607
1644050 607
1644060 609
1644070 612
1644080 612
1644090 615
1644100 618
1644110 618
1644120 619
1644130 619
1644140 623
1644150 624
1644160 624
1644170 624
1644180 624
1644190 624
1644200 624
1644210 627
1644220 629
1644230 629
1644240 632
1644250 634
1644260 634
1644270 635
1644280 636
1644290 636
1644300 636
1644310 636
1644320 636
1644330 636
1644340 636
1644350 636
1644360 636
1644370 635
1644380 635
1644390 634
1644400 632
1644410 632
1644420 633
1644430 635
1644440 635
1644450 638
1644460 642
1644470 642
1644480 646
1644490 650
1644500 650
1644510 652
1644520 655
1644530 655
1644540 657
1644550 661
1644560 661
1644570 661
1644580 662
1644590 662
1644600 662
1644610 663
1644620 663
1644630 664
1644640 665
1644650 665
1644660 666
1644670 666
1644680 666
1644690 666
1644700 666
1644710 667
1644720 668
1644730 668
1644740 670
1644750 671
1644760 671
1644770 673
1644780 674
1644790 674
1644800 676
1644810 678
1644820 678
1644830 678
1644840 677
1644850 677
1644860 675
1644870 673
1644880 673
1644890 672
1644900 672
1644910 672
1644920 673
1644930 676
1644940 676
1644950 681
1644960 683
1644970 683
1644980 684
1644990 686
1645000 686
1645010 687
1645020 688
1645030 688
1645040 689
1645050 689
1645060 689
1645070 689
1645080 690
1645090 690
1645100 689
1645110 688
1645120 688
1645130 685
1645140 682
1645150 682
1645160 678
1645170 671
1645180 671
1645190 661
1645200 653
1645210 653
1645220 646
1645230 641
1645240 641
1645250 635
1645260 630
1645270 630
1645280 623
1645290 618
1645300 618
1645310 613
1645320 606
1645330 606
1645340 600
1645350 595
1645360 595
1645370 589
1645380 583
1645390 583
1645400 577
1645410 572
1645420 572
1645430 567
1645440 561
1645450 561
1645460 554
1645470 548
1645480 548
1645490 544
1645500 539
1645510 539
1645520 535
1645530 531
1645540 531
1645550 527
1645560 521
1645570 521
1645580 517
1645590 512
1645600 512
1645610 508
1645620 505
1645630 505
1645640 502
1645650 499
1645660 499
1645670 496
1645680 495
1645690 495
1645700 494
1645710 492
1645720 492
1645730 491
1645740 489
1645750 489
1645760 492
1645770 491
1645780 491
1645790 491
1645800 491
1645810 491
1645820 490
1645830 490
1645840 490
1645850 491
1645860 492
1645870 492
1645880 492
1645890 493
1645900 493
1645910 493
1645920 492
1645930 492
1645940 491
1645950 490
1645960 490
1645970 488
1645980 486
1645990 486
1646000 483
1646010 479
1646020 479
1646030 475
1646040 471
1646050 471
1646060 468
1646070 464
1646080 464
1646090 463
1646100 463
1646110 463
1646120 463
1646130 463
1646140 463
1646150 465
1646160 468
1646170 468
1646180 470
1646190 473
1646200 473
1646210 475
1646220 479
1646230 479
1646240 482
1646250 484
1646260 484
1646270 487
1646280 489
1646290 489
1646300 492
1646310 494
1646320 494
1646330 497
1646340 500
1646350 500
1646360 502
1646370 505
1646380 505
1646390 508
1646400 511
1646410 511
1646420 515
1646430 519
1646440 519
1646450 522
1646460 525
1646470 525
1646480 527
1646490 529
1646500 529
1646510 530
1646520 531
1646530 531
1646540 532
1646550 533
1646560 531
1646570 532
1646580 532
1646590 532
1646600 532
1646610 531
1646620 531
1646630 530
1646640 530
1646650 530
1646660 529
1646670 527
1646680 527
1646690 526
1646700 525
1646710 525
1646720 523
1646730 521
1646740 521
1646750 519
1646760 517
1646770 517
1646780 515
1646790 512
1646800 512
1646810 509
1646820 505
1646830 505
1646840 501
1646850 496
1646860 496
1646870 491
1646880 486
1646890 486
1646900 481
1646910 477
1646920 477
1646930 474
1646940 472
1646950 472
1646960 470
1646970 470
1646980 470
1646990 470
1647000 470
1647010 470
1647020 469
1647030 469
1647040 469
1647050 469
1647060 469
1647070 469
1647080 470
1647090 471
1647100 471
1647110 471
1647120 474
1647130 474
1647140 477
1647150 479
1647160 479
1647170 484
1647180 488
1647190 488
1647200 491
1647210 493
1647220 493
1647230 496
1647240 498
1647250 498
1647260 501
1647270 502
1647280 502
1647290 504
1647300 505
1647310 505
1647320 505
1647330 505
1647340 505
1647350 505
1647360 501
1647370 501
1647380 500
1647390 498
1647400 498
1647410 495
1647420 493
1647430 493
1647440 495
1647450 498
1647460 498
1647470 501
1647480 504
1647490 504
1647500 507
1647510 511
1647520 511
1647530 514
1647540 518
1647550 518
1647560 522
1647570 526
1647580 526
1647590 530
1647600 533
1647610 533
1647620 535
1647630 537
1647640 537
1647650 539
1647660 540
1647670 540
1647680 540
1647690 541
1647700 541
1647710 541
1647720 541
1647730 541
1647740 541
1647750 541
1647760 541
1647770 540
1647780 540
1647790 540
1647800 538
1647810 536
1647820 536
1647830 534
1647840 532
1647850 532
1647860 530
1647870 528
1647880 528
1647890 526
1647900 523
1647910 523
1647920 520
1647930 517
1647940 517
1647950 515
1647960 513
1647970 513
1647980 512
1647990 510
1648000 510
1648010 510
1648020 510
1648030 510
1648040 511
1648050 514
1648060 514
1648070 518
1648080 523
1648090 523
1648100 528
1648110 532
1648120 532
1648130 537
1648140 540
1648150 540
1648160 539
1648170 540
1648180 540
1648190 541
1648200 543
1648210 543
1648220 545
1648230 546
1648240 546
1648250 547
1648260 548
1648270 548
1648280 549
1648290 549
1648300 549
1648310 550
1648320 551
1648330 551
1648340 552
1648350 553
1648360 553
1648370 554
1648380 555
1648390 555
1648400 555
1648410 556
1648420 556
1648430 557
1648440 557
1648450 557
1648460 558
1648470 559
1648480 559
1648490 559
1648500 560
1648510 560
1648520 560
1648530 561
1648540 561
1648550 560
1648560 560
1648570 560
1648580 559
1648590 558
1648600 558
1648610 557
1648620 556
1648630 556
1648640 555
1648650 554
1648660 554
1648670 554
1648680 553
1648690 553
1648700 552
1648710 552
1648720 552
1648730 551
1648740 551
1648750 551
1648760 549
1648770 548
1648780 548
1648790 547
1648800 546
1648810 546
1648820 544
1648830 542
1648840 542
1648850 539
1648860 537
1648870 537
1648880 536
1648890 534
1648900 534
1648910 532
1648920 529
1648930 529
1648940 526
1648950 527
1648960 527
1648970 528
1648980 530
1648990 530
1649000 534
1649010 537
1649020 537
1649030 539
1649040 540
1649050 540
1649060 541
1649070 541
1649080 541
1649090 541
1649100 541
1649110 541
1649120 540
1649130 540
1649140 540
1649150 539
1649160 538
1649170 538
1649180 537
1649190 535
1649200 535
1649210 531
1649220 528
1649230 528
1649240 525
1649250 523
1649260 523
1649270 522
1649280 521
1649290 521
1649300 520
1649310 518
1649320 518
1649330 517
1649340 516
1649350 516
1649360 515
1649370 514
1649380 514
1649390 513
1649400 512
1649410 512
1649420 510
1649430 509
1649440 509
1649450 507
1649460 506
1649470 506
1649480 507
1649490 507
1649500 507
1649510 507
1649520 507
1649530 507
1649540 507
1649550 507
1649560 507
1649570 507
1649580 508
1649590 508
1649600 508
1649610 508
1649620 508
1649630 508
1649640 508
1649650 508
1649660 508
1649670 508
1649680 508
1649690 508
1649700 508
1649710 508
1649720 508
1649730 508
1649740 508
1649750 508
1649760 508
1649770 508
1649780 508
1649790 509
1649800 509
1649810 508
1649820 508
1649830 508
1649840 508
1649850 508
1649860 508
1649870 508
1649880 508
1649890 508
1649900 508
1649910 508
1649920 508
1649930 508
1649940 508
1649950 508
1649960 509
1649970 509
1649980 509
1649990 509
1650000 509
1650010 509
1650020 509
1650030 509
1650040 509
1650050 510
1650060 510
1650070 511
1650080 513
1650090 513
1650100 515
1650110 516
1650120 516
1650130 516
1650140 516
1650150 516
1650160 516
1650170 518
1650180 518
1650190 522
1650200 524
1650210 524
1650220 528
1650230 531
1650240 531
1650250 533
1650260 535
1650270 535
1650280 536
1650290 537
1650300 537
1650310 539
1650320 540
1650330 540
1650340 542
1650350 544
1650360 544
1650370 546
1650380 548
1650390 548
1650400 550
1650410 553
1650420 553
1650430 555
1650440 557
1650450 557
1650460 559
1650470 560
1650480 560
1650490 562
1650500 562
1650510 562
1650520 566
1650530 567
1650540 567
1650550 568
1650560 568
1650570 568
1650580 568
1650590 567
1650600 567
1650610 563
1650620 559
1650630 559
1650640 555
1650650 549
1650660 549
1650670 544
1650680 538
1650690 538
1650700 533
1650710 528
1650720 528
1650730 523
1650740 521
1650750 521
1650760 521
1650770 520
1650780 520
1650790 521
1650800 522
1650810 522
1650820 523
1650830 523
1650840 523
1650850 524
1650860 524
1650870 524
1650880 525
1650890 526
1650900 526
1650910 527
1650920 529
1650930 529
1650940 531
1650950 533
1650960 533
1650970 536
1650980 540
1650990 540
1651000 545
1651010 550
1651020 550
1651030 555
1651040 560
1651050 560
1651060 564
1651070 565
1651080 565
1651090 565
1651100 565
1651110 565
1651120 566
1651130 567
1651140 567
1651150 569
1651160 572
1651170 572
1651180 576
1651190 580
1651200 580
1651210 583
1651220 587
1651230 587
1651240 589
1651250 590
1651260 590
1651270 589
1651280 587
1651290 587
1651300 585
1651310 581
1651320 581
1651330 581
1651340 581
1651350 581
1651360 582
1651370 583
1651380 583
1651390 584
1651400 585
1651410 585
1651420 586
1651430 587
1651440 587
1651450 588
1651460 590
1651470 590
1651480 592
1651490 594
1651500 594
1651510 596
1651520 597
1651530 597
1651540 598
1651550 599
1651560 599
1651570 599
1651580 599
1651590 599
1651600 599
1651610 598
1651620 598
1651630 597
1651640 596
1651650 596
1651660 594
1651670 591
1651680 591
1651690 590
1651700 588
1651710 588
1651720 588
1651730 589
1651740 589
1651750 590
1651760 591
1651770 591
1651780 593
1651790 595
1651800 595
1651810 598
1651820 601
1651830 601
1651840 604
1651850 607
1651860 607
1651870 610
1651880 612
1651890 612
1651900 614
1651910 616
1651920 616
1651930 618
1651940 619
1651950 619
1651960 620
1651970 621
1651980 621
1651990 622
1652000 622
1652010 622
1652020 623
1652030 623
1652040 623
1652050 623
1652060 624
1652070 624
1652080 625
1652090 625
1652100 625
1652110 625
1652120 624
1652130 624
1652140 624
1652150 624
1652160 624
1652170 624
1652180 624
1652190 624
1652200 623
1652210 623
1652220 623
1652230 623
1652240 624
1652250 624
1652260 624
1652270 624
1652280 624
1652290 624
1652300 623
1652310 623
1652320 623
1652330 623
1652340 623
1652350 622
1652360 621
1652370 621
1652380 620
1652390 618
1652400 618
1652410 617
1652420 615
1652430 615
1652440 614
1652450 613
1652460 613
1652470 612
1652480 611
1652490 611
1652500 610
1652510 610
1652520 610
1652530 611
1652540 613
1652550 613
1652560 614
1652570 614
1652580 614
1652590 615
1652600 615
1652610 615
1652620 616
1652630 617
1652640 617
1652650 618
1652660 619
1652670 619
1652680 620
1652690 621
1652700 621
1652710 622
1652720 623
1652730 623
1652740 623
1652750 624
1652760 624
1652770 624
1652780 624
1652790 624
1652800 625
1652810 626
1652820 626
1652830 626
1652840 627
1652850 626
1652860 626
1652870 626
1652880 626
1652890 626
1652900 625
1652910 625
1652920 625
1652930 624
1652940 624
1652950 623
1652960 622
1652970 622
1652980 622
1652990 622
1653000 622
1653010 622
1653020 622
1653030 622
1653040 622
1653050 623
1653060 623
1653070 623
1653080 622
1653090 622
1653100 622
1653110 621
1653120 621
1653130 621
1653140 620
1653150 620
1653160 619
1653170 618
1653180 618
1653190 616
1653200 614
1653210 614
1653220 611
1653230 608
1653240 608
1653250 605
1653260 602
1653270 602
1653280 600
1653290 598
1653300 598
1653310 596
1653320 594
1653330 594
1653340 593
1653350 592
1653360 592
1653370 591
1653380 589
1653390 589
1653400 587
1653410 586
1653420 586
1653430 584
1653440 583
1653450 583
1653460 582
1653470 580
1653480 580
1653490 577
1653500 574
1653510 574
1653520 571
1653530 569
1653540 569
1653550 566
1653560 562
1653570 562
1653580 559
1653590 557
1653600 557
1653610 556
1653620 556
1653630 556
1653640 556
1653650 556
1653660 556
1653670 556
1653680 555
1653690 555
1653700 553
1653710 553
1653720 553
1653730 553
1653740 554
1653750 554
1653760 556
1653770 560
1653780 560
1653790 564
1653800 570
1653810 570
1653820 575
1653830 578
1653840 578
1653850 580
1653860 583
1653870 583
1653880 584
1653890 585
1653900 585
1653910 586
1653920 585
1653930 585
1653940 583
1653950 580
1653960 580
1653970 577
1653980 575
1653990 575
1654000 574
1654010 576
1654020 576
1654030 579
1654040 582
1654050 582
1654060 584
1654070 586
1654080 586
1654090 587
1654100 588
1654110 588
1654120 588
1654130 589
1654140 589
1654150 588
1654160 588
1654170 588
1654180 586
1654190 584
1654200 584
1654210 582
1654220 581
1654230 581
1654240 581
1654250 581
1654260 581
1654270 581
1654280 582
1654290 582
1654300 582
1654310 583
1654320 583
1654330 583
1654340 582
1654350 582
1654360 582
1654370 581
1654380 581
1654390 577
1654400 575
1654410 575
1654420 573
1654430 570
1654440 570
1654450 568
1654460 566
1654470 566
1654480 565
1654490 564
1654500 564
1654510 563
1654520 562
1654530 562
1654540 561
1654550 560
1654560 560
1654570 559
1654580 557
1654590 557
1654600 557
1654610 556
1654620 556
1654630 556
1654640 556
1654650 556
1654660 555
1654670 554
1654680 554
1654690 553
1654700 552
1654710 552
1654720 551
1654730 549
1654740 549
1654750 548
1654760 547
1654770 547
1654780 546
1654790 545
1654800 545
1654810 544
1654820 544
1654830 544
1654840 543
1654850 543
1654860 543
1654870 543
1654880 542
1654890 542
1654900 542
1654910 542
1654920 542
1654930 542
1654940 542
1654950 542
1654960 542
1654970 542
1654980 542
1654990 542
1655000 542
1655010 542
1655020 542
1655030 542
1655040 542
1655050 542
1655060 542
1655070 542
1655080 542
1655090 544
1655100 544
1655110 545
1655120 547
1655130 547
1655140 549
1655150 551
1655160 550
1655170 551
1655180 551
1655190 552
1655200 554
1655210 554
1655220 556
1655230 557
1655240 557
1655250 559
1655260 561
1655270 561
1655280 563
1655290 565
1655300 565
1655310 568
1655320 570
1655330 570
1655340 573
1655350 575
1655360 575
1655370 578
1655380 581
1655390 581
1655400 583
1655410 586
1655420 586
1655430 587
1655440 588
1655450 588
1655460 589
1655470 591
1655480 591
1655490 592
1655500 593
1655510 593
1655520 593
1655530 593
1655540 593
1655550 593
1655560 593
1655570 593
1655580 593
1655590 593
1655600 593
1655610 592
1655620 592
1655630 592
1655640 592
1655650 591
1655660 591
1655670 590
1655680 589
1655690 589
1655700 588
1655710 587
1655720 587
1655730 585
1655740 584
1655750 584
1655760 584
1655770 583
1655780 583
1655790 581
1655800 579
1655810 579
1655820 576
1655830 574
1655840 574
1655850 573
1655860 572
1655870 572
1655880 572
1655890 574
1655900 574
1655910 576
1655920 580
1655930 580
1655940 579
1655950 576
1655960 576
1655970 571
1655980 566
1655990 566
1656000 560
1656010 555
1656020 555
1656030 552
1656040 554
1656050 554
1656060 555
1656070 557
1656080 557
1656090 560
1656100 562
1656110 562
1656120 564
1656130 565
1656140 565
1656150 568
1656160 570
1656170 570
1656180 572
1656190 574
1656200 574
1656210 575
1656220 577
1656230 577
1656240 578
1656250 579
1656260 579
1656270 580
1656280 581
1656290 581
1656300 581
1656310 582
1656320 582
1656330 583
1656340 584
1656350 584
1656360 585
1656370 586
1656380 586
1656390 586
1656400 587
1656410 587
1656420 588
1656430 589
1656440 589
1656450 589
1656460 590
1656470 590
1656480 592
1656490 595
1656500 595
1656510 597
1656520 597
1656530 597
1656540 597
1656550 599
1656560 599
1656570 601
1656580 603
1656590 603
1656600 605
1656610 607
1656620 607
1656630 609
1656640 611
1656650 611
1656660 614
1656670 612
1656680 612
1656690 614
1656700 615
1656710 615
1656720 617
1656730 619
1656740 619
1656750 620
1656760 622
1656770 622
1656780 624
1656790 626
1656800 626
1656810 628
1656820 629
1656830 629
1656840 631
1656850 633
1656860 633
1656870 635
1656880 637
1656890 637
1656900 640
1656910 644
1656920 644
1656930 647
1656940 649
1656950 649
1656960 652
1656970 655
1656980 655
1656990 658
1657000 661
1657010 661
1657020 664
1657030 667
1657040 667
1657050 669
1657060 670
1657070 670
1657080 672
1657090 673
1657100 673
1657110 675
1657120 676
1657130 676
1657140 677
1657150 678
1657160 678
1657170 678
1657180 677
1657190 677
1657200 677
1657210 678
1657220 678
1657230 679
1657240 681
1657250 681
1657260 684
1657270 685
1657280 685
1657290 687
1657300 690
1657310 690
1657320 691
1657330 690
1657340 690
1657350 687
1657360 681
1657370 681
1657380 678
1657390 675
1657400 675
1657410 671
1657420 666
1657430 666
1657440 663
1657450 658
1657460 658
1657470 654
1657480 651
1657490 651
1657500 650
1657510 648
1657520 648
1657530 647
1657540 645
1657550 645
1657560 644
1657570 642
1657580 642
1657590 641
1657600 640
1657610 640
1657620 639
1657630 638
1657640 638
1657650 637
1657660 637
1657670 637
1657680 636
1657690 636
1657700 636
1657710 635
1657720 635
1657730 635
1657740 634
1657750 633
1657760 633
1657770 633
1657780 634
1657790 634
1657800 634
1657810 635
1657820 635
1657830 635
1657840 635
1657850 635
1657860 638
1657870 641
1657880 641
1657890 643
1657900 645
1657910 645
1657920 647
1657930 650
1657940 650
1657950 653
1657960 655
1657970 655
1657980 657
1657990 659
1658000 659
1658010 661
1658020 663
1658030 663
1658040 665
1658050 666
1658060 666
1658070 668
1658080 669
1658090 669
1658100 669
1658110 669
1658120 669
1658130 669
1658140 669
1658150 669
1658160 668
1658170 664
1658180 664
1658190 664
1658200 665
1658210 665
1658220 666
1658230 669
1658240 669
1658250 671
1658260 674
1658270 674
1658280 675
1658290 675
1658300 675
1658310 673
1658320 671
1658330 671
1658340 670
1658350 670
1658360 670
1658370 670
1658380 671
1658390 671
1658400 670
1658410 671
1658420 671
1658430 672
1658440 674
1658450 674
1658460 676
1658470 678
1658480 678
1658490 679
1658500 680
1658510 680
1658520 682
1658530 683
1658540 683
1658550 684
1658560 685
1658570 685
1658580 686
1658590 687
1658600 687
1658610 688
1658620 690
1658630 690
1658640 693
1658650 696
1658660 696
1658670 699
1658680 701
1658690 701
1658700 702
1658710 704
1658720 704
1658730 705
1658740 707
1658750 707
1658760 708
1658770 709
1658780 709
1658790 711
1658800 712
1658810 712
1658820 713
1658830 714
1658840 714
1658850 714
1658860 714
1658870 714
1658880 713
1658890 712
1658900 712
1658910 711
1658920 712
1658930 712
1658940 711
1658950 710
1658960 710
1658970 708
1658980 706
1658990 706
1659000 704
1659010 702
1659020 702
1659030 700
1659040 698
1659050 698
1659060 696
1659070 695
1659080 695
1659090 694
1659100 694
1659110 694
1659120 693
1659130 693
1659140 693
1659150 693
1659160 693
1659170 693
1659180 692
1659190 691
1659200 691
1659210 691
1659220 690
1659230 690
1659240 690
1659250 689
1659260 689
1659270 689
1659280 688
1659290 688
1659300 687
1659310 687
1659320 687
1659330 687
1659340 686
1659350 686
1659360 686
1659370 686
1659380 686
1659390 685
1659400 685
1659410 685
1659420 685
1659430 685
1659440 685
1659450 685
1659460 685
1659470 685
1659480 684
1659490 684
1659500 684
1659510 683
1659520 682
1659530 682
1659540 681
1659550 680
1659560 680
1659570 679
1659580 679
1659590 679
1659600 678
1659610 678
1659620 678
1659630 678
1659640 677
1659650 677
1659660 676
1659670 675
1659680 675
1659690 674
1659700 673
1659710 673
1659720 671
1659730 670
1659740 670
1659750 671
1659760 673
1659770 673
1659780 677
1659790 680
1659800 680
1659810 682
1659820 683
1659830 683
1659840 685
1659850 686
1659860 686
1659870 685
1659880 684
1659890 684
1659900 683
1659910 683
1659920 683
1659930 683
1659940 684
1659950 684
1659960 683
1659970 683
1659980 683
1659990 684
