1640000 632
1640010 632
1640020 633
1640030 635
1640040 635
1640050 637
1640060 639
1640070 639
1640080 640
1640090 642
1640100 642
1640110 643
1640120 646
1640130 646
1640140 647
1640150 648
1640160 648
1640170 649
1640180 653
1640190 653
1640200 654
1640210 654
1640220 654
1640230 655
1640240 655
1640250 655
1640260 655
1640270 656
1640280 656
1640290 656
1640300 656
1640310 656
1640320 656
1640330 656
1640340 656
1640350 656
1640360 655
1640370 655
1640380 654
1640390 652
1640400 652
1640410 651
1640420 649
1640430 649
1640440 645
1640450 640
1640460 640
1640470 635
1640480 630
1640490 630
1640500 625
1640510 620
1640520 620
1640530 615
1640540 610
1640550 610
1640560 606
1640570 602
1640580 602
1640590 598
1640600 594
1640610 594
1640620 590
1640630 586
1640640 586
1640650 582
1640660 580
1640670 580
1640680 579
1640690 579
1640700 579
1640710 578
1640720 579
1640730 579
1640740 579
1640750 580
1640760 580
1640770 582
1640780 584
1640790 584
1640800 585
1640810 585
1640820 585
1640830 584
1640840 582
1640850 582
1640860 581
1640870 579
1640880 579
1640890 577
1640900 575
1640910 575
1640920 574
1640930 575
1640940 575
1640950 577
1640960 580
1640970 580
1640980 583
1640990 583
1641000 584
1641010 584
1641020 584
1641030 584
1641040 583
1641050 583
1641060 582
1641070 579
1641080 579
1641090 577
1641100 575
1641110 575
1641120 572
1641130 569
1641140 569
1641150 567
1641160 565
1641170 565
1641180 563
1641190 561
1641200 561
1641210 560
1641220 558
1641230 558
1641240 556
1641250 555
1641260 555
1641270 554
1641280 554
1641290 554
1641300 555
1641310 556
1641320 556
1641330 556
1641340 557
1641350 557
1641360 560
1641370 562
1641380 562
1641390 561
1641400 558
1641410 558
1641420 555
1641430 553
1641440 553
1641450 551
1641460 550
1641470 550
1641480 549
1641490 548
1641500 548
1641510 547
1641520 546
1641530 546
1641540 545
1641550 543
1641560 543
1641570 541
1641580 538
1641590 538
1641600 535
1641610 530
1641620 530
1641630 524
1641640 518
1641650 518
1641660 512
1641670 511
1641680 511
1641690 511
1641700 511
1641710 511
1641720 511
1641730 512
1641740 512
1641750 514
1641760 517
1641770 517
1641780 521
1641790 525
1641800 525
1641810 528
1641820 532
1641830 532
1641840 536
1641850 539
1641860 539
1641870 542
1641880 545
1641890 545
1641900 544
1641910 538
1641920 538
1641930 534
1641940 537
1641950 537
1641960 541
1641970 547
1641980 547
1641990 551
1642000 553
1642010 553
1642020 555
1642030 558
1642040 558
1642050 561
1642060 564
1642070 564
1642080 567
1642090 571
1642100 571
1642110 573
1642120 575
1642130 575
1642140 578
1642150 580
1642160 580
1642170 582
1642180 585
1642190 585
1642200 587
1642210 589
1642220 589
1642230 593
1642240 596
1642250 596
1642260 599
1642270 604
1642280 604
1642290 607
1642300 611
1642310 611
1642320 615
1642330 619
1642340 619
1642350 623
1642360 625
1642370 625
1642380 628
1642390 630
1642400 630
1642410 631
1642420 633
1642430 633
1642440 635
1642450 636
1642460 636
1642470 636
1642480 637
1642490 637
1642500 637
1642510 634
1642520 634
1642530 629
1642540 625
1642550 625
1642560 622
1642570 620
1642580 620
1642590 618
1642600 615
1642610 615
1642620 613
1642630 609
1642640 609
1642650 607
1642660 607
1642670 609
1642680 611
1642690 612
1642700 612
1642710 615
1642720 616
1642730 616
1642740 617
1642750 616
1642760 616
1642770 616
1642780 615
1642790 615
1642800 614
1642810 612
1642820 612
1642830 612
1642840 614
1642850 614
1642860 614
1642870 614
1642880 614
1642890 613
1642900 611
1642910 611
1642920 610
1642930 608
1642940 608
1642950 606
1642960 606
1642970 606
1642980 606
1642990 607
1643000 607
1643010 609
1643020 611
1643030 611
1643040 613
1643050 615
1643060 615
1643070 616
1643080 618
1643090 618
1643100 619
1643110 621
1643120 621
1643130 623
1643140 625
1643150 625
1643160 627
1643170 628
1643180 628
1643190 630
1643200 632
1643210 632
1643220 635
1643230 637
1643240 637
1643250 640
1643260 643
1643270 643
1643280 646
1643290 650
1643300 650
1643310 653
1643320 656
1643330 656
1643340 658
1643350 660
1643360 660
1643370 663
1643380 667
1643390 667
1643400 669
1643410 672
1643420 672
1643430 676
1643440 679
1643450 679
1643460 680
1643470 680
1643480 680
1643490 681
1643500 681
1643510 681
1643520 681
1643530 680
1643540 680
1643550 680
1643560 679
1643570 679
1643580 678
1643590 675
1643600 675
1643610 672
1643620 669
1643630 669
1643640 666
1643650 663
1643660 663
1643670 660
1643680 656
1643690 656
1643700 653
1643710 651
1643720 651
1643730 646
1643740 642
1643750 642
1643760 638
1643770 635
1643780 635
1643790 632
1643800 629
1643810 629
1643820 627
1643830 625
1643840 625
1643850 624
1643860 622
1643870 622
1643880 621
1643890 620
1643900 620
1643910 620
1643920 620
1643930 620
1643940 620
1643950 620
1643960 620
1643970 620
1643980 621
1643990 621
1644000 621
1644010 622
1644020 622
1644030 623
1644040 623
1644050 623
1644060 624
1644070 625
1644080 625
1644090 625
1644100 627
1644110 627
1644120 628
1644130 629
1644140 629
1644150 630
1644160 631
1644170 631
1644180 632
1644190 634
1644200 634
1644210 635
1644220 636
1644230 636
1644240 638
1644250 640
1644260 640
1644270 642
1644280 645
1644290 645
1644300 649
1644310 653
1644320 653
1644330 657
1644340 660
1644350 660
1644360 663
1644370 666
1644380 666
1644390 669
1644400 671
1644410 671
1644420 673
1644430 676
1644440 676
1644450 679
1644460 681
1644470 681
1644480 683
1644490 685
1644500 685
1644510 687
1644520 688
1644530 688
1644540 689
1644550 689
1644560 689
1644570 688
1644580 686
1644590 686
1644600 684
1644610 681
1644620 681
1644630 679
1644640 677
1644650 677
1644660 674
1644670 669
1644680 669
1644690 664
1644700 659
1644710 659
1644720 654
1644730 650
1644740 650
1644750 645
1644760 641
1644770 641
1644780 637
1644790 634
1644800 634
1644810 631
1644820 628
1644830 628
1644840 625
1644850 621
1644860 621
1644870 617
1644880 614
1644890 614
1644900 610
1644910 605
1644920 605
1644930 600
1644940 596
1644950 596
1644960 593
1644970 590
1644980 590
1644990 588
1645000 587
1645010 587
1645020 586
1645030 584
1645040 584
1645050 581
1645060 578
1645070 578
1645080 574
1645090 570
1645100 570
1645110 561
1645120 557
1645130 557
1645140 554
1645150 549
1645160 549
1645170 545
1645180 540
1645190 540
1645200 534
1645210 528
1645220 528
1645230 523
1645240 519
1645250 519
1645260 515
1645270 512
1645280 512
1645290 509
1645300 507
1645310 507
1645320 506
1645330 503
1645340 503
1645350 502
1645360 500
1645370 500
1645380 499
1645390 497
1645400 497
1645410 496
1645420 495
1645430 495
1645440 495
1645450 494
1645460 494
1645470 493
1645480 493
1645490 493
1645500 493
1645510 493
1645520 493
1645530 490
1645540 488
1645550 488
1645560 487
1645570 486
1645580 486
1645590 486
1645600 485
1645610 485
1645620 484
1645630 484
1645640 484
1645650 484
1645660 484
1645670 484
1645680 487
1645690 489
1645700 489
1645710 492
1645720 495
1645730 495
1645740 496
1645750 498
1645760 498
1645770 499
1645780 500
1645790 500
1645800 501
1645810 502
1645820 502
1645830 501
1645840 501
1645850 500
1645860 498
1645870 498
1645880 494
1645890 491
1645900 491
1645910 489
1645920 487
1645930 487
1645940 486
1645950 486
1645960 486
1645970 486
1645980 487
1645990 487
1646000 488
1646010 491
1646020 491
1646030 493
1646040 495
1646050 495
1646060 498
1646070 500
1646080 500
1646090 503
1646100 505
1646110 505
1646120 508
1646130 512
1646140 512
1646150 515
1646160 518
1646170 518
1646180 520
1646190 523
1646200 523
1646210 526
1646220 529
1646230 529
1646240 532
1646250 536
1646260 536
1646270 539
1646280 542
1646290 542
1646300 545
1646310 549
1646320 549
1646330 552
1646340 556
1646350 556
1646360 559
1646370 562
1646380 562
1646390 563
1646400 565
1646410 565
1646420 566
1646430 568
1646440 568
1646450 570
1646460 572
1646470 572
1646480 574
1646490 576
1646500 576
1646510 578
1646520 580
1646530 580
1646540 582
1646550 584
1646560 584
1646570 586
1646580 588
1646590 588
1646600 589
1646610 590
1646620 590
1646630 590
1646640 590
1646650 590
1646660 589
1646670 588
1646680 588
1646690 587
1646700 585
1646710 585
1646720 582
1646730 580
1646740 580
1646750 578
1646760 577
1646770 577
1646780 575
1646790 573
1646800 573
1646810 571
1646820 569
1646830 569
1646840 566
1646850 563
1646860 563
1646870 560
1646880 558
1646890 558
1646900 556
1646910 553
1646920 553
1646930 551
1646940 548
1646950 548
1646960 546
1646970 543
1646980 543
1646990 540
1647000 536
1647010 536
1647020 534
1647030 530
1647040 530
1647050 527
1647060 523
1647070 523
1647080 519
1647090 515
1647100 515
1647110 511
1647120 507
1647130 507
1647140 504
1647150 500
1647160 500
1647170 497
1647180 494
1647190 494
1647200 491
1647210 488
1647220 488
1647230 484
1647240 480
1647250 480
1647260 477
1647270 477
1647280 477
1647290 477
1647300 477
1647310 477
1647320 477
1647330 477
1647340 477
1647350 478
1647360 479
1647370 479
1647380 481
1647390 482
1647400 482
1647410 483
1647420 484
1647430 484
1647440 485
1647450 485
1647460 485
1647470 486
1647480 487
1647490 487
1647500 491
1647510 495
1647520 492
1647530 496
1647540 500
1647550 500
1647560 504
1647570 508
1647580 508
1647590 511
1647600 514
1647610 514
1647620 516
1647630 517
1647640 517
1647650 519
1647660 522
1647670 522
1647680 526
1647690 530
1647700 530
1647710 533
1647720 537
1647730 537
1647740 541
1647750 544
1647760 544
1647770 547
1647780 550
1647790 550
1647800 553
1647810 556
1647820 556
1647830 558
1647840 560
1647850 560
1647860 562
1647870 563
1647880 563
1647890 564
1647900 565
1647910 565
1647920 565
1647930 566
1647940 566
1647950 566
1647960 566
1647970 566
1647980 565
1647990 564
1648000 564
1648010 563
1648020 562
1648030 562
1648040 560
1648050 559
1648060 559
1648070 557
1648080 555
1648090 555
1648100 553
1648110 550
1648120 550
1648130 548
1648140 546
1648150 546
1648160 545
1648170 545
1648180 545
1648190 544
1648200 544
1648210 544
1648220 544
1648230 545
1648240 545
1648250 545
1648260 545
1648270 545
1648280 545
1648290 545
1648300 545
1648310 545
1648320 547
1648330 547
1648340 547
1648350 547
1648360 547
1648370 547
1648380 546
1648390 546
1648400 545
1648410 545
1648420 545
1648430 544
1648440 543
1648450 543
1648460 542
1648470 541
1648480 541
1648490 539
1648500 537
1648510 537
1648520 534
1648530 532
1648540 532
1648550 529
1648560 527
1648570 527
1648580 525
1648590 524
1648600 524
1648610 524
1648620 522
1648630 522
1648640 520
1648650 519
1648660 519
1648670 520
1648680 521
1648690 521
1648700 522
1648710 523
1648720 523
1648730 525
1648740 526
1648750 526
1648760 527
1648770 528
1648780 528
1648790 529
1648800 530
1648810 530
1648820 531
1648830 532
1648840 532
1648850 533
1648860 534
1648870 534
1648880 536
1648890 537
1648900 537
1648910 538
1648920 538
1648930 538
1648940 539
1648950 541
1648960 541
1648970 542
1648980 542
1648990 542
1649000 542
1649010 542
1649020 542
1649030 541
1649040 538
1649050 538
1649060 538
1649070 540
1649080 540
1649090 540
1649100 539
1649110 537
1649120 537
1649130 537
1649140 537
1649150 537
1649160 536
1649170 536
1649180 536
1649190 535
1649200 535
1649210 534
1649220 533
1649230 533
1649240 532
1649250 531
1649260 531
1649270 530
1649280 530
1649290 530
1649300 529
1649310 528
1649320 528
1649330 525
1649340 523
1649350 523
1649360 521
1649370 520
1649380 520
1649390 519
1649400 519
1649410 519
1649420 519
1649430 519
1649440 519
1649450 519
1649460 519
1649470 519
1649480 520
1649490 521
1649500 521
1649510 522
1649520 524
1649530 524
1649540 526
1649550 527
1649560 527
1649570 529
1649580 532
1649590 532
1649600 534
1649610 539
1649620 539
1649630 540
1649640 542
1649650 542
1649660 542
1649670 543
1649680 543
1649690 542
1649700 541
1649710 541
1649720 538
1649730 535
1649740 535
1649750 533
1649760 531
1649770 531
1649780 530
1649790 526
1649800 526
1649810 524
1649820 521
1649830 521
1649840 520
1649850 520
1649860 520
1649870 520
1649880 521
1649890 521
1649900 526
1649910 532
1649920 532
1649930 537
1649940 542
1649950 542
1649960 547
1649970 552
1649980 552
1649990 557
1650000 558
1650010 558
1650020 559
1650030 559
1650040 559
1650050 559
1650060 559
1650070 559
1650080 559
1650090 560
1650100 560
1650110 561
1650120 563
1650130 563
1650140 565
1650150 566
1650160 566
1650170 568
1650180 570
1650190 570
1650200 572
1650210 574
1650220 574
1650230 577
1650240 579
1650250 579
1650260 580
1650270 582
1650280 582
1650290 584
1650300 586
1650310 586
1650320 587
1650330 589
1650340 589
1650350 590
1650360 591
1650370 591
1650380 593
1650390 594
1650400 594
1650410 595
1650420 596
1650430 596
1650440 597
1650450 598
1650460 598
1650470 598
1650480 599
1650490 599
1650500 599
1650510 599
1650520 599
1650530 600
1650540 600
1650550 600
1650560 600
1650570 601
1650580 601
1650590 601
1650600 601
1650610 601
1650620 601
1650630 601
1650640 601
1650650 601
1650660 601
1650670 601
1650680 599
1650690 599
1650700 597
1650710 595
1650720 595
1650730 591
1650740 585
1650750 585
1650760 580
1650770 575
1650780 575
1650790 569
1650800 562
1650810 562
1650820 556
1650830 548
1650840 548
1650850 542
1650860 540
1650870 540
1650880 542
1650890 542
1650900 542
1650910 543
1650920 543
1650930 543
1650940 543
1650950 544
1650960 544
1650970 550
1650980 564
1650990 564
1651000 569
1651010 572
1651020 572
1651030 576
1651040 581
1651050 581
1651060 585
1651070 589
1651080 589
1651090 592
1651100 595
1651110 595
1651120 597
1651130 598
1651140 598
1651150 598
1651160 598
1651170 598
1651180 598
1651190 597
1651200 597
1651210 597
1651220 598
1651230 598
1651240 599
1651250 600
1651260 600
1651270 603
1651280 605
1651290 605
1651300 608
1651310 611
1651320 611
1651330 614
1651340 617
1651350 617
1651360 619
1651370 622
1651380 622
1651390 624
1651400 626
1651410 626
1651420 628
1651430 630
1651440 630
1651450 631
1651460 631
1651470 631
1651480 631
1651490 632
1651500 632
1651510 633
1651520 633
1651530 633
1651540 634
1651550 634
1651560 634
1651570 634
1651580 635
1651590 635
1651600 635
1651610 635
1651620 635
1651630 635
1651640 636
1651650 636
1651660 636
1651670 636
1651680 636
1651690 635
1651700 635
1651710 635
1651720 635
1651730 635
1651740 635
1651750 635
1651760 635
1651770 635
1651780 635
1651790 635
1651800 635
1651810 635
1651820 635
1651830 635
1651840 635
1651850 634
1651860 634
1651870 633
1651880 633
1651890 633
1651900 634
1651910 635
1651920 635
1651930 636
1651940 637
1651950 637
1651960 638
1651970 639
1651980 639
1651990 640
1652000 640
1652010 640
1652020 641
1652030 640
1652040 640
1652050 641
1652060 641
1652070 641
1652080 641
1652090 641
1652100 641
1652110 641
1652120 641
1652130 641
1652140 641
1652150 641
1652160 641
1652170 641
1652180 641
1652190 641
1652200 641
1652210 640
1652220 640
1652230 640
1652240 640
1652250 640
1652260 640
1652270 639
1652280 639
1652290 639
1652300 638
1652310 638
1652320 638
1652330 638
1652340 638
1652350 637
1652360 637
1652370 637
1652380 636
1652390 635
1652400 635
1652410 635
1652420 634
1652430 634
1652440 633
1652450 632
1652460 632
1652470 632
1652480 631
1652490 631
1652500 630
1652510 629
1652520 629
1652530 628
1652540 627
1652550 627
1652560 626
1652570 625
1652580 625
1652590 624
1652600 623
1652610 623
1652620 621
1652630 619
1652640 619
1652650 617
1652660 615
1652670 615
1652680 613
1652690 612
1652700 612
1652710 611
1652720 610
1652730 610
1652740 609
1652750 608
1652760 608
1652770 607
1652780 606
1652790 606
1652800 606
1652810 605
1652820 605
1652830 604
1652840 603
1652850 603
1652860 603
1652870 603
1652880 603
1652890 602
1652900 601
1652910 601
1652920 600
1652930 600
1652940 600
1652950 599
1652960 598
1652970 598
1652980 598
1652990 597
1653000 597
1653010 596
1653020 596
1653030 596
1653040 596
1653050 595
1653060 595
1653070 594
1653080 593
1653090 593
1653100 592
1653110 591
1653120 591
1653130 590
1653140 589
1653150 589
1653160 589
1653170 590
1653180 590
1653190 590
1653200 590
1653210 590
1653220 590
1653230 590
1653240 590
1653250 590
1653260 590
1653270 590
1653280 590
1653290 591
1653300 591
1653310 591
1653320 592
1653330 592
1653340 594
1653350 595
1653360 595
1653370 596
1653380 597
1653390 597
1653400 598
1653410 599
1653420 599
1653430 599
1653440 600
1653450 600
1653460 599
1653470 597
1653480 597
1653490 595
1653500 593
1653510 593
1653520 592
1653530 591
1653540 591
1653550 590
1653560 588
1653570 588
1653580 588
1653590 588
1653600 588
1653610 590
1653620 593
1653630 593
1653640 595
1653650 595
1653660 595
1653670 596
1653680 596
1653690 596
1653700 594
1653710 592
1653720 592
1653730 588
1653740 585
1653750 585
1653760 583
1653770 582
1653780 582
1653790 584
1653800 588
1653810 588
1653820 591
1653830 594
1653840 594
1653850 597
1653860 600
1653870 600
1653880 604
1653890 607
1653900 607
1653910 611
1653920 614
1653930 614
1653940 618
1653950 620
1653960 620
1653970 622
1653980 624
1653990 624
1654000 625
1654010 625
1654020 625
1654030 625
1654040 625
1654050 625
1654060 625
1654070 624
1654080 624
1654090 623
1654100 622
1654110 622
1654120 621
1654130 621
1654140 621
1654150 620
1654160 618
1654170 618
1654180 616
1654190 615
1654200 615
1654210 613
1654220 612
1654230 612
1654240 610
1654250 608
1654260 608
1654270 607
1654280 607
1654290 607
1654300 607
1654310 606
1654320 606
1654330 605
1654340 604
1654350 604
1654360 603
1654370 602
1654380 602
1654390 600
1654400 599
1654410 599
1654420 596
1654430 593
1654440 593
1654450 589
1654460 588
1654470 588
1654480 588
1654490 590
1654500 590
1654510 592
1654520 595
1654530 595
1654540 592
1654550 591
1654560 591
1654570 590
1654580 590
1654590 590
1654600 588
1654610 586
1654620 586
1654630 583
1654640 581
1654650 581
1654660 578
1654670 576
1654680 576
1654690 574
1654700 573
1654710 573
1654720 571
1654730 570
1654740 570
1654750 571
1654760 571
1654770 571
1654780 570
1654790 568
1654800 568
1654810 566
1654820 565
1654830 565
1654840 565
1654850 564
1654860 564
1654870 564
1654880 563
1654890 563
1654900 563
1654910 562
1654920 562
1654930 561
1654940 560
1654950 560
1654960 558
1654970 554
1654980 554
1654990 550
1655000 546
1655010 546
1655020 545
1655030 545
1655040 545
1655050 545
1655060 545
1655070 545
1655080 545
1655090 545
1655100 545
1655110 546
1655120 547
1655130 547
1655140 548
1655150 549
1655160 549
1655170 549
1655180 550
1655190 550
1655200 552
1655210 553
1655220 553
1655230 554
1655240 555
1655250 555
1655260 555
1655270 556
1655280 556
1655290 557
1655300 558
1655310 558
1655320 559
1655330 560
1655340 560
1655350 562
1655360 563
1655370 563
1655380 565
1655390 566
1655400 566
1655410 568
1655420 568
1655430 569
1655440 570
1655450 570
1655460 571
1655470 573
1655480 573
1655490 574
1655500 576
1655510 576
1655520 578
1655530 579
1655540 579
1655550 580
1655560 580
1655570 580
1655580 581
1655590 582
1655600 582
1655610 583
1655620 585
1655630 585
1655640 587
1655650 589
1655660 589
1655670 590
1655680 592
1655690 592
1655700 593
1655710 594
1655720 594
1655730 595
1655740 595
1655750 595
1655760 596
1655770 596
1655780 596
1655790 597
1655800 598
1655810 598
1655820 598
1655830 599
1655840 599
1655850 600
1655860 600
1655870 600
1655880 600
1655890 599
1655900 599
1655910 598
1655920 597
1655930 597
1655940 596
1655950 595
1655960 595
1655970 596
1655980 597
1655990 597
1656000 598
1656010 599
1656020 599
1656030 600
1656040 600
1656050 600
1656060 600
1656070 603
1656080 603
1656090 603
1656100 602
1656110 602
1656120 601
1656130 600
1656140 600
1656150 597
1656160 593
1656170 593
1656180 588
1656190 584
1656200 584
1656210 581
1656220 582
1656230 582
1656240 587
1656250 589
1656260 589
1656270 591
1656280 592
1656290 592
1656300 593
1656310 595
1656320 595
1656330 596
1656340 597
1656350 597
1656360 597
1656370 597
1656380 597
1656390 597
1656400 596
1656410 596
1656420 596
1656430 595
1656440 595
1656450 593
1656460 592
1656470 592
1656480 589
1656490 585
1656500 585
1656510 579
1656520 576
1656530 576
1656540 575
1656550 573
1656560 573
1656570 572
1656580 571
1656590 571
1656600 571
1656610 571
1656620 571
1656630 571
1656640 570
1656650 570
1656660 569
1656670 569
1656680 569
1656690 569
1656700 569
1656710 569
1656720 569
1656730 569
1656740 569
1656750 570
1656760 570
1656770 570
1656780 571
1656790 571
1656800 571
1656810 571
1656820 573
1656830 573
1656840 575
1656850 576
1656860 576
1656870 578
1656880 578
1656890 578
1656900 576
1656910 574
1656920 574
1656930 574
1656940 573
1656950 573
1656960 573
1656970 573
1656980 573
1656990 573
1657000 573
1657010 573
1657020 573
1657030 574
1657040 574
1657050 575
1657060 577
1657070 577
1657080 577
1657090 578
1657100 578
1657110 577
1657120 576
1657130 576
1657140 576
1657150 577
1657160 577
1657170 578
1657180 578
1657190 578
1657200 578
1657210 579
1657220 579
1657230 579
1657240 579
1657250 579
1657260 580
1657270 581
1657280 581
1657290 582
1657300 583
1657310 583
1657320 584
1657330 586
1657340 586
1657350 587
1657360 589
1657370 589
1657380 591
1657390 591
1657400 591
1657410 591
1657420 593
1657430 593
1657440 597
1657450 602
1657460 602
1657470 607
1657480 611
1657490 611
1657500 614
1657510 617
1657520 617
1657530 619
1657540 621
1657550 621
1657560 623
1657570 629
1657580 629
1657590 629
1657600 630
1657610 630
1657620 631
1657630 632
1657640 632
1657650 633
1657660 634
1657670 634
1657680 635
1657690 635
1657700 635
1657710 635
1657720 636
1657730 636
1657740 637
1657750 638
1657760 638
1657770 640
1657780 641
1657790 641
1657800 642
1657810 643
1657820 643
1657830 645
1657840 646
1657850 646
1657860 647
1657870 647
1657880 647
1657890 644
1657900 640
1657910 640
1657920 637
1657930 634
1657940 634
1657950 632
1657960 632
1657970 632
1657980 636
1657990 639
1658000 639
1658010 642
1658020 644
1658030 644
1658040 646
1658050 648
1658060 648
1658070 649
1658080 651
1658090 651
1658100 652
1658110 654
1658120 654
1658130 655
1658140 657
1658150 657
1658160 658
1658170 660
1658180 660
1658190 662
1658200 665
1658210 665
1658220 668
1658230 669
1658240 669
1658250 669
1658260 670
1658270 670
1658280 671
1658290 671
1658300 671
1658310 671
1658320 677
1658330 677
1658340 678
1658350 679
1658360 679
1658370 680
1658380 681
1658390 681
1658400 682
1658410 682
1658420 682
1658430 682
1658440 679
1658450 679
1658460 675
1658470 673
1658480 673
1658490 673
1658500 674
1658510 674
1658520 675
1658530 677
1658540 677
1658550 679
1658560 684
1658570 684
1658580 688
1658590 692
1658600 692
1658610 695
1658620 697
1658630 697
1658640 700
1658650 704
1658660 704
1658670 709
1658680 712
1658690 712
1658700 714
1658710 715
1658720 715
1658730 716
1658740 716
1658750 716
1658760 716
1658770 715
1658780 715
1658790 715
1658800 714
1658810 714
1658820 713
1658830 713
1658840 713
1658850 712
1658860 711
1658870 711
1658880 711
1658890 710
1658900 710
1658910 710
1658920 709
1658930 709
1658940 708
1658950 708
1658960 708
1658970 707
1658980 706
1658990 706
1659000 705
1659010 705
1659020 705
1659030 704
1659040 703
1659050 703
1659060 702
1659070 700
1659080 700
1659090 698
1659100 698
1659110 698
1659120 697
1659130 697
1659140 697
1659150 696
1659160 694
1659170 694
1659180 692
1659190 691
1659200 691
1659210 693
1659220 697
1659230 697
1659240 700
1659250 702
1659260 702
1659270 704
1659280 705
1659290 705
1659300 706
1659310 707
1659320 707
1659330 707
1659340 707
1659350 707
1659360 707
1659370 707
1659380 707
1659390 707
1659400 707
1659410 707
1659420 707
1659430 706
1659440 706
1659450 705
1659460 704
1659470 704
1659480 703
1659490 701
1659500 701
1659510 700
1659520 699
1659530 699
1659540 697
1659550 696
1659560 696
1659570 695
1659580 694
1659590 694
1659600 694
1659610 693
1659620 693
1659630 691
1659640 690
1659650 690
1659660 689
1659670 688
1659680 688
1659690 688
1659700 687
1659710 687
1659720 687
1659730 686
1659740 686
1659750 685
1659760 684
1659770 684
1659780 684
1659790 684
1659800 684
1659810 685
1659820 686
1659830 686
1659840 688
1659850 690
1659860 690
1659870 692
1659880 695
1659890 695
1659900 697
1659910 699
1659920 699
1659930 702
1659940 704
1659950 704
1659960 704
1659970 704
1659980 704
1659990 703
