1640000 628
1640010 628
1640020 626
1640030 624
1640040 624
1640050 621
1640060 619
1640070 619
1640080 616
1640090 614
1640100 614
1640110 612
1640120 611
1640130 611
1640140 610
1640150 609
1640160 609
1640170 608
1640180 607
1640190 607
1640200 606
1640210 605
1640220 605
1640230 604
1640240 603
1640250 603
1640260 602
1640270 601
1640280 601
1640290 600
1640300 597
1640310 597
1640320 595
1640330 593
1640340 593
1640350 591
1640360 588
1640370 588
1640380 585
1640390 583
1640400 583
1640410 581
1640420 581
1640430 581
1640440 579
1640450 579
1640460 579
1640470 580
1640480 580
1640490 580
1640500 581
1640510 585
1640520 585
1640530 590
1640540 595
1640550 595
1640560 599
1640570 603
1640580 603
1640590 606
1640600 608
1640610 608
1640620 610
1640630 612
1640640 612
1640650 613
1640660 615
1640670 615
1640680 617
1640690 618
1640700 618
1640710 619
1640720 620
1640730 621
1640740 621
1640750 621
1640760 621
1640770 621
1640780 619
1640790 619
1640800 615
1640810 610
1640820 610
1640830 605
1640840 601
1640850 601
1640860 596
1640870 596
1640880 596
1640890 600
1640900 604
1640910 604
1640920 608
1640930 612
1640940 612
1640950 614
1640960 616
1640970 616
1640980 618
1640990 621
1641000 621
1641010 625
1641020 631
1641030 631
1641040 634
1641050 636
1641060 636
1641070 639
1641080 643
1641090 643
1641100 646
1641110 649
1641120 649
1641130 652
1641140 655
1641150 655
1641160 657
1641170 659
1641180 659
1641190 661
1641200 663
1641210 663
1641220 664
1641230 666
1641240 666
1641250 667
1641260 668
1641270 668
1641280 668
1641290 669
1641300 669
1641310 670
1641320 670
1641330 670
1641340 671
1641350 672
1641360 672
1641370 672
1641380 672
1641390 672
1641400 671
1641410 669
1641420 669
1641430 663
1641440 657
1641450 657
1641460 649
1641470 642
1641480 642
1641490 637
1641500 633
1641510 633
1641520 629
1641530 623
1641540 623
1641550 618
1641560 614
1641570 614
1641580 609
1641590 601
1641600 601
1641610 592
1641620 583
1641630 583
1641640 575
1641650 567
1641660 567
1641670 560
1641680 556
1641690 556
1641700 550
1641710 548
1641720 548
1641730 546
1641740 545
1641750 545
1641760 544
1641770 545
1641780 545
1641790 546
1641800 547
1641810 547
1641820 549
1641830 549
1641840 549
1641850 549
1641860 548
1641870 548
1641880 544
1641890 540
1641900 540
1641910 538
1641920 540
1641930 540
1641940 544
1641950 549
1641960 549
1641970 552
1641980 555
1641990 555
1642000 556
1642010 556
1642020 556
1642030 557
1642040 557
1642050 557
1642060 558
1642070 559
1642080 559
1642090 558
1642100 555
1642110 555
1642120 552
1642130 547
1642140 547
1642150 546
1642160 551
1642170 551
1642180 555
1642190 559
1642200 559
1642210 562
1642220 566
1642230 566
1642240 569
1642250 572
1642260 572
1642270 575
1642280 579
1642290 579
1642300 582
1642310 584
1642320 584
1642330 585
1642340 588
1642350 588
1642360 590
1642370 590
1642380 593
1642390 593
1642400 593
1642410 597
1642420 600
1642430 600
1642440 603
1642450 607
1642460 607
1642470 609
1642480 613
1642490 613
1642500 616
1642510 620
1642520 620
1642530 623
1642540 626
1642550 626
1642560 630
1642570 634
1642580 634
1642590 637
1642600 640
1642610 640
1642620 644
1642630 648
1642640 648
1642650 651
1642660 653
1642670 653
1642680 654
1642690 655
1642700 655
1642710 655
1642720 654
1642730 654
1642740 651
1642750 649
1642760 649
1642770 649
1642780 650
1642790 650
1642800 651
1642810 653
1642820 653
1642830 656
1642840 658
1642850 658
1642860 659
1642870 662
1642880 662
1642890 663
1642900 664
1642910 664
1642920 666
1642930 668
1642940 668
1642950 670
1642960 670
1642970 670
1642980 671
1642990 672
1643000 672
1643010 674
1643020 675
1643030 675
1643040 676
1643050 676
1643060 676
1643070 672
1643080 668
1643090 668
1643100 666
1643110 666
1643120 666
1643130 669
1643140 672
1643150 672
1643160 676
1643170 680
1643180 680
1643190 684
1643200 687
1643210 690
1643220 693
1643230 694
1643240 694
1643250 696
1643260 698
1643270 698
1643280 699
1643290 700
1643300 700
1643310 700
1643320 701
1643330 701
1643340 701
1643350 701
1643360 701
1643370 700
1643380 698
1643390 698
1643400 695
1643410 692
1643420 692
1643430 689
1643440 684
1643450 684
1643460 683
1643470 686
1643480 686
1643490 690
1643500 694
1643510 694
1643520 698
1643530 701
1643540 701
1643550 702
1643560 701
1643570 701
1643580 698
1643590 696
1643600 696
1643610 694
1643620 693
1643630 693
1643640 692
1643650 691
1643660 691
1643670 690
1643680 690
1643690 690
1643700 691
1643710 693
1643720 693
1643730 694
1643740 695
1643750 695
1643760 697
1643770 699
1643780 699
1643790 700
1643800 702
1643810 702
1643820 704
1643830 706
1643840 706
1643850 707
1643860 710
1643870 710
1643880 712
1643890 714
1643900 714
1643910 716
1643920 716
1643930 716
1643940 716
1643950 716
1643960 716
1643970 716
1643980 715
1643990 715
1644000 714
1644010 711
1644020 711
1644030 707
1644040 704
1644050 704
1644060 702
1644070 700
1644080 700
1644090 696
1644100 690
1644110 690
1644120 684
1644130 682
1644140 682
1644150 681
1644160 677
1644170 677
1644180 671
1644190 665
1644200 665
1644210 660
1644220 656
1644230 656
1644240 649
1644250 645
1644260 645
1644270 642
1644280 641
1644290 641
1644300 640
1644310 639
1644320 639
1644330 637
1644340 635
1644350 635
1644360 633
1644370 631
1644380 631
1644390 631
1644400 630
1644410 630
1644420 630
1644430 630
1644440 630
1644450 630
1644460 629
1644470 629
1644480 626
1644490 626
1644500 626
1644510 626
1644520 629
1644530 629
1644540 631
1644550 634
1644560 634
1644570 638
1644580 641
1644590 641
1644600 645
1644610 649
1644620 649
1644630 652
1644640 656
1644650 656
1644660 659
1644670 663
1644680 663
1644690 667
1644700 671
1644710 671
1644720 675
1644730 677
1644740 677
1644750 680
1644760 682
1644770 682
1644780 682
1644790 680
1644800 680
1644810 675
1644820 671
1644830 671
1644840 673
1644850 670
1644860 670
1644870 668
1644880 668
1644890 668
1644900 669
1644910 672
1644920 672
1644930 675
1644940 678
1644950 678
1644960 680
1644970 684
1644980 684
1644990 687
1645000 694
1645010 694
1645020 699
1645030 703
1645040 703
1645050 705
1645060 708
1645070 708
1645080 710
1645090 713
1645100 713
1645110 716
1645120 718
1645130 718
1645140 721
1645150 723
1645160 723
1645170 725
1645180 727
1645190 727
1645200 728
1645210 725
1645220 725
1645230 720
1645240 716
1645250 716
1645260 712
1645270 708
1645280 708
1645290 702
1645300 696
1645310 696
1645320 690
1645330 685
1645340 685
1645350 681
1645360 677
1645370 677
1645380 672
1645390 668
1645400 668
1645410 665
1645420 661
1645430 661
1645440 657
1645450 654
1645460 654
1645470 651
1645480 650
1645490 650
1645500 653
1645510 654
1645520 654
1645530 654
1645540 654
1645550 654
1645560 653
1645570 651
1645580 651
1645590 648
1645600 645
1645610 645
1645620 641
1645630 637
1645640 637
1645650 632
1645660 629
1645670 629
1645680 627
1645690 630
1645700 630
1645710 634
1645720 637
1645730 637
1645740 639
1645750 640
1645760 640
1645770 639
1645780 638
1645790 638
1645800 636
1645810 633
1645820 633
1645830 629
1645840 625
1645850 625
1645860 621
1645870 619
1645880 619
1645890 620
1645900 623
1645910 623
1645920 628
1645930 632
1645940 632
1645950 636
1645960 640
1645970 640
1645980 642
1645990 641
1646000 641
1646010 639
1646020 637
1646030 637
1646040 634
1646050 632
1646060 632
1646070 629
1646080 626
1646090 626
1646100 623
1646110 619
1646120 619
1646130 616
1646140 616
1646150 616
1646160 616
1646170 614
1646180 614
1646190 611
1646200 611
1646210 608
1646220 605
1646230 605
1646240 602
1646250 599
1646260 599
1646270 595
1646280 592
1646290 592
1646300 587
1646310 583
1646320 583
1646330 578
1646340 574
1646350 574
1646360 571
1646370 569
1646380 569
1646390 567
1646400 566
1646410 566
1646420 566
1646430 566
1646440 566
1646450 564
1646460 564
1646470 564
1646480 565
1646490 564
1646500 564
1646510 563
1646520 561
1646530 561
1646540 559
1646550 558
1646560 558
1646570 556
1646580 555
1646590 555
1646600 553
1646610 552
1646620 552
1646630 551
1646640 550
1646650 550
1646660 549
1646670 549
1646680 549
1646690 548
1646700 547
1646710 547
1646720 546
1646730 546
1646740 546
1646750 546
1646760 546
1646770 546
1646780 546
1646790 548
1646800 548
1646810 552
1646820 556
1646830 556
1646840 559
1646850 561
1646860 561
1646870 561
1646880 560
1646890 560
1646900 558
1646910 555
1646920 555
1646930 552
1646940 553
1646950 553
1646960 556
1646970 559
1646980 559
1646990 561
1647000 564
1647010 564
1647020 568
1647030 571
1647040 571
1647050 574
1647060 579
1647070 579
1647080 583
1647090 589
1647100 589
1647110 594
1647120 599
1647130 599
1647140 604
1647150 608
1647160 608
1647170 612
1647180 615
1647190 615
1647200 617
1647210 618
1647220 618
1647230 619
1647240 619
1647250 620
1647260 619
1647270 617
1647280 617
1647290 615
1647300 614
1647310 614
1647320 615
1647330 616
1647340 616
1647350 618
1647360 621
1647370 621
1647380 624
1647390 627
1647400 627
1647410 631
1647420 635
1647430 635
1647440 638
1647450 642
1647460 642
1647470 645
1647480 649
1647490 649
1647500 652
1647510 655
1647520 655
1647530 657
1647540 659
1647550 659
1647560 661
1647570 662
1647580 662
1647590 664
1647600 665
1647610 665
1647620 667
1647630 669
1647640 669
1647650 673
1647660 675
1647670 675
1647680 679
1647690 681
1647700 681
1647710 684
1647720 686
1647730 686
1647740 689
1647750 692
1647760 692
1647770 694
1647780 697
1647790 697
1647800 699
1647810 701
1647820 701
1647830 702
1647840 704
1647850 704
1647860 705
1647870 707
1647880 707
1647890 707
1647900 708
1647910 708
1647920 708
1647930 708
1647940 708
1647950 707
1647960 706
1647970 706
1647980 705
1647990 703
1648000 703
1648010 701
1648020 698
1648030 698
1648040 694
1648050 694
1648060 694
1648070 691
1648080 690
1648090 690
1648100 689
1648110 689
1648120 689
1648130 690
1648140 690
1648150 690
1648160 691
1648170 692
1648180 692
1648190 694
1648200 696
1648210 696
1648220 699
1648230 702
1648240 702
1648250 705
1648260 708
1648270 708
1648280 709
1648290 709
1648300 709
1648310 710
1648320 710
1648330 710
1648340 710
1648350 709
1648360 709
1648370 709
1648380 708
1648390 708
1648400 707
1648410 706
1648420 706
1648430 705
1648440 704
1648450 704
1648460 702
1648470 700
1648480 700
1648490 699
1648500 697
1648510 697
1648520 695
1648530 692
1648540 692
1648550 690
1648560 687
1648570 687
1648580 685
1648590 684
1648600 684
1648610 683
1648620 681
1648630 681
1648640 680
1648650 680
1648660 680
1648670 679
1648680 677
1648690 677
1648700 676
1648710 675
1648720 675
1648730 674
1648740 674
1648750 674
1648760 673
1648770 673
1648780 673
1648790 672
1648800 671
1648810 671
1648820 668
1648830 664
1648840 665
1648850 661
1648860 658
1648870 658
1648880 654
1648890 651
1648900 651
1648910 647
1648920 646
1648930 646
1648940 645
1648950 644
1648960 644
1648970 645
1648980 647
1648990 647
1649000 650
1649010 654
1649020 654
1649030 659
1649040 661
1649050 661
1649060 665
1649070 669
1649080 669
1649090 673
1649100 676
1649110 676
1649120 678
1649130 680
1649140 680
1649150 681
1649160 681
1649170 681
1649180 681
1649190 680
1649200 680
1649210 679
1649220 677
1649230 677
1649240 674
1649250 670
1649260 670
1649270 668
1649280 666
1649290 666
1649300 666
1649310 666
1649320 666
1649330 667
1649340 668
1649350 668
1649360 669
1649370 670
1649380 670
1649390 670
1649400 669
1649410 669
1649420 667
1649430 665
1649440 665
1649450 663
1649460 661
1649470 661
1649480 660
1649490 659
1649500 659
1649510 659
1649520 658
1649530 658
1649540 658
1649550 658
1649560 658
1649570 658
1649580 658
1649590 658
1649600 658
1649610 657
1649620 657
1649630 659
1649640 661
1649650 661
1649660 662
1649670 664
1649680 664
1649690 665
1649700 666
1649710 666
1649720 667
1649730 667
1649740 667
1649750 667
1649760 667
1649770 667
1649780 667
1649790 667
1649800 667
1649810 667
1649820 667
1649830 667
1649840 667
1649850 666
1649860 666
1649870 666
1649880 666
1649890 666
1649900 665
1649910 664
1649920 664
1649930 663
1649940 661
1649950 661
1649960 659
1649970 659
1649980 657
1649990 655
1650000 655
1650010 656
1650020 658
1650030 658
1650040 661
1650050 664
1650060 664
1650070 666
1650080 667
1650090 667
1650100 668
1650110 668
1650120 668
1650130 668
1650140 668
1650150 668
1650160 667
1650170 666
1650180 666
1650190 665
1650200 664
1650210 664
1650220 663
1650230 662
1650240 662
1650250 661
1650260 660
1650270 660
1650280 659
1650290 658
1650300 658
1650310 657
1650320 656
1650330 656
1650340 655
1650350 655
1650360 655
1650370 653
1650380 652
1650390 652
1650400 651
1650410 650
1650420 652
1650430 651
1650440 650
1650450 650
1650460 649
1650470 647
1650480 647
1650490 645
1650500 642
1650510 642
1650520 639
1650530 638
1650540 638
1650550 636
1650560 634
1650570 634
1650580 633
1650590 631
1650600 631
1650610 629
1650620 628
1650630 628
1650640 628
1650650 628
1650660 628
1650670 628
1650680 627
1650690 627
1650700 627
1650710 627
1650720 627
1650730 627
1650740 627
1650750 627
1650760 628
1650770 628
1650780 628
1650790 628
1650800 629
1650810 629
1650820 629
1650830 629
1650840 629
1650850 629
1650860 628
1650870 628
1650880 628
1650890 628
1650900 628
1650910 628
1650920 628
1650930 628
1650940 628
1650950 628
1650960 628
1650970 628
1650980 628
1650990 628
1651000 628
1651010 627
1651020 627
1651030 627
1651040 627
1651050 627
1651060 626
1651070 626
1651080 626
1651090 625
1651100 623
1651110 623
1651120 623
1651130 623
1651140 623
1651150 623
1651160 622
1651170 622
1651180 622
1651190 622
1651200 622
1651210 622
1651220 622
1651230 622
1651240 622
1651250 622
1651260 622
1651270 623
1651280 622
1651290 622
1651300 622
1651310 622
1651320 622
1651330 622
1651340 621
1651350 621
1651360 618
1651370 617
1651380 617
1651390 616
1651400 616
1651410 616
1651420 616
1651430 616
1651440 616
1651450 615
1651460 614
1651470 614
1651480 611
1651490 611
1651500 611
1651510 611
1651520 611
1651530 611
1651540 611
1651550 611
1651560 611
1651570 610
1651580 611
1651590 611
1651600 611
1651610 612
1651620 612
1651630 612
1651640 613
1651650 613
1651660 614
1651670 615
1651680 615
1651690 617
1651700 619
1651710 619
1651720 621
1651730 623
1651740 623
1651750 625
1651760 628
1651770 628
1651780 630
1651790 632
1651800 632
1651810 634
1651820 636
1651830 636
1651840 638
1651850 640
1651860 640
1651870 642
1651880 644
1651890 644
1651900 646
1651910 647
1651920 647
1651930 649
1651940 650
1651950 650
1651960 652
1651970 653
1651980 652
1651990 653
1652000 654
1652010 654
1652020 655
1652030 656
1652040 656
1652050 656
1652060 657
1652070 657
1652080 657
1652090 657
1652100 657
1652110 656
1652120 655
1652130 655
1652140 655
1652150 654
1652160 654
1652170 654
1652180 653
1652190 653
1652200 653
1652210 652
1652220 652
1652230 651
1652240 649
1652250 649
1652260 647
1652270 645
1652280 645
1652290 645
1652300 646
1652310 646
1652320 647
1652330 649
1652340 649
1652350 650
1652360 651
1652370 651
1652380 652
1652390 652
1652400 652
1652410 651
1652420 651
1652430 651
1652440 650
1652450 647
1652460 647
1652470 645
1652480 645
1652490 645
1652500 646
1652510 648
1652520 648
1652530 650
1652540 652
1652550 652
1652560 653
1652570 654
1652580 654
1652590 655
1652600 656
1652610 656
1652620 657
1652630 658
1652640 658
1652650 660
1652660 662
1652670 662
1652680 663
1652690 665
1652700 665
1652710 666
1652720 667
1652730 667
1652740 668
1652750 668
1652760 668
1652770 668
1652780 670
1652790 670
1652800 671
1652810 672
1652820 672
1652830 673
1652840 674
1652850 674
1652860 676
1652870 677
1652880 677
1652890 678
1652900 679
1652910 679
1652920 681
1652930 682
1652940 682
1652950 684
1652960 685
1652970 685
1652980 687
1652990 689
1653000 689
1653010 692
1653020 694
1653030 694
1653040 696
1653050 698
1653060 698
1653070 700
1653080 701
1653090 701
1653100 702
1653110 704
1653120 704
1653130 705
1653140 705
1653150 705
1653160 705
1653170 705
1653180 705
1653190 705
1653200 705
1653210 705
1653220 705
1653230 705
1653240 705
1653250 704
1653260 704
1653270 704
1653280 704
1653290 704
1653300 704
1653310 703
1653320 703
1653330 703
1653340 703
1653350 702
1653360 702
1653370 702
1653380 701
1653390 701
1653400 701
1653410 700
1653420 700
1653430 699
1653440 698
1653450 698
1653460 696
1653470 695
1653480 695
1653490 693
1653500 691
1653510 691
1653520 688
1653530 685
1653540 685
1653550 681
1653560 677
1653570 677
1653580 673
1653590 670
1653600 670
1653610 667
1653620 665
1653630 665
1653640 664
1653650 664
1653660 664
1653670 663
1653680 663
1653690 663
1653700 663
1653710 661
1653720 661
1653730 658
1653740 656
1653750 656
1653760 656
1653770 656
1653780 657
1653790 659
1653800 659
1653810 661
1653820 664
1653830 664
1653840 666
1653850 670
1653860 670
1653870 673
1653880 674
1653890 674
1653900 675
1653910 676
1653920 676
1653930 677
1653940 677
1653950 677
1653960 678
1653970 678
1653980 678
1653990 678
1654000 678
1654010 678
1654020 678
1654030 677
1654040 677
1654050 676
1654060 676
1654070 676
1654080 675
1654090 674
1654100 674
1654110 673
1654120 672
1654130 672
1654140 671
1654150 670
1654160 670
1654170 669
1654180 668
1654190 668
1654200 668
1654210 668
1654220 668
1654230 668
1654240 668
1654250 668
1654260 669
1654270 669
1654280 669
1654290 670
1654300 671
1654310 671
1654320 671
1654330 670
1654340 670
1654350 669
1654360 668
1654370 668
1654380 667
1654390 666
1654400 666
1654410 664
1654420 663
1654430 663
1654440 661
1654450 660
1654460 660
1654470 659
1654480 657
1654490 657
1654500 655
1654510 653
1654520 653
1654530 651
1654540 648
1654550 648
1654560 645
1654570 641
1654580 641
1654590 637
1654600 633
1654610 633
1654620 629
1654630 622
1654640 622
1654650 616
1654660 610
1654670 610
1654680 604
1654690 599
1654700 599
1654710 593
1654720 589
1654730 589
1654740 585
1654750 582
1654760 582
1654770 580
1654780 582
1654790 582
1654800 588
1654810 596
1654820 596
1654830 602
1654840 603
1654850 603
1654860 602
1654870 604
1654880 604
1654890 608
1654900 613
1654910 613
1654920 618
1654930 624
1654940 624
1654950 627
1654960 630
1654970 630
1654980 633
1654990 634
1655000 634
1655010 634
1655020 634
1655030 634
1655040 634
1655050 636
1655060 636
1655070 635
1655080 634
1655090 634
1655100 632
1655110 628
1655120 628
1655130 625
1655140 621
1655150 621
1655160 616
1655170 612
1655180 612
1655190 608
1655200 608
1655210 608
1655220 609
1655230 611
1655240 611
1655250 615
1655260 618
1655270 618
1655280 622
1655290 624
1655300 624
1655310 625
1655320 626
1655330 626
1655340 626
1655350 625
1655360 625
1655370 624
1655380 622
1655390 622
1655400 620
1655410 617
1655420 617
1655430 614
1655440 611
1655450 611
1655460 607
1655470 603
1655480 603
1655490 598
1655500 592
1655510 592
1655520 588
1655530 586
1655540 586
1655550 581
1655560 575
1655570 575
1655580 570
1655590 566
1655600 566
1655610 563
1655620 562
1655630 562
1655640 561
1655650 561
1655660 561
1655670 561
1655680 561
1655690 561
1655700 562
1655710 563
1655720 563
1655730 565
1655740 566
1655750 566
1655760 568
1655770 570
1655780 570
1655790 572
1655800 573
1655810 573
1655820 574
1655830 576
1655840 576
1655850 578
1655860 580
1655870 580
1655880 582
1655890 584
1655900 584
1655910 586
1655920 588
1655930 588
1655940 590
1655950 592
1655960 592
1655970 594
1655980 596
1655990 596
1656000 598
1656010 600
1656020 600
1656030 603
1656040 605
1656050 605
1656060 608
1656070 611
1656080 611
1656090 614
1656100 618
1656110 618
1656120 621
1656130 624
1656140 624
1656150 628
1656160 632
1656170 632
1656180 637
1656190 640
1656200 640
1656210 644
1656220 646
1656230 646
1656240 649
1656250 652
1656260 652
1656270 655
1656280 657
1656290 657
1656300 659
1656310 661
1656320 661
1656330 664
1656340 666
1656350 666
1656360 669
1656370 672
1656380 672
1656390 674
1656400 676
1656410 676
1656420 678
1656430 680
1656440 680
1656450 682
1656460 684
1656470 684
1656480 686
1656490 687
1656500 687
1656510 688
1656520 689
1656530 689
1656540 690
1656550 691
1656560 691
1656570 688
1656580 689
1656590 689
1656600 690
1656610 692
1656620 692
1656630 694
1656640 696
1656650 696
1656660 697
1656670 699
1656680 699
1656690 700
1656700 701
1656710 701
1656720 702
1656730 704
1656740 704
1656750 706
1656760 708
1656770 708
1656780 710
1656790 711
1656800 711
1656810 713
1656820 714
1656830 714
1656840 715
1656850 716
1656860 716
1656870 717
1656880 718
1656890 718
1656900 719
1656910 721
1656920 721
1656930 722
1656940 723
1656950 723
1656960 724
1656970 725
1656980 725
1656990 726
1657000 726
1657010 726
1657020 726
1657030 725
1657040 725
1657050 725
1657060 725
1657070 725
1657080 725
1657090 725
1657100 725
1657110 724
1657120 723
1657130 723
1657140 721
1657150 719
1657160 719
1657170 716
1657180 712
1657190 712
1657200 709
1657210 706
1657220 706
1657230 704
1657240 702
1657250 702
1657260 700
1657270 698
1657280 698
1657290 697
1657300 695
1657310 695
1657320 693
1657330 690
1657340 690
1657350 688
1657360 685
1657370 685
1657380 684
1657390 683
1657400 683
1657410 683
1657420 683
1657430 683
1657440 683
1657450 682
1657460 682
1657470 682
1657480 682
1657490 682
1657500 682
1657510 681
1657520 681
1657530 681
1657540 681
1657550 681
1657560 681
1657570 681
1657580 680
1657590 681
1657600 681
1657610 681
1657620 681
1657630 681
1657640 680
1657650 679
1657660 679
1657670 678
1657680 676
1657690 676
1657700 674
1657710 672
1657720 672
1657730 670
1657740 669
1657750 669
1657760 669
1657770 669
1657780 669
1657790 670
1657800 671
1657810 671
1657820 672
1657830 674
1657840 674
1657850 677
1657860 679
1657870 679
1657880 681
1657890 682
1657900 682
1657910 683
1657920 684
1657930 684
1657940 684
1657950 684
1657960 684
1657970 684
1657980 684
1657990 684
1658000 683
1658010 682
1658020 682
1658030 681
1658040 680
1658050 680
1658060 679
1658070 676
1658080 676
1658090 674
1658100 673
1658110 673
1658120 672
1658130 671
1658140 671
1658150 670
1658160 669
1658170 669
1658180 668
1658190 666
1658200 666
1658210 665
1658220 664
1658230 664
1658240 662
1658250 661
1658260 661
1658270 659
1658280 657
1658290 657
1658300 656
1658310 654
1658320 654
1658330 653
1658340 653
1658350 653
1658360 654
1658370 656
1658380 656
1658390 657
1658400 656
1658410 656
1658420 652
1658430 648
1658440 648
1658450 646
1658460 646
1658470 646
1658480 646
1658490 646
1658500 646
1658510 646
1658520 646
1658530 646
1658540 646
1658550 646
1658560 646
1658570 646
1658580 646
1658590 646
1658600 648
1658610 651
1658620 651
1658630 654
1658640 656
1658650 656
1658660 659
1658670 662
1658680 662
1658690 664
1658700 666
1658710 666
1658720 668
1658730 670
1658740 670
1658750 671
1658760 672
1658770 672
1658780 672
1658790 673
1658800 673
1658810 674
1658820 677
1658830 677
1658840 678
1658850 678
1658860 678
1658870 679
1658880 680
1658890 680
1658900 681
1658910 682
1658920 682
1658930 682
1658940 683
1658950 683
1658960 684
1658970 685
1658980 685
1658990 686
1659000 688
1659010 688
1659020 689
1659030 690
1659040 690
1659050 692
1659060 693
1659070 693
1659080 695
1659090 696
1659100 696
1659110 697
1659120 698
1659130 698
1659140 699
1659150 700
1659160 700
1659170 701
1659180 701
1659190 701
1659200 702
1659210 703
1659220 703
1659230 703
1659240 703
1659250 703
1659260 704
1659270 704
1659280 704
1659290 703
1659300 702
1659310 702
1659320 701
1659330 701
1659340 701
1659350 701
1659360 702
1659370 702
1659380 703
1659390 704
1659400 704
1659410 706
1659420 707
1659430 707
1659440 708
1659450 708
1659460 708
1659470 709
1659480 709
1659490 709
1659500 710
1659510 710
1659520 710
1659530 710
1659540 711
1659550 711
1659560 712
1659570 712
1659580 712
1659590 712
1659600 712
1659610 712
1659620 712
1659630 712
1659640 712
1659650 712
1659660 712
1659670 712
1659680 712
1659690 712
1659700 712
1659710 712
1659720 712
1659730 712
1659740 712
1659750 711
1659760 711
1659770 711
1659780 710
1659790 710
1659800 709
1659810 706
1659820 706
1659830 704
1659840 701
1659850 701
1659860 699
1659870 698
1659880 698
1659890 697
1659900 696
1659910 696
1659920 695
1659930 695
1659940 695
1659950 695
1659960 696
1659970 696
1659980 697
1659990 698
