1640000 620
1640010 618
1640020 618
1640030 617
1640040 615
1640050 615
1640060 613
1640070 610
1640080 610
1640090 609
1640100 609
1640110 609
1640120 607
1640130 606
1640140 606
1640150 606
1640160 607
1640170 607
1640180 608
1640190 608
1640200 608
1640210 609
1640220 609
1640230 609
1640240 608
1640250 608
1640260 608
1640270 607
1640280 607
1640290 607
1640300 606
1640310 605
1640320 605
1640330 604
1640340 603
1640350 603
1640360 601
1640370 598
1640380 597
1640390 593
1640400 589
1640410 589
1640420 585
1640430 583
1640440 583
1640450 580
1640460 577
1640470 577
1640480 576
1640490 577
1640500 577
1640510 577
1640520 576
1640530 576
1640540 576
1640550 578
1640560 578
1640570 580
1640580 583
1640590 583
1640600 585
1640610 588
1640620 588
1640630 590
1640640 591
1640650 591
1640660 592
1640670 592
1640680 592
1640690 592
1640700 592
1640710 592
1640720 592
1640730 592
1640740 592
1640750 591
1640760 590
1640770 590
1640780 589
1640790 588
1640800 588
1640810 587
1640820 585
1640830 585
1640840 583
1640850 580
1640860 580
1640870 576
1640880 573
1640890 573
1640900 572
1640910 572
1640920 572
1640930 572
1640940 572
1640950 572
1640960 572
1640970 572
1640980 572
1640990 572
1641000 573
1641010 573
1641020 577
1641030 579
1641040 579
1641050 579
1641060 579
1641070 579
1641080 579
1641090 578
1641100 578
1641110 577
1641120 576
1641130 576
1641140 574
1641150 573
1641160 573
1641170 571
1641180 569
1641190 569
1641200 567
1641210 564
1641220 563
1641230 561
1641240 558
1641250 558
1641260 556
1641270 554
1641280 554
1641290 551
1641300 546
1641310 546
1641320 541
1641330 537
1641340 537
1641350 532
1641360 528
1641370 528
1641380 524
1641390 518
1641400 518
1641410 513
1641420 508
1641430 508
1641440 503
1641450 502
1641460 502
1641470 501
1641480 501
1641490 501
1641500 501
1641510 502
1641520 502
1641530 505
1641540 507
1641550 507
1641560 509
1641570 511
1641580 511
1641590 515
1641600 520
1641610 520
1641620 522
1641630 525
1641640 525
1641650 527
1641660 526
1641670 526
1641680 524
1641690 521
1641700 521
1641710 517
1641720 513
1641730 513
1641740 511
1641750 508
1641760 508
1641770 508
1641780 508
1641790 508
1641800 509
1641810 509
1641820 509
1641830 507
1641840 507
1641850 505
1641860 503
1641870 503
1641880 501
1641890 499
1641900 499
1641910 499
1641920 501
1641930 501
1641940 506
1641950 511
1641960 511
1641970 515
1641980 518
1641990 518
1642000 520
1642010 521
1642020 521
1642030 521
1642040 523
1642050 523
1642060 521
1642070 517
1642080 517
1642090 513
1642100 508
1642110 508
1642120 505
1642130 503
1642140 503
1642150 502
1642160 501
1642170 501
1642180 498
1642190 494
1642200 494
1642210 491
1642220 490
1642230 490
1642240 489
1642250 489
1642260 489
1642270 489
1642280 489
1642290 489
1642300 490
1642310 490
1642320 490
1642330 490
1642340 490
1642350 490
1642360 490
1642370 490
1642380 490
1642390 490
1642400 490
1642410 490
1642420 490
1642430 491
1642440 491
1642450 493
1642460 494
1642470 494
1642480 494
1642490 494
1642500 494
1642510 495
1642520 497
1642530 497
1642540 498
1642550 498
1642560 498
1642570 498
1642580 497
1642590 497
1642600 497
1642610 499
1642620 499
1642630 502
1642640 505
1642650 505
1642660 507
1642670 508
1642680 508
1642690 509
1642700 511
1642710 511
1642720 512
1642730 515
1642740 515
1642750 518
1642760 520
1642770 520
1642780 520
1642790 519
1642800 519
1642810 519
1642820 519
1642830 519
1642840 519
1642850 519
1642860 519
1642870 524
1642880 524
1642890 524
1642900 524
1642910 524
1642920 524
1642930 524
1642940 525
1642950 525
1642960 526
1642970 526
1642980 526
1642990 527
1643000 527
1643010 527
1643020 528
1643030 527
1643040 527
1643050 527
1643060 525
1643070 525
1643080 523
1643090 517
1643100 517
1643110 511
1643120 506
1643130 506
1643140 503
1643150 502
1643160 502
1643170 503
1643180 504
1643190 504
1643200 505
1643210 507
1643220 507
1643230 510
1643240 511
1643250 511
1643260 514
1643270 516
1643280 516
1643290 516
1643300 517
1643310 517
1643320 517
1643330 516
1643340 516
1643350 516
1643360 515
1643370 515
1643380 515
1643390 515
1643400 515
1643410 514
1643420 513
1643430 513
1643440 511
1643450 511
1643460 511
1643470 510
1643480 509
1643490 509
1643500 508
1643510 507
1643520 507
1643530 506
1643540 505
1643550 505
1643560 503
1643570 503
1643580 503
1643590 502
1643600 501
1643610 501
1643620 500
1643630 499
1643640 499
1643650 499
1643660 499
1643670 499
1643680 499
1643690 499
1643700 499
1643710 500
1643720 500
1643730 500
1643740 500
1643750 500
1643760 500
1643770 500
1643780 501
1643790 501
1643800 501
1643810 501
1643820 501
1643830 501
1643840 500
1643850 500
1643860 500
1643870 500
1643880 500
1643890 500
1643900 501
1643910 501
1643920 501
1643930 501
1643940 501
1643950 501
1643960 501
1643970 501
1643980 501
1643990 501
1644000 501
1644010 502
1644020 502
1644030 502
1644040 502
1644050 502
1644060 502
1644070 502
1644080 503
1644090 503
1644100 504
1644110 506
1644120 506
1644130 507
1644140 510
1644150 510
1644160 513
1644170 514
1644180 514
1644190 515
1644200 515
1644210 515
1644220 515
1644230 514
1644240 514
1644250 514
1644260 513
1644270 513
1644280 512
1644290 512
1644300 512
1644310 512
1644320 512
1644330 512
1644340 511
1644350 511
1644360 511
1644370 511
1644380 511
1644390 511
1644400 512
1644410 514
1644420 514
1644430 518
1644440 521
1644450 521
1644460 525
1644470 529
1644480 529
1644490 531
1644500 536
1644510 536
1644520 536
1644530 534
1644540 534
1644550 532
1644560 530
1644570 530
1644580 528
1644590 527
1644600 527
1644610 527
1644620 527
1644630 527
1644640 526
1644650 526
1644660 526
1644670 525
1644680 526
1644690 526
1644700 527
1644710 528
1644720 528
1644730 530
1644740 532
1644750 532
1644760 538
1644770 543
1644780 543
1644790 548
1644800 553
1644810 553
1644820 558
1644830 558
1644840 561
1644850 567
1644860 567
1644870 571
1644880 574
1644890 574
1644900 577
1644910 579
1644920 579
1644930 581
1644940 584
1644950 584
1644960 587
1644970 590
1644980 590
1644990 592
1645000 594
1645010 594
1645020 597
1645030 597
1645040 597
1645050 597
1645060 596
1645070 596
1645080 595
1645090 596
1645100 596
1645110 597
1645120 600
1645130 600
1645140 604
1645150 608
1645160 608
1645170 611
1645180 614
1645190 614
1645200 617
1645210 619
1645220 619
1645230 622
1645240 624
1645250 624
1645260 626
1645270 628
1645280 628
1645290 630
1645300 632
1645310 629
1645320 631
1645330 631
1645340 631
1645350 632
1645360 633
1645370 633
1645380 635
1645390 638
1645400 638
1645410 641
1645420 644
1645430 644
1645440 647
1645450 651
1645460 651
1645470 655
1645480 660
1645490 660
1645500 664
1645510 668
1645520 668
1645530 672
1645540 676
1645550 676
1645560 680
1645570 683
1645580 683
1645590 686
1645600 690
1645610 690
1645620 693
1645630 695
1645640 695
1645650 696
1645660 697
1645670 697
1645680 697
1645690 695
1645700 695
1645710 691
1645720 688
1645730 688
1645740 685
1645750 683
1645760 683
1645770 681
1645780 679
1645790 679
1645800 677
1645810 677
1645820 677
1645830 678
1645840 679
1645850 679
1645860 681
1645870 682
1645880 682
1645890 684
1645900 686
1645910 686
1645920 689
1645930 691
1645940 691
1645950 694
1645960 697
1645970 697
1645980 700
1645990 702
1646000 702
1646010 705
1646020 707
1646030 707
1646040 710
1646050 712
1646060 712
1646070 713
1646080 714
1646090 714
1646100 715
1646110 716
1646120 712
1646130 712
1646140 713
1646150 713
1646160 713
1646170 714
1646180 714
1646190 714
1646200 714
1646210 714
1646220 713
1646230 714
1646240 714
1646250 713
1646260 713
1646270 713
1646280 712
1646290 711
1646300 711
1646310 710
1646320 708
1646330 708
1646340 707
1646350 706
1646360 706
1646370 704
1646380 703
1646390 703
1646400 702
1646410 701
1646420 701
1646430 700
1646440 699
1646450 699
1646460 698
1646470 698
1646480 698
1646490 698
1646500 698
1646510 698
1646520 698
1646530 697
1646540 697
1646550 697
1646560 696
1646570 696
1646580 695
1646590 695
1646600 695
1646610 694
1646620 692
1646630 692
1646640 689
1646650 686
1646660 686
1646670 684
1646680 683
1646690 683
1646700 682
1646710 681
1646720 681
1646730 680
1646740 679
1646750 679
1646760 678
1646770 678
1646780 678
1646790 679
1646800 679
1646810 679
1646820 680
1646830 681
1646840 681
1646850 682
1646860 684
1646870 684
1646880 685
1646890 686
1646900 686
1646910 687
1646920 689
1646930 689
1646940 690
1646950 691
1646960 691
1646970 692
1646980 693
1646990 693
1647000 693
1647010 693
1647020 693
1647030 693
1647040 693
1647050 693
1647060 692
1647070 692
1647080 692
1647090 692
1647100 692
1647110 692
1647120 691
1647130 689
1647140 689
1647150 686
1647160 683
1647170 683
1647180 679
1647190 676
1647200 676
1647210 675
1647220 674
1647230 674
1647240 674
1647250 675
1647260 675
1647270 676
1647280 676
1647290 676
1647300 676
1647310 676
1647320 676
1647330 676
1647340 675
1647350 675
1647360 674
1647370 672
1647380 672
1647390 670
1647400 668
1647410 668
1647420 667
1647430 666
1647440 666
1647450 666
1647460 666
1647470 666
1647480 667
1647490 667
1647500 667
1647510 667
1647520 667
1647530 667
1647540 668
1647550 669
1647560 669
1647570 670
1647580 671
1647590 671
1647600 672
1647610 673
1647620 673
1647630 674
1647640 675
1647650 675
1647660 675
1647670 675
1647680 675
1647690 675
1647700 676
1647710 676
1647720 674
1647730 674
1647740 674
1647750 675
1647760 676
1647770 676
1647780 677
1647790 678
1647800 678
1647810 678
1647820 678
1647830 678
1647840 679
1647850 679
1647860 680
1647870 680
1647880 680
1647890 680
1647900 681
1647910 681
1647920 681
1647930 683
1647940 683
1647950 686
1647960 688
1647970 688
1647980 689
1647990 691
1648000 691
1648010 694
1648020 697
1648030 697
1648040 698
1648050 699
1648060 699
1648070 701
1648080 703
1648090 703
1648100 704
1648110 705
1648120 705
1648130 707
1648140 709
1648150 709
1648160 711
1648170 714
1648180 714
1648190 718
1648200 722
1648210 722
1648220 725
1648230 727
1648240 727
1648250 729
1648260 731
1648270 731
1648280 732
1648290 735
1648300 735
1648310 737
1648320 739
1648330 739
1648340 741
1648350 744
1648360 744
1648370 745
1648380 746
1648390 746
1648400 748
1648410 749
1648420 749
1648430 751
1648440 753
1648450 753
1648460 754
1648470 756
1648480 756
1648490 758
1648500 760
1648510 761
1648520 761
1648530 763
1648540 763
1648550 764
1648560 765
1648570 765
1648580 767
1648590 768
1648600 768
1648610 769
1648620 771
1648630 771
1648640 773
1648650 775
1648660 775
1648670 777
1648680 780
1648690 780
1648700 782
1648710 784
1648720 784
1648730 786
1648740 788
1648750 788
1648760 790
1648770 792
1648780 792
1648790 793
1648800 794
1648810 794
1648820 794
1648830 793
1648840 793
1648850 792
1648860 791
1648870 791
1648880 789
1648890 786
1648900 786
1648910 783
1648920 780
1648930 780
1648940 777
1648950 775
1648960 775
1648970 772
1648980 769
1648990 769
1649000 765
1649010 762
1649020 762
1649030 759
1649040 757
1649050 757
1649060 754
1649070 752
1649080 752
1649090 749
1649100 745
1649110 745
1649120 741
1649130 737
1649140 737
1649150 733
1649160 729
1649170 729
1649180 726
1649190 723
1649200 723
1649210 720
1649220 718
1649230 718
1649240 716
1649250 715
1649260 715
1649270 714
1649280 713
1649290 713
1649300 716
1649310 715
1649320 715
1649330 712
1649340 708
1649350 708
1649360 705
1649370 702
1649380 702
1649390 700
1649400 699
1649410 699
1649420 699
1649430 699
1649440 699
1649450 699
1649460 698
1649470 698
1649480 694
1649490 691
1649500 691
1649510 687
1649520 683
1649530 683
1649540 681
1649550 680
1649560 680
1649570 679
1649580 677
1649590 677
1649600 675
1649610 674
1649620 674
1649630 673
1649640 674
1649650 674
1649660 675
1649670 677
1649680 677
1649690 679
1649700 681
1649710 681
1649720 684
1649730 686
1649740 686
1649750 686
1649760 684
1649770 684
1649780 683
1649790 684
1649800 684
1649810 686
1649820 690
1649830 690
1649840 693
1649850 697
1649860 697
1649870 699
1649880 701
1649890 701
1649900 703
1649910 703
1649920 703
1649930 703
1649940 701
1649950 701
1649960 698
1649970 695
1649980 695
1649990 692
1650000 689
1650010 689
1650020 684
1650030 680
1650040 680
1650050 676
1650060 671
1650070 671
1650080 666
1650090 664
1650100 664
1650110 665
1650120 670
1650130 670
1650140 677
1650150 683
1650160 683
1650170 688
1650180 692
1650190 692
1650200 694
1650210 695
1650220 695
1650230 694
1650240 693
1650250 693
1650260 692
1650270 690
1650280 690
1650290 688
1650300 685
1650310 685
1650320 683
1650330 681
1650340 681
1650350 678
1650360 676
1650370 676
1650380 675
1650390 677
1650400 677
1650410 681
1650420 684
1650430 684
1650440 688
1650450 692
1650460 692
1650470 696
1650480 699
1650490 699
1650500 701
1650510 702
1650520 702
1650530 703
1650540 703
1650550 703
1650560 704
1650570 704
1650580 704
1650590 704
1650600 704
1650610 704
1650620 704
1650630 704
1650640 704
1650650 704
1650660 703
1650670 703
1650680 703
1650690 703
1650700 703
1650710 702
1650720 701
1650730 701
1650740 701
1650750 700
1650760 700
1650770 700
1650780 700
1650790 700
1650800 699
1650810 699
1650820 699
1650830 698
1650840 698
1650850 697
1650860 696
1650870 696
1650880 698
1650890 695
1650900 695
1650910 692
1650920 688
1650930 688
1650940 685
1650950 682
1650960 682
1650970 680
1650980 678
1650990 678
1651000 677
1651010 677
1651020 677
1651030 677
1651040 680
1651050 680
1651060 683
1651070 685
1651080 685
1651090 688
1651100 690
1651110 690
1651120 691
1651130 692
1651140 692
1651150 692
1651160 693
1651170 693
1651180 693
1651190 693
1651200 693
1651210 693
1651220 692
1651230 692
1651240 691
1651250 690
1651260 690
1651270 690
1651280 689
1651290 689
1651300 689
1651310 687
1651320 687
1651330 686
1651340 684
1651350 684
1651360 682
1651370 680
1651380 680
1651390 678
1651400 677
1651410 677
1651420 675
1651430 674
1651440 674
1651450 672
1651460 671
1651470 671
1651480 670
1651490 669
1651500 669
1651510 668
1651520 667
1651530 667
1651540 666
1651550 665
1651560 665
1651570 664
1651580 662
1651590 662
1651600 661
1651610 660
1651620 660
1651630 660
1651640 660
1651650 659
1651660 659
1651670 659
1651680 659
1651690 659
1651700 659
1651710 659
1651720 659
1651730 659
1651740 659
1651750 659
1651760 660
1651770 660
1651780 660
1651790 660
1651800 660
1651810 660
1651820 660
1651830 660
1651840 659
1651850 658
1651860 658
1651870 657
1651880 657
1651890 657
1651900 657
1651910 658
1651920 658
1651930 658
1651940 658
1651950 658
1651960 658
1651970 658
1651980 658
1651990 659
1652000 660
1652010 660
1652020 660
1652030 658
1652040 658
1652050 656
1652060 654
1652070 654
1652080 651
1652090 648
1652100 648
1652110 648
1652120 647
1652130 647
1652140 647
1652150 646
1652160 646
1652170 646
1652180 650
1652190 650
1652200 655
1652210 658
1652220 658
1652230 660
1652240 661
1652250 661
1652260 661
1652270 660
1652280 660
1652290 658
1652300 656
1652310 656
1652320 653
1652330 651
1652340 651
1652350 649
1652360 648
1652370 648
1652380 647
1652390 648
1652400 648
1652410 650
1652420 653
1652430 654
1652440 657
1652450 662
1652460 662
1652470 668
1652480 672
1652490 672
1652500 675
1652510 678
1652520 678
1652530 681
1652540 682
1652550 682
1652560 682
1652570 683
1652580 683
1652590 684
1652600 685
1652610 685
1652620 686
1652630 687
1652640 687
1652650 688
1652660 689
1652670 689
1652680 691
1652690 693
1652700 693
1652710 695
1652720 697
1652730 697
1652740 699
1652750 701
1652760 701
1652770 703
1652780 705
1652790 705
1652800 706
1652810 707
1652820 707
1652830 708
1652840 709
1652850 709
1652860 709
1652870 710
1652880 710
1652890 710
1652900 709
1652910 709
1652920 709
1652930 709
1652940 709
1652950 708
1652960 708
1652970 708
1652980 707
1652990 706
1653000 706
1653010 706
1653020 705
1653030 705
1653040 704
1653050 703
1653060 703
1653070 703
1653080 702
1653090 702
1653100 702
1653110 701
1653120 701
1653130 699
1653140 695
1653150 695
1653160 692
1653170 692
1653180 692
1653190 692
1653200 696
1653210 696
1653220 698
1653230 699
1653240 699
1653250 701
1653260 702
1653270 702
1653280 703
1653290 704
1653300 704
1653310 705
1653320 706
1653330 706
1653340 706
1653350 706
1653360 706
1653370 705
1653380 705
1653390 705
1653400 704
1653410 703
1653420 703
1653430 702
1653440 701
1653450 701
1653460 700
1653470 698
1653480 698
1653490 695
1653500 691
1653510 691
1653520 688
1653530 685
1653540 685
1653550 683
1653560 682
1653570 682
1653580 681
1653590 680
1653600 680
1653610 679
1653620 678
1653630 678
1653640 678
1653650 677
1653660 677
1653670 677
1653680 676
1653690 676
1653700 675
1653710 674
1653720 674
1653730 673
1653740 672
1653750 672
1653760 671
1653770 671
1653780 670
1653790 668
1653800 668
1653810 667
1653820 665
1653830 665
1653840 663
1653850 661
1653860 661
1653870 659
1653880 657
1653890 657
1653900 656
1653910 655
1653920 655
1653930 655
1653940 654
1653950 654
1653960 654
1653970 655
1653980 655
1653990 654
1654000 653
1654010 653
1654020 653
1654030 652
1654040 652
1654050 651
1654060 650
1654070 650
1654080 652
1654090 655
1654100 655
1654110 659
1654120 662
1654130 662
1654140 665
1654150 667
1654160 667
1654170 669
1654180 670
1654190 670
1654200 670
1654210 671
1654220 671
1654230 671
1654240 671
1654250 671
1654260 671
1654270 669
1654280 669
1654290 666
1654300 661
1654310 661
1654320 657
1654330 656
1654340 656
1654350 656
1654360 657
1654370 657
1654380 657
1654390 658
1654400 658
1654410 658
1654420 659
1654430 659
1654440 659
1654450 660
1654460 660
1654470 661
1654480 662
1654490 662
1654500 663
1654510 664
1654520 664
1654530 666
1654540 668
1654550 668
1654560 669
1654570 670
1654580 670
1654590 671
1654600 672
1654610 672
1654620 673
1654630 675
1654640 675
1654650 677
1654660 679
1654670 679
1654680 680
1654690 682
1654700 682
1654710 683
1654720 686
1654730 686
1654740 686
1654750 688
1654760 688
1654770 689
1654780 691
1654790 691
1654800 692
1654810 693
1654820 693
1654830 695
1654840 696
1654850 696
1654860 697
1654870 699
1654880 699
1654890 700
1654900 701
1654910 701
1654920 703
1654930 704
1654940 704
1654950 705
1654960 707
1654970 707
1654980 709
1654990 710
1655000 710
1655010 711
1655020 713
1655030 713
1655040 714
1655050 716
1655060 716
1655070 719
1655080 722
1655090 722
1655100 724
1655110 726
1655120 726
1655130 728
1655140 730
1655150 730
1655160 732
1655170 733
1655180 733
1655190 735
1655200 736
1655210 736
1655220 737
1655230 738
1655240 738
1655250 738
1655260 738
1655270 738
1655280 738
1655290 738
1655300 738
1655310 738
1655320 738
1655330 738
1655340 738
1655350 737
1655360 737
1655370 737
1655380 737
1655390 737
1655400 736
1655410 735
1655420 735
1655430 734
1655440 733
1655450 733
1655460 732
1655470 732
1655480 732
1655490 731
1655500 732
1655510 732
1655520 732
1655530 732
1655540 732
1655550 732
1655560 732
1655570 732
1655580 732
1655590 732
1655600 732
1655610 731
1655620 731
1655630 731
1655640 731
1655650 731
1655660 731
1655670 732
1655680 732
1655690 732
1655700 733
1655710 733
1655720 733
1655730 732
1655740 731
1655750 731
1655760 730
1655770 729
1655780 729
1655790 728
1655800 727
1655810 727
1655820 725
1655830 722
1655840 722
1655850 719
1655860 715
1655870 715
1655880 711
1655890 707
1655900 707
1655910 702
1655920 697
1655930 697
1655940 691
1655950 684
1655960 684
1655970 678
1655980 670
1655990 670
1656000 663
1656010 655
1656020 655
1656030 649
1656040 643
1656050 643
1656060 637
1656070 630
1656080 630
1656090 624
1656100 619
1656110 619
1656120 613
1656130 608
1656140 608
1656150 604
1656160 599
1656170 599
1656180 596
1656190 593
1656200 593
1656210 589
1656220 587
1656230 587
1656240 587
1656250 588
1656260 588
1656270 592
1656280 597
1656290 597
1656300 601
1656310 605
1656320 605
1656330 610
1656340 614
1656350 614
1656360 619
1656370 623
1656380 623
1656390 628
1656400 632
1656410 632
1656420 634
1656430 638
1656440 638
1656450 641
1656460 644
1656470 644
1656480 647
1656490 650
1656500 650
1656510 653
1656520 656
1656530 656
1656540 658
1656550 660
1656560 660
1656570 660
1656580 661
1656590 661
1656600 663
1656610 665
1656620 665
1656630 668
1656640 670
1656650 670
1656660 672
1656670 673
1656680 673
1656690 675
1656700 677
1656710 677
1656720 679
1656730 681
1656740 681
1656750 684
1656760 684
1656770 687
1656780 690
1656790 690
1656800 693
1656810 696
1656820 696
1656830 700
1656840 702
1656850 702
1656860 702
1656870 703
1656880 703
1656890 704
1656900 705
1656910 705
1656920 707
1656930 709
1656940 709
1656950 712
1656960 715
1656970 715
1656980 719
1656990 722
1657000 722
1657010 726
1657020 729
1657030 729
1657040 732
1657050 735
1657060 735
1657070 738
1657080 741
1657090 741
1657100 744
1657110 749
1657120 749
1657130 753
1657140 757
1657150 757
1657160 761
1657170 763
1657180 763
1657190 766
1657200 768
1657210 768
1657220 770
1657230 771
1657240 771
1657250 771
1657260 771
1657270 771
1657280 770
1657290 769
1657300 769
1657310 768
1657320 768
1657330 768
1657340 767
1657350 767
1657360 767
1657370 766
1657380 764
1657390 764
1657400 761
1657410 757
1657420 757
1657430 752
1657440 748
1657450 748
1657460 745
1657470 742
1657480 742
1657490 740
1657500 740
1657510 740
1657520 741
1657530 743
1657540 743
1657550 744
1657560 746
1657570 746
1657580 748
1657590 751
1657600 751
1657610 754
1657620 757
1657630 757
1657640 759
1657650 761
1657660 761
1657670 762
1657680 764
1657690 764
1657700 766
1657710 768
1657720 768
1657730 769
1657740 770
1657750 770
1657760 772
1657770 773
1657780 773
1657790 773
1657800 774
1657810 774
1657820 774
1657830 775
1657840 775
1657850 776
1657860 778
1657870 778
1657880 779
1657890 780
1657900 780
1657910 781
1657920 782
1657930 782
1657940 782
1657950 782
1657960 782
1657970 782
1657980 782
1657990 782
1658000 782
1658010 783
1658020 783
1658030 783
1658040 783
1658050 783
1658060 783
1658070 783
1658080 783
1658090 783
1658100 783
1658110 783
1658120 783
1658130 782
1658140 782
1658150 781
1658160 780
1658170 780
1658180 779
1658190 779
1658200 779
1658210 778
1658220 775
1658230 775
1658240 772
1658250 769
1658260 769
1658270 767
1658280 765
1658290 765
1658300 764
1658310 764
1658320 764
1658330 765
1658340 765
1658350 765
1658360 765
1658370 763
1658380 763
1658390 759
1658400 755
1658410 755
1658420 751
1658430 749
1658440 749
1658450 748
1658460 748
1658470 748
1658480 748
1658490 749
1658500 749
1658510 747
1658520 748
1658530 748
1658540 748
1658550 749
1658560 749
1658570 749
1658580 749
1658590 749
1658600 748
1658610 747
1658620 747
1658630 745
1658640 744
1658650 744
1658660 742
1658670 741
1658680 741
1658690 738
1658700 733
1658710 733
1658720 727
1658730 723
1658740 723
1658750 719
1658760 717
1658770 717
1658780 715
1658790 715
1658800 715
1658810 713
1658820 712
1658830 712
1658840 712
1658850 714
1658860 714
1658870 714
1658880 715
1658890 715
1658900 715
1658910 716
1658920 716
1658930 719
1658940 721
1658950 721
1658960 721
1658970 721
1658980 721
1658990 720
1659000 719
1659010 719
1659020 718
1659030 717
1659040 717
1659050 716
1659060 715
1659070 715
1659080 712
1659090 710
1659100 710
1659110 708
1659120 706
1659130 706
1659140 704
1659150 702
1659160 702
1659170 700
1659180 699
1659190 699
1659200 698
1659210 696
1659220 696
1659230 694
1659240 693
1659250 693
1659260 694
1659270 693
1659280 693
1659290 691
1659300 690
1659310 690
1659320 689
1659330 689
1659340 689
1659350 689
1659360 690
1659370 690
1659380 690
1659390 691
1659400 691
1659410 691
1659420 691
1659430 691
1659440 692
1659450 692
1659460 692
1659470 693
1659480 693
1659490 693
1659500 694
1659510 695
1659520 695
1659530 696
1659540 698
1659550 698
1659560 699
1659570 700
1659580 700
1659590 701
1659600 702
1659610 702
1659620 703
1659630 704
1659640 704
1659650 705
1659660 705
1659670 705
1659680 705
1659690 705
1659700 705
1659710 706
1659720 706
1659730 706
1659740 706
1659750 706
1659760 706
1659770 706
1659780 706
1659790 706
1659800 706
1659810 706
1659820 706
1659830 706
1659840 706
1659850 706
1659860 705
1659870 705
1659880 705
1659890 705
1659900 705
1659910 705
1659920 705
1659930 705
1659940 704
1659950 703
1659960 703
1659970 702
1659980 700
1659990 700
