1640000 538
1640010 539
1640020 539
1640030 540
1640040 542
1640050 542
1640060 542
1640070 543
1640080 543
1640090 543
1640100 545
1640110 545
1640120 545
1640130 548
1640140 548
1640150 551
1640160 553
1640170 553
1640180 554
1640190 555
1640200 555
1640210 556
1640220 557
1640230 557
1640240 558
1640250 559
1640260 559
1640270 559
1640280 558
1640290 558
1640300 558
1640310 558
1640320 558
1640330 559
1640340 560
1640350 560
1640360 560
1640370 561
1640380 561
1640390 563
1640400 566
1640410 566
1640420 570
1640430 574
1640440 574
1640450 579
1640460 583
1640470 583
1640480 586
1640490 589
1640500 589
1640510 591
1640520 594
1640530 594
1640540 595
1640550 597
1640560 597
1640570 597
1640580 598
1640590 598
1640600 597
1640610 595
1640620 595
1640630 594
1640640 593
1640650 593
1640660 591
1640670 590
1640680 590
1640690 589
1640700 589
1640710 589
1640720 588
1640730 588
1640740 588
1640750 590
1640760 591
1640770 591
1640780 591
1640790 589
1640800 589
1640810 589
1640820 589
1640830 589
1640840 589
1640850 589
1640860 589
1640870 589
1640880 588
1640890 588
1640900 588
1640910 588
1640920 588
1640930 589
1640940 591
1640950 591
1640960 593
1640970 596
1640980 596
1640990 598
1641000 600
1641010 600
1641020 603
1641030 605
1641040 605
1641050 608
1641060 608
1641070 610
1641080 613
1641090 613
1641100 616
1641110 619
1641120 619
1641130 622
1641140 625
1641150 625
1641160 628
1641170 631
1641180 631
1641190 634
1641200 637
1641210 637
1641220 639
1641230 642
1641240 642
1641250 645
1641260 647
1641270 647
1641280 648
1641290 649
1641300 649
1641310 651
1641320 652
1641330 652
1641340 652
1641350 652
1641360 652
1641370 653
1641380 652
1641390 652
1641400 652
1641410 651
1641420 651
1641430 650
1641440 649
1641450 649
1641460 648
1641470 646
1641480 646
1641490 644
1641500 642
1641510 642
1641520 639
1641530 637
1641540 637
1641550 635
1641560 634
1641570 634
1641580 633
1641590 631
1641600 631
1641610 630
1641620 626
1641630 626
1641640 624
1641650 622
1641660 622
1641670 621
1641680 619
1641690 619
1641700 617
1641710 614
1641720 614
1641730 611
1641740 607
1641750 607
1641760 603
1641770 599
1641780 599
1641790 595
1641800 590
1641810 590
1641820 585
1641830 580
1641840 580
1641850 576
1641860 572
1641870 572
1641880 570
1641890 570
1641900 570
1641910 571
1641920 575
1641930 575
1641940 578
1641950 582
1641960 582
1641970 587
1641980 592
1641990 592
1642000 597
1642010 598
1642020 598
1642030 599
1642040 599
1642050 599
1642060 598
1642070 597
1642080 597
1642090 596
1642100 594
1642110 594
1642120 592
1642130 590
1642140 590
1642150 587
1642160 586
1642170 586
1642180 583
1642190 580
1642200 580
1642210 578
1642220 576
1642230 576
1642240 575
1642250 574
1642260 574
1642270 572
1642280 570
1642290 570
1642300 568
1642310 566
1642320 566
1642330 563
1642340 560
1642350 560
1642360 557
1642370 554
1642380 554
1642390 550
1642400 547
1642410 547
1642420 545
1642430 543
1642440 540
1642450 537
1642460 533
1642470 533
1642480 530
1642490 530
1642500 530
1642510 533
1642520 538
1642530 538
1642540 543
1642550 548
1642560 548
1642570 552
1642580 554
1642590 554
1642600 556
1642610 559
1642620 559
1642630 562
1642640 565
1642650 565
1642660 567
1642670 570
1642680 570
1642690 572
1642700 573
1642710 573
1642720 574
1642730 576
1642740 576
1642750 576
1642760 576
1642770 576
1642780 576
1642790 575
1642800 575
1642810 572
1642820 567
1642830 567
1642840 561
1642850 555
1642860 555
1642870 549
1642880 543
1642890 543
1642900 537
1642910 532
1642920 532
1642930 526
1642940 520
1642950 520
1642960 517
1642970 517
1642980 517
1642990 518
1643000 520
1643010 520
1643020 523
1643030 526
1643040 526
1643050 529
1643060 531
1643070 531
1643080 533
1643090 534
1643100 534
1643110 535
1643120 535
1643130 535
1643140 534
1643150 533
1643160 533
1643170 533
1643180 533
1643190 533
1643200 531
1643210 528
1643220 528
1643230 525
1643240 523
1643250 523
1643260 522
1643270 522
1643280 522
1643290 521
1643300 521
1643310 521
1643320 522
1643330 523
1643340 523
1643350 523
1643360 522
1643370 522
1643380 522
1643390 522
1643400 522
1643410 522
1643420 522
1643430 522
1643440 522
1643450 522
1643460 522
1643470 522
1643480 522
1643490 522
1643500 522
1643510 522
1643520 522
1643530 522
1643540 522
1643550 522
1643560 522
1643570 522
1643580 522
1643590 522
1643600 522
1643610 522
1643620 522
1643630 522
1643640 522
1643650 522
1643660 522
1643670 522
1643680 522
1643690 522
1643700 523
1643710 523
1643720 523
1643730 523
1643740 523
1643750 523
1643760 523
1643770 523
1643780 523
1643790 523
1643800 523
1643810 523
1643820 522
1643830 522
1643840 522
1643850 523
1643860 524
1643870 524
1643880 525
1643890 530
1643900 530
1643910 532
1643920 535
1643930 535
1643940 540
1643950 545
1643960 545
1643970 549
1643980 552
1643990 552
1644000 556
1644010 561
1644020 561
1644030 565
1644040 568
1644050 568
1644060 571
1644070 574
1644080 574
1644090 574
1644100 573
1644110 573
1644120 570
1644130 567
1644140 567
1644150 563
1644160 560
1644170 560
1644180 557
1644190 553
1644200 553
1644210 552
1644220 551
1644230 551
1644240 550
1644250 548
1644260 548
1644270 547
1644280 546
1644290 546
1644300 547
1644310 548
1644320 548
1644330 549
1644340 552
1644350 552
1644360 556
1644370 559
1644380 559
1644390 563
1644400 566
1644410 566
1644420 569
1644430 572
1644440 572
1644450 575
1644460 579
1644470 579
1644480 583
1644490 588
1644500 588
1644510 593
1644520 599
1644530 599
1644540 603
1644550 607
1644560 607
1644570 613
1644580 616
1644590 616
1644600 620
1644610 623
1644620 623
1644630 626
1644640 625
1644650 625
1644660 623
1644670 620
1644680 620
1644690 618
1644700 619
1644710 619
1644720 620
1644730 622
1644740 622
1644750 625
1644760 628
1644770 628
1644780 633
1644790 636
1644800 636
1644810 640
1644820 644
1644830 644
1644840 647
1644850 650
1644860 650
1644870 652
1644880 654
1644890 656
1644900 658
1644910 659
1644920 659
1644930 659
1644940 659
1644950 659
1644960 658
1644970 657
1644980 657
1644990 655
1645000 652
1645010 652
1645020 649
1645030 646
1645040 646
1645050 642
1645060 638
1645070 638
1645080 633
1645090 629
1645100 629
1645110 625
1645120 622
1645130 622
1645140 619
1645150 619
1645160 619
1645170 621
1645180 624
1645190 624
1645200 627
1645210 629
1645220 629
1645230 631
1645240 633
1645250 633
1645260 636
1645270 640
1645280 640
1645290 643
1645300 644
1645310 644
1645320 645
1645330 645
1645340 645
1645350 645
1645360 644
1645370 644
1645380 644
1645390 643
1645400 643
1645410 643
1645420 642
1645430 642
1645440 641
1645450 639
1645460 639
1645470 638
1645480 637
1645490 637
1645500 636
1645510 636
1645520 636
1645530 635
1645540 634
1645550 634
1645560 633
1645570 630
1645580 630
1645590 627
1645600 623
1645610 623
1645620 620
1645630 617
1645640 617
1645650 615
1645660 613
1645670 613
1645680 610
1645690 607
1645700 610
1645710 607
1645720 604
1645730 604
1645740 603
1645750 603
1645760 603
1645770 603
1645780 604
1645790 604
1645800 606
1645810 610
1645820 610
1645830 616
1645840 620
1645850 620
1645860 623
1645870 625
1645880 625
1645890 625
1645900 625
1645910 625
1645920 624
1645930 623
1645940 623
1645950 622
1645960 622
1645970 622
1645980 622
1645990 622
1646000 622
1646010 622
1646020 622
1646030 622
1646040 622
1646050 622
1646060 622
1646070 622
1646080 623
1646090 623
1646100 624
1646110 627
1646120 627
1646130 629
1646140 632
1646150 632
1646160 635
1646170 635
1646180 637
1646190 639
1646200 639
1646210 641
1646220 642
1646230 642
1646240 643
1646250 645
1646260 645
1646270 646
1646280 647
1646290 647
1646300 648
1646310 649
1646320 649
1646330 650
1646340 651
1646350 651
1646360 652
1646370 652
1646380 652
1646390 653
1646400 654
1646410 654
1646420 655
1646430 656
1646440 656
1646450 657
1646460 658
1646470 658
1646480 658
1646490 659
1646500 659
1646510 659
1646520 659
1646530 659
1646540 658
1646550 658
1646560 658
1646570 658
1646580 658
1646590 658
1646600 658
1646610 657
1646620 657
1646630 656
1646640 656
1646650 656
1646660 657
1646670 658
1646680 658
1646690 659
1646700 660
1646710 660
1646720 661
1646730 662
1646740 662
1646750 662
1646760 663
1646770 663
1646780 663
1646790 663
1646800 663
1646810 663
1646820 663
1646830 663
1646840 663
1646850 662
1646860 662
1646870 662
1646880 662
1646890 662
1646900 662
1646910 662
1646920 662
1646930 663
1646940 663
1646950 663
1646960 663
1646970 663
1646980 663
1646990 664
1647000 665
1647010 665
1647020 665
1647030 666
1647040 666
1647050 666
1647060 666
1647070 666
1647080 666
1647090 666
1647100 666
1647110 666
1647120 666
1647130 666
1647140 667
1647150 668
1647160 668
1647170 669
1647180 672
1647190 672
1647200 674
1647210 677
1647220 677
1647230 680
1647240 683
1647250 683
1647260 685
1647270 687
1647280 687
1647290 687
1647300 688
1647310 687
1647320 687
1647330 687
1647340 687
1647350 687
1647360 686
1647370 686
1647380 686
1647390 686
1647400 686
1647410 686
1647420 685
1647430 685
1647440 685
1647450 684
1647460 684
1647470 684
1647480 683
1647490 683
1647500 683
1647510 682
1647520 682
1647530 682
1647540 681
1647550 681
1647560 680
1647570 679
1647580 679
1647590 678
1647600 674
1647610 674
1647620 672
1647630 670
1647640 670
1647650 669
1647660 668
1647670 668
1647680 668
1647690 669
1647700 669
1647710 669
1647720 668
1647730 668
1647740 668
1647750 668
1647760 668
1647770 667
1647780 667
1647790 667
1647800 667
1647810 666
1647820 666
1647830 666
1647840 665
1647850 665
1647860 665
1647870 664
1647880 664
1647890 664
1647900 663
1647910 663
1647920 662
1647930 661
1647940 661
1647950 660
1647960 659
1647970 659
1647980 657
1647990 655
1648000 655
1648010 652
1648020 650
1648030 650
1648040 648
1648050 646
1648060 646
1648070 643
1648080 641
1648090 641
1648100 639
1648110 639
1648120 639
1648130 639
1648140 639
1648150 639
1648160 639
1648170 639
1648180 639
1648190 640
1648200 642
1648210 642
1648220 645
1648230 648
1648240 648
1648250 649
1648260 651
1648270 651
1648280 653
1648290 656
1648300 656
1648310 660
1648320 663
1648330 663
1648340 666
1648350 668
1648360 668
1648370 668
1648380 669
1648390 669
1648400 670
1648410 670
1648420 670
1648430 669
1648440 668
1648450 668
1648460 667
1648470 668
1648480 668
1648490 668
1648500 668
1648510 668
1648520 668
1648530 667
1648540 667
1648550 667
1648560 666
1648570 666
1648580 666
1648590 664
1648600 664
1648610 663
1648620 660
1648630 660
1648640 656
1648650 653
1648660 653
1648670 651
1648680 648
1648690 648
1648700 646
1648710 646
1648720 645
1648730 645
1648740 645
1648750 646
1648760 647
1648770 647
1648780 647
1648790 646
1648800 646
1648810 645
1648820 643
1648830 643
1648840 641
1648850 639
1648860 639
1648870 636
1648880 636
1648890 636
1648900 633
1648910 634
1648920 634
1648930 635
1648940 637
1648950 637
1648960 638
1648970 637
1648980 637
1648990 636
1649000 637
1649010 637
1649020 638
1649030 639
1649040 639
1649050 639
1649060 639
1649070 639
1649080 639
1649090 637
1649100 637
1649110 635
1649120 632
1649130 632
1649140 631
1649150 629
1649160 629
1649170 629
1649180 629
1649190 629
1649200 629
1649210 631
1649220 631
1649230 632
1649240 634
1649250 634
1649260 635
1649270 635
1649280 635
1649290 635
1649300 636
1649310 636
1649320 637
1649330 638
1649340 638
1649350 641
1649360 644
1649370 644
1649380 648
1649390 653
1649400 653
1649410 657
1649420 661
1649430 661
1649440 664
1649450 667
1649460 667
1649470 670
1649480 673
1649490 673
1649500 675
1649510 677
1649520 677
1649530 679
1649540 681
1649550 681
1649560 681
1649570 682
1649580 682
1649590 681
1649600 678
1649610 678
1649620 679
1649630 681
1649640 681
1649650 683
1649660 684
1649670 684
1649680 686
1649690 687
1649700 687
1649710 689
1649720 691
1649730 691
1649740 694
1649750 697
1649760 697
1649770 700
1649780 702
1649790 702
1649800 705
1649810 709
1649820 709
1649830 712
1649840 716
1649850 716
1649860 719
1649870 722
1649880 722
1649890 724
1649900 727
1649910 727
1649920 730
1649930 733
1649940 733
1649950 736
1649960 740
1649970 740
1649980 743
1649990 747
1650000 747
1650010 752
1650020 757
1650030 757
1650040 762
1650050 767
1650060 767
1650070 772
1650080 776
1650090 776
1650100 781
1650110 785
1650120 785
1650130 790
1650140 793
1650150 793
1650160 796
1650170 799
1650180 799
1650190 802
1650200 804
1650210 804
1650220 806
1650230 808
1650240 808
1650250 809
1650260 810
1650270 810
1650280 812
1650290 813
1650300 813
1650310 813
1650320 813
1650330 813
1650340 814
1650350 814
1650360 814
1650370 815
1650380 815
1650390 815
1650400 816
1650410 817
1650420 817
1650430 817
1650440 818
1650450 818
1650460 819
1650470 817
1650480 817
1650490 818
1650500 820
1650510 820
1650520 822
1650530 824
1650540 824
1650550 826
1650560 827
1650570 827
1650580 829
1650590 831
1650600 831
1650610 833
1650620 834
1650630 834
1650640 835
1650650 836
1650660 836
1650670 837
1650680 838
1650690 838
1650700 839
1650710 840
1650720 840
1650730 841
1650740 843
1650750 843
1650760 845
1650770 846
1650780 846
1650790 846
1650800 847
1650810 847
1650820 846
1650830 845
1650840 845
1650850 842
1650860 839
1650870 839
1650880 836
1650890 833
1650900 833
1650910 829
1650920 827
1650930 827
1650940 824
1650950 820
1650960 820
1650970 817
1650980 814
1650990 814
1651000 810
1651010 807
1651020 807
1651030 805
1651040 803
1651050 803
1651060 801
1651070 798
1651080 798
1651090 795
1651100 793
1651110 793
1651120 791
1651130 790
1651140 790
1651150 788
1651160 787
1651170 787
1651180 786
1651190 784
1651200 784
1651210 783
1651220 781
1651230 781
1651240 780
1651250 780
1651260 775
1651270 773
1651280 773
1651290 772
1651300 770
1651310 770
1651320 766
1651330 763
1651340 763
1651350 761
1651360 761
1651370 761
1651380 760
1651390 760
1651400 760
1651410 759
1651420 758
1651430 758
1651440 757
1651450 756
1651460 756
1651470 755
1651480 754
1651490 754
1651500 753
1651510 753
1651520 753
1651530 753
1651540 753
1651550 753
1651560 753
1651570 753
1651580 753
1651590 754
1651600 754
1651610 754
1651620 755
1651630 756
1651640 756
1651650 757
1651660 758
1651670 758
1651680 761
1651690 765
1651700 765
1651710 769
1651720 773
1651730 773
1651740 776
1651750 779
1651760 779
1651770 782
1651780 784
1651790 784
1651800 786
1651810 788
1651820 788
1651830 790
1651840 792
1651850 792
1651860 792
1651870 793
1651880 793
1651890 794
1651900 794
1651910 794
1651920 795
1651930 794
1651940 794
1651950 793
1651960 792
1651970 792
1651980 791
1651990 791
1652000 791
1652010 790
1652020 788
1652030 786
1652040 785
1652050 783
1652060 783
1652070 782
1652080 781
1652090 781
1652100 781
1652110 780
1652120 780
1652130 781
1652140 781
1652150 781
1652160 781
1652170 780
1652180 780
1652190 780
1652200 779
1652210 779
1652220 777
1652230 776
1652240 776
1652250 774
1652260 773
1652270 773
1652280 772
1652290 772
1652300 772
1652310 772
1652320 774
1652330 774
1652340 779
1652350 781
1652360 781
1652370 782
1652380 781
1652390 781
1652400 781
1652410 779
1652420 779
1652430 777
1652440 775
1652450 775
1652460 772
1652470 770
1652480 770
1652490 769
1652500 768
1652510 768
1652520 768
1652530 768
1652540 768
1652550 768
1652560 768
1652570 768
1652580 768
1652590 768
1652600 768
1652610 769
1652620 770
1652630 770
1652640 771
1652650 772
1652660 772
1652670 772
1652680 773
1652690 773
1652700 774
1652710 775
1652720 775
1652730 776
1652740 777
1652750 777
1652760 778
1652770 778
1652780 778
1652790 779
1652800 779
1652810 776
1652820 776
1652830 776
1652840 776
1652850 776
1652860 776
1652870 776
1652880 775
1652890 775
1652900 775
1652910 774
1652920 773
1652930 773
1652940 772
1652950 771
1652960 771
1652970 768
1652980 764
1652990 764
1653000 758
1653010 753
1653020 753
1653030 749
1653040 746
1653050 746
1653060 741
1653070 737
1653080 737
1653090 733
1653100 730
1653110 730
1653120 726
1653130 723
1653140 723
1653150 720
1653160 718
1653170 718
1653180 716
1653190 712
1653200 712
1653210 708
1653220 705
1653230 705
1653240 702
1653250 701
1653260 701
1653270 700
1653280 699
1653290 699
1653300 698
1653310 696
1653320 696
1653330 694
1653340 691
1653350 691
1653360 688
1653370 684
1653380 684
1653390 680
1653400 679
1653410 679
1653420 679
1653430 681
1653440 681
1653450 684
1653460 689
1653470 689
1653480 693
1653490 696
1653500 696
1653510 697
1653520 697
1653530 697
1653540 696
1653550 694
1653560 694
1653570 691
1653580 685
1653590 685
1653600 684
1653610 683
1653620 683
1653630 683
1653640 683
1653650 683
1653660 684
1653670 684
1653680 684
1653690 685
1653700 686
1653710 686
1653720 686
1653730 687
1653740 687
1653750 689
1653760 691
1653770 691
1653780 694
1653790 694
1653800 697
1653810 699
1653820 699
1653830 701
1653840 704
1653850 704
1653860 705
1653870 708
1653880 708
1653890 710
1653900 713
1653910 713
1653920 715
1653930 719
1653940 719
1653950 721
1653960 724
1653970 724
1653980 728
1653990 731
1654000 731
1654010 733
1654020 735
1654030 735
1654040 737
1654050 738
1654060 738
1654070 740
1654080 743
1654090 743
1654100 745
1654110 747
1654120 747
1654130 749
1654140 751
1654150 751
1654160 752
1654170 754
1654180 754
1654190 755
1654200 755
1654210 755
1654220 755
1654230 753
1654240 753
1654250 752
1654260 751
1654270 751
1654280 751
1654290 752
1654300 752
1654310 752
1654320 753
1654330 753
1654340 754
1654350 759
1654360 759
1654370 760
1654380 762
1654390 762
1654400 763
1654410 764
1654420 764
1654430 764
1654440 764
1654450 764
1654460 765
1654470 765
1654480 765
1654490 767
1654500 769
1654510 769
1654520 771
1654530 773
1654540 773
1654550 774
1654560 775
1654570 775
1654580 777
1654590 779
1654600 779
1654610 780
1654620 781
1654630 781
1654640 782
1654650 782
1654660 782
1654670 783
1654680 785
1654690 785
1654700 786
1654710 787
1654720 787
1654730 788
1654740 789
1654750 789
1654760 790
1654770 791
1654780 791
1654790 792
1654800 792
1654810 792
1654820 793
1654830 793
1654840 793
1654850 793
1654860 792
1654870 792
1654880 792
1654890 790
1654900 790
1654910 789
1654920 788
1654930 788
1654940 786
1654950 784
1654960 784
1654970 782
1654980 780
1654990 780
1655000 778
1655010 776
1655020 776
1655030 774
1655040 771
1655050 771
1655060 769
1655070 767
1655080 767
1655090 764
1655100 762
1655110 761
1655120 758
1655130 756
1655140 756
1655150 754
1655160 753
1655170 753
1655180 752
1655190 750
1655200 750
1655210 749
1655220 748
1655230 748
1655240 746
1655250 744
1655260 744
1655270 743
1655280 743
1655290 743
1655300 744
1655310 746
1655320 746
1655330 748
1655340 749
1655350 749
1655360 749
1655370 750
1655380 750
1655390 750
1655400 751
1655410 751
1655420 750
1655430 749
1655440 749
1655450 746
1655460 745
1655470 745
1655480 745
1655490 746
1655500 746
1655510 748
1655520 750
1655530 750
1655540 752
1655550 753
1655560 753
1655570 753
1655580 753
1655590 753
1655600 753
1655610 754
1655620 754
1655630 754
1655640 753
1655650 753
1655660 752
1655670 751
1655680 751
1655690 750
1655700 749
1655710 749
1655720 748
1655730 747
1655740 747
1655750 746
1655760 745
1655770 745
1655780 745
1655790 745
1655800 745
1655810 746
1655820 747
1655830 747
1655840 747
1655850 746
1655860 746
1655870 745
1655880 744
1655890 744
1655900 743
1655910 742
1655920 742
1655930 741
1655940 740
1655950 740
1655960 738
1655970 735
1655980 735
1655990 730
1656000 726
1656010 726
1656020 723
1656030 721
1656040 721
1656050 720
1656060 718
1656070 718
1656080 716
1656090 715
1656100 715
1656110 718
1656120 721
1656130 721
1656140 725
1656150 730
1656160 730
1656170 734
1656180 738
1656190 738
1656200 739
1656210 737
1656220 737
1656230 733
1656240 730
1656250 730
1656260 727
1656270 724
1656280 724
1656290 722
1656300 722
1656310 718
1656320 715
1656330 715
1656340 711
1656350 708
1656360 708
1656370 705
1656380 701
1656390 701
1656400 698
1656410 695
1656420 695
1656430 693
1656440 690
1656450 690
1656460 687
1656470 684
1656480 684
1656490 682
1656500 679
1656510 679
1656520 676
1656530 674
1656540 674
1656550 673
1656560 671
1656570 671
1656580 670
1656590 668
1656600 668
1656610 667
1656620 664
1656630 663
1656640 661
1656650 658
1656660 658
1656670 658
1656680 658
1656690 658
1656700 659
1656710 659
1656720 659
1656730 659
1656740 660
1656750 660
1656760 662
1656770 663
1656780 663
1656790 666
1656800 669
1656810 669
1656820 672
1656830 676
1656840 676
1656850 682
1656860 687
1656870 687
1656880 691
1656890 696
1656900 696
1656910 700
1656920 702
1656930 702
1656940 700
1656950 697
1656960 697
1656970 692
1656980 687
1656990 687
1657000 679
1657010 671
1657020 671
1657030 665
1657040 659
1657050 659
1657060 654
1657070 651
1657080 651
1657090 650
1657100 654
1657110 654
1657120 661
1657130 668
1657140 668
1657150 674
1657160 678
1657170 678
1657180 684
1657190 690
1657200 690
1657210 696
1657220 701
1657230 701
1657240 706
1657250 710
1657260 710
1657270 713
1657280 717
1657290 717
1657300 719
1657310 722
1657320 722
1657330 724
1657340 725
1657350 725
1657360 727
1657370 728
1657380 728
1657390 729
1657400 731
1657410 731
1657420 733
1657430 734
1657440 734
1657450 735
1657460 737
1657470 737
1657480 738
1657490 739
1657500 739
1657510 741
1657520 742
1657530 742
1657540 744
1657550 747
1657560 747
1657570 749
1657580 751
1657590 751
1657600 753
1657610 755
1657620 755
1657630 757
1657640 758
1657650 758
1657660 759
1657670 760
1657680 760
1657690 761
1657700 761
1657710 761
1657720 761
1657730 761
1657740 761
1657750 761
1657760 760
1657770 760
1657780 760
1657790 759
1657800 759
1657810 759
1657820 758
1657830 758
1657840 758
1657850 757
1657860 757
1657870 757
1657880 757
1657890 757
1657900 757
1657910 756
1657920 756
1657930 756
1657940 755
1657950 755
1657960 754
1657970 754
1657980 754
1657990 753
1658000 752
1658010 752
1658020 752
1658030 751
1658040 751
1658050 751
1658060 750
1658070 750
1658080 750
1658090 749
1658100 749
1658110 748
1658120 747
1658130 749
1658140 748
1658150 746
1658160 746
1658170 746
1658180 745
1658190 745
1658200 745
1658210 745
1658220 745
1658230 745
1658240 745
1658250 745
1658260 746
1658270 746
1658280 746
1658290 746
1658300 746
1658310 746
1658320 747
1658330 747
1658340 747
1658350 747
1658360 748
1658370 748
1658380 748
1658390 748
1658400 748
1658410 749
1658420 749
1658430 749
1658440 749
1658450 750
1658460 750
1658470 750
1658480 751
1658490 751
1658500 751
1658510 751
1658520 751
1658530 752
1658540 752
1658550 752
1658560 752
1658570 751
1658580 751
1658590 751
1658600 751
1658610 751
1658620 752
1658630 752
1658640 752
1658650 753
1658660 753
1658670 753
1658680 756
1658690 760
1658700 760
1658710 763
1658720 765
1658730 765
1658740 765
1658750 764
1658760 764
1658770 764
1658780 763
1658790 763
1658800 763
1658810 763
1658820 763
1658830 763
1658840 763
1658850 763
1658860 763
1658870 763
1658880 763
1658890 764
1658900 764
1658910 765
1658920 766
1658930 766
1658940 768
1658950 768
1658960 768
1658970 769
1658980 769
1658990 769
1659000 770
1659010 770
1659020 770
1659030 771
1659040 771
1659050 771
1659060 770
1659070 770
1659080 770
1659090 772
1659100 773
1659110 773
1659120 774
1659130 775
1659140 775
1659150 775
1659160 775
1659170 775
1659180 775
1659190 776
1659200 776
1659210 776
1659220 777
1659230 777
1659240 777
1659250 778
1659260 778
1659270 779
1659280 780
1659290 780
1659300 781
1659310 783
1659320 783
1659330 784
1659340 787
1659350 787
1659360 790
1659370 792
1659380 792
1659390 795
1659400 797
1659410 797
1659420 799
1659430 800
1659440 800
1659450 802
1659460 804
1659470 804
1659480 805
1659490 806
1659500 806
1659510 808
1659520 808
1659530 808
1659540 809
1659550 809
1659560 809
1659570 809
1659580 809
1659590 809
1659600 810
1659610 810
1659620 810
1659630 810
1659640 810
1659650 810
1659660 809
1659670 809
1659680 809
1659690 809
1659700 809
1659710 809
1659720 809
1659730 809
1659740 809
1659750 808
1659760 808
1659770 808
1659780 807
1659790 806
1659800 806
1659810 805
1659820 805
1659830 805
1659840 804
1659850 804
1659860 804
1659870 804
1659880 803
1659890 803
1659900 802
1659910 802
1659920 802
1659930 801
1659940 800
1659950 800
1659960 799
1659970 798
1659980 798
1659990 797
