1640000 566
1640010 565
1640020 565
1640030 563
1640040 560
1640050 560
1640060 556
1640070 551
1640080 551
1640090 546
1640100 543
1640110 543
1640120 541
1640130 539
1640140 539
1640150 539
1640160 539
1640170 539
1640180 539
1640190 538
1640200 538
1640210 535
1640220 532
1640230 532
1640240 528
1640250 525
1640260 525
1640270 523
1640280 522
1640290 522
1640300 523
1640310 522
1640320 522
1640330 521
1640340 520
1640350 520
1640360 519
1640370 519
1640380 519
1640390 519
1640400 520
1640410 520
1640420 521
1640430 522
1640440 522
1640450 523
1640460 523
1640470 523
1640480 522
1640490 519
1640500 519
1640510 517
1640520 515
1640530 515
1640540 513
1640550 511
1640560 511
1640570 509
1640580 508
1640590 508
1640600 507
1640610 507
1640620 507
1640630 506
1640640 506
1640650 506
1640660 506
1640670 505
1640680 505
1640690 505
1640700 505
1640710 505
1640720 505
1640730 505
1640740 505
1640750 505
1640760 505
1640770 505
1640780 505
1640790 505
1640800 505
1640810 505
1640820 505
1640830 505
1640840 505
1640850 505
1640860 505
1640870 505
1640880 505
1640890 505
1640900 505
1640910 505
1640920 505
1640930 505
1640940 505
1640950 505
1640960 506
1640970 508
1640980 508
1640990 511
1641000 512
1641010 512
1641020 513
1641030 514
1641040 514
1641050 516
1641060 518
1641070 518
1641080 519
1641090 521
1641100 521
1641110 521
1641120 521
1641130 521
1641140 522
1641150 522
1641160 523
1641170 525
1641180 525
1641190 528
1641200 530
1641210 530
1641220 530
1641230 530
1641240 530
1641250 530
1641260 528
1641270 528
1641280 526
1641290 524
1641300 524
1641310 522
1641320 519
1641330 519
1641340 517
1641350 515
1641360 515
1641370 514
1641380 515
1641390 515
1641400 516
1641410 517
1641420 517
1641430 519
1641440 522
1641450 522
1641460 527
1641470 531
1641480 531
1641490 536
1641500 540
1641510 540
1641520 547
1641530 550
1641540 550
1641550 553
1641560 556
1641570 556
1641580 558
1641590 560
1641600 560
1641610 563
1641620 565
1641630 565
1641640 567
1641650 568
1641660 568
1641670 570
1641680 572
1641690 572
1641700 574
1641710 577
1641720 577
1641730 579
1641740 581
1641750 581
1641760 584
1641770 587
1641780 587
1641790 591
1641800 592
1641810 592
1641820 592
1641830 591
1641840 591
1641850 589
1641860 587
1641870 587
1641880 584
1641890 582
1641900 582
1641910 580
1641920 579
1641930 579
1641940 579
1641950 580
1641960 580
1641970 580
1641980 581
1641990 581
1642000 581
1642010 580
1642020 580
1642030 578
1642040 576
1642050 576
1642060 573
1642070 569
1642080 569
1642090 565
1642100 562
1642110 562
1642120 559
1642130 557
1642140 557
1642150 555
1642160 555
1642170 555
1642180 555
1642190 557
1642200 557
1642210 559
1642220 560
1642230 560
1642240 560
1642250 556
1642260 556
1642270 551
1642280 544
1642290 544
1642300 540
1642310 541
1642320 541
1642330 545
1642340 550
1642350 547
1642360 552
1642370 557
1642380 557
1642390 560
1642400 563
1642410 563
1642420 566
1642430 569
1642440 569
1642450 573
1642460 576
1642470 576
1642480 580
1642490 583
1642500 583
1642510 586
1642520 590
1642530 590
1642540 593
1642550 596
1642560 596
1642570 599
1642580 601
1642590 601
1642600 604
1642610 606
1642620 606
1642630 608
1642640 610
1642650 610
1642660 612
1642670 614
1642680 614
1642690 616
1642700 616
1642710 616
1642720 616
1642730 613
1642740 613
1642750 610
1642760 607
1642770 607
1642780 605
1642790 605
1642800 605
1642810 605
1642820 607
1642830 607
1642840 609
1642850 612
1642860 612
1642870 614
1642880 617
1642890 617
1642900 620
1642910 623
1642920 623
1642930 626
1642940 631
1642950 631
1642960 635
1642970 638
1642980 638
1642990 641
1643000 645
1643010 645
1643020 649
1643030 652
1643040 652
1643050 655
1643060 658
1643070 658
1643080 660
1643090 663
1643100 663
1643110 665
1643120 669
1643130 669
1643140 672
1643150 675
1643160 675
1643170 677
1643180 679
1643190 679
1643200 681
1643210 684
1643220 684
1643230 687
1643240 689
1643250 689
1643260 690
1643270 692
1643280 692
1643290 694
1643300 697
1643310 697
1643320 701
1643330 703
1643340 703
1643350 706
1643360 709
1643370 709
1643380 712
1643390 714
1643400 714
1643410 715
1643420 718
1643430 718
1643440 720
1643450 720
1643460 724
1643470 725
1643480 725
1643490 726
1643500 726
1643510 726
1643520 725
1643530 724
1643540 724
1643550 723
1643560 721
1643570 721
1643580 718
1643590 714
1643600 714
1643610 709
1643620 705
1643630 705
1643640 699
1643650 694
1643660 694
1643670 690
1643680 685
1643690 685
1643700 680
1643710 677
1643720 677
1643730 674
1643740 671
1643750 671
1643760 667
1643770 663
1643780 663
1643790 660
1643800 657
1643810 657
1643820 654
1643830 651
1643840 651
1643850 650
1643860 649
1643870 649
1643880 648
1643890 647
1643900 647
1643910 647
1643920 646
1643930 646
1643940 645
1643950 643
1643960 643
1643970 641
1643980 639
1643990 637
1644000 635
1644010 634
1644020 634
1644030 632
1644040 631
1644050 631
1644060 629
1644070 627
1644080 627
1644090 625
1644100 623
1644110 623
1644120 620
1644130 618
1644140 618
1644150 616
1644160 611
1644170 611
1644180 607
1644190 604
1644200 604
1644210 602
1644220 599
1644230 599
1644240 597
1644250 596
1644260 596
1644270 595
1644280 595
1644290 595
1644300 596
1644310 598
1644320 598
1644330 601
1644340 603
1644350 603
1644360 605
1644370 605
1644380 605
1644390 605
1644400 604
1644410 604
1644420 602
1644430 598
1644440 598
1644450 593
1644460 587
1644470 587
1644480 582
1644490 581
1644500 581
1644510 582
1644520 586
1644530 586
1644540 588
1644550 589
1644560 589
1644570 588
1644580 586
1644590 586
1644600 582
1644610 578
1644620 578
1644630 574
1644640 571
1644650 571
1644660 566
1644670 560
1644680 560
1644690 555
1644700 552
1644710 552
1644720 548
1644730 544
1644740 544
1644750 541
1644760 539
1644770 539
1644780 537
1644790 536
1644800 538
1644810 537
1644820 537
1644830 537
1644840 538
1644850 542
1644860 542
1644870 546
1644880 550
1644890 550
1644900 554
1644910 558
1644920 558
1644930 563
1644940 567
1644950 567
1644960 571
1644970 576
1644980 576
1644990 583
1645000 589
1645010 589
1645020 594
1645030 597
1645040 597
1645050 600
1645060 602
1645070 602
1645080 602
1645090 603
1645100 603
1645110 605
1645120 607
1645130 607
1645140 609
1645150 611
1645160 611
1645170 613
1645180 616
1645190 616
1645200 619
1645210 621
1645220 621
1645230 624
1645240 627
1645250 627
1645260 631
1645270 635
1645280 635
1645290 639
1645300 643
1645310 643
1645320 647
1645330 651
1645340 651
1645350 655
1645360 659
1645370 659
1645380 661
1645390 664
1645400 664
1645410 668
1645420 672
1645430 672
1645440 676
1645450 679
1645460 679
1645470 682
1645480 685
1645490 685
1645500 687
1645510 689
1645520 689
1645530 692
1645540 696
1645550 696
1645560 698
1645570 700
1645580 700
1645590 701
1645600 701
1645610 696
1645620 697
1645630 698
1645640 698
1645650 700
1645660 705
1645670 705
1645680 712
1645690 721
1645700 721
1645710 722
1645720 716
1645730 716
1645740 703
1645750 696
1645760 696
1645770 693
1645780 693
1645790 690
1645800 687
1645810 687
1645820 684
1645830 681
1645840 681
1645850 678
1645860 673
1645870 673
1645880 667
1645890 661
1645900 661
1645910 657
1645920 652
1645930 652
1645940 649
1645950 646
1645960 646
1645970 642
1645980 640
1645990 640
1646000 638
1646010 636
1646020 636
1646030 634
1646040 632
1646050 632
1646060 631
1646070 628
1646080 628
1646090 625
1646100 622
1646110 622
1646120 619
1646130 617
1646140 617
1646150 615
1646160 613
1646170 613
1646180 611
1646190 609
1646200 609
1646210 608
1646220 608
1646230 608
1646240 607
1646250 605
1646260 605
1646270 601
1646280 597
1646290 597
1646300 593
1646310 590
1646320 590
1646330 588
1646340 586
1646350 586
1646360 585
1646370 583
1646380 583
1646390 582
1646400 580
1646410 580
1646420 577
1646430 576
1646440 576
1646450 574
1646460 573
1646470 573
1646480 572
1646490 572
1646500 572
1646510 571
1646520 572
1646530 572
1646540 572
1646550 573
1646560 573
1646570 573
1646580 572
1646590 572
1646600 571
1646610 569
1646620 569
1646630 566
1646640 563
1646650 563
1646660 562
1646670 562
1646680 562
1646690 563
1646700 564
1646710 564
1646720 567
1646730 571
1646740 571
1646750 574
1646760 577
1646770 577
1646780 580
1646790 583
1646800 583
1646810 586
1646820 589
1646830 589
1646840 592
1646850 594
1646860 594
1646870 596
1646880 599
1646890 599
1646900 600
1646910 600
1646920 600
1646930 601
1646940 602
1646950 602
1646960 602
1646970 603
1646980 603
1646990 603
1647000 604
1647010 604
1647020 604
1647030 604
1647040 604
1647050 604
1647060 604
1647070 604
1647080 604
1647090 604
1647100 604
1647110 604
1647120 603
1647130 603
1647140 602
1647150 600
1647160 600
1647170 598
1647180 596
1647190 596
1647200 594
1647210 592
1647220 591
1647230 589
1647240 588
1647250 588
1647260 587
1647270 584
1647280 584
1647290 584
1647300 585
1647310 585
1647320 586
1647330 588
1647340 588
1647350 590
1647360 592
1647370 592
1647380 594
1647390 597
1647400 597
1647410 598
1647420 599
1647430 599
1647440 600
1647450 600
1647460 600
1647470 600
1647480 599
1647490 599
1647500 598
1647510 596
1647520 596
1647530 593
1647540 590
1647550 590
1647560 587
1647570 586
1647580 586
1647590 585
1647600 586
1647610 586
1647620 588
1647630 592
1647640 592
1647650 595
1647660 597
1647670 597
1647680 599
1647690 600
1647700 600
1647710 600
1647720 600
1647730 600
1647740 598
1647750 597
1647760 597
1647770 597
1647780 598
1647790 598
1647800 599
1647810 599
1647820 599
1647830 600
1647840 601
1647850 601
1647860 601
1647870 602
1647880 602
1647890 602
1647900 603
1647910 603
1647920 604
1647930 604
1647940 604
1647950 605
1647960 606
1647970 606
1647980 607
1647990 608
1648000 608
1648010 609
1648020 611
1648030 611
1648040 613
1648050 615
1648060 615
1648070 616
1648080 618
1648090 618
1648100 620
1648110 620
1648120 622
1648130 622
1648140 622
1648150 623
1648160 624
1648170 624
1648180 624
1648190 624
1648200 624
1648210 625
1648220 625
1648230 625
1648240 625
1648250 624
1648260 624
1648270 623
1648280 623
1648290 623
1648300 623
1648310 623
1648320 623
1648330 623
1648340 622
1648350 622
1648360 621
1648370 619
1648380 619
1648390 617
1648400 615
1648410 615
1648420 613
1648430 611
1648440 611
1648450 607
1648460 605
1648470 605
1648480 604
1648490 602
1648500 602
1648510 600
1648520 598
1648530 598
1648540 596
1648550 595
1648560 595
1648570 594
1648580 593
1648590 593
1648600 592
1648610 592
1648620 592
1648630 590
1648640 588
1648650 588
1648660 587
1648670 587
1648680 587
1648690 587
1648700 587
1648710 587
1648720 588
1648730 591
1648740 591
1648750 594
1648760 597
1648770 597
1648780 599
1648790 602
1648800 602
1648810 608
1648820 610
1648830 610
1648840 613
1648850 614
1648860 614
1648870 615
1648880 615
1648890 615
1648900 613
1648910 611
1648920 611
1648930 609
1648940 607
1648950 607
1648960 607
1648970 607
1648980 607
1648990 609
1649000 611
1649010 611
1649020 613
1649030 616
1649040 616
1649050 619
1649060 621
1649070 621
1649080 622
1649090 625
1649100 625
1649110 628
1649120 630
1649130 630
1649140 631
1649150 633
1649160 633
1649170 636
1649180 639
1649190 639
1649200 642
1649210 645
1649220 645
1649230 649
1649240 653
1649250 653
1649260 656
1649270 659
1649280 659
1649290 663
1649300 667
1649310 667
1649320 671
1649330 676
1649340 676
1649350 682
1649360 687
1649370 687
1649380 692
1649390 696
1649400 696
1649410 700
1649420 705
1649430 705
1649440 710
1649450 715
1649460 715
1649470 719
1649480 722
1649490 722
1649500 726
1649510 729
1649520 729
1649530 731
1649540 732
1649550 732
1649560 733
1649570 733
1649580 733
1649590 734
1649600 733
1649610 733
1649620 733
1649630 733
1649640 733
1649650 734
1649660 735
1649670 735
1649680 736
1649690 737
1649700 737
1649710 739
1649720 741
1649730 741
1649740 744
1649750 746
1649760 746
1649770 750
1649780 753
1649790 753
1649800 756
1649810 759
1649820 759
1649830 761
1649840 764
1649850 764
1649860 767
1649870 770
1649880 770
1649890 772
1649900 773
1649910 773
1649920 775
1649930 777
1649940 777
1649950 778
1649960 778
1649970 778
1649980 779
1649990 779
1650000 779
1650010 780
1650020 781
1650030 781
1650040 783
1650050 785
1650060 785
1650070 787
1650080 788
1650090 788
1650100 790
1650110 791
1650120 791
1650130 790
1650140 789
1650150 789
1650160 786
1650170 781
1650180 781
1650190 776
1650200 771
1650210 771
1650220 765
1650230 761
1650240 761
1650250 756
1650260 752
1650270 752
1650280 747
1650290 742
1650300 742
1650310 735
1650320 728
1650330 728
1650340 720
1650350 715
1650360 715
1650370 711
1650380 708
1650390 705
1650400 702
1650410 699
1650420 699
1650430 695
1650440 695
1650450 693
1650460 690
1650470 690
1650480 687
1650490 684
1650500 684
1650510 681
1650520 678
1650530 678
1650540 676
1650550 673
1650560 673
1650570 671
1650580 668
1650590 668
1650600 666
1650610 663
1650620 663
1650630 661
1650640 660
1650650 660
1650660 659
1650670 657
1650680 657
1650690 655
1650700 655
1650710 655
1650720 653
1650730 649
1650740 649
1650750 642
1650760 636
1650770 636
1650780 634
1650790 635
1650800 635
1650810 638
1650820 639
1650830 639
1650840 637
1650850 636
1650860 636
1650870 637
1650880 640
1650890 640
1650900 643
1650910 647
1650920 647
1650930 651
1650940 656
1650950 656
1650960 660
1650970 665
1650980 665
1650990 670
1651000 674
1651010 674
1651020 680
1651030 683
1651040 683
1651050 686
1651060 687
1651070 687
1651080 687
1651090 686
1651100 686
1651110 685
1651120 683
1651130 683
1651140 682
1651150 680
1651160 680
1651170 675
1651180 673
1651190 673
1651200 672
1651210 671
1651220 671
1651230 671
1651240 670
1651250 670
1651260 669
1651270 667
1651280 667
1651290 665
1651300 663
1651310 663
1651320 661
1651330 660
1651340 660
1651350 658
1651360 656
1651370 656
1651380 654
1651390 652
1651400 652
1651410 651
1651420 650
1651430 650
1651440 649
1651450 649
1651460 649
1651470 649
1651480 649
1651490 649
1651500 649
1651510 649
1651520 649
1651530 649
1651540 647
1651550 647
1651560 645
1651570 642
1651580 642
1651590 639
1651600 637
1651610 637
1651620 638
1651630 638
1651640 638
1651650 639
1651660 641
1651670 641
1651680 644
1651690 648
1651700 648
1651710 653
1651720 657
1651730 657
1651740 662
1651750 666
1651760 666
1651770 669
1651780 671
1651790 671
1651800 673
1651810 679
1651820 679
1651830 682
1651840 685
1651850 685
1651860 689
1651870 693
1651880 693
1651890 697
1651900 698
1651910 698
1651920 699
1651930 701
1651940 701
1651950 705
1651960 706
1651970 706
1651980 707
1651990 708
1652000 708
1652010 708
1652020 708
1652030 708
1652040 708
1652050 707
1652060 707
1652070 706
1652080 704
1652090 704
1652100 702
1652110 700
1652120 700
1652130 698
1652140 695
1652150 695
1652160 692
1652170 688
1652180 688
1652190 684
1652200 681
1652210 681
1652220 679
1652230 678
1652240 678
1652250 676
1652260 675
1652270 675
1652280 674
1652290 672
1652300 672
1652310 670
1652320 668
1652330 668
1652340 666
1652350 664
1652360 664
1652370 662
1652380 661
1652390 661
1652400 659
1652410 658
1652420 658
1652430 656
1652440 655
1652450 655
1652460 654
1652470 652
1652480 652
1652490 649
1652500 646
1652510 646
1652520 643
1652530 640
1652540 640
1652550 636
1652560 633
1652570 633
1652580 632
1652590 632
1652600 632
1652610 633
1652620 637
1652630 637
1652640 642
1652650 644
1652660 644
1652670 644
1652680 644
1652690 644
1652700 642
1652710 640
1652720 636
1652730 634
1652740 634
1652750 632
1652760 630
1652770 630
1652780 629
1652790 629
1652800 629
1652810 630
1652820 631
1652830 631
1652840 632
1652850 634
1652860 634
1652870 638
1652880 643
1652890 643
1652900 650
1652910 654
1652920 654
1652930 659
1652940 663
1652950 663
1652960 666
1652970 669
1652980 669
1652990 672
1653000 674
1653010 674
1653020 675
1653030 676
1653040 676
1653050 675
1653060 674
1653070 674
1653080 674
1653090 675
1653100 675
1653110 676
1653120 677
1653130 677
1653140 678
1653150 679
1653160 679
1653170 681
1653180 682
1653190 682
1653200 683
1653210 683
1653220 683
1653230 684
1653240 684
1653250 684
1653260 685
1653270 685
1653280 685
1653290 684
1653300 684
1653310 684
1653320 684
1653330 683
1653340 683
1653350 681
1653360 678
1653370 678
1653380 675
1653390 673
1653400 673
1653410 672
1653420 672
1653430 672
1653440 673
1653450 673
1653460 673
1653470 673
1653480 672
1653490 672
1653500 674
1653510 673
1653520 673
1653530 671
1653540 671
1653550 671
1653560 672
1653570 675
1653580 675
1653590 678
1653600 681
1653610 681
1653620 684
1653630 687
1653640 687
1653650 689
1653660 691
1653670 691
1653680 693
1653690 695
1653700 695
1653710 696
1653720 698
1653730 698
1653740 699
1653750 700
1653760 700
1653770 701
1653780 701
1653790 701
1653800 700
1653810 700
1653820 700
1653830 699
1653840 698
1653850 698
1653860 697
1653870 697
1653880 697
1653890 696
1653900 696
1653910 696
1653920 697
1653930 697
1653940 697
1653950 698
1653960 699
1653970 699
1653980 701
1653990 703
1654000 703
1654010 707
1654020 710
1654030 710
1654040 713
1654050 717
1654060 717
1654070 720
1654080 724
1654090 724
1654100 727
1654110 730
1654120 730
1654130 732
1654140 735
1654150 735
1654160 738
1654170 740
1654180 740
1654190 741
1654200 742
1654210 742
1654220 743
1654230 743
1654240 743
1654250 743
1654260 749
1654270 749
1654280 749
1654290 748
1654300 748
1654310 747
1654320 744
1654330 744
1654340 743
1654350 746
1654360 746
1654370 750
1654380 755
1654390 755
1654400 759
1654410 762
1654420 762
1654430 766
1654440 769
1654450 769
1654460 772
1654470 776
1654480 776
1654490 779
1654500 781
1654510 781
1654520 783
1654530 786
1654540 786
1654550 787
1654560 789
1654570 789
1654580 789
1654590 790
1654600 790
1654610 791
1654620 791
1654630 791
1654640 792
1654650 793
1654660 793
1654670 794
1654680 796
1654690 796
1654700 797
1654710 799
1654720 799
1654730 800
1654740 802
1654750 802
1654760 803
1654770 804
1654780 804
1654790 804
1654800 804
1654810 804
1654820 805
1654830 805
1654840 805
1654850 805
1654860 806
1654870 806
1654880 805
1654890 805
1654900 805
1654910 805
1654920 805
1654930 805
1654940 805
1654950 806
1654960 806
1654970 807
1654980 808
1654990 808
1655000 809
1655010 808
1655020 808
1655030 805
1655040 805
1655050 804
1655060 803
1655070 803
1655080 804
1655090 804
1655100 804
1655110 805
1655120 806
1655130 806
1655140 806
1655150 806
1655160 806
1655170 806
1655180 806
1655190 806
1655200 806
1655210 806
1655220 806
1655230 806
1655240 806
1655250 806
1655260 805
1655270 805
1655280 805
1655290 804
1655300 804
1655310 804
1655320 803
1655330 801
1655340 801
1655350 799
1655360 797
1655370 797
1655380 795
1655390 793
1655400 793
1655410 793
1655420 793
1655430 793
1655440 794
1655450 798
1655460 798
1655470 801
1655480 803
1655490 803
1655500 805
1655510 805
1655520 805
1655530 805
1655540 805
1655550 805
1655560 804
1655570 802
1655580 802
1655590 801
1655600 799
1655610 799
1655620 797
1655630 797
1655640 797
1655650 796
1655660 796
1655670 796
1655680 797
1655690 798
1655700 798
1655710 799
1655720 800
1655730 800
1655740 801
1655750 802
1655760 802
1655770 803
1655780 804
1655790 805
1655800 806
1655810 807
1655820 807
1655830 808
1655840 809
1655850 809
1655860 810
1655870 811
1655880 811
1655890 812
1655900 814
1655910 814
1655920 815
1655930 816
1655940 816
1655950 818
1655960 820
1655970 820
1655980 821
1655990 821
1656000 821
1656010 823
1656020 824
1656030 824
1656040 826
1656050 828
1656060 828
1656070 829
1656080 831
1656090 831
1656100 832
1656110 834
1656120 834
1656130 835
1656140 836
1656150 836
1656160 838
1656170 839
1656180 839
1656190 839
1656200 840
1656210 840
1656220 840
1656230 840
1656240 840
1656250 840
1656260 840
1656270 840
1656280 840
1656290 840
1656300 840
1656310 840
1656320 839
1656330 839
1656340 838
1656350 837
1656360 837
1656370 834
1656380 831
1656390 831
1656400 829
1656410 828
1656420 828
1656430 827
1656440 826
1656450 826
1656460 826
1656470 826
1656480 826
1656490 826
1656500 826
1656510 826
1656520 826
1656530 825
1656540 825
1656550 826
1656560 825
1656570 825
1656580 823
1656590 820
1656600 820
1656610 818
1656620 816
1656630 816
1656640 814
1656650 813
1656660 813
1656670 812
1656680 812
1656690 812
1656700 811
1656710 811
1656720 811
1656730 810
1656740 809
1656750 809
1656760 808
1656770 808
1656780 808
1656790 807
1656800 805
1656810 805
1656820 803
1656830 801
1656840 801
1656850 799
1656860 797
1656870 797
1656880 796
1656890 795
1656900 795
1656910 794
1656920 792
1656930 792
1656940 789
1656950 786
1656960 786
1656970 783
1656980 781
1656990 781
1657000 778
1657010 776
1657020 776
1657030 774
1657040 772
1657050 772
1657060 771
1657070 769
1657080 769
1657090 768
1657100 766
1657110 766
1657120 764
1657130 761
1657140 761
1657150 757
1657160 754
1657170 754
1657180 751
1657190 748
1657200 748
1657210 745
1657220 742
1657230 742
1657240 740
1657250 738
1657260 738
1657270 739
1657280 743
1657290 743
1657300 748
1657310 752
1657320 752
1657330 756
1657340 756
1657350 759
1657360 762
1657370 762
1657380 764
1657390 766
1657400 766
1657410 768
1657420 770
1657430 770
1657440 772
1657450 775
1657460 775
1657470 776
1657480 778
1657490 778
1657500 779
1657510 780
1657520 780
1657530 780
1657540 781
1657550 781
1657560 782
1657570 782
1657580 782
1657590 782
1657600 782
1657610 782
1657620 782
1657630 782
1657640 782
1657650 782
1657660 782
1657670 782
1657680 780
1657690 778
1657700 778
1657710 775
1657720 773
1657730 773
1657740 770
1657750 768
1657760 768
1657770 767
1657780 768
1657790 768
1657800 770
1657810 771
1657820 771
1657830 774
1657840 777
1657850 777
1657860 780
1657870 783
1657880 783
1657890 785
1657900 787
1657910 787
1657920 789
1657930 791
1657940 791
1657950 793
1657960 795
1657970 795
1657980 796
1657990 797
1658000 797
1658010 799
1658020 800
1658030 800
1658040 800
1658050 800
1658060 800
1658070 801
1658080 801
1658090 801
1658100 802
1658110 802
1658120 802
1658130 803
1658140 803
1658150 803
1658160 803
1658170 804
1658180 804
1658190 804
1658200 804
1658210 804
1658220 805
1658230 805
1658240 805
1658250 805
1658260 805
1658270 805
1658280 805
1658290 805
1658300 805
1658310 805
1658320 805
1658330 805
1658340 804
1658350 804
1658360 804
1658370 804
1658380 803
1658390 803
1658400 803
1658410 802
1658420 802
1658430 802
1658440 801
1658450 801
1658460 800
1658470 800
1658480 800
1658490 799
1658500 798
1658510 798
1658520 796
1658530 793
1658540 793
1658550 790
1658560 787
1658570 787
1658580 784
1658590 781
1658600 781
1658610 778
1658620 776
1658630 776
1658640 774
1658650 773
1658660 773
1658670 773
1658680 773
1658690 773
1658700 774
1658710 774
1658720 774
1658730 774
1658740 775
1658750 775
1658760 775
1658770 777
1658780 777
1658790 778
1658800 779
1658810 779
1658820 780
1658830 780
1658840 780
1658850 780
1658860 781
1658870 781
1658880 782
1658890 782
1658900 782
1658910 783
1658920 783
1658930 783
1658940 784
1658950 785
1658960 785
1658970 785
1658980 786
1658990 786
1659000 787
1659010 788
1659020 788
1659030 789
1659040 790
1659050 790
1659060 790
1659070 791
1659080 791
1659090 793
1659100 794
1659110 794
1659120 795
1659130 796
1659140 796
1659150 797
1659160 798
1659170 798
1659180 799
1659190 799
1659200 799
1659210 799
1659220 801
1659230 801
1659240 803
1659250 804
1659260 804
1659270 805
1659280 806
1659290 806
1659300 807
1659310 808
1659320 808
1659330 809
1659340 810
1659350 810
1659360 812
1659370 813
1659380 813
1659390 814
1659400 815
1659410 815
1659420 816
1659430 817
1659440 817
1659450 818
1659460 819
1659470 819
1659480 820
1659490 821
1659500 821
1659510 823
1659520 824
1659530 824
1659540 825
1659550 826
1659560 826
1659570 827
1659580 828
1659590 828
1659600 829
1659610 829
1659620 829
1659630 829
1659640 829
1659650 829
1659660 829
1659670 829
1659680 828
1659690 827
1659700 827
1659710 825
1659720 822
1659730 822
1659740 820
1659750 817
1659760 817
1659770 815
1659780 812
1659790 812
1659800 811
1659810 810
1659820 810
1659830 809
1659840 809
1659850 809
1659860 808
1659870 808
1659880 808
1659890 808
1659900 807
1659910 807
1659920 807
1659930 807
1659940 807
1659950 808
1659960 809
1659970 809
1659980 810
1659990 811
