1640000 634
1640010 634
1640020 634
1640030 632
1640040 631
1640050 631
1640060 630
1640070 629
1640080 629
1640090 628
1640100 626
1640110 626
1640120 625
1640130 624
1640140 624
1640150 623
1640160 622
1640170 622
1640180 621
1640190 621
1640200 621
1640210 620
1640220 620
1640230 620
1640240 620
1640250 619
1640260 619
1640270 619
1640280 619
1640290 619
1640300 618
1640310 618
1640320 618
1640330 617
1640340 616
1640350 616
1640360 616
1640370 616
1640380 616
1640390 616
1640400 616
1640410 616
1640420 616
1640430 617
1640440 617
1640450 617
1640460 617
1640470 617
1640480 618
1640490 618
1640500 618
1640510 617
1640520 617
1640530 617
1640540 615
1640550 615
1640560 614
1640570 614
1640580 614
1640590 614
1640600 614
1640610 614
1640620 614
1640630 615
1640640 615
1640650 616
1640660 618
1640670 618
1640680 620
1640690 623
1640700 623
1640710 625
1640720 627
1640730 627
1640740 628
1640750 629
1640760 629
1640770 629
1640780 630
1640790 630
1640800 630
1640810 630
1640820 630
1640830 631
1640840 630
1640850 630
1640860 630
1640870 629
1640880 629
1640890 628
1640900 626
1640910 626
1640920 623
1640930 619
1640940 619
1640950 615
1640960 609
1640970 609
1640980 604
1640990 599
1641000 599
1641010 594
1641020 591
1641030 591
1641040 590
1641050 592
1641060 592
1641070 596
1641080 599
1641090 599
1641100 598
1641110 597
1641120 597
1641130 599
1641140 604
1641150 604
1641160 609
1641170 613
1641180 613
1641190 616
1641200 618
1641210 618
1641220 620
1641230 621
1641240 621
1641250 622
1641260 623
1641270 623
1641280 623
1641290 624
1641300 624
1641310 625
1641320 625
1641330 625
1641340 623
1641350 621
1641360 621
1641370 620
1641380 617
1641390 617
1641400 614
1641410 614
1641420 614
1641430 614
1641440 619
1641450 619
1641460 622
1641470 624
1641480 624
1641490 626
1641500 628
1641510 628
1641520 629
1641530 631
1641540 631
1641550 632
1641560 632
1641570 632
1641580 631
1641590 631
1641600 631
1641610 634
1641620 638
1641630 638
1641640 641
1641650 642
1641660 642
1641670 640
1641680 638
1641690 638
1641700 636
1641710 632
1641720 632
1641730 628
1641740 623
1641750 623
1641760 618
1641770 613
1641780 613
1641790 608
1641800 605
1641810 605
1641820 601
1641830 597
1641840 597
1641850 593
1641860 590
1641870 590
1641880 586
1641890 583
1641900 583
1641910 579
1641920 575
1641930 575
1641940 571
1641950 568
1641960 568
1641970 564
1641980 560
1641990 560
1642000 557
1642010 554
1642020 554
1642030 551
1642040 548
1642050 548
1642060 545
1642070 543
1642080 543
1642090 540
1642100 535
1642110 535
1642120 531
1642130 529
1642140 529
1642150 526
1642160 523
1642170 523
1642180 521
1642190 517
1642200 517
1642210 515
1642220 514
1642230 514
1642240 514
1642250 514
1642260 514
1642270 515
1642280 515
1642290 515
1642300 514
1642310 514
1642320 514
1642330 514
1642340 514
1642350 514
1642360 514
1642370 514
1642380 514
1642390 516
1642400 520
1642410 520
1642420 525
1642430 530
1642440 530
1642450 534
1642460 538
1642470 538
1642480 541
1642490 543
1642500 543
1642510 545
1642520 547
1642530 547
1642540 549
1642550 551
1642560 551
1642570 553
1642580 553
1642590 555
1642600 557
1642610 557
1642620 558
1642630 560
1642640 560
1642650 562
1642660 563
1642670 563
1642680 563
1642690 562
1642700 562
1642710 561
1642720 558
1642730 558
1642740 555
1642750 553
1642760 553
1642770 553
1642780 553
1642790 553
1642800 555
1642810 555
1642820 555
1642830 556
1642840 557
1642850 557
1642860 557
1642870 556
1642880 556
1642890 555
1642900 555
1642910 555
1642920 555
1642930 556
1642940 556
1642950 557
1642960 559
1642970 559
1642980 561
1642990 564
1643000 564
1643010 567
1643020 571
1643030 571
1643040 574
1643050 577
1643060 577
1643070 580
1643080 580
1643090 576
1643100 576
1643110 578
1643120 578
1643130 580
1643140 582
1643150 582
1643160 584
1643170 587
1643180 587
1643190 590
1643200 593
1643210 593
1643220 596
1643230 598
1643240 598
1643250 600
1643260 600
1643270 600
1643280 601
1643290 603
1643300 603
1643310 604
1643320 606
1643330 606
1643340 608
1643350 611
1643360 611
1643370 613
1643380 614
1643390 614
1643400 616
1643410 618
1643420 618
1643430 620
1643440 622
1643450 622
1643460 623
1643470 624
1643480 624
1643490 626
1643500 629
1643510 629
1643520 631
1643530 635
1643540 635
1643550 638
1643560 642
1643570 642
1643580 646
1643590 649
1643600 649
1643610 652
1643620 656
1643630 656
1643640 658
1643650 660
1643660 660
1643670 663
1643680 665
1643690 665
1643700 667
1643710 670
1643720 670
1643730 672
1643740 673
1643750 673
1643760 675
1643770 677
1643780 677
1643790 680
1643800 684
1643810 684
1643820 687
1643830 690
1643840 690
1643850 694
1643860 697
1643870 697
1643880 700
1643890 702
1643900 702
1643910 701
1643920 703
1643930 703
1643940 704
1643950 704
1643960 704
1643970 705
1643980 706
1643990 706
1644000 706
1644010 707
1644020 707
1644030 708
1644040 708
1644050 708
1644060 709
1644070 710
1644080 710
1644090 711
1644100 713
1644110 713
1644120 715
1644130 716
1644140 716
1644150 718
1644160 719
1644170 719
1644180 720
1644190 721
1644200 721
1644210 722
1644220 722
1644230 722
1644240 723
1644250 724
1644260 724
1644270 724
1644280 724
1644290 724
1644300 724
1644310 723
1644320 723
1644330 723
1644340 723
1644350 723
1644360 723
1644370 723
1644380 723
1644390 724
1644400 725
1644410 725
1644420 727
1644430 728
1644440 728
1644450 729
1644460 729
1644470 729
1644480 728
1644490 727
1644500 727
1644510 726
1644520 724
1644530 724
1644540 724
1644550 722
1644560 722
1644570 719
1644580 716
1644590 716
1644600 713
1644610 713
1644620 710
1644630 707
1644640 707
1644650 704
1644660 700
1644670 700
1644680 696
1644690 694
1644700 694
1644710 691
1644720 689
1644730 686
1644740 684
1644750 681
1644760 681
1644770 679
1644780 676
1644790 676
1644800 674
1644810 671
1644820 671
1644830 669
1644840 666
1644850 666
1644860 663
1644870 659
1644880 659
1644890 655
1644900 652
1644910 652
1644920 649
1644930 647
1644940 647
1644950 645
1644960 644
1644970 644
1644980 642
1644990 642
1645000 642
1645010 641
1645020 641
1645030 641
1645040 640
1645050 639
1645060 639
1645070 637
1645080 634
1645090 634
1645100 630
1645110 626
1645120 626
1645130 622
1645140 618
1645150 618
1645160 612
1645170 607
1645180 607
1645190 602
1645200 596
1645210 596
1645220 595
1645230 595
1645240 595
1645250 597
1645260 601
1645270 601
1645280 607
1645290 612
1645300 612
1645310 618
1645320 625
1645330 625
1645340 630
1645350 635
1645360 635
1645370 640
1645380 644
1645390 644
1645400 649
1645410 653
1645420 653
1645430 657
1645440 660
1645450 660
1645460 661
1645470 662
1645480 662
1645490 663
1645500 664
1645510 664
1645520 666
1645530 667
1645540 669
1645550 670
1645560 670
1645570 670
1645580 668
1645590 667
1645600 667
1645610 664
1645620 660
1645630 660
1645640 655
1645650 650
1645660 650
1645670 645
1645680 640
1645690 640
1645700 634
1645710 629
1645720 629
1645730 625
1645740 622
1645750 622
1645760 620
1645770 618
1645780 618
1645790 616
1645800 613
1645810 613
1645820 610
1645830 608
1645840 608
1645850 606
1645860 604
1645870 604
1645880 602
1645890 600
1645900 600
1645910 599
1645920 600
1645930 600
1645940 601
1645950 602
1645960 602
1645970 603
1645980 605
1645990 605
1646000 607
1646010 609
1646020 609
1646030 611
1646040 613
1646050 613
1646060 616
1646070 618
1646080 618
1646090 620
1646100 623
1646110 623
1646120 626
1646130 629
1646140 629
1646150 631
1646160 634
1646170 634
1646180 637
1646190 640
1646200 640
1646210 643
1646220 646
1646230 646
1646240 649
1646250 652
1646260 652
1646270 655
1646280 658
1646290 658
1646300 660
1646310 662
1646320 662
1646330 663
1646340 666
1646350 666
1646360 667
1646370 668
1646380 668
1646390 668
1646400 669
1646410 669
1646420 670
1646430 672
1646440 672
1646450 673
1646460 675
1646470 675
1646480 677
1646490 678
1646500 678
1646510 678
1646520 678
1646530 678
1646540 677
1646550 675
1646560 675
1646570 672
1646580 670
1646590 670
1646600 668
1646610 666
1646620 666
1646630 664
1646640 664
1646650 661
1646660 658
1646670 658
1646680 655
1646690 652
1646700 652
1646710 649
1646720 647
1646730 647
1646740 645
1646750 643
1646760 643
1646770 642
1646780 640
1646790 640
1646800 637
1646810 635
1646820 635
1646830 633
1646840 632
1646850 632
1646860 631
1646870 632
1646880 632
1646890 635
1646900 638
1646910 638
1646920 640
1646930 642
1646940 642
1646950 644
1646960 646
1646970 646
1646980 647
1646990 649
1647000 649
1647010 650
1647020 652
1647030 652
1647040 652
1647050 652
1647060 652
1647070 651
1647080 651
1647090 651
1647100 651
1647110 651
1647120 651
1647130 651
1647140 650
1647150 650
1647160 649
1647170 649
1647180 649
1647190 649
1647200 648
1647210 648
1647220 647
1647230 647
1647240 647
1647250 646
1647260 645
1647270 645
1647280 644
1647290 644
1647300 644
1647310 643
1647320 642
1647330 642
1647340 642
1647350 641
1647360 641
1647370 640
1647380 640
1647390 640
1647400 639
1647410 638
1647420 638
1647430 638
1647440 637
1647450 637
1647460 636
1647470 636
1647480 636
1647490 635
1647500 634
1647510 634
1647520 633
1647530 632
1647540 632
1647550 631
1647560 631
1647570 631
1647580 630
1647590 628
1647600 628
1647610 627
1647620 626
1647630 626
1647640 625
1647650 624
1647660 624
1647670 622
1647680 621
1647690 621
1647700 619
1647710 617
1647720 617
1647730 615
1647740 613
1647750 613
1647760 612
1647770 610
1647780 610
1647790 608
1647800 606
1647810 606
1647820 604
1647830 603
1647840 603
1647850 601
1647860 600
1647870 600
1647880 599
1647890 597
1647900 597
1647910 596
1647920 596
1647930 596
1647940 597
1647950 596
1647960 596
1647970 595
1647980 594
1647990 594
1648000 593
1648010 591
1648020 591
1648030 589
1648040 586
1648050 586
1648060 584
1648070 582
1648080 582
1648090 579
1648100 578
1648110 578
1648120 576
1648130 575
1648140 575
1648150 574
1648160 573
1648170 573
1648180 572
1648190 571
1648200 571
1648210 570
1648220 570
1648230 570
1648240 569
1648250 569
1648260 569
1648270 569
1648280 568
1648290 568
1648300 568
1648310 567
1648320 567
1648330 567
1648340 566
1648350 566
1648360 565
1648370 565
1648380 565
1648390 564
1648400 563
1648410 563
1648420 563
1648430 562
1648440 562
1648450 562
1648460 562
1648470 562
1648480 561
1648490 560
1648500 560
1648510 560
1648520 560
1648530 560
1648540 559
1648550 559
1648560 559
1648570 559
1648580 558
1648590 558
1648600 558
1648610 558
1648620 558
1648630 558
1648640 558
1648650 558
1648660 558
1648670 559
1648680 559
1648690 561
1648700 561
1648710 564
1648720 568
1648730 568
1648740 574
1648750 577
1648760 577
1648770 579
1648780 581
1648790 581
1648800 582
1648810 584
1648820 584
1648830 586
1648840 587
1648850 587
1648860 588
1648870 589
1648880 589
1648890 590
1648900 590
1648910 590
1648920 590
1648930 590
1648940 590
1648950 590
1648960 587
1648970 587
1648980 581
1648990 574
1649000 574
1649010 567
1649020 563
1649030 563
1649040 562
1649050 562
1649060 562
1649070 562
1649080 565
1649090 565
1649100 570
1649110 575
1649120 575
1649130 579
1649140 584
1649150 584
1649160 588
1649170 590
1649180 590
1649190 591
1649200 593
1649210 593
1649220 595
1649230 597
1649240 597
1649250 600
1649260 602
1649270 602
1649280 604
1649290 606
1649300 606
1649310 609
1649320 610
1649330 610
1649340 611
1649350 612
1649360 612
1649370 612
1649380 613
1649390 613
1649400 614
1649410 614
1649420 614
1649430 615
1649440 617
1649450 617
1649460 618
1649470 619
1649480 619
1649490 620
1649500 621
1649510 621
1649520 622
1649530 623
1649540 623
1649550 624
1649560 625
1649570 625
1649580 625
1649590 626
1649600 626
1649610 627
1649620 628
1649630 628
1649640 629
1649650 630
1649660 630
1649670 630
1649680 630
1649690 630
1649700 630
1649710 630
1649720 630
1649730 630
1649740 630
1649750 630
1649760 629
1649770 629
1649780 629
1649790 629
1649800 629
1649810 629
1649820 628
1649830 627
1649840 627
1649850 626
1649860 625
1649870 625
1649880 624
1649890 624
1649900 624
1649910 622
1649920 620
1649930 620
1649940 619
1649950 618
1649960 618
1649970 617
1649980 615
1649990 615
1650000 613
1650010 611
1650020 611
1650030 609
1650040 608
1650050 608
1650060 607
1650070 606
1650080 606
1650090 605
1650100 605
1650110 605
1650120 604
1650130 603
1650140 603
1650150 603
1650160 604
1650170 604
1650180 604
1650190 604
1650200 604
1650210 603
1650220 602
1650230 602
1650240 601
1650250 599
1650260 599
1650270 597
1650280 595
1650290 595
1650300 594
1650310 591
1650320 591
1650330 589
1650340 586
1650350 586
1650360 583
1650370 579
1650380 579
1650390 574
1650400 567
1650410 567
1650420 561
1650430 559
1650440 559
1650450 557
1650460 557
1650470 557
1650480 557
1650490 557
1650500 557
1650510 557
1650520 557
1650530 557
1650540 557
1650550 557
1650560 557
1650570 557
1650580 557
1650590 557
1650600 557
1650610 557
1650620 557
1650630 557
1650640 557
1650650 557
1650660 558
1650670 558
1650680 558
1650690 558
1650700 558
1650710 558
1650720 558
1650730 558
1650740 558
1650750 558
1650760 558
1650770 559
1650780 561
1650790 561
1650800 564
1650810 568
1650820 568
1650830 573
1650840 579
1650850 579
1650860 582
1650870 584
1650880 584
1650890 588
1650900 592
1650910 592
1650920 596
1650930 598
1650940 598
1650950 600
1650960 602
1650970 602
1650980 603
1650990 605
1651000 605
1651010 607
1651020 609
1651030 609
1651040 610
1651050 612
1651060 612
1651070 613
1651080 614
1651090 614
1651100 616
1651110 617
1651120 617
1651130 617
1651140 618
1651150 618
1651160 619
1651170 619
1651180 619
1651190 619
1651200 618
1651210 618
1651220 618
1651230 618
1651240 618
1651250 619
1651260 619
1651270 619
1651280 621
1651290 623
1651300 623
1651310 624
1651320 625
1651330 625
1651340 626
1651350 626
1651360 626
1651370 622
1651380 617
1651390 617
1651400 612
1651410 609
1651420 609
1651430 606
1651440 604
1651450 604
1651460 603
1651470 604
1651480 604
1651490 605
1651500 608
1651510 608
1651520 612
1651530 615
1651540 615
1651550 619
1651560 619
1651570 619
1651580 620
1651590 621
1651600 621
1651610 620
1651620 618
1651630 618
1651640 616
1651650 615
1651660 615
1651670 614
1651680 614
1651690 614
1651700 613
1651710 611
1651720 611
1651730 608
1651740 604
1651750 604
1651760 600
1651770 596
1651780 596
1651790 592
1651800 588
1651810 588
1651820 584
1651830 582
1651840 582
1651850 580
1651860 578
1651870 578
1651880 580
1651890 578
1651900 578
1651910 577
1651920 576
1651930 576
1651940 575
1651950 575
1651960 575
1651970 575
1651980 576
1651990 576
1652000 577
1652010 579
1652020 579
1652030 581
1652040 582
1652050 582
1652060 582
1652070 583
1652080 583
1652090 587
1652100 590
1652110 590
1652120 593
1652130 595
1652140 595
1652150 598
1652160 602
1652170 602
1652180 606
1652190 609
1652200 609
1652210 612
1652220 614
1652230 614
1652240 615
1652250 616
1652260 616
1652270 617
1652280 619
1652290 619
1652300 620
1652310 621
1652320 621
1652330 622
1652340 623
1652350 623
1652360 623
1652370 623
1652380 623
1652390 623
1652400 624
1652410 624
1652420 625
1652430 626
1652440 626
1652450 628
1652460 630
1652470 630
1652480 631
1652490 633
1652500 633
1652510 634
1652520 636
1652530 636
1652540 637
1652550 638
1652560 638
1652570 640
1652580 641
1652590 641
1652600 643
1652610 644
1652620 644
1652630 646
1652640 648
1652650 648
1652660 650
1652670 652
1652680 652
1652690 653
1652700 655
1652710 655
1652720 657
1652730 659
1652740 659
1652750 661
1652760 663
1652770 663
1652780 664
1652790 664
1652800 666
1652810 667
1652820 667
1652830 668
1652840 669
1652850 669
1652860 669
1652870 668
1652880 668
1652890 668
1652900 667
1652910 667
1652920 666
1652930 664
1652940 664
1652950 662
1652960 659
1652970 659
1652980 657
1652990 655
1653000 655
1653010 653
1653020 651
1653030 651
1653040 648
1653050 644
1653060 644
1653070 640
1653080 635
1653090 635
1653100 629
1653110 625
1653120 625
1653130 622
1653140 620
1653150 620
1653160 619
1653170 618
1653180 618
1653190 618
1653200 618
1653210 618
1653220 618
1653230 619
1653240 619
1653250 619
1653260 621
1653270 621
1653280 626
1653290 629
1653300 629
1653310 630
1653320 634
1653330 634
1653340 638
1653350 641
1653360 641
1653370 643
1653380 645
1653390 645
1653400 645
1653410 645
1653420 647
1653430 647
1653440 648
1653450 648
1653460 648
1653470 649
1653480 649
1653490 650
1653500 652
1653510 652
1653520 654
1653530 656
1653540 656
1653550 657
1653560 660
1653570 660
1653580 662
1653590 665
1653600 665
1653610 668
1653620 671
1653630 671
1653640 674
1653650 677
1653660 677
1653670 680
1653680 683
1653690 683
1653700 685
1653710 688
1653720 688
1653730 690
1653740 693
1653750 693
1653760 696
1653770 699
1653780 699
1653790 702
1653800 705
1653810 705
1653820 708
1653830 712
1653840 712
1653850 714
1653860 717
1653870 717
1653880 719
1653890 723
1653900 723
1653910 726
1653920 728
1653930 728
1653940 730
1653950 732
1653960 732
1653970 734
1653980 736
1653990 736
1654000 738
1654010 740
1654020 740
1654030 742
1654040 742
1654050 742
1654060 742
1654070 742
1654080 742
1654090 740
1654100 738
1654110 738
1654120 735
1654130 733
1654140 733
1654150 730
1654160 726
1654170 726
1654180 723
1654190 720
1654200 720
1654210 718
1654220 716
1654230 716
1654240 715
1654250 717
1654260 717
1654270 720
1654280 725
1654290 725
1654300 729
1654310 732
1654320 732
1654330 734
1654340 735
1654350 735
1654360 735
1654370 733
1654380 733
1654390 732
1654400 730
1654410 730
1654420 730
1654430 730
1654440 730
1654450 733
1654460 736
1654470 736
1654480 740
1654490 743
1654500 743
1654510 746
1654520 749
1654530 749
1654540 751
1654550 753
1654560 753
1654570 754
1654580 754
1654590 754
1654600 754
1654610 754
1654620 754
1654630 752
1654640 750
1654650 750
1654660 747
1654670 744
1654680 744
1654690 742
1654700 740
1654710 740
1654720 740
1654730 739
1654740 739
1654750 740
1654760 742
1654770 742
1654780 743
1654790 744
1654800 744
1654810 745
1654820 745
1654830 747
1654840 749
1654850 749
1654860 752
1654870 755
1654880 755
1654890 758
1654900 763
1654910 763
1654920 767
1654930 771
1654940 771
1654950 774
1654960 780
1654970 780
1654980 781
1654990 782
1655000 782
1655010 782
1655020 781
1655030 781
1655040 781
1655050 781
1655060 781
1655070 780
1655080 780
1655090 780
1655100 777
1655110 775
1655120 775
1655130 771
1655140 768
1655150 768
1655160 765
1655170 763
1655180 763
1655190 760
1655200 759
1655210 759
1655220 756
1655230 754
1655240 754
1655250 752
1655260 750
1655270 750
1655280 749
1655290 747
1655300 747
1655310 744
1655320 740
1655330 740
1655340 736
1655350 734
1655360 734
1655370 733
1655380 732
1655390 732
1655400 732
1655410 736
1655420 736
1655430 739
1655440 743
1655450 743
1655460 748
1655470 750
1655480 750
1655490 752
1655500 753
1655510 753
1655520 753
1655530 754
1655540 754
1655550 753
1655560 752
1655570 752
1655580 752
1655590 750
1655600 750
1655610 749
1655620 748
1655630 748
1655640 747
1655650 746
1655660 746
1655670 744
1655680 742
1655690 742
1655700 740
1655710 738
1655720 736
1655730 735
1655740 734
1655750 734
1655760 732
1655770 728
1655780 728
1655790 725
1655800 723
1655810 723
1655820 724
1655830 724
1655840 724
1655850 723
1655860 721
1655870 721
1655880 719
1655890 719
1655900 719
1655910 720
1655920 723
1655930 723
1655940 726
1655950 728
1655960 728
1655970 729
1655980 729
1655990 729
1656000 729
1656010 729
1656020 729
1656030 728
1656040 727
1656050 727
1656060 726
1656070 724
1656080 724
1656090 722
1656100 720
1656110 720
1656120 717
1656130 714
1656140 714
1656150 710
1656160 705
1656170 705
1656180 703
1656190 702
1656200 702
1656210 701
1656220 701
1656230 701
1656240 704
1656250 708
1656260 708
1656270 713
1656280 717
1656290 717
1656300 721
1656310 724
1656320 724
1656330 728
1656340 732
1656350 732
1656360 735
1656370 737
1656380 737
1656390 739
1656400 740
1656410 740
1656420 741
1656430 741
1656440 741
1656450 740
1656460 738
1656470 738
1656480 731
1656490 727
1656500 727
1656510 722
1656520 718
1656530 718
1656540 713
1656550 709
1656560 709
1656570 707
1656580 706
1656590 706
1656600 704
1656610 702
1656620 702
1656630 699
1656640 697
1656650 697
1656660 695
1656670 694
1656680 694
1656690 693
1656700 692
1656710 692
1656720 691
1656730 690
1656740 690
1656750 689
1656760 688
1656770 688
1656780 688
1656790 687
1656800 687
1656810 687
1656820 687
1656830 687
1656840 687
1656850 687
1656860 688
1656870 688
1656880 688
1656890 688
1656900 688
1656910 688
1656920 688
1656930 688
1656940 688
1656950 688
1656960 688
1656970 688
1656980 688
1656990 688
1657000 688
1657010 689
1657020 691
1657030 691
1657040 693
1657050 696
1657060 696
1657070 700
1657080 706
1657090 706
1657100 712
1657110 717
1657120 717
1657130 721
1657140 725
1657150 725
1657160 729
1657170 732
1657180 732
1657190 734
1657200 736
1657210 736
1657220 738
1657230 740
1657240 740
1657250 741
1657260 741
1657270 741
1657280 741
1657290 741
1657300 741
1657310 741
1657320 741
1657330 741
1657340 741
1657350 741
1657360 741
1657370 741
1657380 742
1657390 742
1657400 742
1657410 743
1657420 743
1657430 744
1657440 744
1657450 744
1657460 745
1657470 745
1657480 745
1657490 744
1657500 744
1657510 744
1657520 743
1657530 743
1657540 743
1657550 743
1657560 742
1657570 742
1657580 741
1657590 741
1657600 741
1657610 740
1657620 739
1657630 739
1657640 738
1657650 737
1657660 737
1657670 735
1657680 734
1657690 734
1657700 732
1657710 730
1657720 730
1657730 729
1657740 729
1657750 729
1657760 731
1657770 734
1657780 734
1657790 737
1657800 739
1657810 739
1657820 740
1657830 741
1657840 741
1657850 742
1657860 744
1657870 744
1657880 745
1657890 746
1657900 746
1657910 747
1657920 748
1657930 748
1657940 749
1657950 751
1657960 751
1657970 752
1657980 754
1657990 754
1658000 755
1658010 757
1658020 757
1658030 758
1658040 760
1658050 760
1658060 761
1658070 762
1658080 762
1658090 762
1658100 763
1658110 763
1658120 764
1658130 765
1658140 765
1658150 765
1658160 766
1658170 766
1658180 768
1658190 768
1658200 768
1658210 768
1658220 768
1658230 768
1658240 767
1658250 767
1658260 767
1658270 766
1658280 765
1658290 765
1658300 764
1658310 763
1658320 763
1658330 761
1658340 759
1658350 759
1658360 757
1658370 754
1658380 754
1658390 752
1658400 751
1658410 751
1658420 750
1658430 748
1658440 748
1658450 747
1658460 746
1658470 746
1658480 744
1658490 743
1658500 743
1658510 742
1658520 741
1658530 741
1658540 741
1658550 741
1658560 741
1658570 742
1658580 743
1658590 743
1658600 745
1658610 745
1658620 745
1658630 746
1658640 747
1658650 747
1658660 750
1658670 752
1658680 752
1658690 754
1658700 756
1658710 756
1658720 759
1658730 759
1658740 759
1658750 761
1658760 763
1658770 763
1658780 765
1658790 768
1658800 768
1658810 769
1658820 771
1658830 771
1658840 773
1658850 773
1658860 775
1658870 778
1658880 778
1658890 779
1658900 781
1658910 781
1658920 783
1658930 784
1658940 784
1658950 785
1658960 785
1658970 785
1658980 786
1658990 786
1659000 786
1659010 787
1659020 788
1659030 788
1659040 789
1659050 789
1659060 789
1659070 790
1659080 790
1659090 790
1659100 790
1659110 790
1659120 790
1659130 790
1659140 790
1659150 790
1659160 790
1659170 790
1659180 790
1659190 790
1659200 790
1659210 790
1659220 790
1659230 790
1659240 790
1659250 789
1659260 788
1659270 788
1659280 788
1659290 787
1659300 787
1659310 786
1659320 785
1659330 785
1659340 784
1659350 782
1659360 782
1659370 781
1659380 780
1659390 780
1659400 778
1659410 778
1659420 778
1659430 777
1659440 776
1659450 776
1659460 776
1659470 775
1659480 775
1659490 775
1659500 774
1659510 774
1659520 773
1659530 772
1659540 772
1659550 771
1659560 770
1659570 770
1659580 770
1659590 769
1659600 769
1659610 768
1659620 768
1659630 768
1659640 768
1659650 767
1659660 767
1659670 767
1659680 767
1659690 767
1659700 767
1659710 767
1659720 767
1659730 768
1659740 768
1659750 768
1659760 769
1659770 769
1659780 769
1659790 770
1659800 769
1659810 769
1659820 768
1659830 767
1659840 767
1659850 766
1659860 765
1659870 765
1659880 764
1659890 763
1659900 763
1659910 762
1659920 760
1659930 760
1659940 758
1659950 755
1659960 755
1659970 753
1659980 752
1659990 752
