1640000 717
1640010 717
1640020 716
1640030 716
1640040 715
1640050 714
1640060 714
1640070 714
1640080 714
1640090 714
1640100 713
1640110 712
1640120 712
1640130 711
1640140 712
1640150 712
1640160 711
1640170 710
1640180 710
1640190 709
1640200 708
1640210 708
1640220 707
1640230 706
1640240 706
1640250 705
1640260 705
1640270 705
1640280 704
1640290 702
1640300 702
1640310 701
1640320 700
1640330 700
1640340 698
1640350 697
1640360 697
1640370 697
1640380 696
1640390 696
1640400 696
1640410 695
1640420 695
1640430 694
1640440 693
1640450 693
1640460 692
1640470 692
1640480 692
1640490 691
1640500 691
1640510 691
1640520 690
1640530 689
1640540 689
1640550 688
1640560 686
1640570 686
1640580 683
1640590 681
1640600 681
1640610 680
1640620 679
1640630 679
1640640 679
1640650 679
1640660 679
1640670 679
1640680 678
1640690 678
1640700 678
1640710 678
1640720 678
1640730 678
1640740 678
1640750 678
1640760 678
1640770 678
1640780 678
1640790 678
1640800 679
1640810 679
1640820 679
1640830 680
1640840 680
1640850 681
1640860 682
1640870 682
1640880 682
1640890 683
1640900 683
1640910 684
1640920 684
1640930 684
1640940 684
1640950 684
1640960 684
1640970 684
1640980 685
1640990 685
1641000 685
1641010 685
1641020 685
1641030 685
1641040 685
1641050 685
1641060 685
1641070 685
1641080 685
1641090 685
1641100 685
1641110 685
1641120 685
1641130 685
1641140 685
1641150 684
1641160 684
1641170 684
1641180 684
1641190 684
1641200 684
1641210 684
1641220 684
1641230 684
1641240 684
1641250 684
1641260 683
1641270 683
1641280 683
1641290 682
1641300 682
1641310 682
1641320 681
1641330 681
1641340 681
1641350 680
1641360 679
1641370 679
1641380 678
1641390 677
1641400 677
1641410 675
1641420 674
1641430 674
1641440 672
1641450 671
1641460 671
1641470 669
1641480 669
1641490 669
1641500 669
1641510 669
1641520 669
1641530 670
1641540 671
1641550 671
1641560 671
1641570 670
1641580 670
1641590 669
1641600 668
1641610 668
1641620 668
1641630 668
1641640 668
1641650 668
1641660 669
1641670 669
1641680 671
1641690 673
1641700 673
1641710 674
1641720 675
1641730 675
1641740 675
1641750 676
1641760 676
1641770 676
1641780 676
1641790 676
1641800 676
1641810 675
1641820 675
1641830 675
1641840 675
1641850 675
1641860 675
1641870 674
1641880 674
1641890 673
1641900 673
1641910 673
1641920 672
1641930 672
1641940 672
1641950 672
1641960 670
1641970 670
1641980 669
1641990 667
1642000 667
1642010 666
1642020 665
1642030 665
1642040 664
1642050 664
1642060 664
1642070 664
1642080 664
1642090 664
1642100 662
1642110 661
1642120 661
1642130 660
1642140 660
1642150 660
1642160 660
1642170 661
1642180 661
1642190 661
1642200 660
1642210 660
1642220 660
1642230 659
1642240 659
1642250 659
1642260 659
1642270 659
1642280 659
1642290 658
1642300 658
1642310 658
1642320 657
1642330 657
1642340 656
1642350 655
1642360 655
1642370 654
1642380 653
1642390 653
1642400 652
1642410 651
1642420 651
1642430 650
1642440 649
1642450 649
1642460 647
1642470 646
1642480 646
1642490 645
1642500 643
1642510 643
1642520 642
1642530 641
1642540 641
1642550 640
1642560 639
1642570 639
1642580 637
1642590 636
1642600 636
1642610 633
1642620 629
1642630 626
1642640 622
1642650 622
1642660 619
1642670 616
1642680 616
1642690 613
1642700 611
1642710 611
1642720 610
1642730 611
1642740 611
1642750 614
1642760 616
1642770 616
1642780 619
1642790 622
1642800 622
1642810 623
1642820 625
1642830 625
1642840 626
1642850 626
1642860 626
1642870 626
1642880 627
1642890 627
1642900 628
1642910 630
1642920 630
1642930 631
1642940 632
1642950 632
1642960 633
1642970 635
1642980 635
1642990 636
1643000 638
1643010 638
1643020 640
1643030 642
1643040 642
1643050 645
1643060 647
1643070 647
1643080 649
1643090 651
1643100 651
1643110 652
1643120 653
1643130 653
1643140 654
1643150 656
1643160 656
1643170 657
1643180 659
1643190 659
1643200 660
1643210 661
1643220 661
1643230 663
1643240 664
1643250 664
1643260 665
1643270 666
1643280 666
1643290 667
1643300 668
1643310 668
1643320 668
1643330 669
1643340 669
1643350 669
1643360 669
1643370 669
1643380 670
1643390 670
1643400 670
1643410 671
1643420 671
1643430 671
1643440 671
1643450 674
1643460 674
1643470 674
1643480 673
1643490 673
1643500 673
1643510 672
1643520 672
1643530 672
1643540 671
1643550 671
1643560 670
1643570 669
1643580 669
1643590 669
1643600 668
1643610 668
1643620 667
1643630 667
1643640 667
1643650 666
1643660 666
1643670 666
1643680 665
1643690 664
1643700 664
1643710 663
1643720 662
1643730 662
1643740 661
1643750 658
1643760 658
1643770 655
1643780 652
1643790 652
1643800 650
1643810 648
1643820 648
1643830 648
1643840 648
1643850 648
1643860 648
1643870 647
1643880 647
1643890 647
1643900 646
1643910 646
1643920 646
1643930 645
1643940 645
1643950 644
1643960 642
1643970 642
1643980 640
1643990 638
1644000 638
1644010 635
1644020 633
1644030 633
1644040 630
1644050 627
1644060 627
1644070 624
1644080 622
1644090 622
1644100 619
1644110 618
1644120 618
1644130 616
1644140 614
1644150 614
1644160 612
1644170 610
1644180 610
1644190 609
1644200 607
1644210 607
1644220 604
1644230 602
1644240 602
1644250 600
1644260 598
1644270 596
1644280 595
1644290 595
1644300 595
1644310 595
1644320 596
1644330 596
1644340 597
1644350 601
1644360 601
1644370 605
1644380 605
1644390 609
1644400 613
1644410 613
1644420 619
1644430 627
1644440 627
1644450 638
1644460 646
1644470 646
1644480 651
1644490 654
1644500 654
1644510 657
1644520 659
1644530 659
1644540 661
1644550 662
1644560 662
1644570 663
1644580 663
1644590 663
1644600 663
1644610 663
1644620 663
1644630 663
1644640 664
1644650 664
1644660 665
1644670 667
1644680 667
1644690 668
1644700 669
1644710 669
1644720 670
1644730 670
1644740 670
1644750 671
1644760 672
1644770 672
1644780 672
1644790 672
1644800 672
1644810 672
1644820 673
1644830 673
1644840 673
1644850 673
1644860 673
1644870 673
1644880 672
1644890 672
1644900 672
1644910 672
1644920 672
1644930 672
1644940 672
1644950 672
1644960 672
1644970 671
1644980 671
1644990 669
1645000 668
1645010 668
1645020 667
1645030 664
1645040 664
1645050 662
1645060 661
1645070 661
1645080 657
1645090 657
1645100 657
1645110 658
1645120 659
1645130 659
1645140 661
1645150 663
1645160 663
1645170 665
1645180 668
1645190 668
1645200 668
1645210 669
1645220 669
1645230 669
1645240 669
1645250 669
1645260 668
1645270 668
1645280 668
1645290 667
1645300 666
1645310 666
1645320 663
1645330 660
1645340 660
1645350 660
1645360 660
1645370 660
1645380 659
1645390 658
1645400 658
1645410 657
1645420 658
1645430 658
1645440 660
1645450 663
1645460 663
1645470 666
1645480 669
1645490 669
1645500 671
1645510 674
1645520 674
1645530 676
1645540 678
1645550 678
1645560 679
1645570 681
1645580 681
1645590 683
1645600 685
1645610 685
1645620 687
1645630 689
1645640 689
1645650 691
1645660 694
1645670 694
1645680 696
1645690 698
1645700 698
1645710 701
1645720 703
1645730 703
1645740 705
1645750 706
1645760 706
1645770 708
1645780 709
1645790 709
1645800 710
1645810 711
1645820 711
1645830 712
1645840 712
1645850 712
1645860 713
1645870 713
1645880 713
1645890 711
1645900 712
1645910 712
1645920 712
1645930 712
1645940 712
1645950 712
1645960 711
1645970 711
1645980 710
1645990 709
1646000 709
1646010 708
1646020 708
1646030 708
1646040 707
1646050 707
1646060 707
1646070 707
1646080 707
1646090 707
1646100 708
1646110 708
1646120 709
1646130 711
1646140 711
1646150 713
1646160 715
1646170 715
1646180 718
1646190 721
1646200 721
1646210 724
1646220 727
1646230 727
1646240 729
1646250 732
1646260 732
1646270 735
1646280 737
1646290 737
1646300 740
1646310 743
1646320 743
1646330 746
1646340 747
1646350 747
1646360 748
1646370 748
1646380 748
1646390 749
1646400 749
1646410 749
1646420 749
1646430 748
1646440 748
1646450 747
1646460 745
1646470 745
1646480 741
1646490 738
1646500 738
1646510 736
1646520 734
1646530 734
1646540 733
1646550 733
1646560 733
1646570 733
1646580 733
1646590 733
1646600 734
1646610 735
1646620 735
1646630 737
1646640 739
1646650 739
1646660 742
1646670 745
1646680 745
1646690 747
1646700 745
1646710 745
1646720 744
1646730 744
1646740 744
1646750 742
1646760 742
1646770 742
1646780 742
1646790 743
1646800 743
1646810 747
1646820 752
1646830 752
1646840 756
1646850 759
1646860 759
1646870 761
1646880 763
1646890 763
1646900 764
1646910 765
1646920 765
1646930 765
1646940 766
1646950 766
1646960 766
1646970 766
1646980 766
1646990 766
1647000 767
1647010 767
1647020 767
1647030 768
1647040 768
1647050 768
1647060 769
1647070 769
1647080 770
1647090 770
1647100 770
1647110 771
1647120 771
1647130 771
1647140 772
1647150 773
1647160 773
1647170 773
1647180 774
1647190 774
1647200 775
1647210 776
1647220 776
1647230 777
1647240 777
1647250 777
1647260 777
1647270 778
1647280 778
1647290 778
1647300 779
1647310 779
1647320 780
1647330 780
1647340 780
1647350 780
1647360 780
1647370 780
1647380 781
1647390 782
1647400 782
1647410 783
1647420 785
1647430 785
1647440 787
1647450 790
1647460 790
1647470 794
1647480 798
1647490 798
1647500 801
1647510 804
1647520 804
1647530 805
1647540 806
1647550 806
1647560 807
1647570 806
1647580 806
1647590 806
1647600 806
1647610 806
1647620 806
1647630 806
1647640 806
1647650 806
1647660 806
1647670 806
1647680 806
1647690 806
1647700 806
1647710 805
1647720 803
1647730 803
1647740 802
1647750 801
1647760 801
1647770 799
1647780 798
1647790 798
1647800 796
1647810 794
1647820 794
1647830 792
1647840 792
1647850 791
1647860 789
1647870 789
1647880 787
1647890 786
1647900 786
1647910 786
1647920 786
1647930 786
1647940 786
1647950 785
1647960 785
1647970 784
1647980 782
1647990 782
1648000 780
1648010 779
1648020 779
1648030 778
1648040 777
1648050 777
1648060 777
1648070 777
1648080 777
1648090 777
1648100 778
1648110 778
1648120 778
1648130 779
1648140 779
1648150 779
1648160 779
1648170 779
1648180 779
1648190 778
1648200 778
1648210 778
1648220 778
1648230 778
1648240 777
1648250 777
1648260 777
1648270 777
1648280 776
1648290 776
1648300 776
1648310 776
1648320 776
1648330 775
1648340 774
1648350 774
1648360 774
1648370 773
1648380 773
1648390 773
1648400 772
1648410 772
1648420 771
1648430 770
1648440 770
1648450 769
1648460 767
1648470 767
1648480 766
1648490 765
1648500 765
1648510 764
1648520 763
1648530 763
1648540 762
1648550 761
1648560 761
1648570 760
1648580 760
1648590 760
1648600 760
1648610 759
1648620 759
1648630 759
1648640 758
1648650 758
1648660 756
1648670 755
1648680 755
1648690 753
1648700 751
1648710 751
1648720 748
1648730 746
1648740 746
1648750 744
1648760 742
1648770 742
1648780 740
1648790 736
1648800 736
1648810 731
1648820 727
1648830 727
1648840 722
1648850 715
1648860 715
1648870 708
1648880 703
1648890 703
1648900 700
1648910 697
1648920 697
1648930 694
1648940 692
1648950 692
1648960 691
1648970 690
1648980 690
1648990 689
1649000 687
1649010 687
1649020 686
1649030 684
1649040 684
1649050 682
1649060 681
1649070 681
1649080 679
1649090 678
1649100 678
1649110 677
1649120 676
1649130 676
1649140 674
1649150 672
1649160 672
1649170 670
1649180 669
1649190 669
1649200 667
1649210 665
1649220 665
1649230 664
1649240 663
1649250 663
1649260 663
1649270 663
1649280 663
1649290 663
1649300 663
1649310 663
1649320 664
1649330 665
1649340 665
1649350 667
1649360 670
1649370 670
1649380 673
1649390 676
1649400 676
1649410 681
1649420 685
1649430 685
1649440 687
1649450 689
1649460 689
1649470 688
1649480 686
1649490 686
1649500 685
1649510 685
1649520 685
1649530 687
1649540 690
1649550 690
1649560 693
1649570 697
1649580 697
1649590 701
1649600 701
1649610 705
1649620 709
1649630 709
1649640 712
1649650 714
1649660 714
1649670 717
1649680 718
1649690 718
1649700 721
1649710 724
1649720 724
1649730 726
1649740 728
1649750 728
1649760 730
1649770 733
1649780 733
1649790 735
1649800 738
1649810 738
1649820 740
1649830 742
1649840 742
1649850 745
1649860 747
1649870 747
1649880 749
1649890 751
1649900 751
1649910 752
1649920 753
1649930 753
1649940 754
1649950 755
1649960 755
1649970 756
1649980 758
1649990 758
1650000 758
1650010 759
1650020 759
1650030 759
1650040 758
1650050 758
1650060 758
1650070 756
1650080 756
1650090 755
1650100 753
1650110 753
1650120 751
1650130 748
1650140 748
1650150 745
1650160 740
1650170 740
1650180 737
1650190 733
1650200 733
1650210 727
1650220 721
1650230 721
1650240 715
1650250 711
1650260 711
1650270 709
1650280 709
1650290 709
1650300 709
1650310 709
1650320 709
1650330 710
1650340 711
1650350 711
1650360 711
1650370 712
1650380 712
1650390 713
1650400 715
1650410 715
1650420 716
1650430 717
1650440 717
1650450 718
1650460 718
1650470 718
1650480 716
1650490 714
1650500 714
1650510 711
1650520 708
1650530 708
1650540 705
1650550 701
1650560 701
1650570 701
1650580 701
1650590 701
1650600 702
1650610 703
1650620 703
1650630 705
1650640 707
1650650 707
1650660 712
1650670 716
1650680 716
1650690 719
1650700 723
1650710 723
1650720 726
1650730 729
1650740 729
1650750 733
1650760 736
1650770 736
1650780 739
1650790 742
1650800 742
1650810 744
1650820 746
1650830 746
1650840 748
1650850 750
1650860 750
1650870 752
1650880 754
1650890 754
1650900 755
1650910 757
1650920 757
1650930 758
1650940 758
1650950 758
1650960 759
1650970 759
1650980 759
1650990 759
1651000 759
1651010 759
1651020 759
1651030 758
1651040 758
1651050 758
1651060 757
1651070 757
1651080 756
1651090 755
1651100 755
1651110 753
1651120 751
1651130 751
1651140 749
1651150 748
1651160 748
1651170 746
1651180 745
1651190 745
1651200 744
1651210 742
1651220 742
1651230 741
1651240 739
1651250 739
1651260 736
1651270 733
1651280 733
1651290 731
1651300 729
1651310 729
1651320 726
1651330 726
1651340 724
1651350 722
1651360 722
1651370 720
1651380 718
1651390 718
1651400 715
1651410 712
1651420 712
1651430 709
1651440 704
1651450 704
1651460 700
1651470 697
1651480 697
1651490 695
1651500 690
1651510 690
1651520 686
1651530 682
1651540 682
1651550 678
1651560 675
1651570 675
1651580 671
1651590 667
1651600 667
1651610 663
1651620 659
1651630 659
1651640 656
1651650 654
1651660 654
1651670 651
1651680 646
1651690 646
1651700 643
1651710 641
1651720 641
1651730 639
1651740 637
1651750 637
1651760 635
1651770 633
1651780 633
1651790 630
1651800 627
1651810 627
1651820 624
1651830 622
1651840 622
1651850 620
1651860 618
1651870 618
1651880 616
1651890 615
1651900 615
1651910 613
1651920 612
1651930 612
1651940 611
1651950 610
1651960 610
1651970 609
1651980 609
1651990 609
1652000 608
1652010 607
1652020 607
1652030 607
1652040 607
1652050 607
1652060 606
1652070 606
1652080 606
1652090 606
1652100 606
1652110 606
1652120 605
1652130 604
1652140 604
1652150 603
1652160 602
1652170 602
1652180 600
1652190 599
1652200 599
1652210 599
1652220 598
1652230 598
1652240 596
1652250 594
1652260 594
1652270 591
1652280 588
1652290 588
1652300 585
1652310 583
1652320 583
1652330 580
1652340 577
1652350 577
1652360 574
1652370 571
1652380 571
1652390 570
1652400 570
1652410 570
1652420 570
1652430 571
1652440 571
1652450 573
1652460 578
1652470 578
1652480 581
1652490 584
1652500 584
1652510 586
1652520 588
1652530 588
1652540 589
1652550 591
1652560 591
1652570 593
1652580 595
1652590 595
1652600 597
1652610 599
1652620 599
1652630 601
1652640 603
1652650 603
1652660 604
1652670 606
1652680 606
1652690 607
1652700 608
1652710 608
1652720 609
1652730 610
1652740 610
1652750 611
1652760 612
1652770 612
1652780 612
1652790 612
1652800 612
1652810 613
1652820 614
1652830 614
1652840 615
1652850 616
1652860 616
1652870 617
1652880 617
1652890 617
1652900 618
1652910 618
1652920 618
1652930 618
1652940 616
1652950 616
1652960 615
1652970 615
1652980 615
1652990 615
1653000 614
1653010 614
1653020 612
1653030 611
1653040 611
1653050 610
1653060 610
1653070 611
1653080 612
1653090 612
1653100 615
1653110 617
1653120 617
1653130 620
1653140 623
1653150 623
1653160 626
1653170 628
1653180 628
1653190 631
1653200 633
1653210 633
1653220 636
1653230 638
1653240 638
1653250 642
1653260 645
1653270 645
1653280 647
1653290 651
1653300 651
1653310 653
1653320 656
1653330 656
1653340 659
1653350 662
1653360 662
1653370 665
1653380 668
1653390 668
1653400 670
1653410 673
1653420 673
1653430 675
1653440 677
1653450 677
1653460 678
1653470 680
1653480 680
1653490 682
1653500 684
1653510 684
1653520 686
1653530 687
1653540 687
1653550 686
1653560 682
1653570 682
1653580 678
1653590 675
1653600 675
1653610 672
1653620 670
1653630 670
1653640 668
1653650 665
1653660 665
1653670 662
1653680 658
1653690 658
1653700 655
1653710 652
1653720 652
1653730 648
1653740 645
1653750 645
1653760 643
1653770 644
1653780 644
1653790 642
1653800 639
1653810 639
1653820 636
1653830 635
1653840 635
1653850 634
1653860 631
1653870 631
1653880 625
1653890 622
1653900 622
1653910 620
1653920 617
1653930 617
1653940 615
1653950 616
1653960 616
1653970 617
1653980 618
1653990 618
1654000 621
1654010 624
1654020 624
1654030 626
1654040 630
1654050 630
1654060 633
1654070 636
1654080 636
1654090 639
1654100 642
1654110 642
1654120 645
1654130 648
1654140 648
1654150 650
1654160 652
1654170 652
1654180 654
1654190 656
1654200 656
1654210 658
1654220 660
1654230 660
1654240 663
1654250 665
1654260 665
1654270 668
1654280 671
1654290 671
1654300 675
1654310 679
1654320 679
1654330 684
1654340 688
1654350 688
1654360 691
1654370 693
1654380 693
1654390 696
1654400 697
1654410 697
1654420 697
1654430 698
1654440 698
1654450 698
1654460 697
1654470 697
1654480 694
1654490 692
1654500 692
1654510 690
1654520 688
1654530 685
1654540 682
1654550 678
1654560 678
1654570 673
1654580 667
1654590 667
1654600 661
1654610 661
1654620 661
1654630 661
1654640 662
1654650 662
1654660 663
1654670 666
1654680 666
1654690 669
1654700 671
1654710 671
1654720 670
1654730 668
1654740 668
1654750 668
1654760 668
1654770 668
1654780 666
1654790 666
1654800 666
1654810 668
1654820 668
1654830 671
1654840 676
1654850 676
1654860 677
1654870 677
1654880 677
1654890 675
1654900 674
1654910 674
1654920 672
1654930 669
1654940 669
1654950 668
1654960 666
1654970 666
1654980 667
1654990 669
1655000 669
1655010 673
1655020 678
1655030 678
1655040 683
1655050 688
1655060 688
1655070 691
1655080 694
1655090 694
1655100 696
1655110 697
1655120 697
1655130 699
1655140 700
1655150 700
1655160 702
1655170 703
1655180 703
1655190 704
1655200 705
1655210 705
1655220 707
1655230 707
1655240 707
1655250 707
1655260 706
1655270 706
1655280 705
1655290 705
1655300 708
1655310 710
1655320 712
1655330 712
1655340 715
1655350 717
1655360 717
1655370 718
1655380 720
1655390 720
1655400 721
1655410 723
1655420 723
1655430 724
1655440 726
1655450 726
1655460 729
1655470 731
1655480 731
1655490 733
1655500 734
1655510 734
1655520 736
1655530 738
1655540 738
1655550 740
1655560 743
1655570 743
1655580 745
1655590 748
1655600 748
1655610 750
1655620 753
1655630 753
1655640 756
1655650 760
1655660 760
1655670 763
1655680 766
1655690 766
1655700 770
1655710 773
1655720 773
1655730 776
1655740 778
1655750 778
1655760 780
1655770 781
1655780 781
1655790 783
1655800 785
1655810 785
1655820 785
1655830 785
1655840 785
1655850 786
1655860 787
1655870 787
1655880 788
1655890 789
1655900 789
1655910 790
1655920 791
1655930 791
1655940 793
1655950 794
1655960 794
1655970 795
1655980 797
1655990 797
1656000 798
1656010 799
1656020 799
1656030 800
1656040 801
1656050 801
1656060 802
1656070 803
1656080 803
1656090 805
1656100 807
1656110 807
1656120 809
1656130 811
1656140 811
1656150 813
1656160 815
1656170 815
1656180 818
1656190 819
1656200 819
1656210 821
1656220 822
1656230 822
1656240 823
1656250 824
1656260 824
1656270 825
1656280 826
1656290 826
1656300 827
1656310 827
1656320 827
1656330 827
1656340 827
1656350 827
1656360 828
1656370 828
1656380 828
1656390 829
1656400 829
1656410 829
1656420 829
1656430 828
1656440 828
1656450 826
1656460 825
1656470 825
1656480 823
1656490 823
1656500 820
1656510 817
1656520 817
1656530 815
1656540 814
1656550 814
1656560 812
1656570 808
1656580 808
1656590 804
1656600 799
1656610 799
1656620 797
1656630 796
1656640 796
1656650 796
1656660 797
1656670 797
1656680 798
1656690 798
1656700 798
1656710 798
1656720 798
1656730 798
1656740 797
1656750 794
1656760 794
1656770 791
1656780 788
1656790 788
1656800 786
1656810 784
1656820 784
1656830 783
1656840 783
1656850 783
1656860 783
1656870 783
1656880 783
1656890 783
1656900 783
1656910 783
1656920 784
1656930 784
1656940 784
1656950 785
1656960 786
1656970 786
1656980 786
1656990 787
1657000 787
1657010 788
1657020 792
1657030 792
1657040 795
1657050 797
1657060 797
1657070 797
1657080 798
1657090 798
1657100 799
1657110 802
1657120 802
1657130 805
1657140 806
1657150 806
1657160 807
1657170 808
1657180 808
1657190 809
1657200 809
1657210 809
1657220 811
1657230 812
1657240 812
1657250 814
1657260 817
1657270 817
1657280 819
1657290 821
1657300 821
1657310 823
1657320 826
1657330 826
1657340 828
1657350 831
1657360 831
1657370 833
1657380 836
1657390 836
1657400 838
1657410 840
1657420 840
1657430 844
1657440 847
1657450 847
1657460 851
1657470 854
1657480 854
1657490 857
1657500 860
1657510 860
1657520 862
1657530 864
1657540 864
1657550 865
1657560 866
1657570 866
1657580 867
1657590 868
1657600 868
1657610 868
1657620 868
1657630 868
1657640 868
1657650 868
1657660 868
1657670 867
1657680 866
1657690 866
1657700 865
1657710 864
1657720 864
1657730 863
1657740 863
1657750 863
1657760 862
1657770 862
1657780 862
1657790 861
1657800 861
1657810 861
1657820 860
1657830 859
1657840 859
1657850 857
1657860 856
1657870 856
1657880 854
1657890 851
1657900 851
1657910 851
1657920 850
1657930 850
1657940 850
1657950 849
1657960 849
1657970 848
1657980 847
1657990 847
1658000 847
1658010 847
1658020 847
1658030 847
1658040 848
1658050 848
1658060 847
1658070 847
1658080 847
1658090 847
1658100 847
1658110 847
1658120 847
1658130 848
1658140 848
1658150 848
1658160 848
1658170 848
1658180 848
1658190 848
1658200 848
1658210 847
1658220 847
1658230 848
1658240 848
1658250 848
1658260 847
1658270 847
1658280 847
1658290 847
1658300 846
1658310 846
1658320 843
1658330 842
1658340 842
1658350 841
1658360 841
1658370 841
1658380 840
1658390 839
1658400 839
1658410 838
1658420 838
1658430 838
1658440 837
1658450 837
1658460 837
1658470 837
1658480 836
1658490 836
1658500 837
1658510 838
1658520 838
1658530 838
1658540 839
1658550 839
1658560 840
1658570 840
1658580 840
1658590 841
1658600 842
1658610 842
1658620 843
1658630 844
1658640 844
1658650 845
1658660 845
1658670 845
1658680 845
1658690 846
1658700 846
1658710 846
1658720 847
1658730 847
1658740 848
1658750 848
1658760 848
1658770 849
1658780 849
1658790 849
1658800 850
1658810 851
1658820 851
1658830 852
1658840 852
1658850 852
1658860 853
1658870 854
1658880 854
1658890 854
1658900 855
1658910 855
1658920 856
1658930 856
1658940 856
1658950 857
1658960 858
1658970 858
1658980 859
1658990 859
1659000 859
1659010 859
1659020 859
1659030 859
1659040 859
1659050 859
1659060 857
1659070 855
1659080 854
1659090 854
1659100 854
1659110 854
1659120 854
1659130 853
1659140 853
1659150 853
1659160 852
1659170 852
1659180 852
1659190 851
1659200 851
1659210 851
1659220 851
1659230 851
1659240 851
1659250 851
1659260 852
1659270 852
1659280 852
1659290 853
1659300 853
1659310 854
1659320 855
1659330 855
1659340 856
1659350 856
1659360 856
1659370 856
1659380 857
1659390 857
1659400 857
1659410 858
1659420 858
1659430 858
1659440 859
1659450 859
1659460 859
1659470 860
1659480 860
1659490 861
1659500 862
1659510 862
1659520 863
1659530 864
1659540 864
1659550 864
1659560 864
1659570 864
1659580 864
1659590 863
1659600 863
1659610 863
1659620 862
1659630 862
1659640 861
1659650 860
1659660 860
1659670 859
1659680 859
1659690 859
1659700 859
1659710 859
1659720 859
1659730 859
1659740 859
1659750 859
1659760 859
1659770 859
1659780 859
1659790 858
1659800 858
1659810 859
1659820 858
1659830 858
1659840 858
1659850 858
1659860 859
1659870 859
1659880 859
1659890 859
1659900 859
1659910 860
1659920 860
1659930 860
1659940 860
1659950 860
1659960 860
1659970 861
1659980 861
1659990 862
