1640000 627
1640010 630
1640020 631
1640030 631
1640040 634
1640050 638
1640060 638
1640070 642
1640080 646
1640090 646
1640100 649
1640110 653
1640120 653
1640130 658
1640140 662
1640150 662
1640160 664
1640170 668
1640180 668
1640190 672
1640200 675
1640210 675
1640220 678
1640230 680
1640240 680
1640250 682
1640260 685
1640270 685
1640280 687
1640290 689
1640300 689
1640310 691
1640320 693
1640330 693
1640340 695
1640350 697
1640360 697
1640370 699
1640380 701
1640390 701
1640400 703
1640410 705
1640420 705
1640430 707
1640440 709
1640450 709
1640460 711
1640470 713
1640480 713
1640490 715
1640500 717
1640510 717
1640520 719
1640530 721
1640540 721
1640550 723
1640560 725
1640570 725
1640580 726
1640590 728
1640600 728
1640610 730
1640620 732
1640630 732
1640640 733
1640650 735
1640660 733
1640670 735
1640680 737
1640690 737
1640700 739
1640710 741
1640720 741
1640730 744
1640740 746
1640750 746
1640760 747
1640770 749
1640780 749
1640790 751
1640800 753
1640810 753
1640820 755
1640830 757
1640840 757
1640850 760
1640860 762
1640870 762
1640880 765
1640890 768
1640900 768
1640910 771
1640920 774
1640930 774
1640940 778
1640950 781
1640960 781
1640970 785
1640980 788
1640990 788
1641000 790
1641010 792
1641020 792
1641030 794
1641040 794
1641050 794
1641060 794
1641070 794
1641080 794
1641090 793
1641100 792
1641110 792
1641120 790
1641130 787
1641140 787
1641150 785
1641160 783
1641170 783
1641180 780
1641190 778
1641200 778
1641210 776
1641220 773
1641230 773
1641240 771
1641250 769
1641260 769
1641270 767
1641280 765
1641290 765
1641300 763
1641310 761
1641320 761
1641330 759
1641340 758
1641350 758
1641360 757
1641370 756
1641380 756
1641390 755
1641400 753
1641410 753
1641420 753
1641430 752
1641440 752
1641450 751
1641460 751
1641470 751
1641480 750
1641490 747
1641500 747
1641510 746
1641520 745
1641530 745
1641540 743
1641550 742
1641560 742
1641570 742
1641580 742
1641590 742
1641600 743
1641610 743
1641620 743
1641630 744
1641640 744
1641650 745
1641660 745
1641670 745
1641680 746
1641690 746
1641700 746
1641710 748
1641720 751
1641730 751
1641740 754
1641750 758
1641760 758
1641770 760
1641780 764
1641790 764
1641800 766
1641810 768
1641820 768
1641830 770
1641840 771
1641850 771
1641860 773
1641870 775
1641880 775
1641890 777
1641900 779
1641910 779
1641920 781
1641930 783
1641940 783
1641950 785
1641960 786
1641970 786
1641980 787
1641990 787
1642000 787
1642010 787
1642020 787
1642030 787
1642040 787
1642050 787
1642060 787
1642070 787
1642080 787
1642090 787
1642100 786
1642110 786
1642120 786
1642130 785
1642140 784
1642150 784
1642160 783
1642170 782
1642180 782
1642190 782
1642200 781
1642210 781
1642220 781
1642230 780
1642240 780
1642250 779
1642260 778
1642270 778
1642280 777
1642290 776
1642300 776
1642310 775
1642320 775
1642330 775
1642340 774
1642350 773
1642360 773
1642370 772
1642380 771
1642390 771
1642400 770
1642410 769
1642420 769
1642430 768
1642440 767
1642450 767
1642460 765
1642470 764
1642480 764
1642490 763
1642500 762
1642510 762
1642520 760
1642530 759
1642540 759
1642550 758
1642560 757
1642570 757
1642580 756
1642590 754
1642600 754
1642610 753
1642620 751
1642630 751
1642640 749
1642650 746
1642660 746
1642670 743
1642680 741
1642690 741
1642700 739
1642710 737
1642720 737
1642730 735
1642740 735
1642750 735
1642760 736
1642770 738
1642780 738
1642790 739
1642800 739
1642810 739
1642820 739
1642830 739
1642840 739
1642850 739
1642860 739
1642870 739
1642880 738
1642890 738
1642900 738
1642910 737
1642920 736
1642930 736
1642940 735
1642950 733
1642960 733
1642970 732
1642980 730
1642990 730
1643000 728
1643010 726
1643020 726
1643030 722
1643040 719
1643050 719
1643060 719
1643070 720
1643080 720
1643090 721
1643100 721
1643110 721
1643120 722
1643130 723
1643140 723
1643150 724
1643160 724
1643170 725
1643180 726
1643190 726
1643200 727
1643210 728
1643220 728
1643230 729
1643240 731
1643250 731
1643260 733
1643270 735
1643280 735
1643290 737
1643300 739
1643310 739
1643320 742
1643330 744
1643340 744
1643350 746
1643360 749
1643370 749
1643380 751
1643390 754
1643400 754
1643410 757
1643420 759
1643430 759
1643440 761
1643450 764
1643460 764
1643470 766
1643480 769
1643490 769
1643500 771
1643510 774
1643520 774
1643530 776
1643540 779
1643550 779
1643560 781
1643570 783
1643580 783
1643590 786
1643600 788
1643610 788
1643620 789
1643630 790
1643640 790
1643650 789
1643660 787
1643670 787
1643680 786
1643690 783
1643700 783
1643710 780
1643720 776
1643730 776
1643740 773
1643750 769
1643760 769
1643770 766
1643780 763
1643790 763
1643800 759
1643810 756
1643820 756
1643830 752
1643840 749
1643850 749
1643860 746
1643870 742
1643880 742
1643890 738
1643900 734
1643910 734
1643920 729
1643930 725
1643940 725
1643950 721
1643960 718
1643970 718
1643980 713
1643990 709
1644000 709
1644010 706
1644020 703
1644030 703
1644040 702
1644050 699
1644060 699
1644070 696
1644080 692
1644090 692
1644100 688
1644110 684
1644120 684
1644130 680
1644140 677
1644150 677
1644160 675
1644170 673
1644180 673
1644190 673
1644200 673
1644210 673
1644220 673
1644230 673
1644240 673
1644250 672
1644260 671
1644270 671
1644280 670
1644290 669
1644300 669
1644310 667
1644320 666
1644330 666
1644340 664
1644350 663
1644360 663
1644370 662
1644380 660
1644390 660
1644400 658
1644410 656
1644420 656
1644430 654
1644440 651
1644450 651
1644460 648
1644470 644
1644480 644
1644490 641
1644500 637
1644510 637
1644520 633
1644530 628
1644540 628
1644550 625
1644560 624
1644570 624
1644580 623
1644590 623
1644600 623
1644610 622
1644620 622
1644630 622
1644640 622
1644650 621
1644660 621
1644670 621
1644680 621
1644690 621
1644700 622
1644710 623
1644720 623
1644730 625
1644740 625
1644750 626
1644760 625
1644770 626
1644780 623
1644790 620
1644800 620
1644810 615
1644820 612
1644830 612
1644840 610
1644850 609
1644860 609
1644870 608
1644880 608
1644890 608
1644900 608
1644910 609
1644920 609
1644930 608
1644940 609
1644950 609
1644960 610
1644970 612
1644980 612
1644990 615
1645000 618
1645010 618
1645020 621
1645030 624
1645040 624
1645050 626
1645060 629
1645070 629
1645080 631
1645090 632
1645100 632
1645110 633
1645120 633
1645130 633
1645140 637
1645150 639
1645160 639
1645170 640
1645180 640
1645190 640
1645200 641
1645210 640
1645220 640
1645230 639
1645240 638
1645250 638
1645260 637
1645270 638
1645280 638
1645290 639
1645300 641
1645310 641
1645320 643
1645330 645
1645340 645
1645350 647
1645360 649
1645370 649
1645380 651
1645390 653
1645400 653
1645410 655
1645420 657
1645430 657
1645440 659
1645450 661
1645460 661
1645470 663
1645480 666
1645490 666
1645500 670
1645510 673
1645520 673
1645530 676
1645540 680
1645550 680
1645560 684
1645570 687
1645580 688
1645590 692
1645600 697
1645610 697
1645620 702
1645630 707
1645640 707
1645650 711
1645660 716
1645670 716
1645680 721
1645690 726
1645700 726
1645710 731
1645720 737
1645730 737
1645740 741
1645750 745
1645760 745
1645770 749
1645780 752
1645790 752
1645800 754
1645810 755
1645820 755
1645830 756
1645840 757
1645850 757
1645860 758
1645870 759
1645880 759
1645890 760
1645900 762
1645910 762
1645920 765
1645930 768
1645940 768
1645950 772
1645960 776
1645970 776
1645980 780
1645990 784
1646000 784
1646010 789
1646020 794
1646030 794
1646040 798
1646050 801
1646060 801
1646070 805
1646080 808
1646090 808
1646100 810
1646110 811
1646120 811
1646130 811
1646140 811
1646150 811
1646160 810
1646170 808
1646180 808
1646190 806
1646200 804
1646210 804
1646220 801
1646230 798
1646240 798
1646250 795
1646260 792
1646270 792
1646280 788
1646290 785
1646300 785
1646310 782
1646320 782
1646330 779
1646340 776
1646350 776
1646360 773
1646370 770
1646380 770
1646390 766
1646400 763
1646410 763
1646420 760
1646430 758
1646440 758
1646450 755
1646460 752
1646470 752
1646480 750
1646490 748
1646500 748
1646510 748
1646520 749
1646530 749
1646540 751
1646550 753
1646560 753
1646570 755
1646580 758
1646590 758
1646600 760
1646610 763
1646620 763
1646630 766
1646640 769
1646650 769
1646660 771
1646670 772
1646680 772
1646690 775
1646700 776
1646710 776
1646720 777
1646730 777
1646740 777
1646750 778
1646760 779
1646770 779
1646780 781
1646790 783
1646800 783
1646810 785
1646820 786
1646830 786
1646840 786
1646850 784
1646860 784
1646870 780
1646880 775
1646890 775
1646900 775
1646910 777
1646920 777
1646930 778
1646940 779
1646950 779
1646960 780
1646970 782
1646980 782
1646990 784
1647000 786
1647010 786
1647020 787
1647030 789
1647040 789
1647050 791
1647060 793
1647070 793
1647080 795
1647090 797
1647100 797
1647110 799
1647120 801
1647130 801
1647140 803
1647150 805
1647160 805
1647170 807
1647180 809
1647190 809
1647200 811
1647210 815
1647220 815
1647230 818
1647240 822
1647250 822
1647260 826
1647270 829
1647280 829
1647290 833
1647300 836
1647310 836
1647320 838
1647330 839
1647340 839
1647350 841
1647360 842
1647370 842
1647380 843
1647390 844
1647400 844
1647410 846
1647420 849
1647430 849
1647440 850
1647450 852
1647460 852
1647470 854
1647480 857
1647490 857
1647500 859
1647510 861
1647520 861
1647530 862
1647540 863
1647550 863
1647560 864
1647570 865
1647580 865
1647590 865
1647600 866
1647610 866
1647620 865
1647630 865
1647640 865
1647650 866
1647660 867
1647670 867
1647680 868
1647690 869
1647700 869
1647710 870
1647720 870
1647730 870
1647740 871
1647750 871
1647760 871
1647770 871
1647780 872
1647790 872
1647800 872
1647810 872
1647820 872
1647830 873
1647840 874
1647850 874
1647860 875
1647870 876
1647880 876
1647890 877
1647900 877
1647910 878
1647920 879
1647930 879
1647940 879
1647950 879
1647960 879
1647970 879
1647980 880
1647990 879
1648000 880
1648010 881
1648020 881
1648030 882
1648040 883
1648050 883
1648060 883
1648070 884
1648080 884
1648090 884
1648100 884
1648110 884
1648120 884
1648130 885
1648140 885
1648150 885
1648160 885
1648170 885
1648180 885
1648190 884
1648200 884
1648210 884
1648220 883
1648230 883
1648240 883
1648250 883
1648260 883
1648270 883
1648280 884
1648290 884
1648300 885
1648310 887
1648320 887
1648330 888
1648340 889
1648350 889
1648360 889
1648370 889
1648380 889
1648390 890
1648400 890
1648410 890
1648420 891
1648430 890
1648440 890
1648450 886
1648460 882
1648470 882
1648480 879
1648490 876
1648500 876
1648510 874
1648520 873
1648530 873
1648540 872
1648550 871
1648560 871
1648570 872
1648580 873
1648590 873
1648600 874
1648610 875
1648620 875
1648630 875
1648640 875
1648650 875
1648660 875
1648670 875
1648680 875
1648690 875
1648700 875
1648710 875
1648720 875
1648730 875
1648740 875
1648750 875
1648760 875
1648770 875
1648780 875
1648790 874
1648800 874
1648810 874
1648820 873
1648830 873
1648840 873
1648850 872
1648860 872
1648870 872
1648880 872
1648890 872
1648900 872
1648910 872
1648920 872
1648930 872
1648940 872
1648950 872
1648960 871
1648970 871
1648980 871
1648990 871
1649000 871
1649010 871
1649020 871
1649030 871
1649040 871
1649050 871
1649060 871
1649070 871
1649080 871
1649090 871
1649100 871
1649110 871
1649120 871
1649130 871
1649140 871
1649150 871
1649160 871
1649170 871
1649180 871
1649190 871
1649200 871
1649210 871
1649220 871
1649230 871
1649240 871
1649250 871
1649260 871
1649270 872
1649280 872
1649290 872
1649300 872
1649310 872
1649320 872
1649330 873
1649340 873
1649350 874
1649360 875
1649370 875
1649380 876
1649390 877
1649400 877
1649410 877
1649420 878
1649430 878
1649440 879
1649450 879
1649460 879
1649470 879
1649480 879
1649490 879
1649500 879
1649510 879
1649520 879
1649530 879
1649540 879
1649550 880
1649560 880
1649570 880
1649580 877
1649590 877
1649600 877
1649610 876
1649620 875
1649630 875
1649640 873
1649650 871
1649660 871
1649670 870
1649680 868
1649690 868
1649700 867
1649710 866
1649720 866
1649730 863
1649740 860
1649750 860
1649760 856
1649770 853
1649780 853
1649790 850
1649800 847
1649810 847
1649820 845
1649830 841
1649840 841
1649850 839
1649860 837
1649870 837
1649880 836
1649890 835
1649900 835
1649910 833
1649920 832
1649930 832
1649940 831
1649950 830
1649960 830
1649970 830
1649980 829
1649990 829
1650000 828
1650010 828
1650020 828
1650030 827
1650040 827
1650050 827
1650060 826
1650070 826
1650080 826
1650090 825
1650100 824
1650110 824
1650120 824
1650130 823
1650140 823
1650150 822
1650160 821
1650170 821
1650180 821
1650190 820
1650200 820
1650210 819
1650220 818
1650230 818
1650240 817
1650250 816
1650260 816
1650270 815
1650280 814
1650290 814
1650300 814
1650310 813
1650320 813
1650330 812
1650340 811
1650350 811
1650360 810
1650370 808
1650380 808
1650390 807
1650400 806
1650410 806
1650420 805
1650430 804
1650440 804
1650450 803
1650460 803
1650470 803
1650480 802
1650490 801
1650500 801
1650510 801
1650520 801
1650530 801
1650540 801
1650550 800
1650560 800
1650570 800
1650580 800
1650590 800
1650600 800
1650610 800
1650620 800
1650630 799
1650640 799
1650650 799
1650660 799
1650670 799
1650680 799
1650690 798
1650700 798
1650710 798
1650720 798
1650730 798
1650740 798
1650750 798
1650760 798
1650770 798
1650780 798
1650790 797
1650800 797
1650810 797
1650820 797
1650830 797
1650840 797
1650850 797
1650860 797
1650870 797
1650880 797
1650890 797
1650900 797
1650910 797
1650920 797
1650930 798
1650940 799
1650950 799
1650960 800
1650970 801
1650980 801
1650990 802
1651000 803
1651010 803
1651020 806
1651030 808
1651040 808
1651050 811
1651060 811
1651070 813
1651080 816
1651090 816
1651100 818
1651110 819
1651120 819
1651130 821
1651140 823
1651150 824
1651160 826
1651170 828
1651180 828
1651190 830
1651200 832
1651210 832
1651220 833
1651230 834
1651240 834
1651250 835
1651260 836
1651270 836
1651280 836
1651290 837
1651300 837
1651310 838
1651320 839
1651330 839
1651340 840
1651350 840
1651360 840
1651370 840
1651380 839
1651390 839
1651400 837
1651410 836
1651420 836
1651430 834
1651440 833
1651450 833
1651460 831
1651470 829
1651480 829
1651490 828
1651500 825
1651510 825
1651520 823
1651530 821
1651540 821
1651550 819
1651560 818
1651570 818
1651580 815
1651590 812
1651600 812
1651610 810
1651620 808
1651630 808
1651640 806
1651650 803
1651660 803
1651670 801
1651680 799
1651690 799
1651700 797
1651710 795
1651720 795
1651730 794
1651740 793
1651750 793
1651760 792
1651770 793
1651780 793
1651790 794
1651800 796
1651810 796
1651820 798
1651830 800
1651840 800
1651850 803
1651860 804
1651870 804
1651880 805
1651890 804
1651900 804
1651910 804
1651920 804
1651930 804
1651940 803
1651950 803
1651960 803
1651970 802
1651980 802
1651990 802
1652000 801
1652010 801
1652020 801
1652030 800
1652040 799
1652050 799
1652060 798
1652070 797
1652080 797
1652090 795
1652100 792
1652110 792
1652120 790
1652130 787
1652140 787
1652150 784
1652160 782
1652170 782
1652180 779
1652190 777
1652200 777
1652210 777
1652220 777
1652230 777
1652240 777
1652250 777
1652260 777
1652270 776
1652280 776
1652290 776
1652300 777
1652310 778
1652320 778
1652330 779
1652340 780
1652350 780
1652360 780
1652370 780
1652380 780
1652390 780
1652400 780
1652410 780
1652420 779
1652430 779
1652440 779
1652450 778
1652460 777
1652470 777
1652480 775
1652490 773
1652500 773
1652510 771
1652520 769
1652530 769
1652540 766
1652550 762
1652560 762
1652570 759
1652580 757
1652590 757
1652600 754
1652610 750
1652620 750
1652630 745
1652640 745
1652650 741
1652660 738
1652670 738
1652680 736
1652690 733
1652700 730
1652710 727
1652720 724
1652730 724
1652740 719
1652750 714
1652760 714
1652770 709
1652780 704
1652790 704
1652800 699
1652810 693
1652820 693
1652830 688
1652840 682
1652850 682
1652860 677
1652870 674
1652880 674
1652890 672
1652900 674
1652910 674
1652920 678
1652930 682
1652940 682
1652950 685
1652960 690
1652970 690
1652980 694
1652990 698
1653000 698
1653010 703
1653020 708
1653030 708
1653040 713
1653050 719
1653060 719
1653070 725
1653080 729
1653090 729
1653100 733
1653110 735
1653120 735
1653130 738
1653140 740
1653150 740
1653160 741
1653170 742
1653180 742
1653190 743
1653200 745
1653210 745
1653220 746
1653230 748
1653240 748
1653250 749
1653260 750
1653270 750
1653280 751
1653290 752
1653300 752
1653310 752
1653320 752
1653330 752
1653340 752
1653350 750
1653360 750
1653370 746
1653380 743
1653390 743
1653400 741
1653410 741
1653420 741
1653430 742
1653440 742
1653450 742
1653460 742
1653470 744
1653480 744
1653490 745
1653500 746
1653510 746
1653520 745
1653530 747
1653540 747
1653550 749
1653560 750
1653570 750
1653580 752
1653590 753
1653600 753
1653610 754
1653620 755
1653630 755
1653640 757
1653650 758
1653660 758
1653670 759
1653680 760
1653690 760
1653700 761
1653710 762
1653720 762
1653730 763
1653740 764
1653750 764
1653760 765
1653770 766
1653780 766
1653790 767
1653800 768
1653810 768
1653820 769
1653830 770
1653840 770
1653850 771
1653860 772
1653870 772
1653880 774
1653890 776
1653900 776
1653910 777
1653920 780
1653930 780
1653940 781
1653950 783
1653960 783
1653970 785
1653980 786
1653990 786
1654000 787
1654010 788
1654020 788
1654030 789
1654040 790
1654050 790
1654060 791
1654070 791
1654080 791
1654090 792
1654100 793
1654110 793
1654120 793
1654130 794
1654140 794
1654150 794
1654160 794
1654170 794
1654180 794
1654190 794
1654200 794
1654210 793
1654220 793
1654230 793
1654240 792
1654250 792
1654260 792
1654270 791
1654280 791
1654290 790
1654300 789
1654310 789
1654320 789
1654330 788
1654340 788
1654350 787
1654360 786
1654370 786
1654380 784
1654390 783
1654400 783
1654410 781
1654420 780
1654430 780
1654440 779
1654450 778
1654460 778
1654470 778
1654480 778
1654490 778
1654500 777
1654510 777
1654520 777
1654530 777
1654540 777
1654550 777
1654560 778
1654570 779
1654580 779
1654590 779
1654600 780
1654610 780
1654620 780
1654630 781
1654640 781
1654650 781
1654660 782
1654670 782
1654680 782
1654690 783
1654700 783
1654710 783
1654720 783
1654730 783
1654740 784
1654750 784
1654760 784
1654770 785
1654780 785
1654790 785
1654800 786
1654810 787
1654820 787
1654830 787
1654840 788
1654850 788
1654860 789
1654870 789
1654880 789
1654890 790
1654900 790
1654910 790
1654920 790
1654930 790
1654940 790
1654950 790
1654960 791
1654970 791
1654980 791
1654990 791
1655000 791
1655010 792
1655020 792
1655030 792
1655040 792
1655050 791
1655060 791
1655070 791
1655080 789
1655090 789
1655100 787
1655110 786
1655120 786
1655130 784
1655140 783
1655150 783
1655160 782
1655170 780
1655180 780
1655190 779
1655200 777
1655210 777
1655220 776
1655230 775
1655240 775
1655250 773
1655260 771
1655270 771
1655280 768
1655290 765
1655300 765
1655310 762
1655320 759
1655330 759
1655340 756
1655350 753
1655360 753
1655370 751
1655380 748
1655390 748
1655400 746
1655410 745
1655420 745
1655430 743
1655440 743
1655450 743
1655460 743
1655470 744
1655480 744
1655490 745
1655500 745
1655510 745
1655520 745
1655530 746
1655540 746
1655550 747
1655560 749
1655570 749
1655580 751
1655590 753
1655600 753
1655610 754
1655620 755
1655630 755
1655640 755
1655650 756
1655660 756
1655670 756
1655680 756
1655690 756
1655700 756
1655710 756
1655720 756
1655730 756
1655740 755
1655750 755
1655760 755
1655770 757
1655780 756
1655790 755
1655800 755
1655810 753
1655820 750
1655830 750
1655840 748
1655850 746
1655860 746
1655870 746
1655880 747
1655890 747
1655900 748
1655910 750
1655920 750
1655930 750
1655940 751
1655950 751
1655960 751
1655970 751
1655980 751
1655990 751
1656000 750
1656010 750
1656020 750
1656030 749
1656040 749
1656050 749
1656060 749
1656070 749
1656080 748
1656090 747
1656100 747
1656110 745
1656120 744
1656130 744
1656140 744
1656150 745
1656160 745
1656170 744
1656180 744
1656190 744
1656200 744
1656210 744
1656220 744
1656230 744
1656240 744
1656250 744
1656260 744
1656270 743
1656280 743
1656290 743
1656300 742
1656310 742
1656320 741
1656330 740
1656340 740
1656350 738
1656360 737
1656370 737
1656380 736
1656390 734
1656400 734
1656410 733
1656420 731
1656430 731
1656440 730
1656450 728
1656460 728
1656470 727
1656480 725
1656490 725
1656500 724
1656510 722
1656520 722
1656530 723
1656540 721
1656550 721
1656560 717
1656570 713
1656580 713
1656590 712
1656600 710
1656610 710
1656620 711
1656630 711
1656640 711
1656650 711
1656660 711
1656670 711
1656680 711
1656690 711
1656700 711
1656710 712
1656720 712
1656730 712
1656740 712
1656750 712
1656760 712
1656770 712
1656780 712
1656790 712
1656800 712
1656810 712
1656820 712
1656830 713
1656840 713
1656850 713
1656860 713
1656870 713
1656880 713
1656890 713
1656900 713
1656910 713
1656920 713
1656930 713
1656940 713
1656950 713
1656960 713
1656970 713
1656980 713
1656990 713
1657000 713
1657010 713
1657020 714
1657030 714
1657040 716
1657050 719
1657060 719
1657070 722
1657080 724
1657090 724
1657100 727
1657110 730
1657120 730
1657130 732
1657140 735
1657150 735
1657160 738
1657170 740
1657180 740
1657190 742
1657200 743
1657210 743
1657220 744
1657230 745
1657240 745
1657250 745
1657260 745
1657270 745
1657280 747
1657290 747
1657300 747
1657310 746
1657320 745
1657330 745
1657340 743
1657350 743
1657360 741
1657370 738
1657380 738
1657390 735
1657400 729
1657410 729
1657420 725
1657430 721
1657440 721
1657450 719
1657460 719
1657470 719
1657480 718
1657490 718
1657500 718
1657510 718
1657520 718
1657530 718
1657540 718
1657550 719
1657560 719
1657570 719
1657580 720
1657590 720
1657600 721
1657610 722
1657620 722
1657630 724
1657640 727
1657650 727
1657660 730
1657670 732
1657680 732
1657690 734
1657700 736
1657710 736
1657720 738
1657730 740
1657740 740
1657750 742
1657760 743
1657770 743
1657780 744
1657790 745
1657800 745
1657810 746
1657820 747
1657830 747
1657840 748
1657850 749
1657860 749
1657870 749
1657880 749
1657890 749
1657900 750
1657910 750
1657920 750
1657930 751
1657940 751
1657950 751
1657960 752
1657970 753
1657980 753
1657990 754
1658000 756
1658010 756
1658020 756
1658030 755
1658040 755
1658050 755
1658060 755
1658070 755
1658080 755
1658090 755
1658100 755
1658110 756
1658120 757
1658130 757
1658140 758
1658150 759
1658160 759
1658170 760
1658180 762
1658190 762
1658200 764
1658210 765
1658220 765
1658230 766
1658240 766
1658250 766
1658260 767
1658270 767
1658280 767
1658290 767
1658300 768
1658310 768
1658320 768
1658330 768
1658340 768
1658350 768
1658360 768
1658370 768
1658380 768
1658390 768
1658400 768
1658410 768
1658420 768
1658430 768
1658440 768
1658450 768
1658460 768
1658470 768
1658480 768
1658490 768
1658500 768
1658510 767
1658520 767
1658530 766
1658540 762
1658550 762
1658560 759
1658570 758
1658580 758
1658590 758
1658600 758
1658610 758
1658620 758
1658630 759
1658640 759
1658650 760
1658660 762
1658670 762
1658680 766
1658690 769
1658700 769
1658710 772
1658720 774
1658730 774
1658740 775
1658750 776
1658760 776
1658770 776
1658780 776
1658790 776
1658800 777
1658810 778
1658820 778
1658830 778
1658840 778
1658850 778
1658860 778
1658870 778
1658880 778
1658890 776
1658900 772
1658910 772
1658920 767
1658930 767
1658940 764
1658950 762
1658960 762
1658970 762
1658980 762
1658990 762
1659000 761
1659010 761
1659020 761
1659030 760
1659040 760
1659050 760
1659060 760
1659070 760
1659080 760
1659090 761
1659100 761
1659110 761
1659120 761
1659130 761
1659140 761
1659150 761
1659160 761
1659170 761
1659180 761
1659190 761
1659200 761
1659210 761
1659220 762
1659230 762
1659240 763
1659250 763
1659260 763
1659270 764
1659280 765
1659290 765
1659300 766
1659310 766
1659320 766
1659330 766
1659340 766
1659350 766
1659360 766
1659370 766
1659380 766
1659390 767
1659400 767
1659410 767
1659420 767
1659430 767
1659440 767
1659450 767
1659460 767
1659470 767
1659480 767
1659490 766
1659500 766
1659510 766
1659520 765
1659530 763
1659540 762
1659550 761
1659560 761
1659570 761
1659580 762
1659590 762
1659600 762
1659610 761
1659620 761
1659630 760
1659640 757
1659650 757
1659660 756
1659670 755
1659680 755
1659690 753
1659700 754
1659710 754
1659720 755
1659730 758
1659740 758
1659750 762
1659760 768
1659770 768
1659780 772
1659790 775
1659800 775
1659810 777
1659820 779
1659830 779
1659840 781
1659850 782
1659860 782
1659870 784
1659880 785
1659890 785
1659900 786
1659910 787
1659920 787
1659930 787
1659940 788
1659950 788
1659960 789
1659970 790
1659980 790
1659990 791
