1640000 596
1640010 596
1640020 596
1640030 594
1640040 593
1640050 593
1640060 593
1640070 592
1640080 592
1640090 592
1640100 592
1640110 592
1640120 593
1640130 593
1640140 593
1640150 593
1640160 593
1640170 593
1640180 592
1640190 592
1640200 592
1640210 592
1640220 592
1640230 592
1640240 592
1640250 593
1640260 593
1640270 595
1640280 600
1640290 600
1640300 604
1640310 608
1640320 608
1640330 611
1640340 613
1640350 613
1640360 616
1640370 618
1640380 618
1640390 621
1640400 624
1640410 624
1640420 627
1640430 630
1640440 630
1640450 634
1640460 637
1640470 637
1640480 640
1640490 643
1640500 643
1640510 646
1640520 648
1640530 648
1640540 650
1640550 652
1640560 652
1640570 654
1640580 656
1640590 656
1640600 657
1640610 658
1640620 658
1640630 659
1640640 660
1640650 660
1640660 660
1640670 661
1640680 661
1640690 661
1640700 662
1640710 662
1640720 663
1640730 664
1640740 664
1640750 664
1640760 665
1640770 665
1640780 665
1640790 665
1640800 665
1640810 666
1640820 665
1640830 665
1640840 665
1640850 664
1640860 664
1640870 664
1640880 663
1640890 663
1640900 662
1640910 662
1640920 663
1640930 664
1640940 664
1640950 667
1640960 671
1640970 671
1640980 674
1640990 677
1641000 677
1641010 681
1641020 684
1641030 684
1641040 687
1641050 691
1641060 691
1641070 694
1641080 693
1641090 693
1641100 695
1641110 695
1641120 695
1641130 696
1641140 696
1641150 696
1641160 698
1641170 701
1641180 701
1641190 703
1641200 706
1641210 706
1641220 709
1641230 712
1641240 712
1641250 714
1641260 717
1641270 717
1641280 719
1641290 722
1641300 722
1641310 725
1641320 728
1641330 728
1641340 732
1641350 735
1641360 735
1641370 738
1641380 741
1641390 741
1641400 744
1641410 748
1641420 748
1641430 751
1641440 754
1641450 754
1641460 759
1641470 762
1641480 762
1641490 765
1641500 767
1641510 767
1641520 768
1641530 770
1641540 770
1641550 772
1641560 774
1641570 774
1641580 776
1641590 779
1641600 779
1641610 781
1641620 783
1641630 783
1641640 786
1641650 789
1641660 789
1641670 790
1641680 791
1641690 791
1641700 792
1641710 793
1641720 793
1641730 794
1641740 795
1641750 795
1641760 796
1641770 796
1641780 796
1641790 795
1641800 795
1641810 795
1641820 795
1641830 794
1641840 794
1641850 793
1641860 791
1641870 791
1641880 790
1641890 788
1641900 788
1641910 782
1641920 781
1641930 781
1641940 779
1641950 778
1641960 778
1641970 777
1641980 776
1641990 776
1642000 776
1642010 775
1642020 775
1642030 774
1642040 774
1642050 774
1642060 774
1642070 775
1642080 775
1642090 776
1642100 778
1642110 778
1642120 781
1642130 784
1642140 784
1642150 786
1642160 788
1642170 788
1642180 790
1642190 792
1642200 792
1642210 794
1642220 795
1642230 795
1642240 796
1642250 796
1642260 796
1642270 797
1642280 797
1642290 797
1642300 797
1642310 798
1642320 798
1642330 799
1642340 800
1642350 800
1642360 800
1642370 801
1642380 801
1642390 801
1642400 801
1642410 801
1642420 801
1642430 801
1642440 800
1642450 800
1642460 800
1642470 800
1642480 800
1642490 800
1642500 799
1642510 799
1642520 799
1642530 798
1642540 797
1642550 797
1642560 796
1642570 794
1642580 794
1642590 792
1642600 790
1642610 790
1642620 789
1642630 788
1642640 788
1642650 787
1642660 786
1642670 786
1642680 785
1642690 784
1642700 784
1642710 783
1642720 782
1642730 783
1642740 782
1642750 781
1642760 781
1642770 781
1642780 781
1642790 781
1642800 781
1642810 780
1642820 780
1642830 779
1642840 777
1642850 777
1642860 775
1642870 771
1642880 771
1642890 766
1642900 762
1642910 762
1642920 759
1642930 759
1642940 759
1642950 760
1642960 761
1642970 761
1642980 761
1642990 762
1643000 762
1643010 762
1643020 764
1643030 764
1643040 764
1643050 765
1643060 765
1643070 766
1643080 768
1643090 768
1643100 769
1643110 770
1643120 770
1643130 772
1643140 774
1643150 774
1643160 776
1643170 778
1643180 778
1643190 780
1643200 782
1643210 782
1643220 784
1643230 786
1643240 786
1643250 789
1643260 791
1643270 791
1643280 793
1643290 794
1643300 794
1643310 797
1643320 798
1643330 798
1643340 800
1643350 802
1643360 802
1643370 804
1643380 806
1643390 806
1643400 807
1643410 809
1643420 809
1643430 810
1643440 812
1643450 812
1643460 813
1643470 815
1643480 815
1643490 817
1643500 818
1643510 818
1643520 820
1643530 821
1643540 821
1643550 823
1643560 826
1643570 826
1643580 828
1643590 830
1643600 830
1643610 831
1643620 833
1643630 833
1643640 834
1643650 835
1643660 835
1643670 835
1643680 836
1643690 836
1643700 836
1643710 837
1643720 837
1643730 836
1643740 832
1643750 832
1643760 827
1643770 822
1643780 822
1643790 817
1643800 812
1643810 812
1643820 806
1643830 801
1643840 801
1643850 796
1643860 792
1643870 792
1643880 788
1643890 784
1643900 784
1643910 780
1643920 776
1643930 776
1643940 773
1643950 773
1643960 769
1643970 765
1643980 765
1643990 761
1644000 757
1644010 757
1644020 753
1644030 750
1644040 750
1644050 747
1644060 744
1644070 744
1644080 741
1644090 738
1644100 738
1644110 735
1644120 732
1644130 732
1644140 728
1644150 724
1644160 724
1644170 720
1644180 716
1644190 716
1644200 713
1644210 709
1644220 709
1644230 706
1644240 703
1644250 703
1644260 700
1644270 698
1644280 698
1644290 697
1644300 696
1644310 696
1644320 696
1644330 697
1644340 697
1644350 697
1644360 697
1644370 699
1644380 699
1644390 698
1644400 698
1644410 697
1644420 696
1644430 696
1644440 695
1644450 693
1644460 693
1644470 692
1644480 691
1644490 691
1644500 689
1644510 687
1644520 687
1644530 684
1644540 680
1644550 680
1644560 677
1644570 674
1644580 674
1644590 670
1644600 665
1644610 665
1644620 661
1644630 658
1644640 658
1644650 656
1644660 654
1644670 654
1644680 653
1644690 652
1644700 652
1644710 652
1644720 651
1644730 651
1644740 651
1644750 651
1644760 651
1644770 651
1644780 650
1644790 650
1644800 650
1644810 651
1644820 651
1644830 651
1644840 651
1644850 651
1644860 651
1644870 651
1644880 651
1644890 652
1644900 653
1644910 653
1644920 652
1644930 652
1644940 652
1644950 650
1644960 649
1644970 649
1644980 648
1644990 646
1645000 646
1645010 646
1645020 645
1645030 645
1645040 645
1645050 644
1645060 644
1645070 644
1645080 643
1645090 643
1645100 642
1645110 639
1645120 639
1645130 636
1645140 635
1645150 635
1645160 632
1645170 627
1645180 627
1645190 619
1645200 616
1645210 616
1645220 614
1645230 613
1645240 613
1645250 612
1645260 613
1645270 613
1645280 613
1645290 613
1645300 613
1645310 614
1645320 615
1645330 615
1645340 620
1645350 626
1645360 626
1645370 628
1645380 630
1645390 630
1645400 630
1645410 630
1645420 630
1645430 628
1645440 625
1645450 625
1645460 625
1645470 625
1645480 628
1645490 632
1645500 632
1645510 634
1645520 635
1645530 635
1645540 637
1645550 638
1645560 638
1645570 638
1645580 640
1645590 640
1645600 640
1645610 640
1645620 640
1645630 641
1645640 643
1645650 643
1645660 645
1645670 647
1645680 647
1645690 649
1645700 651
1645710 651
1645720 651
1645730 652
1645740 652
1645750 652
1645760 651
1645770 651
1645780 650
1645790 649
1645800 649
1645810 649
1645820 650
1645830 650
1645840 651
1645850 655
1645860 655
1645870 659
1645880 662
1645890 662
1645900 664
1645910 666
1645920 666
1645930 669
1645940 671
1645950 671
1645960 673
1645970 675
1645980 675
1645990 679
1646000 684
1646010 684
1646020 689
1646030 693
1646040 693
1646050 697
1646060 701
1646070 701
1646080 704
1646090 707
1646100 707
1646110 709
1646120 711
1646130 711
1646140 711
1646150 712
1646160 712
1646170 712
1646180 713
1646190 713
1646200 713
1646210 714
1646220 714
1646230 716
1646240 717
1646250 717
1646260 718
1646270 719
1646280 719
1646290 720
1646300 721
1646310 721
1646320 721
1646330 721
1646340 721
1646350 720
1646360 719
1646370 719
1646380 716
1646390 712
1646400 712
1646410 709
1646420 705
1646430 705
1646440 701
1646450 699
1646460 699
1646470 696
1646480 694
1646490 694
1646500 688
1646510 683
1646520 683
1646530 682
1646540 682
1646550 682
1646560 682
1646570 681
1646580 681
1646590 678
1646600 675
1646610 675
1646620 676
1646630 678
1646640 678
1646650 681
1646660 682
1646670 682
1646680 685
1646690 687
1646700 687
1646710 688
1646720 690
1646730 690
1646740 691
1646750 693
1646760 693
1646770 696
1646780 700
1646790 700
1646800 706
1646810 710
1646820 710
1646830 715
1646840 719
1646850 719
1646860 724
1646870 727
1646880 727
1646890 730
1646900 731
1646910 731
1646920 731
1646930 730
1646940 730
1646950 729
1646960 729
1646970 729
1646980 728
1646990 728
1647000 728
1647010 727
1647020 727
1647030 727
1647040 728
1647050 728
1647060 728
1647070 727
1647080 727
1647090 727
1647100 727
1647110 727
1647120 727
1647130 728
1647140 728
1647150 728
1647160 728
1647170 728
1647180 730
1647190 731
1647200 731
1647210 734
1647220 738
1647230 738
1647240 741
1647250 742
1647260 742
1647270 743
1647280 744
1647290 744
1647300 746
1647310 748
1647320 748
1647330 750
1647340 752
1647350 752
1647360 752
1647370 753
1647380 753
1647390 753
1647400 752
1647410 752
1647420 752
1647430 751
1647440 751
1647450 752
1647460 753
1647470 753
1647480 755
1647490 756
1647500 756
1647510 758
1647520 762
1647530 762
1647540 765
1647550 767
1647560 767
1647570 769
1647580 772
1647590 772
1647600 772
1647610 773
1647620 773
1647630 774
1647640 775
1647650 775
1647660 776
1647670 778
1647680 778
1647690 780
1647700 782
1647710 782
1647720 785
1647730 787
1647740 787
1647750 789
1647760 790
1647770 790
1647780 791
1647790 793
1647800 793
1647810 795
1647820 797
1647830 797
1647840 799
1647850 800
1647860 800
1647870 802
1647880 805
1647890 805
1647900 808
1647910 811
1647920 811
1647930 814
1647940 818
1647950 818
1647960 820
1647970 823
1647980 823
1647990 825
1648000 828
1648010 828
1648020 831
1648030 834
1648040 834
1648050 838
1648060 841
1648070 841
1648080 846
1648090 850
1648100 850
1648110 853
1648120 855
1648130 855
1648140 858
1648150 859
1648160 859
1648170 861
1648180 862
1648190 862
1648200 863
1648210 864
1648220 864
1648230 865
1648240 865
1648250 865
1648260 866
1648270 866
1648280 866
1648290 866
1648300 866
1648310 866
1648320 866
1648330 865
1648340 865
1648350 865
1648360 864
1648370 864
1648380 863
1648390 859
1648400 859
1648410 858
1648420 857
1648430 857
1648440 857
1648450 857
1648460 857
1648470 857
1648480 856
1648490 856
1648500 856
1648510 856
1648520 856
1648530 856
1648540 856
1648550 855
1648560 855
1648570 855
1648580 854
1648590 854
1648600 854
1648610 853
1648620 852
1648630 852
1648640 851
1648650 849
1648660 849
1648670 847
1648680 846
1648690 846
1648700 844
1648710 842
1648720 842
1648730 840
1648740 838
1648750 838
1648760 838
1648770 837
1648780 837
1648790 836
1648800 835
1648810 835
1648820 834
1648830 833
1648840 833
1648850 832
1648860 832
1648870 832
1648880 831
1648890 831
1648900 831
1648910 831
1648920 831
1648930 831
1648940 831
1648950 831
1648960 831
1648970 831
1648980 831
1648990 831
1649000 832
1649010 833
1649020 833
1649030 834
1649040 835
1649050 835
1649060 836
1649070 838
1649080 838
1649090 839
1649100 840
1649110 840
1649120 842
1649130 843
1649140 843
1649150 844
1649160 846
1649170 846
1649180 847
1649190 849
1649200 849
1649210 851
1649220 853
1649230 853
1649240 855
1649250 857
1649260 857
1649270 859
1649280 861
1649290 861
1649300 863
1649310 865
1649320 865
1649330 867
1649340 869
1649350 869
1649360 871
1649370 872
1649380 872
1649390 873
1649400 874
1649410 874
1649420 875
1649430 875
1649440 875
1649450 875
1649460 875
1649470 875
1649480 875
1649490 875
1649500 875
1649510 876
1649520 876
1649530 876
1649540 876
1649550 876
1649560 876
1649570 876
1649580 877
1649590 877
1649600 877
1649610 877
1649620 877
1649630 877
1649640 878
1649650 878
1649660 878
1649670 878
1649680 878
1649690 878
1649700 878
1649710 878
1649720 878
1649730 878
1649740 878
1649750 878
1649760 878
1649770 878
1649780 878
1649790 878
1649800 878
1649810 878
1649820 878
1649830 878
1649840 878
1649850 878
1649860 878
1649870 878
1649880 878
1649890 878
1649900 878
1649910 878
1649920 878
1649930 879
1649940 879
1649950 879
1649960 879
1649970 880
1649980 879
1649990 880
1650000 880
1650010 880
1650020 881
1650030 881
1650040 880
1650050 880
1650060 880
1650070 880
1650080 880
1650090 880
1650100 879
1650110 878
1650120 878
1650130 877
1650140 876
1650150 876
1650160 874
1650170 873
1650180 873
1650190 872
1650200 869
1650210 869
1650220 867
1650230 865
1650240 865
1650250 863
1650260 861
1650270 861
1650280 859
1650290 857
1650300 857
1650310 854
1650320 852
1650330 852
1650340 850
1650350 850
1650360 850
1650370 848
1650380 847
1650390 847
1650400 845
1650410 845
1650420 845
1650430 844
1650440 843
1650450 843
1650460 841
1650470 840
1650480 840
1650490 839
1650500 838
1650510 838
1650520 837
1650530 836
1650540 836
1650550 835
1650560 833
1650570 833
1650580 833
1650590 833
1650600 833
1650610 833
1650620 833
1650630 833
1650640 834
1650650 834
1650660 834
1650670 834
1650680 835
1650690 835
1650700 836
1650710 838
1650720 838
1650730 839
1650740 839
1650750 839
1650760 837
1650770 837
1650780 837
1650790 838
1650800 838
1650810 838
1650820 838
1650830 838
1650840 838
1650850 838
1650860 837
1650870 837
1650880 837
1650890 837
1650900 837
1650910 837
1650920 836
1650930 836
1650940 836
1650950 835
1650960 835
1650970 835
1650980 834
1650990 834
1651000 834
1651010 833
1651020 833
1651030 831
1651040 830
1651050 830
1651060 828
1651070 827
1651080 827
1651090 825
1651100 823
1651110 823
1651120 820
1651130 818
1651140 818
1651150 816
1651160 815
1651170 815
1651180 813
1651190 811
1651200 811
1651210 811
1651220 809
1651230 809
1651240 807
1651250 805
1651260 805
1651270 804
1651280 804
1651290 804
1651300 803
1651310 801
1651320 801
1651330 797
1651340 795
1651350 795
1651360 795
1651370 795
1651380 795
1651390 795
1651400 793
1651410 793
1651420 791
1651430 789
1651440 789
1651450 789
1651460 787
1651470 787
1651480 786
1651490 784
1651500 784
1651510 784
1651520 784
1651530 783
1651540 784
1651550 784
1651560 783
1651570 783
1651580 783
1651590 782
1651600 782
1651610 782
1651620 782
1651630 782
1651640 782
1651650 783
1651660 784
1651670 784
1651680 785
1651690 787
1651700 787
1651710 789
1651720 791
1651730 791
1651740 792
1651750 794
1651760 794
1651770 795
1651780 796
1651790 796
1651800 797
1651810 798
1651820 798
1651830 799
1651840 800
1651850 800
1651860 801
1651870 802
1651880 802
1651890 802
1651900 803
1651910 803
1651920 803
1651930 804
1651940 804
1651950 805
1651960 805
1651970 805
1651980 806
1651990 806
1652000 806
1652010 806
1652020 806
1652030 806
1652040 807
1652050 807
1652060 807
1652070 806
1652080 806
1652090 806
1652100 806
1652110 806
1652120 806
1652130 805
1652140 804
1652150 804
1652160 804
1652170 803
1652180 803
1652190 802
1652200 801
1652210 801
1652220 799
1652230 796
1652240 796
1652250 794
1652260 793
1652270 793
1652280 792
1652290 791
1652300 791
1652310 791
1652320 793
1652330 793
1652340 796
1652350 797
1652360 797
1652370 797
1652380 797
1652390 797
1652400 797
1652410 797
1652420 797
1652430 796
1652440 796
1652450 796
1652460 796
1652470 796
1652480 796
1652490 795
1652500 795
1652510 795
1652520 795
1652530 794
1652540 794
1652550 793
1652560 792
1652570 792
1652580 791
1652590 790
1652600 790
1652610 788
1652620 787
1652630 787
1652640 785
1652650 783
1652660 783
1652670 780
1652680 776
1652690 776
1652700 771
1652710 768
1652720 768
1652730 764
1652740 761
1652750 761
1652760 757
1652770 752
1652780 752
1652790 748
1652800 746
1652810 746
1652820 745
1652830 744
1652840 744
1652850 746
1652860 750
1652870 750
1652880 754
1652890 758
1652900 758
1652910 762
1652920 765
1652930 765
1652940 767
1652950 768
1652960 768
1652970 769
1652980 771
1652990 771
1653000 774
1653010 776
1653020 776
1653030 778
1653040 778
1653050 779
1653060 781
1653070 781
1653080 782
1653090 783
1653100 783
1653110 784
1653120 785
1653130 785
1653140 786
1653150 787
1653160 787
1653170 787
1653180 788
1653190 788
1653200 788
1653210 789
1653220 789
1653230 789
1653240 788
1653250 788
1653260 788
1653270 789
1653280 789
1653290 789
1653300 790
1653310 790
1653320 791
1653330 792
1653340 792
1653350 792
1653360 793
1653370 793
1653380 794
1653390 794
1653400 794
1653410 794
1653420 794
1653430 794
1653440 793
1653450 793
1653460 793
1653470 793
1653480 793
1653490 793
1653500 791
1653510 790
1653520 790
1653530 789
1653540 789
1653550 789
1653560 788
1653570 788
1653580 788
1653590 788
1653600 788
1653610 788
1653620 787
1653630 786
1653640 786
1653650 786
1653660 786
1653670 786
1653680 784
1653690 783
1653700 783
1653710 780
1653720 775
1653730 775
1653740 773
1653750 771
1653760 771
1653770 771
1653780 772
1653790 772
1653800 774
1653810 777
1653820 777
1653830 780
1653840 783
1653850 783
1653860 785
1653870 789
1653880 789
1653890 791
1653900 792
1653910 792
1653920 793
1653930 794
1653940 794
1653950 795
1653960 795
1653970 795
1653980 796
1653990 797
1654000 797
1654010 797
1654020 797
1654030 797
1654040 797
1654050 797
1654060 797
1654070 797
1654080 798
1654090 798
1654100 798
1654110 799
1654120 799
1654130 800
1654140 800
1654150 800
1654160 801
1654170 802
1654180 802
1654190 803
1654200 804
1654210 804
1654220 805
1654230 806
1654240 806
1654250 807
1654260 808
1654270 808
1654280 808
1654290 809
1654300 809
1654310 810
1654320 812
1654330 812
1654340 813
1654350 814
1654360 814
1654370 815
1654380 815
1654390 815
1654400 815
1654410 815
1654420 815
1654430 816
1654440 816
1654450 816
1654460 817
1654470 817
1654480 817
1654490 818
1654500 818
1654510 818
1654520 818
1654530 818
1654540 819
1654550 819
1654560 819
1654570 819
1654580 818
1654590 818
1654600 818
1654610 818
1654620 818
1654630 817
1654640 817
1654650 817
1654660 817
1654670 817
1654680 817
1654690 817
1654700 817
1654710 817
1654720 817
1654730 816
1654740 816
1654750 816
1654760 816
1654770 816
1654780 816
1654790 816
1654800 816
1654810 816
1654820 817
1654830 817
1654840 817
1654850 818
1654860 818
1654870 818
1654880 818
1654890 818
1654900 819
1654910 819
1654920 819
1654930 820
1654940 821
1654950 821
1654960 821
1654970 821
1654980 821
1654990 822
1655000 822
1655010 822
1655020 823
1655030 823
1655040 823
1655050 823
1655060 824
1655070 824
1655080 824
1655090 825
1655100 825
1655110 826
1655120 827
1655130 827
1655140 827
1655150 828
1655160 828
1655170 828
1655180 828
1655190 828
1655200 828
1655210 827
1655220 827
1655230 827
1655240 826
1655250 826
1655260 825
1655270 825
1655280 825
1655290 824
1655300 823
1655310 823
1655320 822
1655330 821
1655340 821
1655350 820
1655360 818
1655370 818
1655380 817
1655390 815
1655400 816
1655410 814
1655420 813
1655430 813
1655440 811
1655450 810
1655460 810
1655470 808
1655480 806
1655490 806
1655500 805
1655510 804
1655520 804
1655530 802
1655540 800
1655550 800
1655560 797
1655570 795
1655580 795
1655590 792
1655600 789
1655610 789
1655620 788
1655630 786
1655640 786
1655650 783
1655660 780
1655670 780
1655680 777
1655690 772
1655700 772
1655710 770
1655720 769
1655730 769
1655740 770
1655750 770
1655760 770
1655770 774
1655780 776
1655790 776
1655800 778
1655810 779
1655820 779
1655830 779
1655840 779
1655850 779
1655860 779
1655870 778
1655880 778
1655890 776
1655900 774
1655910 774
1655920 772
1655930 771
1655940 771
1655950 774
1655960 777
1655970 777
1655980 779
1655990 781
1656000 781
1656010 781
1656020 781
1656030 782
1656040 783
1656050 783
1656060 783
1656070 784
1656080 784
1656090 784
1656100 783
1656110 783
1656120 782
1656130 778
1656140 778
1656150 775
1656160 775
1656170 775
1656180 772
1656190 769
1656200 769
1656210 766
1656220 762
1656230 762
1656240 759
1656250 756
1656260 756
1656270 755
1656280 754
1656290 754
1656300 754
1656310 754
1656320 754
1656330 755
1656340 758
1656350 758
1656360 762
1656370 766
1656380 766
1656390 770
1656400 774
1656410 774
1656420 779
1656430 782
1656440 782
1656450 786
1656460 789
1656470 789
1656480 791
1656490 793
1656500 793
1656510 795
1656520 796
1656530 796
1656540 797
1656550 799
1656560 799
1656570 800
1656580 800
1656590 800
1656600 801
1656610 802
1656620 802
1656630 802
1656640 802
1656650 802
1656660 803
1656670 803
1656680 803
1656690 803
1656700 803
1656710 803
1656720 803
1656730 803
1656740 803
1656750 803
1656760 804
1656770 804
1656780 805
1656790 805
1656800 805
1656810 806
1656820 807
1656830 807
1656840 807
1656850 807
1656860 807
1656870 808
1656880 808
1656890 808
1656900 808
1656910 810
1656920 810
1656930 810
1656940 809
1656950 809
1656960 809
1656970 809
1656980 809
1656990 809
1657000 809
1657010 809
1657020 808
1657030 808
1657040 808
1657050 808
1657060 807
1657070 807
1657080 806
1657090 806
1657100 806
1657110 805
1657120 803
1657130 803
1657140 802
1657150 800
1657160 800
1657170 799
1657180 798
1657190 798
1657200 797
1657210 796
1657220 796
1657230 795
1657240 794
1657250 794
1657260 793
1657270 791
1657280 791
1657290 789
1657300 786
1657310 786
1657320 784
1657330 783
1657340 783
1657350 782
1657360 780
1657370 780
1657380 779
1657390 778
1657400 778
1657410 777
1657420 776
1657430 776
1657440 775
1657450 774
1657460 774
1657470 774
1657480 774
1657490 774
1657500 772
1657510 771
1657520 771
1657530 771
1657540 771
1657550 771
1657560 773
1657570 773
1657580 774
1657590 776
1657600 776
1657610 776
1657620 777
1657630 777
1657640 776
1657650 775
1657660 775
1657670 776
1657680 776
1657690 776
1657700 777
1657710 780
1657720 780
1657730 781
1657740 782
1657750 782
1657760 783
1657770 783
1657780 783
1657790 783
1657800 783
1657810 783
1657820 783
1657830 782
1657840 782
1657850 782
1657860 781
1657870 781
1657880 780
1657890 779
1657900 779
1657910 778
1657920 777
1657930 777
1657940 777
1657950 775
1657960 775
1657970 773
1657980 770
1657990 770
1658000 767
1658010 765
1658020 765
1658030 763
1658040 762
1658050 762
1658060 762
1658070 763
1658080 763
1658090 763
1658100 764
1658110 764
1658120 767
1658130 767
1658140 767
1658150 767
1658160 768
1658170 768
1658180 769
1658190 770
1658200 770
1658210 772
1658220 775
1658230 775
1658240 777
1658250 778
1658260 778
1658270 780
1658280 782
1658290 782
1658300 784
1658310 785
1658320 785
1658330 786
1658340 787
1658350 787
1658360 787
1658370 787
1658380 787
1658390 786
1658400 786
1658410 786
1658420 788
1658430 789
1658440 789
1658450 790
1658460 791
1658470 791
1658480 793
1658490 794
1658500 794
1658510 795
1658520 796
1658530 796
1658540 797
1658550 798
1658560 798
1658570 798
1658580 798
1658590 798
1658600 799
1658610 799
1658620 799
1658630 800
1658640 800
1658650 800
1658660 801
1658670 802
1658680 802
1658690 802
1658700 803
1658710 803
1658720 804
1658730 805
1658740 805
1658750 805
1658760 805
1658770 805
1658780 805
1658790 805
1658800 805
1658810 805
1658820 805
1658830 805
1658840 804
1658850 803
1658860 803
1658870 803
1658880 802
1658890 802
1658900 803
1658910 803
1658920 803
1658930 803
1658940 803
1658950 803
1658960 804
1658970 804
1658980 804
1658990 804
1659000 803
1659010 803
1659020 803
1659030 803
1659040 803
1659050 803
1659060 803
1659070 803
1659080 803
1659090 803
1659100 803
1659110 802
1659120 802
1659130 801
1659140 801
1659150 801
1659160 800
1659170 799
1659180 799
1659190 796
1659200 793
1659210 793
1659220 790
1659230 787
1659240 787
1659250 784
1659260 781
1659270 781
1659280 779
1659290 778
1659300 778
1659310 778
1659320 777
1659330 777
1659340 776
1659350 777
1659360 777
1659370 777
1659380 776
1659390 776
1659400 776
1659410 775
1659420 775
1659430 774
1659440 773
1659450 773
1659460 772
1659470 771
1659480 771
1659490 769
1659500 769
1659510 769
1659520 768
1659530 767
1659540 767
1659550 766
1659560 765
1659570 765
1659580 765
1659590 764
1659600 764
1659610 762
1659620 761
1659630 761
1659640 760
1659650 759
1659660 759
1659670 758
1659680 757
1659690 757
1659700 756
1659710 755
1659720 755
1659730 753
1659740 752
1659750 752
1659760 751
1659770 751
1659780 751
1659790 750
1659800 750
1659810 750
1659820 749
1659830 749
1659840 749
1659850 749
1659860 748
1659870 748
1659880 748
1659890 748
1659900 748
1659910 747
1659920 747
1659930 747
1659940 747
1659950 747
1659960 747
1659970 747
1659980 747
1659990 747
