1640000 671
1640010 670
1640020 670
1640030 668
1640040 665
1640050 665
1640060 662
1640070 660
1640080 660
1640090 658
1640100 655
1640110 655
1640120 653
1640130 652
1640140 652
1640150 650
1640160 649
1640170 649
1640180 647
1640190 646
1640200 646
1640210 645
1640220 643
1640230 643
1640240 642
1640250 640
1640260 640
1640270 639
1640280 637
1640290 637
1640300 635
1640310 634
1640320 634
1640330 632
1640340 630
1640350 630
1640360 628
1640370 626
1640380 626
1640390 624
1640400 623
1640410 623
1640420 622
1640430 622
1640440 622
1640450 622
1640460 622
1640470 622
1640480 622
1640490 622
1640500 624
1640510 625
1640520 625
1640530 625
1640540 625
1640550 625
1640560 625
1640570 625
1640580 625
1640590 624
1640600 624
1640610 624
1640620 624
1640630 624
1640640 624
1640650 623
1640660 623
1640670 623
1640680 622
1640690 621
1640700 621
1640710 621
1640720 621
1640730 621
1640740 621
1640750 621
1640760 621
1640770 622
1640780 622
1640790 622
1640800 623
1640810 624
1640820 624
1640830 625
1640840 626
1640850 626
1640860 627
1640870 628
1640880 628
1640890 629
1640900 630
1640910 630
1640920 631
1640930 633
1640940 633
1640950 634
1640960 636
1640970 636
1640980 637
1640990 640
1641000 640
1641010 642
1641020 643
1641030 643
1641040 644
1641050 646
1641060 646
1641070 648
1641080 651
1641090 651
1641100 653
1641110 654
1641120 654
1641130 656
1641140 657
1641150 657
1641160 659
1641170 660
1641180 660
1641190 661
1641200 663
1641210 663
1641220 665
1641230 667
1641240 667
1641250 668
1641260 669
1641270 669
1641280 670
1641290 671
1641300 671
1641310 671
1641320 671
1641330 671
1641340 672
1641350 672
1641360 672
1641370 672
1641380 671
1641390 671
1641400 671
1641410 670
1641420 667
1641430 666
1641440 665
1641450 665
1641460 665
1641470 665
1641480 665
1641490 665
1641500 666
1641510 666
1641520 667
1641530 669
1641540 669
1641550 670
1641560 671
1641570 671
1641580 672
1641590 672
1641600 672
1641610 673
1641620 673
1641630 673
1641640 672
1641650 670
1641660 670
1641670 668
1641680 665
1641690 665
1641700 662
1641710 658
1641720 658
1641730 655
1641740 652
1641750 652
1641760 650
1641770 651
1641780 651
1641790 652
1641800 654
1641810 654
1641820 655
1641830 656
1641840 656
1641850 656
1641860 657
1641870 657
1641880 657
1641890 657
1641900 658
1641910 658
1641920 658
1641930 659
1641940 659
1641950 659
1641960 659
1641970 659
1641980 659
1641990 660
1642000 661
1642010 661
1642020 664
1642030 667
1642040 667
1642050 671
1642060 674
1642070 674
1642080 677
1642090 681
1642100 681
1642110 685
1642120 688
1642130 688
1642140 692
1642150 694
1642160 694
1642170 696
1642180 698
1642190 698
1642200 699
1642210 699
1642220 699
1642230 700
1642240 700
1642250 703
1642260 703
1642270 703
1642280 703
1642290 703
1642300 704
1642310 704
1642320 705
1642330 706
1642340 706
1642350 709
1642360 712
1642370 712
1642380 715
1642390 717
1642400 717
1642410 720
1642420 722
1642430 722
1642440 725
1642450 727
1642460 727
1642470 729
1642480 731
1642490 731
1642500 733
1642510 735
1642520 735
1642530 737
1642540 739
1642550 739
1642560 740
1642570 742
1642580 742
1642590 743
1642600 745
1642610 745
1642620 746
1642630 748
1642640 748
1642650 749
1642660 750
1642670 750
1642680 752
1642690 754
1642700 754
1642710 755
1642720 757
1642730 757
1642740 758
1642750 759
1642760 759
1642770 761
1642780 763
1642790 763
1642800 764
1642810 765
1642820 765
1642830 766
1642840 767
1642850 767
1642860 769
1642870 770
1642880 770
1642890 772
1642900 773
1642910 773
1642920 775
1642930 777
1642940 777
1642950 778
1642960 780
1642970 780
1642980 781
1642990 782
1643000 782
1643010 783
1643020 784
1643030 784
1643040 784
1643050 785
1643060 785
1643070 782
1643080 782
1643090 782
1643100 783
1643110 783
1643120 783
1643130 783
1643140 783
1643150 783
1643160 783
1643170 783
1643180 783
1643190 783
1643200 783
1643210 783
1643220 783
1643230 783
1643240 783
1643250 782
1643260 782
1643270 782
1643280 782
1643290 782
1643300 782
1643310 782
1643320 782
1643330 782
1643340 781
1643350 781
1643360 781
1643370 781
1643380 781
1643390 781
1643400 780
1643410 780
1643420 780
1643430 780
1643440 780
1643450 780
1643460 779
1643470 779
1643480 779
1643490 779
1643500 779
1643510 779
1643520 779
1643530 779
1643540 779
1643550 778
1643560 778
1643570 778
1643580 778
1643590 778
1643600 777
1643610 777
1643620 777
1643630 776
1643640 775
1643650 775
1643660 775
1643670 775
1643680 775
1643690 774
1643700 772
1643710 772
1643720 771
1643730 770
1643740 770
1643750 769
1643760 768
1643770 768
1643780 768
1643790 767
1643800 767
1643810 766
1643820 765
1643830 765
1643840 763
1643850 759
1643860 759
1643870 756
1643880 754
1643890 756
1643900 753
1643910 750
1643920 750
1643930 749
1643940 747
1643950 747
1643960 745
1643970 743
1643980 743
1643990 742
1644000 740
1644010 740
1644020 739
1644030 738
1644040 738
1644050 737
1644060 738
1644070 738
1644080 738
1644090 738
1644100 738
1644110 737
1644120 734
1644130 734
1644140 729
1644150 728
1644160 728
1644170 730
1644180 733
1644190 733
1644200 736
1644210 739
1644220 739
1644230 741
1644240 743
1644250 743
1644260 745
1644270 746
1644280 746
1644290 746
1644300 747
1644310 747
1644320 748
1644330 749
1644340 749
1644350 749
1644360 748
1644370 748
1644380 746
1644390 743
1644400 743
1644410 740
1644420 737
1644430 737
1644440 736
1644450 737
1644460 737
1644470 739
1644480 740
1644490 740
1644500 742
1644510 743
1644520 743
1644530 743
1644540 742
1644550 742
1644560 738
1644570 734
1644580 734
1644590 731
1644600 728
1644610 728
1644620 726
1644630 724
1644640 724
1644650 725
1644660 726
1644670 726
1644680 727
1644690 728
1644700 728
1644710 732
1644720 729
1644730 729
1644740 726
1644750 726
1644760 723
1644770 720
1644780 720
1644790 716
1644800 712
1644810 712
1644820 709
1644830 707
1644840 707
1644850 706
1644860 704
1644870 704
1644880 701
1644890 699
1644900 699
1644910 696
1644920 694
1644930 694
1644940 692
1644950 690
1644960 690
1644970 689
1644980 688
1644990 688
1645000 687
1645010 684
1645020 684
1645030 682
1645040 679
1645050 679
1645060 677
1645070 674
1645080 674
1645090 671
1645100 668
1645110 668
1645120 665
1645130 663
1645140 663
1645150 661
1645160 660
1645170 660
1645180 658
1645190 657
1645200 657
1645210 656
1645220 655
1645230 655
1645240 654
1645250 654
1645260 654
1645270 654
1645280 654
1645290 654
1645300 654
1645310 655
1645320 655
1645330 655
1645340 655
1645350 655
1645360 654
1645370 654
1645380 654
1645390 653
1645400 651
1645410 651
1645420 650
1645430 646
1645440 646
1645450 643
1645460 639
1645470 639
1645480 637
1645490 637
1645500 637
1645510 639
1645520 641
1645530 641
1645540 634
1645550 626
1645560 626
1645570 622
1645580 621
1645590 621
1645600 621
1645610 621
1645620 621
1645630 621
1645640 624
1645650 624
1645660 629
1645670 634
1645680 634
1645690 640
1645700 645
1645710 645
1645720 650
1645730 655
1645740 655
1645750 659
1645760 663
1645770 663
1645780 666
1645790 670
1645800 670
1645810 672
1645820 675
1645830 675
1645840 678
1645850 682
1645860 682
1645870 685
1645880 689
1645890 689
1645900 693
1645910 696
1645920 696
1645930 700
1645940 704
1645950 704
1645960 708
1645970 713
1645980 713
1645990 718
1646000 723
1646010 723
1646020 727
1646030 732
1646040 732
1646050 734
1646060 736
1646070 736
1646080 739
1646090 741
1646100 741
1646110 742
1646120 743
1646130 743
1646140 744
1646150 745
1646160 745
1646170 743
1646180 743
1646190 742
1646200 741
1646210 741
1646220 741
1646230 742
1646240 742
1646250 743
1646260 744
1646270 744
1646280 746
1646290 749
1646300 749
1646310 751
1646320 752
1646330 752
1646340 754
1646350 755
1646360 755
1646370 757
1646380 758
1646390 758
1646400 759
1646410 760
1646420 760
1646430 761
1646440 762
1646450 762
1646460 763
1646470 764
1646480 764
1646490 765
1646500 765
1646510 765
1646520 765
1646530 766
1646540 766
1646550 767
1646560 768
1646570 768
1646580 768
1646590 768
1646600 768
1646610 769
1646620 770
1646630 770
1646640 771
1646650 772
1646660 772
1646670 774
1646680 775
1646690 775
1646700 776
1646710 778
1646720 778
1646730 779
1646740 781
1646750 781
1646760 783
1646770 784
1646780 784
1646790 786
1646800 788
1646810 788
1646820 791
1646830 793
1646840 793
1646850 795
1646860 798
1646870 798
1646880 799
1646890 799
1646900 799
1646910 799
1646920 798
1646930 798
1646940 798
1646950 797
1646960 797
1646970 797
1646980 798
1646990 798
1647000 798
1647010 798
1647020 798
1647030 799
1647040 799
1647050 799
1647060 799
1647070 799
1647080 799
1647090 798
1647100 797
1647110 797
1647120 795
1647130 794
1647140 794
1647150 793
1647160 790
1647170 790
1647180 787
1647190 784
1647200 784
1647210 780
1647220 778
1647230 778
1647240 774
1647250 771
1647260 771
1647270 767
1647280 763
1647290 763
1647300 760
1647310 756
1647320 756
1647330 753
1647340 750
1647350 750
1647360 746
1647370 744
1647380 744
1647390 745
1647400 745
1647410 745
1647420 745
1647430 746
1647440 746
1647450 749
1647460 752
1647470 752
1647480 755
1647490 757
1647500 757
1647510 759
1647520 761
1647530 761
1647540 762
1647550 763
1647560 763
1647570 763
1647580 764
1647590 764
1647600 766
1647610 766
1647620 768
1647630 770
1647640 770
1647650 772
1647660 774
1647670 774
1647680 776
1647690 779
1647700 779
1647710 780
1647720 782
1647730 782
1647740 785
1647750 787
1647760 787
1647770 790
1647780 793
1647790 793
1647800 796
1647810 800
1647820 800
1647830 803
1647840 806
1647850 806
1647860 809
1647870 813
1647880 813
1647890 817
1647900 820
1647910 820
1647920 823
1647930 829
1647940 829
1647950 832
1647960 834
1647970 834
1647980 836
1647990 840
1648000 840
1648010 843
1648020 843
1648030 843
1648040 844
1648050 846
1648060 846
1648070 848
1648080 851
1648090 851
1648100 853
1648110 855
1648120 855
1648130 857
1648140 858
1648150 858
1648160 859
1648170 860
1648180 860
1648190 861
1648200 862
1648210 862
1648220 863
1648230 863
1648240 863
1648250 863
1648260 863
1648270 863
1648280 863
1648290 863
1648300 863
1648310 864
1648320 864
1648330 864
1648340 865
1648350 864
1648360 864
1648370 864
1648380 864
1648390 864
1648400 864
1648410 863
1648420 863
1648430 863
1648440 863
1648450 863
1648460 863
1648470 863
1648480 863
1648490 864
1648500 864
1648510 864
1648520 864
1648530 863
1648540 863
1648550 863
1648560 862
1648570 862
1648580 860
1648590 858
1648600 858
1648610 854
1648620 852
1648630 852
1648640 851
1648650 850
1648660 850
1648670 850
1648680 849
1648690 849
1648700 849
1648710 849
1648720 850
1648730 851
1648740 851
1648750 851
1648760 852
1648770 852
1648780 852
1648790 853
1648800 854
1648810 854
1648820 855
1648830 856
1648840 856
1648850 858
1648860 859
1648870 859
1648880 860
1648890 861
1648900 861
1648910 862
1648920 863
1648930 863
1648940 864
1648950 865
1648960 865
1648970 866
1648980 867
1648990 867
1649000 868
1649010 869
1649020 869
1649030 871
1649040 871
1649050 873
1649060 875
1649070 875
1649080 876
1649090 879
1649100 879
1649110 881
1649120 883
1649130 883
1649140 885
1649150 887
1649160 887
1649170 889
1649180 891
1649190 891
1649200 893
1649210 894
1649220 894
1649230 894
1649240 895
1649250 895
1649260 895
1649270 897
1649280 897
1649290 898
1649300 900
1649310 900
1649320 902
1649330 903
1649340 903
1649350 903
1649360 903
1649370 903
1649380 903
1649390 902
1649400 902
1649410 902
1649420 903
1649430 903
1649440 903
1649450 905
1649460 905
1649470 906
1649480 906
1649490 906
1649500 905
1649510 907
1649520 907
1649530 905
1649540 904
1649550 904
1649560 904
1649570 902
1649580 902
1649590 900
1649600 899
1649610 899
1649620 897
1649630 894
1649640 894
1649650 892
1649660 890
1649670 890
1649680 888
1649690 886
1649700 886
1649710 884
1649720 883
1649730 883
1649740 882
1649750 881
1649760 881
1649770 879
1649780 878
1649790 878
1649800 877
1649810 876
1649820 876
1649830 876
1649840 876
1649850 876
1649860 876
1649870 875
1649880 875
1649890 875
1649900 874
1649910 874
1649920 874
1649930 874
1649940 874
1649950 873
1649960 873
1649970 873
1649980 872
1649990 871
1650000 871
1650010 870
1650020 868
1650030 868
1650040 867
1650050 866
1650060 866
1650070 866
1650080 865
1650090 865
1650100 864
1650110 863
1650120 863
1650130 862
1650140 861
1650150 861
1650160 860
1650170 859
1650180 859
1650190 858
1650200 858
1650210 858
1650220 857
1650230 856
1650240 856
1650250 855
1650260 855
1650270 855
1650280 854
1650290 854
1650300 854
1650310 854
1650320 854
1650330 854
1650340 853
1650350 854
1650360 854
1650370 854
1650380 854
1650390 854
1650400 854
1650410 854
1650420 854
1650430 854
1650440 854
1650450 854
1650460 854
1650470 854
1650480 854
1650490 854
1650500 854
1650510 854
1650520 854
1650530 854
1650540 854
1650550 854
1650560 854
1650570 855
1650580 855
1650590 855
1650600 854
1650610 854
1650620 854
1650630 854
1650640 853
1650650 853
1650660 853
1650670 852
1650680 852
1650690 852
1650700 851
1650710 851
1650720 850
1650730 848
1650740 848
1650750 846
1650760 843
1650770 843
1650780 840
1650790 839
1650800 839
1650810 837
1650820 836
1650830 836
1650840 835
1650850 834
1650860 834
1650870 833
1650880 832
1650890 832
1650900 832
1650910 832
1650920 832
1650930 832
1650940 831
1650950 831
1650960 831
1650970 831
1650980 831
1650990 831
1651000 831
1651010 831
1651020 831
1651030 831
1651040 831
1651050 832
1651060 834
1651070 834
1651080 835
1651090 836
1651100 836
1651110 836
1651120 836
1651130 836
1651140 836
1651150 835
1651160 835
1651170 835
1651180 835
1651190 835
1651200 835
1651210 835
1651220 835
1651230 836
1651240 836
1651250 836
1651260 836
1651270 835
1651280 835
1651290 834
1651300 833
1651310 833
1651320 832
1651330 831
1651340 831
1651350 831
1651360 831
1651370 831
1651380 831
1651390 830
1651400 830
1651410 830
1651420 830
1651430 830
1651440 830
1651450 829
1651460 829
1651470 828
1651480 827
1651490 827
1651500 826
1651510 825
1651520 825
1651530 823
1651540 822
1651550 822
1651560 821
1651570 820
1651580 820
1651590 820
1651600 819
1651610 819
1651620 816
1651630 813
1651640 813
1651650 812
1651660 812
1651670 812
1651680 812
1651690 813
1651700 813
1651710 813
1651720 814
1651730 814
1651740 815
1651750 815
1651760 815
1651770 816
1651780 817
1651790 817
1651800 818
1651810 819
1651820 819
1651830 820
1651840 821
1651850 821
1651860 821
1651870 821
1651880 821
1651890 820
1651900 820
1651910 820
1651920 819
1651930 819
1651940 818
1651950 818
1651960 818
1651970 817
1651980 816
1651990 816
1652000 816
1652010 815
1652020 815
1652030 814
1652040 813
1652050 813
1652060 813
1652070 811
1652080 811
1652090 810
1652100 808
1652110 808
1652120 807
1652130 806
1652140 806
1652150 805
1652160 804
1652170 804
1652180 804
1652190 805
1652200 805
1652210 807
1652220 809
1652230 809
1652240 810
1652250 811
1652260 811
1652270 811
1652280 811
1652290 811
1652300 811
1652310 812
1652320 812
1652330 812
1652340 812
1652350 812
1652360 812
1652370 811
1652380 811
1652390 811
1652400 810
1652410 810
1652420 809
1652430 808
1652440 808
1652450 807
1652460 805
1652470 805
1652480 804
1652490 803
1652500 803
1652510 803
1652520 802
1652530 802
1652540 802
1652550 801
1652560 801
1652570 801
1652580 801
1652590 801
1652600 800
1652610 799
1652620 799
1652630 799
1652640 797
1652650 797
1652660 796
1652670 795
1652680 795
1652690 794
1652700 793
1652710 793
1652720 792
1652730 790
1652740 790
1652750 788
1652760 787
1652770 787
1652780 785
1652790 784
1652800 784
1652810 784
1652820 784
1652830 784
1652840 784
1652850 784
1652860 784
1652870 784
1652880 784
1652890 784
1652900 785
1652910 785
1652920 785
1652930 785
1652940 786
1652950 786
1652960 788
1652970 789
1652980 789
1652990 790
1653000 791
1653010 791
1653020 792
1653030 793
1653040 793
1653050 794
1653060 794
1653070 794
1653080 794
1653090 793
1653100 793
1653110 793
1653120 794
1653130 794
1653140 795
1653150 795
1653160 795
1653170 796
1653180 797
1653190 797
1653200 798
1653210 799
1653220 799
1653230 800
1653240 802
1653250 802
1653260 803
1653270 804
1653280 804
1653290 806
1653300 806
1653310 808
1653320 810
1653330 810
1653340 811
1653350 813
1653360 813
1653370 815
1653380 816
1653390 816
1653400 819
1653410 822
1653420 822
1653430 823
1653440 825
1653450 825
1653460 826
1653470 827
1653480 827
1653490 828
1653500 829
1653510 829
1653520 830
1653530 831
1653540 831
1653550 830
1653560 830
1653570 830
1653580 830
1653590 831
1653600 831
1653610 831
1653620 831
1653630 831
1653640 830
1653650 831
1653660 831
1653670 831
1653680 831
1653690 831
1653700 832
1653710 832
1653720 832
1653730 833
1653740 833
1653750 833
1653760 833
1653770 833
1653780 833
1653790 833
1653800 834
1653810 834
1653820 836
1653830 838
1653840 838
1653850 839
1653860 840
1653870 840
1653880 841
1653890 842
1653900 842
1653910 844
1653920 845
1653930 845
1653940 846
1653950 848
1653960 848
1653970 848
1653980 849
1653990 849
1654000 850
1654010 851
1654020 851
1654030 852
1654040 853
1654050 853
1654060 855
1654070 856
1654080 856
1654090 857
1654100 859
1654110 859
1654120 860
1654130 861
1654140 861
1654150 859
1654160 859
1654170 859
1654180 861
1654190 861
1654200 861
1654210 861
1654220 863
1654230 863
1654240 864
1654250 863
1654260 863
1654270 862
1654280 861
1654290 861
1654300 859
1654310 858
1654320 858
1654330 857
1654340 856
1654350 856
1654360 855
1654370 853
1654380 853
1654390 852
1654400 851
1654410 851
1654420 850
1654430 849
1654440 849
1654450 847
1654460 845
1654470 845
1654480 844
1654490 842
1654500 842
1654510 840
1654520 840
1654530 840
1654540 840
1654550 840
1654560 840
1654570 841
1654580 842
1654590 842
1654600 843
1654610 844
1654620 844
1654630 845
1654640 845
1654650 845
1654660 846
1654670 846
1654680 846
1654690 846
1654700 846
1654710 846
1654720 847
1654730 847
1654740 847
1654750 846
1654760 846
1654770 846
1654780 846
1654790 846
1654800 846
1654810 846
1654820 846
1654830 845
1654840 844
1654850 844
1654860 844
1654870 843
1654880 843
1654890 842
1654900 841
1654910 841
1654920 840
1654930 839
1654940 839
1654950 840
1654960 840
1654970 840
1654980 840
1654990 840
1655000 840
1655010 841
1655020 841
1655030 841
1655040 840
1655050 840
1655060 840
1655070 840
1655080 839
1655090 839
1655100 838
1655110 836
1655120 836
1655130 835
1655140 833
1655150 833
1655160 832
1655170 831
1655180 831
1655190 830
1655200 829
1655210 829
1655220 828
1655230 828
1655240 828
1655250 828
1655260 828
1655270 828
1655280 829
1655290 830
1655300 830
1655310 832
1655320 834
1655330 834
1655340 836
1655350 837
1655360 837
1655370 838
1655380 839
1655390 839
1655400 840
1655410 841
1655420 841
1655430 842
1655440 843
1655450 843
1655460 843
1655470 843
1655480 843
1655490 842
1655500 842
1655510 842
1655520 842
1655530 841
1655540 841
1655550 841
1655560 840
1655570 840
1655580 840
1655590 840
1655600 840
1655610 840
1655620 839
1655630 839
1655640 838
1655650 837
1655660 837
1655670 836
1655680 836
1655690 836
1655700 835
1655710 834
1655720 834
1655730 834
1655740 833
1655750 833
1655760 833
1655770 832
1655780 832
1655790 831
1655800 831
1655810 831
1655820 830
1655830 830
1655840 830
1655850 830
1655860 829
1655870 829
1655880 829
1655890 828
1655900 828
1655910 828
1655920 828
1655930 828
1655940 827
1655950 826
1655960 826
1655970 826
1655980 826
1655990 826
1656000 825
1656010 824
1656020 824
1656030 824
1656040 824
1656050 824
1656060 824
1656070 823
1656080 823
1656090 823
1656100 822
1656110 822
1656120 822
1656130 822
1656140 822
1656150 822
1656160 822
1656170 822
1656180 822
1656190 822
1656200 821
1656210 821
1656220 821
1656230 821
1656240 821
1656250 821
1656260 820
1656270 820
1656280 820
1656290 820
1656300 820
1656310 820
1656320 819
1656330 819
1656340 819
1656350 818
1656360 818
1656370 818
1656380 817
1656390 817
1656400 817
1656410 817
1656420 816
1656430 816
1656440 816
1656450 815
1656460 815
1656470 814
1656480 813
1656490 813
1656500 813
1656510 812
1656520 812
1656530 812
1656540 810
1656550 810
1656560 809
1656570 809
1656580 809
1656590 809
1656600 809
1656610 809
1656620 810
1656630 810
1656640 810
1656650 811
1656660 811
1656670 811
1656680 812
1656690 812
1656700 812
1656710 812
1656720 813
1656730 813
1656740 813
1656750 813
1656760 813
1656770 814
1656780 814
1656790 814
1656800 815
1656810 816
1656820 816
1656830 816
1656840 817
1656850 817
1656860 818
1656870 818
1656880 818
1656890 819
1656900 819
1656910 819
1656920 820
1656930 820
1656940 820
1656950 821
1656960 822
1656970 822
1656980 822
1656990 823
1657000 823
1657010 823
1657020 824
1657030 824
1657040 824
1657050 824
1657060 824
1657070 825
1657080 825
1657090 825
1657100 826
1657110 826
1657120 826
1657130 827
1657140 827
1657150 827
1657160 828
1657170 828
1657180 828
1657190 828
1657200 828
1657210 828
1657220 828
1657230 828
1657240 828
1657250 828
1657260 828
1657270 828
1657280 828
1657290 829
1657300 829
1657310 829
1657320 829
1657330 829
1657340 830
1657350 830
1657360 830
1657370 830
1657380 830
1657390 830
1657400 831
1657410 831
1657420 831
1657430 831
1657440 831
1657450 831
1657460 831
1657470 831
1657480 831
1657490 831
1657500 832
1657510 832
1657520 831
1657530 831
1657540 831
1657550 830
1657560 830
1657570 830
1657580 829
1657590 829
1657600 828
1657610 827
1657620 827
1657630 826
1657640 824
1657650 824
1657660 822
1657670 820
1657680 820
1657690 817
1657700 814
1657710 814
1657720 811
1657730 809
1657740 809
1657750 807
1657760 805
1657770 805
1657780 804
1657790 803
1657800 803
1657810 802
1657820 801
1657830 801
1657840 799
1657850 797
1657860 797
1657870 795
1657880 793
1657890 793
1657900 791
1657910 789
1657920 789
1657930 787
1657940 786
1657950 786
1657960 785
1657970 784
1657980 784
1657990 783
1658000 783
1658010 783
1658020 783
1658030 783
1658040 783
1658050 783
1658060 784
1658070 784
1658080 785
1658090 786
1658100 786
1658110 787
1658120 788
1658130 788
1658140 788
1658150 787
1658160 787
1658170 787
1658180 787
1658190 787
1658200 786
1658210 785
1658220 785
1658230 784
1658240 784
1658250 784
1658260 783
1658270 783
1658280 783
1658290 783
1658300 783
1658310 783
1658320 783
1658330 783
1658340 783
1658350 783
1658360 782
1658370 782
1658380 782
1658390 781
1658400 781
1658410 781
1658420 780
1658430 780
1658440 779
1658450 779
1658460 779
1658470 778
1658480 778
1658490 778
1658500 777
1658510 777
1658520 777
1658530 777
1658540 777
1658550 777
1658560 777
1658570 777
1658580 777
1658590 777
1658600 777
1658610 777
1658620 777
1658630 777
1658640 777
1658650 777
1658660 777
1658670 777
1658680 776
1658690 775
1658700 775
1658710 774
1658720 773
1658730 772
1658740 770
1658750 768
1658760 768
1658770 764
1658780 762
1658790 762
1658800 760
1658810 760
1658820 760
1658830 759
1658840 759
1658850 759
1658860 759
1658870 759
1658880 759
1658890 759
1658900 759
1658910 759
1658920 759
1658930 758
1658940 758
1658950 758
1658960 758
1658970 759
1658980 760
1658990 760
1659000 763
1659010 766
1659020 766
1659030 769
1659040 771
1659050 771
1659060 773
1659070 776
1659080 776
1659090 779
1659100 782
1659110 782
1659120 784
1659130 785
1659140 785
1659150 786
1659160 787
1659170 787
1659180 786
1659190 786
1659200 786
1659210 786
1659220 786
1659230 786
1659240 786
1659250 787
1659260 787
1659270 789
1659280 792
1659290 792
1659300 795
1659310 798
1659320 798
1659330 800
1659340 803
1659350 803
1659360 806
1659370 810
1659380 810
1659390 812
1659400 813
1659410 813
1659420 813
1659430 813
1659440 813
1659450 813
1659460 813
1659470 813
1659480 813
1659490 813
1659500 813
1659510 813
1659520 813
1659530 813
1659540 812
1659550 811
1659560 811
1659570 810
1659580 810
1659590 810
1659600 811
1659610 812
1659620 812
1659630 814
1659640 815
1659650 815
1659660 815
1659670 814
1659680 814
1659690 814
1659700 815
1659710 815
1659720 815
1659730 815
1659740 815
1659750 815
1659760 815
1659770 815
1659780 815
1659790 815
1659800 815
1659810 815
1659820 816
1659830 816
1659840 817
1659850 817
1659860 817
1659870 817
1659880 816
1659890 816
1659900 816
1659910 816
1659920 816
1659930 816
1659940 816
1659950 816
1659960 817
1659970 818
1659980 818
1659990 818
