1640000 704
1640010 704
1640020 704
1640030 704
1640040 704
1640050 702
1640060 700
1640070 700
1640080 700
1640090 701
1640100 701
1640110 701
1640120 701
1640130 701
1640140 701
1640150 700
1640160 700
1640170 700
1640180 700
1640190 700
1640200 700
1640210 700
1640220 700
1640230 700
1640240 700
1640250 700
1640260 700
1640270 699
1640280 699
1640290 701
1640300 701
1640310 701
1640320 701
1640330 701
1640340 701
1640350 701
1640360 701
1640370 701
1640380 701
1640390 700
1640400 700
1640410 700
1640420 700
1640430 700
1640440 699
1640450 700
1640460 700
1640470 700
1640480 700
1640490 700
1640500 700
1640510 699
1640520 699
1640530 698
1640540 698
1640550 698
1640560 697
1640570 697
1640580 697
1640590 697
1640600 696
1640610 696
1640620 696
1640630 696
1640640 696
1640650 695
1640660 695
1640670 695
1640680 695
1640690 695
1640700 695
1640710 695
1640720 695
1640730 695
1640740 694
1640750 694
1640760 694
1640770 694
1640780 693
1640790 693
1640800 693
1640810 692
1640820 692
1640830 692
1640840 692
1640850 692
1640860 692
1640870 692
1640880 692
1640890 692
1640900 692
1640910 692
1640920 693
1640930 693
1640940 693
1640950 693
1640960 695
1640970 695
1640980 700
1640990 705
1641000 705
1641010 706
1641020 708
1641030 708
1641040 714
1641050 719
1641060 719
1641070 723
1641080 727
1641090 727
1641100 730
1641110 732
1641120 732
1641130 735
1641140 737
1641150 737
1641160 739
1641170 741
1641180 741
1641190 743
1641200 743
1641210 746
1641220 749
1641230 749
1641240 752
1641250 755
1641260 755
1641270 759
1641280 762
1641290 762
1641300 765
1641310 768
1641320 768
1641330 769
1641340 769
1641350 769
1641360 770
1641370 771
1641380 771
1641390 771
1641400 772
1641410 772
1641420 772
1641430 773
1641440 773
1641450 773
1641460 773
1641470 773
1641480 774
1641490 774
1641500 774
1641510 774
1641520 775
1641530 775
1641540 776
1641550 777
1641560 777
1641570 778
1641580 778
1641590 778
1641600 779
1641610 779
1641620 779
1641630 780
1641640 780
1641650 780
1641660 780
1641670 780
1641680 780
1641690 779
1641700 780
1641710 780
1641720 780
1641730 780
1641740 780
1641750 781
1641760 781
1641770 781
1641780 782
1641790 783
1641800 783
1641810 784
1641820 785
1641830 785
1641840 786
1641850 786
1641860 786
1641870 786
1641880 786
1641890 786
1641900 787
1641910 787
1641920 787
1641930 788
1641940 789
1641950 787
1641960 788
1641970 788
1641980 788
1641990 789
1642000 789
1642010 789
1642020 790
1642030 791
1642040 791
1642050 791
1642060 792
1642070 792
1642080 792
1642090 792
1642100 792
1642110 792
1642120 792
1642130 792
1642140 792
1642150 791
1642160 791
1642170 791
1642180 790
1642190 790
1642200 789
1642210 786
1642220 786
1642230 784
1642240 781
1642250 781
1642260 779
1642270 779
1642280 779
1642290 778
1642300 777
1642310 777
1642320 776
1642330 775
1642340 775
1642350 775
1642360 775
1642370 775
1642380 776
1642390 776
1642400 776
1642410 776
1642420 776
1642430 776
1642440 776
1642450 776
1642460 776
1642470 777
1642480 777
1642490 779
1642500 782
1642510 782
1642520 784
1642530 787
1642540 787
1642550 789
1642560 791
1642570 791
1642580 793
1642590 796
1642600 796
1642610 798
1642620 800
1642630 800
1642640 803
1642650 805
1642660 805
1642670 807
1642680 808
1642690 808
1642700 810
1642710 813
1642720 813
1642730 815
1642740 817
1642750 817
1642760 818
1642770 820
1642780 820
1642790 821
1642800 823
1642810 823
1642820 825
1642830 827
1642840 827
1642850 829
1642860 831
1642870 831
1642880 834
1642890 836
1642900 836
1642910 838
1642920 839
1642930 839
1642940 841
1642950 841
1642960 841
1642970 840
1642980 839
1642990 839
1643000 838
1643010 836
1643020 836
1643030 834
1643040 831
1643050 831
1643060 829
1643070 828
1643080 828
1643090 826
1643100 825
1643110 825
1643120 824
1643130 822
1643140 822
1643150 818
1643160 816
1643170 816
1643180 815
1643190 815
1643200 815
1643210 816
1643220 817
1643230 817
1643240 819
1643250 821
1643260 821
1643270 822
1643280 824
1643290 824
1643300 826
1643310 829
1643320 829
1643330 833
1643340 837
1643350 837
1643360 840
1643370 843
1643380 843
1643390 846
1643400 850
1643410 850
1643420 854
1643430 857
1643440 857
1643450 859
1643460 862
1643470 862
1643480 864
1643490 866
1643500 866
1643510 867
1643520 867
1643530 867
1643540 867
1643550 866
1643560 866
1643570 866
1643580 865
1643590 865
1643600 864
1643610 861
1643620 861
1643630 858
1643640 858
1643650 855
1643660 852
1643670 852
1643680 850
1643690 849
1643700 849
1643710 847
1643720 845
1643730 845
1643740 843
1643750 843
1643760 843
1643770 843
1643780 844
1643790 844
1643800 847
1643810 849
1643820 849
1643830 851
1643840 853
1643850 853
1643860 854
1643870 855
1643880 855
1643890 855
1643900 856
1643910 856
1643920 855
1643930 854
1643940 854
1643950 853
1643960 853
1643970 853
1643980 854
1643990 855
1644000 855
1644010 856
1644020 858
1644030 858
1644040 859
1644050 861
1644060 861
1644070 864
1644080 868
1644090 868
1644100 872
1644110 877
1644120 877
1644130 881
1644140 883
1644150 883
1644160 882
1644170 882
1644180 882
1644190 882
1644200 883
1644210 883
1644220 883
1644230 883
1644240 883
1644250 882
1644260 882
1644270 882
1644280 881
1644290 881
1644300 881
1644310 881
1644320 881
1644330 881
1644340 881
1644350 882
1644360 882
1644370 882
1644380 882
1644390 882
1644400 882
1644410 881
1644420 882
1644430 881
1644440 880
1644450 880
1644460 880
1644470 880
1644480 880
1644490 880
1644500 880
1644510 880
1644520 880
1644530 881
1644540 881
1644550 881
1644560 881
1644570 881
1644580 881
1644590 882
1644600 882
1644610 881
1644620 881
1644630 881
1644640 882
1644650 882
1644660 882
1644670 882
1644680 882
1644690 882
1644700 883
1644710 884
1644720 884
1644730 885
1644740 885
1644750 885
1644760 885
1644770 885
1644780 885
1644790 885
1644800 886
1644810 886
1644820 886
1644830 886
1644840 886
1644850 885
1644860 885
1644870 883
1644880 879
1644890 879
1644900 875
1644910 874
1644920 874
1644930 874
1644940 874
1644950 874
1644960 875
1644970 877
1644980 877
1644990 879
1645000 882
1645010 882
1645020 885
1645030 886
1645040 886
1645050 885
1645060 883
1645070 883
1645080 882
1645090 882
1645100 882
1645110 882
1645120 883
1645130 883
1645140 883
1645150 882
1645160 882
1645170 880
1645180 878
1645190 878
1645200 875
1645210 871
1645220 871
1645230 866
1645240 862
1645250 862
1645260 858
1645270 854
1645280 854
1645290 849
1645300 844
1645310 844
1645320 839
1645330 834
1645340 834
1645350 830
1645360 826
1645370 826
1645380 822
1645390 819
1645400 819
1645410 816
1645420 812
1645430 812
1645440 808
1645450 806
1645460 806
1645470 804
1645480 803
1645490 803
1645500 803
1645510 803
1645520 803
1645530 804
1645540 805
1645550 805
1645560 808
1645570 811
1645580 811
1645590 815
1645600 819
1645610 819
1645620 822
1645630 823
1645640 823
1645650 824
1645660 824
1645670 824
1645680 825
1645690 826
1645700 826
1645710 826
1645720 826
1645730 826
1645740 826
1645750 826
1645760 826
1645770 825
1645780 824
1645790 824
1645800 824
1645810 824
1645820 824
1645830 823
1645840 823
1645850 823
1645860 824
1645870 826
1645880 826
1645890 827
1645900 828
1645910 828
1645920 829
1645930 830
1645940 830
1645950 831
1645960 832
1645970 832
1645980 832
1645990 833
1646000 833
1646010 834
1646020 835
1646030 835
1646040 835
1646050 835
1646060 835
1646070 835
1646080 835
1646090 835
1646100 835
1646110 835
1646120 834
1646130 833
1646140 833
1646150 832
1646160 831
1646170 831
1646180 829
1646190 827
1646200 827
1646210 825
1646220 823
1646230 823
1646240 820
1646250 817
1646260 817
1646270 817
1646280 817
1646290 817
1646300 816
1646310 817
1646320 817
1646330 817
1646340 817
1646350 817
1646360 818
1646370 820
1646380 820
1646390 822
1646400 825
1646410 825
1646420 828
1646430 831
1646440 831
1646450 833
1646460 836
1646470 836
1646480 838
1646490 840
1646500 840
1646510 842
1646520 843
1646530 843
1646540 845
1646550 847
1646560 847
1646570 849
1646580 850
1646590 850
1646600 851
1646610 853
1646620 853
1646630 854
1646640 855
1646650 855
1646660 856
1646670 856
1646680 856
1646690 855
1646700 855
1646710 855
1646720 855
1646730 855
1646740 855
1646750 855
1646760 855
1646770 855
1646780 854
1646790 854
1646800 854
1646810 852
1646820 850
1646830 850
1646840 850
1646850 850
1646860 850
1646870 850
1646880 851
1646890 851
1646900 851
1646910 849
1646920 849
1646930 846
1646940 842
1646950 842
1646960 838
1646970 835
1646980 835
1646990 833
1647000 831
1647010 831
1647020 830
1647030 830
1647040 830
1647050 829
1647060 829
1647070 829
1647080 828
1647090 828
1647100 828
1647110 827
1647120 826
1647130 826
1647140 825
1647150 824
1647160 824
1647170 823
1647180 822
1647190 822
1647200 821
1647210 819
1647220 819
1647230 817
1647240 814
1647250 814
1647260 812
1647270 810
1647280 810
1647290 808
1647300 808
1647310 806
1647320 804
1647330 804
1647340 803
1647350 805
1647360 805
1647370 808
1647380 812
1647390 812
1647400 815
1647410 819
1647420 819
1647430 821
1647440 823
1647450 823
1647460 823
1647470 823
1647480 823
1647490 822
1647500 819
1647510 819
1647520 816
1647530 812
1647540 812
1647550 807
1647560 802
1647570 802
1647580 799
1647590 798
1647600 798
1647610 796
1647620 795
1647630 795
1647640 796
1647650 798
1647660 798
1647670 800
1647680 803
1647690 803
1647700 805
1647710 807
1647720 807
1647730 809
1647740 812
1647750 812
1647760 814
1647770 816
1647780 816
1647790 818
1647800 820
1647810 820
1647820 821
1647830 823
1647840 823
1647850 826
1647860 828
1647870 828
1647880 830
1647890 833
1647900 833
1647910 835
1647920 836
1647930 836
1647940 838
1647950 839
1647960 839
1647970 840
1647980 841
1647990 841
1648000 842
1648010 843
1648020 843
1648030 843
1648040 843
1648050 843
1648060 843
1648070 843
1648080 843
1648090 843
1648100 843
1648110 843
1648120 843
1648130 844
1648140 844
1648150 844
1648160 845
1648170 845
1648180 847
1648190 847
1648200 847
1648210 847
1648220 847
1648230 847
1648240 848
1648250 849
1648260 849
1648270 851
1648280 854
1648290 854
1648300 856
1648310 859
1648320 859
1648330 862
1648340 865
1648350 865
1648360 867
1648370 869
1648380 869
1648390 871
1648400 873
1648410 873
1648420 874
1648430 876
1648440 878
1648450 880
1648460 882
1648470 882
1648480 884
1648490 885
1648500 885
1648510 886
1648520 886
1648530 887
1648540 888
1648550 888
1648560 888
1648570 888
1648580 888
1648590 889
1648600 889
1648610 889
1648620 889
1648630 889
1648640 889
1648650 890
1648660 891
1648670 891
1648680 893
1648690 894
1648700 894
1648710 895
1648720 895
1648730 895
1648740 895
1648750 894
1648760 894
1648770 893
1648780 891
1648790 891
1648800 890
1648810 888
1648820 888
1648830 886
1648840 885
1648850 885
1648860 884
1648870 883
1648880 883
1648890 882
1648900 882
1648910 882
1648920 883
1648930 882
1648940 882
1648950 882
1648960 882
1648970 882
1648980 882
1648990 882
1649000 882
1649010 883
1649020 883
1649030 883
1649040 885
1649050 887
1649060 887
1649070 888
1649080 888
1649090 888
1649100 888
1649110 889
1649120 889
1649130 889
1649140 888
1649150 888
1649160 887
1649170 886
1649180 886
1649190 884
1649200 882
1649210 882
1649220 880
1649230 877
1649240 877
1649250 875
1649260 873
1649270 873
1649280 871
1649290 869
1649300 869
1649310 867
1649320 866
1649330 866
1649340 866
1649350 867
1649360 867
1649370 868
1649380 869
1649390 869
1649400 868
1649410 867
1649420 867
1649430 866
1649440 865
1649450 865
1649460 865
1649470 866
1649480 866
1649490 865
1649500 865
1649510 865
1649520 865
1649530 867
1649540 867
1649550 869
1649560 870
1649570 870
1649580 871
1649590 872
1649600 872
1649610 873
1649620 875
1649630 875
1649640 876
1649650 876
1649660 876
1649670 877
1649680 879
1649690 879
1649700 881
1649710 884
1649720 884
1649730 887
1649740 887
1649750 890
1649760 891
1649770 891
1649780 891
1649790 891
1649800 891
1649810 891
1649820 892
1649830 892
1649840 892
1649850 893
1649860 893
1649870 894
1649880 895
1649890 895
1649900 895
1649910 897
1649920 897
1649930 898
1649940 899
1649950 899
1649960 901
1649970 902
1649980 902
1649990 904
1650000 907
1650010 907
1650020 910
1650030 912
1650040 912
1650050 915
1650060 916
1650070 916
1650080 918
1650090 920
1650100 920
1650110 922
1650120 923
1650130 923
1650140 925
1650150 926
1650160 926
1650170 927
1650180 928
1650190 928
1650200 928
1650210 928
1650220 928
1650230 928
1650240 927
1650250 927
1650260 925
1650270 924
1650280 924
1650290 922
1650300 921
1650310 921
1650320 919
1650330 918
1650340 918
1650350 917
1650360 916
1650370 916
1650380 914
1650390 913
1650400 913
1650410 912
1650420 910
1650430 910
1650440 909
1650450 907
1650460 907
1650470 906
1650480 904
1650490 904
1650500 902
1650510 901
1650520 901
1650530 899
1650540 897
1650550 897
1650560 896
1650570 895
1650580 895
1650590 893
1650600 892
1650610 892
1650620 891
1650630 889
1650640 889
1650650 888
1650660 887
1650670 887
1650680 885
1650690 884
1650700 884
1650710 882
1650720 880
1650730 880
1650740 879
1650750 877
1650760 877
1650770 876
1650780 873
1650790 873
1650800 871
1650810 869
1650820 869
1650830 868
1650840 867
1650850 867
1650860 867
1650870 867
1650880 867
1650890 866
1650900 866
1650910 866
1650920 866
1650930 866
1650940 866
1650950 866
1650960 866
1650970 865
1650980 866
1650990 866
1651000 868
1651010 868
1651020 868
1651030 869
1651040 870
1651050 870
1651060 870
1651070 871
1651080 871
1651090 872
1651100 874
1651110 874
1651120 877
1651130 879
1651140 879
1651150 883
1651160 885
1651170 885
1651180 888
1651190 891
1651200 891
1651210 894
1651220 896
1651230 896
1651240 897
1651250 898
1651260 898
1651270 900
1651280 901
1651290 901
1651300 901
1651310 901
1651320 901
1651330 900
1651340 899
1651350 899
1651360 897
1651370 895
1651380 895
1651390 892
1651400 889
1651410 889
1651420 886
1651430 883
1651440 883
1651450 879
1651460 874
1651470 874
1651480 871
1651490 869
1651500 869
1651510 866
1651520 865
1651530 865
1651540 862
1651550 861
1651560 861
1651570 858
1651580 856
1651590 857
1651600 854
1651610 852
1651620 852
1651630 850
1651640 848
1651650 848
1651660 846
1651670 844
1651680 844
1651690 843
1651700 842
1651710 842
1651720 842
1651730 842
1651740 842
1651750 841
1651760 841
1651770 841
1651780 841
1651790 840
1651800 840
1651810 840
1651820 840
1651830 840
1651840 841
1651850 842
1651860 842
1651870 843
1651880 844
1651890 844
1651900 844
1651910 844
1651920 844
1651930 843
1651940 841
1651950 841
1651960 839
1651970 835
1651980 835
1651990 832
1652000 830
1652010 830
1652020 830
1652030 829
1652040 829
1652050 828
1652060 828
1652070 828
1652080 830
1652090 831
1652100 831
1652110 832
1652120 835
1652130 835
1652140 840
1652150 845
1652160 845
1652170 850
1652180 850
1652190 854
1652200 858
1652210 858
1652220 862
1652230 866
1652240 866
1652250 870
1652260 873
1652270 873
1652280 876
1652290 877
1652300 877
1652310 879
1652320 881
1652330 881
1652340 883
1652350 885
1652360 885
1652370 892
1652380 893
1652390 893
1652400 894
1652410 894
1652420 894
1652430 894
1652440 894
1652450 894
1652460 894
1652470 894
1652480 894
1652490 892
1652500 891
1652510 891
1652520 889
1652530 887
1652540 887
1652550 886
1652560 884
1652570 884
1652580 881
1652590 879
1652600 879
1652610 877
1652620 874
1652630 874
1652640 870
1652650 867
1652660 867
1652670 865
1652680 864
1652690 864
1652700 864
1652710 863
1652720 863
1652730 863
1652740 863
1652750 863
1652760 864
1652770 864
1652780 864
1652790 864
1652800 865
1652810 865
1652820 866
1652830 867
1652840 867
1652850 867
1652860 868
1652870 868
1652880 869
1652890 870
1652900 870
1652910 870
1652920 872
1652930 872
1652940 873
1652950 874
1652960 874
1652970 874
1652980 875
1652990 875
1653000 876
1653010 877
1653020 877
1653030 878
1653040 879
1653050 879
1653060 882
1653070 882
1653080 882
1653090 883
1653100 884
1653110 884
1653120 886
1653130 887
1653140 888
1653150 889
1653160 891
1653170 891
1653180 893
1653190 895
1653200 895
1653210 898
1653220 902
1653230 902
1653240 906
1653250 910
1653260 910
1653270 914
1653280 917
1653290 917
1653300 921
1653310 925
1653320 925
1653330 929
1653340 934
1653350 934
1653360 937
1653370 941
1653380 941
1653390 944
1653400 944
1653410 945
1653420 946
1653430 946
1653440 945
1653450 944
1653460 944
1653470 943
1653480 944
1653490 944
1653500 945
1653510 945
1653520 945
1653530 946
1653540 946
1653550 946
1653560 946
1653570 946
1653580 946
1653590 946
1653600 946
1653610 946
1653620 946
1653630 946
1653640 946
1653650 946
1653660 946
1653670 946
1653680 946
1653690 946
1653700 946
1653710 945
1653720 946
1653730 946
1653740 946
1653750 946
1653760 946
1653770 946
1653780 947
1653790 947
1653800 949
1653810 951
1653820 951
1653830 953
1653840 954
1653850 954
1653860 955
1653870 955
1653880 955
1653890 955
1653900 954
1653910 954
1653920 957
1653930 957
1653940 957
1653950 957
1653960 957
1653970 957
1653980 955
1653990 952
1654000 952
1654010 950
1654020 949
1654030 949
1654040 949
1654050 948
1654060 948
1654070 946
1654080 944
1654090 944
1654100 942
1654110 940
1654120 940
1654130 940
1654140 938
1654150 938
1654160 936
1654170 933
1654180 933
1654190 931
1654200 928
1654210 928
1654220 925
1654230 922
1654240 922
1654250 918
1654260 916
1654270 916
1654280 915
1654290 913
1654300 913
1654310 911
1654320 909
1654330 909
1654340 907
1654350 907
1654360 907
1654370 908
1654380 908
1654390 908
1654400 908
1654410 908
1654420 908
1654430 908
1654440 908
1654450 908
1654460 908
1654470 910
1654480 910
1654490 911
1654500 912
1654510 912
1654520 914
1654530 917
1654540 917
1654550 919
1654560 920
1654570 920
1654580 921
1654590 921
1654600 921
1654610 921
1654620 921
1654630 922
1654640 923
1654650 923
1654660 924
1654670 923
1654680 924
1654690 923
1654700 923
1654710 923
1654720 923
1654730 923
1654740 923
1654750 923
1654760 924
1654770 924
1654780 925
1654790 926
1654800 926
1654810 927
1654820 928
1654830 928
1654840 930
1654850 931
1654860 931
1654870 933
1654880 934
1654890 934
1654900 934
1654910 935
1654920 935
1654930 936
1654940 937
1654950 937
1654960 938
1654970 940
1654980 940
1654990 942
1655000 944
1655010 944
1655020 946
1655030 949
1655040 949
1655050 951
1655060 954
1655070 954
1655080 956
1655090 957
1655100 957
1655110 958
1655120 959
1655130 959
1655140 959
1655150 960
1655160 960
1655170 960
1655180 960
1655190 960
1655200 961
1655210 962
1655220 962
1655230 964
1655240 966
1655250 966
1655260 967
1655270 968
1655280 968
1655290 969
1655300 969
1655310 969
1655320 970
1655330 970
1655340 970
1655350 970
1655360 970
1655370 970
1655380 970
1655390 969
1655400 969
1655410 968
1655420 967
1655430 967
1655440 966
1655450 965
1655460 965
1655470 963
1655480 961
1655490 961
1655500 958
1655510 958
1655520 958
1655530 957
1655540 960
1655550 960
1655560 961
1655570 961
1655580 961
1655590 960
1655600 959
1655610 959
1655620 958
1655630 957
1655640 957
1655650 957
1655660 957
1655670 957
1655680 957
1655690 956
1655700 956
1655710 955
1655720 954
1655730 954
1655740 954
1655750 953
1655760 953
1655770 953
1655780 953
1655790 953
1655800 952
1655810 952
1655820 952
1655830 952
1655840 952
1655850 951
1655860 951
1655870 951
1655880 951
1655890 950
1655900 950
1655910 950
1655920 950
1655930 950
1655940 950
1655950 950
1655960 950
1655970 950
1655980 950
1655990 950
1656000 951
1656010 951
1656020 951
1656030 951
1656040 951
1656050 951
1656060 951
1656070 951
1656080 951
1656090 951
1656100 951
1656110 951
1656120 951
1656130 951
1656140 951
1656150 952
1656160 951
1656170 951
1656180 951
1656190 951
1656200 951
1656210 952
1656220 952
1656230 952
1656240 952
1656250 953
1656260 953
1656270 953
1656280 953
1656290 953
1656300 953
1656310 953
1656320 953
1656330 953
1656340 953
1656350 953
1656360 953
1656370 953
1656380 953
1656390 953
1656400 954
1656410 954
1656420 954
1656430 954
1656440 954
1656450 954
1656460 954
1656470 954
1656480 954
1656490 954
1656500 954
1656510 954
1656520 954
1656530 954
1656540 954
1656550 955
1656560 955
1656570 955
1656580 955
1656590 955
1656600 955
1656610 955
1656620 955
1656630 955
1656640 955
1656650 955
1656660 955
1656670 956
1656680 956
1656690 956
1656700 956
1656710 956
1656720 955
1656730 955
1656740 955
1656750 955
1656760 955
1656770 955
1656780 955
1656790 955
1656800 955
1656810 954
1656820 954
1656830 954
1656840 954
1656850 953
1656860 953
1656870 953
1656880 953
1656890 953
1656900 952
1656910 952
1656920 952
1656930 951
1656940 951
1656950 951
1656960 950
1656970 949
1656980 949
1656990 948
1657000 948
1657010 948
1657020 948
1657030 948
1657040 948
1657050 949
1657060 949
1657070 949
1657080 949
1657090 949
1657100 949
1657110 949
1657120 949
1657130 949
1657140 949
1657150 949
1657160 949
1657170 949
1657180 949
1657190 949
1657200 949
1657210 949
1657220 950
1657230 950
1657240 950
1657250 950
1657260 950
1657270 950
1657280 950
1657290 950
1657300 950
1657310 950
1657320 950
1657330 950
1657340 950
1657350 950
1657360 950
1657370 950
1657380 950
1657390 950
1657400 949
1657410 949
1657420 949
1657430 949
1657440 948
1657450 948
1657460 948
1657470 948
1657480 948
1657490 948
1657500 948
1657510 948
1657520 947
1657530 947
1657540 947
1657550 947
1657560 947
1657570 947
1657580 946
1657590 945
1657600 945
1657610 944
1657620 944
1657630 944
1657640 944
1657650 942
1657660 942
1657670 942
1657680 941
1657690 941
1657700 940
1657710 939
1657720 939
1657730 938
1657740 937
1657750 937
1657760 937
1657770 937
1657780 937
1657790 936
1657800 936
1657810 936
1657820 936
1657830 936
1657840 936
1657850 936
1657860 935
1657870 935
1657880 935
1657890 935
1657900 935
1657910 935
1657920 935
1657930 935
1657940 933
1657950 934
1657960 934
1657970 934
1657980 934
1657990 934
1658000 935
1658010 934
1658020 934
1658030 934
1658040 934
1658050 934
1658060 933
1658070 932
1658080 932
1658090 932
1658100 931
1658110 931
1658120 931
1658130 932
1658140 932
1658150 931
1658160 930
1658170 930
1658180 930
1658190 929
1658200 929
1658210 929
1658220 929
1658230 929
1658240 929
1658250 928
1658260 928
1658270 928
1658280 928
1658290 928
1658300 928
1658310 928
1658320 927
1658330 927
1658340 927
1658350 927
1658360 927
1658370 927
1658380 926
1658390 926
1658400 926
1658410 925
1658420 925
1658430 925
1658440 926
1658450 925
1658460 925
1658470 925
1658480 925
1658490 925
1658500 925
1658510 925
1658520 925
1658530 925
1658540 926
1658550 926
1658560 925
1658570 925
1658580 925
1658590 925
1658600 926
1658610 926
1658620 926
1658630 927
1658640 927
1658650 927
1658660 927
1658670 927
1658680 927
1658690 927
1658700 927
1658710 927
1658720 927
1658730 927
1658740 927
1658750 926
1658760 926
1658770 926
1658780 925
1658790 925
1658800 924
1658810 922
1658820 922
1658830 921
1658840 921
1658850 921
1658860 920
1658870 920
1658880 920
1658890 920
1658900 920
1658910 920
1658920 919
1658930 919
1658940 919
1658950 918
1658960 918
1658970 918
1658980 917
1658990 916
1659000 916
1659010 915
1659020 915
1659030 915
1659040 914
1659050 914
1659060 914
1659070 914
1659080 913
1659090 913
1659100 913
1659110 913
1659120 913
1659130 912
1659140 911
1659150 911
1659160 911
1659170 910
1659180 910
1659190 910
1659200 909
1659210 910
1659220 909
1659230 909
1659240 909
1659250 908
1659260 907
1659270 907
1659280 906
1659290 905
1659300 905
1659310 903
1659320 901
1659330 901
1659340 899
1659350 898
1659360 898
1659370 897
1659380 896
1659390 896
1659400 896
1659410 895
1659420 895
1659430 895
1659440 895
1659450 895
1659460 895
1659470 895
1659480 895
1659490 896
1659500 896
1659510 897
1659520 898
1659530 898
1659540 900
1659550 902
1659560 902
1659570 903
1659580 904
1659590 904
1659600 905
1659610 905
1659620 905
1659630 906
1659640 906
1659650 906
1659660 906
1659670 906
1659680 906
1659690 906
1659700 906
1659710 906
1659720 907
1659730 907
1659740 907
1659750 907
1659760 907
1659770 907
1659780 907
1659790 906
1659800 906
1659810 906
1659820 906
1659830 906
1659840 905
1659850 905
1659860 905
1659870 904
1659880 904
1659890 904
1659900 904
1659910 904
1659920 904
1659930 904
1659940 904
1659950 904
1659960 903
1659970 903
1659980 903
1659990 902
