1640000 721
1640010 721
1640020 724
1640030 726
1640040 726
1640050 728
1640060 730
1640070 730
1640080 731
1640090 732
1640100 732
1640110 734
1640120 735
1640130 735
1640140 736
1640150 736
1640160 736
1640170 736
1640180 737
1640190 737
1640200 738
1640210 739
1640220 739
1640230 740
1640240 741
1640250 741
1640260 742
1640270 743
1640280 743
1640290 744
1640300 745
1640310 745
1640320 746
1640330 747
1640340 747
1640350 748
1640360 748
1640370 748
1640380 748
1640390 748
1640400 748
1640410 748
1640420 748
1640430 748
1640440 748
1640450 748
1640460 748
1640470 748
1640480 748
1640490 748
1640500 748
1640510 748
1640520 747
1640530 747
1640540 747
1640550 747
1640560 746
1640570 746
1640580 745
1640590 745
1640600 745
1640610 745
1640620 744
1640630 749
1640640 748
1640650 747
1640660 747
1640670 745
1640680 744
1640690 744
1640700 742
1640710 740
1640720 740
1640730 738
1640740 735
1640750 735
1640760 733
1640770 730
1640780 730
1640790 726
1640800 722
1640810 722
1640820 718
1640830 713
1640840 713
1640850 709
1640860 706
1640870 706
1640880 703
1640890 699
1640900 699
1640910 697
1640920 696
1640930 696
1640940 695
1640950 694
1640960 694
1640970 694
1640980 695
1640990 695
1641000 695
1641010 696
1641020 696
1641030 697
1641040 702
1641050 702
1641060 709
1641070 712
1641080 712
1641090 716
1641100 720
1641110 720
1641120 725
1641130 730
1641140 730
1641150 735
1641160 740
1641170 740
1641180 744
1641190 747
1641200 747
1641210 749
1641220 750
1641230 750
1641240 751
1641250 751
1641260 751
1641270 752
1641280 752
1641290 752
1641300 753
1641310 753
1641320 753
1641330 753
1641340 753
1641350 753
1641360 753
1641370 753
1641380 753
1641390 753
1641400 753
1641410 753
1641420 754
1641430 754
1641440 754
1641450 755
1641460 753
1641470 753
1641480 753
1641490 754
1641500 754
1641510 754
1641520 755
1641530 755
1641540 756
1641550 757
1641560 757
1641570 758
1641580 759
1641590 759
1641600 760
1641610 761
1641620 761
1641630 761
1641640 762
1641650 762
1641660 764
1641670 765
1641680 765
1641690 766
1641700 766
1641710 767
1641720 767
1641730 767
1641740 767
1641750 767
1641760 767
1641770 767
1641780 767
1641790 767
1641800 767
1641810 768
1641820 768
1641830 768
1641840 768
1641850 768
1641860 768
1641870 768
1641880 768
1641890 768
1641900 768
1641910 768
1641920 769
1641930 769
1641940 769
1641950 769
1641960 769
1641970 769
1641980 770
1641990 770
1642000 770
1642010 771
1642020 772
1642030 772
1642040 772
1642050 772
1642060 772
1642070 773
1642080 773
1642090 773
1642100 773
1642110 772
1642120 772
1642130 771
1642140 769
1642150 769
1642160 766
1642170 763
1642180 763
1642190 762
1642200 761
1642210 761
1642220 760
1642230 761
1642240 761
1642250 764
1642260 766
1642270 766
1642280 769
1642290 773
1642300 773
1642310 777
1642320 780
1642330 780
1642340 781
1642350 781
1642360 781
1642370 782
1642380 784
1642390 784
1642400 785
1642410 786
1642420 786
1642430 787
1642440 788
1642450 788
1642460 790
1642470 791
1642480 791
1642490 792
1642500 794
1642510 794
1642520 795
1642530 796
1642540 796
1642550 797
1642560 797
1642570 797
1642580 797
1642590 797
1642600 797
1642610 797
1642620 797
1642630 797
1642640 797
1642650 796
1642660 796
1642670 796
1642680 796
1642690 796
1642700 795
1642710 795
1642720 795
1642730 796
1642740 796
1642750 796
1642760 796
1642770 796
1642780 796
1642790 795
1642800 795
1642810 795
1642820 795
1642830 793
1642840 793
1642850 791
1642860 792
1642870 792
1642880 793
1642890 795
1642900 795
1642910 796
1642920 796
1642930 798
1642940 799
1642950 799
1642960 799
1642970 800
1642980 800
1642990 800
1643000 801
1643010 801
1643020 802
1643030 804
1643040 804
1643050 806
1643060 809
1643070 809
1643080 812
1643090 814
1643100 814
1643110 819
1643120 821
1643130 821
1643140 824
1643150 826
1643160 826
1643170 830
1643180 833
1643190 833
1643200 836
1643210 839
1643220 839
1643230 842
1643240 845
1643250 845
1643260 847
1643270 849
1643280 849
1643290 851
1643300 853
1643310 853
1643320 855
1643330 857
1643340 857
1643350 858
1643360 860
1643370 860
1643380 861
1643390 862
1643400 862
1643410 863
1643420 864
1643430 864
1643440 865
1643450 866
1643460 866
1643470 867
1643480 867
1643490 867
1643500 868
1643510 869
1643520 869
1643530 870
1643540 870
1643550 870
1643560 870
1643570 870
1643580 870
1643590 868
1643600 865
1643610 865
1643620 862
1643630 860
1643640 860
1643650 858
1643660 856
1643670 856
1643680 856
1643690 856
1643700 856
1643710 859
1643720 861
1643730 861
1643740 863
1643750 864
1643760 864
1643770 865
1643780 865
1643790 865
1643800 866
1643810 866
1643820 866
1643830 865
1643840 863
1643850 863
1643860 859
1643870 856
1643880 856
1643890 854
1643900 855
1643910 855
1643920 858
1643930 861
1643940 861
1643950 863
1643960 863
1643970 863
1643980 863
1643990 863
1644000 863
1644010 863
1644020 863
1644030 863
1644040 864
1644050 864
1644060 864
1644070 865
1644080 866
1644090 866
1644100 867
1644110 867
1644120 867
1644130 868
1644140 868
1644150 869
1644160 870
1644170 870
1644180 871
1644190 872
1644200 872
1644210 873
1644220 875
1644230 875
1644240 876
1644250 877
1644260 877
1644270 878
1644280 879
1644290 879
1644300 880
1644310 882
1644320 882
1644330 882
1644340 883
1644350 883
1644360 884
1644370 885
1644380 885
1644390 886
1644400 887
1644410 887
1644420 888
1644430 890
1644440 890
1644450 891
1644460 893
1644470 893
1644480 895
1644490 897
1644500 897
1644510 899
1644520 901
1644530 901
1644540 903
1644550 905
1644560 905
1644570 907
1644580 909
1644590 909
1644600 911
1644610 913
1644620 913
1644630 915
1644640 915
1644650 915
1644660 913
1644670 910
1644680 910
1644690 908
1644700 907
1644710 907
1644720 905
1644730 904
1644740 904
1644750 901
1644760 899
1644770 899
1644780 898
1644790 896
1644800 896
1644810 896
1644820 896
1644830 896
1644840 897
1644850 897
1644860 897
1644870 898
1644880 900
1644890 900
1644900 902
1644910 903
1644920 903
1644930 904
1644940 903
1644950 903
1644960 903
1644970 901
1644980 901
1644990 900
1645000 898
1645010 898
1645020 896
1645030 894
1645040 894
1645050 891
1645060 888
1645070 888
1645080 886
1645090 884
1645100 884
1645110 882
1645120 880
1645130 880
1645140 878
1645150 876
1645160 876
1645170 872
1645180 869
1645190 869
1645200 867
1645210 865
1645220 865
1645230 862
1645240 858
1645250 858
1645260 853
1645270 849
1645280 849
1645290 845
1645300 841
1645310 841
1645320 837
1645330 834
1645340 834
1645350 831
1645360 831
1645370 829
1645380 826
1645390 826
1645400 823
1645410 819
1645420 819
1645430 816
1645440 812
1645450 812
1645460 809
1645470 807
1645480 807
1645490 805
1645500 805
1645510 805
1645520 805
1645530 806
1645540 806
1645550 808
1645560 809
1645570 809
1645580 810
1645590 811
1645600 811
1645610 812
1645620 814
1645630 814
1645640 815
1645650 816
1645660 816
1645670 818
1645680 820
1645690 820
1645700 821
1645710 823
1645720 823
1645730 823
1645740 824
1645750 824
1645760 826
1645770 827
1645780 827
1645790 827
1645800 828
1645810 828
1645820 829
1645830 829
1645840 829
1645850 829
1645860 830
1645870 830
1645880 831
1645890 833
1645900 833
1645910 834
1645920 837
1645930 837
1645940 839
1645950 841
1645960 841
1645970 843
1645980 843
1645990 843
1646000 843
1646010 842
1646020 842
1646030 842
1646040 842
1646050 842
1646060 841
1646070 841
1646080 841
1646090 839
1646100 837
1646110 837
1646120 834
1646130 833
1646140 833
1646150 832
1646160 831
1646170 831
1646180 834
1646190 837
1646200 837
1646210 839
1646220 840
1646230 840
1646240 841
1646250 842
1646260 842
1646270 842
1646280 843
1646290 843
1646300 843
1646310 843
1646320 843
1646330 843
1646340 842
1646350 842
1646360 841
1646370 843
1646380 843
1646390 843
1646400 845
1646410 845
1646420 846
1646430 847
1646440 847
1646450 849
1646460 851
1646470 851
1646480 854
1646490 858
1646500 858
1646510 862
1646520 864
1646530 864
1646540 867
1646550 870
1646560 870
1646570 872
1646580 872
1646590 875
1646600 877
1646610 877
1646620 878
1646630 880
1646640 880
1646650 882
1646660 883
1646670 883
1646680 883
1646690 883
1646700 883
1646710 883
1646720 882
1646730 882
1646740 881
1646750 881
1646760 881
1646770 880
1646780 879
1646790 879
1646800 880
1646810 880
1646820 880
1646830 881
1646840 881
1646850 881
1646860 882
1646870 881
1646880 881
1646890 881
1646900 877
1646910 877
1646920 873
1646930 867
1646940 867
1646950 862
1646960 858
1646970 858
1646980 854
1646990 852
1647000 852
1647010 850
1647020 847
1647030 847
1647040 843
1647050 839
1647060 839
1647070 837
1647080 834
1647090 834
1647100 831
1647110 829
1647120 829
1647130 827
1647140 825
1647150 825
1647160 823
1647170 821
1647180 821
1647190 820
1647200 818
1647210 818
1647220 816
1647230 814
1647240 814
1647250 812
1647260 811
1647270 811
1647280 810
1647290 809
1647300 809
1647310 808
1647320 807
1647330 807
1647340 807
1647350 808
1647360 808
1647370 809
1647380 811
1647390 811
1647400 812
1647410 813
1647420 813
1647430 814
1647440 814
1647450 814
1647460 814
1647470 813
1647480 813
1647490 811
1647500 807
1647510 807
1647520 803
1647530 800
1647540 800
1647550 799
1647560 797
1647570 797
1647580 797
1647590 797
1647600 797
1647610 797
1647620 798
1647630 798
1647640 800
1647650 800
1647660 800
1647670 801
1647680 802
1647690 802
1647700 803
1647710 804
1647720 804
1647730 805
1647740 806
1647750 806
1647760 807
1647770 808
1647780 808
1647790 809
1647800 809
1647810 810
1647820 810
1647830 810
1647840 812
1647850 813
1647860 813
1647870 814
1647880 816
1647890 816
1647900 818
1647910 820
1647920 820
1647930 821
1647940 824
1647950 824
1647960 826
1647970 826
1647980 826
1647990 827
1648000 828
1648010 828
1648020 829
1648030 831
1648040 831
1648050 832
1648060 833
1648070 833
1648080 835
1648090 836
1648100 836
1648110 838
1648120 840
1648130 840
1648140 843
1648150 844
1648160 844
1648170 846
1648180 848
1648190 848
1648200 851
1648210 852
1648220 852
1648230 853
1648240 854
1648250 854
1648260 856
1648270 859
1648280 859
1648290 862
1648300 865
1648310 865
1648320 866
1648330 869
1648340 869
1648350 871
1648360 874
1648370 874
1648380 877
1648390 879
1648400 879
1648410 881
1648420 883
1648430 883
1648440 884
1648450 886
1648460 886
1648470 888
1648480 889
1648490 889
1648500 890
1648510 891
1648520 891
1648530 892
1648540 893
1648550 893
1648560 892
1648570 892
1648580 892
1648590 892
1648600 892
1648610 892
1648620 892
1648630 892
1648640 892
1648650 893
1648660 894
1648670 894
1648680 895
1648690 896
1648700 896
1648710 897
1648720 898
1648730 898
1648740 898
1648750 899
1648760 899
1648770 902
1648780 903
1648790 903
1648800 904
1648810 905
1648820 905
1648830 906
1648840 908
1648850 908
1648860 909
1648870 909
1648880 909
1648890 909
1648900 908
1648910 908
1648920 907
1648930 905
1648940 905
1648950 904
1648960 902
1648970 902
1648980 901
1648990 901
1649000 901
1649010 901
1649020 901
1649030 901
1649040 901
1649050 901
1649060 900
1649070 900
1649080 900
1649090 900
1649100 899
1649110 899
1649120 898
1649130 896
1649140 896
1649150 892
1649160 888
1649170 888
1649180 886
1649190 884
1649200 884
1649210 884
1649220 884
1649230 884
1649240 884
1649250 884
1649260 884
1649270 885
1649280 886
1649290 886
1649300 887
1649310 887
1649320 887
1649330 886
1649340 888
1649350 888
1649360 888
1649370 889
1649380 889
1649390 889
1649400 888
1649410 888
1649420 888
1649430 888
1649440 888
1649450 887
1649460 887
1649470 887
1649480 887
1649490 887
1649500 887
1649510 887
1649520 887
1649530 887
1649540 887
1649550 888
1649560 891
1649570 890
1649580 890
1649590 890
1649600 890
1649610 889
1649620 889
1649630 889
1649640 889
1649650 889
1649660 888
1649670 888
1649680 888
1649690 889
1649700 891
1649710 891
1649720 892
1649730 893
1649740 893
1649750 894
1649760 894
1649770 894
1649780 896
1649790 898
1649800 898
1649810 900
1649820 902
1649830 902
1649840 905
1649850 907
1649860 907
1649870 911
1649880 915
1649890 915
1649900 919
1649910 922
1649920 922
1649930 923
1649940 924
1649950 924
1649960 925
1649970 926
1649980 926
1649990 927
1650000 929
1650010 929
1650020 930
1650030 931
1650040 931
1650050 932
1650060 933
1650070 933
1650080 935
1650090 937
1650100 937
1650110 938
1650120 939
1650130 939
1650140 940
1650150 941
1650160 941
1650170 940
1650180 937
1650190 937
1650200 934
1650210 930
1650220 930
1650230 927
1650240 927
1650250 924
1650260 922
1650270 922
1650280 921
1650290 919
1650300 919
1650310 918
1650320 916
1650330 916
1650340 916
1650350 913
1650360 913
1650370 911
1650380 909
1650390 909
1650400 907
1650410 905
1650420 905
1650430 904
1650440 902
1650450 902
1650460 901
1650470 899
1650480 899
1650490 898
1650500 897
1650510 897
1650520 896
1650530 894
1650540 894
1650550 893
1650560 892
1650570 892
1650580 891
1650590 890
1650600 890
1650610 889
1650620 889
1650630 889
1650640 888
1650650 887
1650660 887
1650670 886
1650680 884
1650690 884
1650700 883
1650710 882
1650720 882
1650730 881
1650740 881
1650750 881
1650760 881
1650770 882
1650780 882
1650790 882
1650800 884
1650810 884
1650820 886
1650830 888
1650840 888
1650850 889
1650860 888
1650870 888
1650880 887
1650890 886
1650900 886
1650910 885
1650920 885
1650930 885
1650940 884
1650950 884
1650960 884
1650970 884
1650980 884
1650990 884
1651000 887
1651010 888
1651020 888
1651030 890
1651040 892
1651050 892
1651060 895
1651070 898
1651080 898
1651090 900
1651100 903
1651110 903
1651120 906
1651130 913
1651140 913
1651150 916
1651160 919
1651170 919
1651180 922
1651190 924
1651200 924
1651210 926
1651220 928
1651230 928
1651240 929
1651250 929
1651260 929
1651270 928
1651280 926
1651290 926
1651300 922
1651310 917
1651320 917
1651330 914
1651340 911
1651350 911
1651360 909
1651370 906
1651380 906
1651390 903
1651400 901
1651410 901
1651420 899
1651430 899
1651440 896
1651450 894
1651460 894
1651470 892
1651480 890
1651490 890
1651500 890
1651510 889
1651520 889
1651530 887
1651540 885
1651550 885
1651560 883
1651570 879
1651580 879
1651590 875
1651600 869
1651610 869
1651620 864
1651630 861
1651640 861
1651650 857
1651660 856
1651670 856
1651680 854
1651690 853
1651700 853
1651710 851
1651720 849
1651730 849
1651740 848
1651750 846
1651760 846
1651770 845
1651780 844
1651790 844
1651800 842
1651810 841
1651820 841
1651830 839
1651840 839
1651850 839
1651860 838
1651870 837
1651880 837
1651890 836
1651900 836
1651910 837
1651920 838
1651930 837
1651940 837
1651950 836
1651960 836
1651970 836
1651980 836
1651990 835
1652000 835
1652010 834
1652020 833
1652030 833
1652040 833
1652050 832
1652060 832
1652070 830
1652080 830
1652090 830
1652100 834
1652110 838
1652120 838
1652130 841
1652140 845
1652150 845
1652160 849
1652170 852
1652180 852
1652190 855
1652200 859
1652210 859
1652220 863
1652230 867
1652240 867
1652250 871
1652260 876
1652270 876
1652280 880
1652290 884
1652300 884
1652310 888
1652320 891
1652330 891
1652340 894
1652350 898
1652360 898
1652370 902
1652380 905
1652390 905
1652400 909
1652410 912
1652420 912
1652430 914
1652440 916
1652450 916
1652460 917
1652470 918
1652480 918
1652490 917
1652500 915
1652510 915
1652520 913
1652530 911
1652540 911
1652550 910
1652560 909
1652570 909
1652580 908
1652590 906
1652600 906
1652610 905
1652620 904
1652630 904
1652640 903
1652650 903
1652660 904
1652670 904
1652680 904
1652690 908
1652700 908
1652710 908
1652720 908
1652730 908
1652740 908
1652750 908
1652760 909
1652770 909
1652780 909
1652790 910
1652800 910
1652810 909
1652820 909
1652830 909
1652840 907
1652850 906
1652860 906
1652870 905
1652880 905
1652890 905
1652900 903
1652910 902
1652920 902
1652930 900
1652940 899
1652950 899
1652960 899
1652970 899
1652980 899
1652990 898
1653000 898
1653010 898
1653020 897
1653030 898
1653040 898
1653050 898
1653060 897
1653070 897
1653080 897
1653090 897
1653100 897
1653110 897
1653120 898
1653130 898
1653140 898
1653150 898
1653160 898
1653170 899
1653180 900
1653190 900
1653200 901
1653210 903
1653220 903
1653230 904
1653240 904
1653250 904
1653260 905
1653270 906
1653280 906
1653290 908
1653300 910
1653310 910
1653320 912
1653330 915
1653340 915
1653350 918
1653360 922
1653370 922
1653380 925
1653390 927
1653400 927
1653410 929
1653420 931
1653430 931
1653440 933
1653450 934
1653460 932
1653470 932
1653480 933
1653490 933
1653500 934
1653510 937
1653520 937
1653530 939
1653540 941
1653550 941
1653560 943
1653570 945
1653580 945
1653590 948
1653600 950
1653610 950
1653620 952
1653630 952
1653640 952
1653650 953
1653660 953
1653670 953
1653680 954
1653690 955
1653700 955
1653710 957
1653720 959
1653730 959
1653740 960
1653750 961
1653760 961
1653770 961
1653780 960
1653790 960
1653800 959
1653810 958
1653820 958
1653830 957
1653840 956
1653850 956
1653860 955
1653870 955
1653880 953
1653890 951
1653900 951
1653910 950
1653920 949
1653930 949
1653940 949
1653950 948
1653960 948
1653970 947
1653980 947
1653990 947
1654000 946
1654010 944
1654020 944
1654030 942
1654040 941
1654050 941
1654060 940
1654070 939
1654080 939
1654090 938
1654100 937
1654110 937
1654120 937
1654130 936
1654140 936
1654150 935
1654160 933
1654170 933
1654180 931
1654190 928
1654200 928
1654210 925
1654220 923
1654230 921
1654240 920
1654250 920
1654260 920
1654270 921
1654280 920
1654290 920
1654300 920
1654310 920
1654320 920
1654330 920
1654340 920
1654350 920
1654360 920
1654370 920
1654380 920
1654390 920
1654400 920
1654410 920
1654420 921
1654430 921
1654440 921
1654450 920
1654460 921
1654470 921
1654480 921
1654490 920
1654500 920
1654510 920
1654520 919
1654530 919
1654540 920
1654550 920
1654560 920
1654570 920
1654580 919
1654590 919
1654600 920
1654610 921
1654620 921
1654630 921
1654640 921
1654650 921
1654660 922
1654670 922
1654680 922
1654690 922
1654700 922
1654710 922
1654720 922
1654730 922
1654740 922
1654750 922
1654760 921
1654770 921
1654780 921
1654790 922
1654800 922
1654810 923
1654820 924
1654830 924
1654840 925
1654850 925
1654860 925
1654870 926
1654880 928
1654890 928
1654900 929
1654910 931
1654920 931
1654930 933
1654940 936
1654950 936
1654960 938
1654970 940
1654980 940
1654990 942
1655000 944
1655010 944
1655020 947
1655030 948
1655040 948
1655050 950
1655060 951
1655070 951
1655080 953
1655090 953
1655100 954
1655110 954
1655120 954
1655130 955
1655140 955
1655150 955
1655160 955
1655170 956
1655180 956
1655190 956
1655200 958
1655210 958
1655220 959
1655230 960
1655240 960
1655250 961
1655260 961
1655270 961
1655280 961
1655290 961
1655300 961
1655310 961
1655320 960
1655330 960
1655340 958
1655350 957
1655360 957
1655370 957
1655380 957
1655390 957
1655400 957
1655410 957
1655420 957
1655430 956
1655440 956
1655450 956
1655460 956
1655470 956
1655480 956
1655490 956
1655500 955
1655510 955
1655520 955
1655530 954
1655540 954
1655550 954
1655560 953
1655570 953
1655580 953
1655590 953
1655600 953
1655610 953
1655620 953
1655630 953
1655640 953
1655650 953
1655660 953
1655670 953
1655680 953
1655690 953
1655700 953
1655710 953
1655720 953
1655730 953
1655740 953
1655750 953
1655760 952
1655770 953
1655780 953
1655790 953
1655800 953
1655810 953
1655820 953
1655830 953
1655840 953
1655850 953
1655860 953
1655870 953
1655880 954
1655890 953
1655900 953
1655910 953
1655920 953
1655930 953
1655940 953
1655950 953
1655960 953
1655970 953
1655980 953
1655990 953
1656000 953
1656010 953
1656020 953
1656030 953
1656040 953
1656050 953
1656060 953
1656070 953
1656080 953
1656090 953
1656100 953
1656110 953
1656120 954
1656130 954
1656140 954
1656150 954
1656160 954
1656170 954
1656180 954
1656190 953
1656200 953
1656210 953
1656220 954
1656230 954
1656240 954
1656250 954
1656260 954
1656270 953
1656280 953
1656290 953
1656300 953
1656310 953
1656320 953
1656330 953
1656340 953
1656350 952
1656360 952
1656370 952
1656380 952
1656390 952
1656400 952
1656410 951
1656420 951
1656430 951
1656440 951
1656450 951
1656460 951
1656470 950
1656480 950
1656490 950
1656500 949
1656510 949
1656520 949
1656530 949
1656540 949
1656550 949
1656560 949
1656570 949
1656580 949
1656590 950
1656600 950
1656610 950
1656620 951
1656630 951
1656640 951
1656650 951
1656660 951
1656670 951
1656680 951
1656690 951
1656700 951
1656710 950
1656720 949
1656730 949
1656740 949
1656750 948
1656760 948
1656770 947
1656780 947
1656790 947
1656800 946
1656810 946
1656820 946
1656830 946
1656840 945
1656850 945
1656860 945
1656870 945
1656880 945
1656890 945
1656900 945
1656910 945
1656920 945
1656930 945
1656940 945
1656950 945
1656960 945
1656970 945
1656980 944
1656990 944
1657000 944
1657010 944
1657020 944
1657030 944
1657040 944
1657050 944
1657060 944
1657070 943
1657080 944
1657090 944
1657100 945
1657110 945
1657120 945
1657130 946
1657140 946
1657150 946
1657160 946
1657170 946
1657180 946
1657190 946
1657200 946
1657210 946
1657220 945
1657230 945
1657240 945
1657250 945
1657260 945
1657270 944
1657280 943
1657290 943
1657300 943
1657310 943
1657320 944
1657330 944
1657340 944
1657350 944
1657360 944
1657370 944
1657380 944
1657390 944
1657400 944
1657410 944
1657420 944
1657430 944
1657440 944
1657450 944
1657460 945
1657470 945
1657480 945
1657490 945
1657500 945
1657510 945
1657520 946
1657530 946
1657540 945
1657550 944
1657560 944
1657570 944
1657580 944
1657590 944
1657600 944
1657610 944
1657620 944
1657630 944
1657640 944
1657650 944
1657660 944
1657670 943
1657680 943
1657690 942
1657700 942
1657710 942
1657720 941
1657730 941
1657740 941
1657750 940
1657760 940
1657770 940
1657780 939
1657790 939
1657800 939
1657810 939
1657820 938
1657830 938
1657840 938
1657850 938
1657860 938
1657870 937
1657880 937
1657890 937
1657900 936
1657910 936
1657920 936
1657930 936
1657940 935
1657950 935
1657960 935
1657970 934
1657980 934
1657990 934
1658000 934
1658010 934
1658020 934
1658030 933
1658040 933
1658050 933
1658060 933
1658070 933
1658080 933
1658090 933
1658100 933
1658110 933
1658120 933
1658130 933
1658140 933
1658150 933
1658160 933
1658170 932
1658180 932
1658190 932
1658200 932
1658210 932
1658220 932
1658230 932
1658240 932
1658250 932
1658260 932
1658270 932
1658280 932
1658290 931
1658300 931
1658310 931
1658320 931
1658330 931
1658340 931
1658350 931
1658360 932
1658370 932
1658380 932
1658390 933
1658400 933
1658410 933
1658420 933
1658430 933
1658440 933
1658450 933
1658460 933
1658470 933
1658480 933
1658490 933
1658500 933
1658510 933
1658520 933
1658530 934
1658540 934
1658550 934
1658560 934
1658570 934
1658580 934
1658590 934
1658600 934
1658610 934
1658620 934
1658630 935
1658640 935
1658650 936
1658660 936
1658670 936
1658680 936
1658690 936
1658700 936
1658710 936
1658720 936
1658730 936
1658740 936
1658750 936
1658760 936
1658770 937
1658780 937
1658790 936
1658800 936
1658810 936
1658820 935
1658830 935
1658840 935
1658850 934
1658860 933
1658870 933
1658880 932
1658890 931
1658900 931
1658910 931
1658920 930
1658930 930
1658940 929
1658950 928
1658960 928
1658970 927
1658980 926
1658990 926
1659000 925
1659010 925
1659020 925
1659030 924
1659040 922
1659050 922
1659060 921
1659070 920
1659080 920
1659090 919
1659100 917
1659110 917
1659120 916
1659130 915
1659140 915
1659150 913
1659160 911
1659170 911
1659180 910
1659190 908
1659200 908
1659210 907
1659220 906
1659230 906
1659240 905
1659250 904
1659260 904
1659270 903
1659280 902
1659290 902
1659300 901
1659310 901
1659320 901
1659330 900
1659340 900
1659350 900
1659360 899
1659370 898
1659380 898
1659390 898
1659400 897
1659410 897
1659420 897
1659430 897
1659440 897
1659450 896
1659460 895
1659470 895
1659480 894
1659490 894
1659500 894
1659510 893
1659520 893
1659530 893
1659540 892
1659550 892
1659560 892
1659570 892
1659580 892
1659590 892
1659600 893
1659610 894
1659620 894
1659630 895
1659640 896
1659650 896
1659660 896
1659670 897
1659680 897
1659690 898
1659700 898
1659710 898
1659720 898
1659730 899
1659740 899
1659750 899
1659760 899
1659770 899
1659780 899
1659790 899
1659800 899
1659810 898
1659820 898
1659830 898
1659840 898
1659850 897
1659860 897
1659870 896
1659880 895
1659890 895
1659900 894
1659910 894
1659920 894
1659930 894
1659940 894
1659950 893
1659960 893
1659970 893
1659980 893
1659990 893
