1640000 869
1640010 869
1640020 870
1640030 870
1640040 870
1640050 870
1640060 870
1640070 870
1640080 871
1640090 871
1640100 871
1640110 871
1640120 871
1640130 871
1640140 871
1640150 872
1640160 872
1640170 872
1640180 872
1640190 872
1640200 873
1640210 873
1640220 873
1640230 873
1640240 873
1640250 873
1640260 874
1640270 874
1640280 874
1640290 875
1640300 875
1640310 875
1640320 875
1640330 876
1640340 876
1640350 876
1640360 876
1640370 876
1640380 877
1640390 877
1640400 877
1640410 878
1640420 879
1640430 879
1640440 879
1640450 879
1640460 879
1640470 880
1640480 880
1640490 880
1640500 880
1640510 881
1640520 881
1640530 881
1640540 882
1640550 882
1640560 882
1640570 882
1640580 882
1640590 883
1640600 883
1640610 883
1640620 884
1640630 885
1640640 885
1640650 885
1640660 886
1640670 886
1640680 886
1640690 886
1640700 886
1640710 887
1640720 888
1640730 888
1640740 888
1640750 889
1640760 889
1640770 889
1640780 889
1640790 889
1640800 890
1640810 890
1640820 890
1640830 890
1640840 890
1640850 890
1640860 890
1640870 890
1640880 890
1640890 890
1640900 890
1640910 890
1640920 890
1640930 890
1640940 889
1640950 888
1640960 888
1640970 888
1640980 888
1640990 888
1641000 887
1641010 887
1641020 887
1641030 886
1641040 885
1641050 885
1641060 884
1641070 884
1641080 884
1641090 883
1641100 882
1641110 882
1641120 881
1641130 880
1641140 880
1641150 878
1641160 877
1641170 875
1641180 873
1641190 870
1641200 870
1641210 868
1641220 866
1641230 866
1641240 865
1641250 864
1641260 864
1641270 864
1641280 864
1641290 864
1641300 864
1641310 863
1641320 863
1641330 863
1641340 862
1641350 862
1641360 863
1641370 864
1641380 864
1641390 866
1641400 867
1641410 867
1641420 868
1641430 868
1641440 868
1641450 869
1641460 870
1641470 870
1641480 871
1641490 872
1641500 872
1641510 872
1641520 873
1641530 873
1641540 874
1641550 875
1641560 875
1641570 876
1641580 877
1641590 877
1641600 878
1641610 879
1641620 879
1641630 879
1641640 879
1641650 879
1641660 879
1641670 880
1641680 880
1641690 881
1641700 881
1641710 881
1641720 882
1641730 883
1641740 883
1641750 884
1641760 885
1641770 885
1641780 885
1641790 885
1641800 885
1641810 886
1641820 886
1641830 887
1641840 887
1641850 887
1641860 888
1641870 888
1641880 888
1641890 889
1641900 889
1641910 889
1641920 890
1641930 891
1641940 891
1641950 891
1641960 892
1641970 892
1641980 892
1641990 892
1642000 892
1642010 893
1642020 893
1642030 893
1642040 893
1642050 894
1642060 894
1642070 894
1642080 895
1642090 895
1642100 895
1642110 896
1642120 896
1642130 896
1642140 897
1642150 897
1642160 897
1642170 897
1642180 897
1642190 898
1642200 899
1642210 899
1642220 901
1642230 903
1642240 903
1642250 904
1642260 906
1642270 906
1642280 906
1642290 907
1642300 907
1642310 908
1642320 908
1642330 908
1642340 908
1642350 909
1642360 909
1642370 909
1642380 909
1642390 909
1642400 909
1642410 910
1642420 910
1642430 910
1642440 911
1642450 911
1642460 911
1642470 912
1642480 912
1642490 913
1642500 914
1642510 914
1642520 914
1642530 915
1642540 915
1642550 916
1642560 916
1642570 916
1642580 916
1642590 916
1642600 916
1642610 916
1642620 916
1642630 916
1642640 916
1642650 916
1642660 916
1642670 916
1642680 916
1642690 916
1642700 915
1642710 915
1642720 915
1642730 914
1642740 914
1642750 914
1642760 913
1642770 913
1642780 912
1642790 910
1642800 910
1642810 909
1642820 909
1642830 909
1642840 907
1642850 905
1642860 905
1642870 905
1642880 906
1642890 906
1642900 907
1642910 908
1642920 908
1642930 910
1642940 911
1642950 911
1642960 913
1642970 914
1642980 914
1642990 915
1643000 916
1643010 916
1643020 918
1643030 920
1643040 920
1643050 921
1643060 922
1643070 922
1643080 922
1643090 922
1643100 922
1643110 923
1643120 923
1643130 923
1643140 922
1643150 922
1643160 922
1643170 922
1643180 921
1643190 921
1643200 920
1643210 919
1643220 919
1643230 918
1643240 917
1643250 917
1643260 917
1643270 916
1643280 916
1643290 916
1643300 915
1643310 915
1643320 915
1643330 914
1643340 914
1643350 914
1643360 914
1643370 914
1643380 914
1643390 915
1643400 915
1643410 915
1643420 915
1643430 915
1643440 915
1643450 915
1643460 915
1643470 915
1643480 915
1643490 915
1643500 915
1643510 915
1643520 915
1643530 915
1643540 915
1643550 915
1643560 916
1643570 916
1643580 916
1643590 915
1643600 915
1643610 915
1643620 915
1643630 915
1643640 915
1643650 915
1643660 915
1643670 914
1643680 914
1643690 914
1643700 914
1643710 914
1643720 914
1643730 914
1643740 914
1643750 914
1643760 914
1643770 914
1643780 914
1643790 914
1643800 914
1643810 914
1643820 914
1643830 913
1643840 913
1643850 913
1643860 912
1643870 912
1643880 912
1643890 912
1643900 912
1643910 912
1643920 912
1643930 912
1643940 911
1643950 910
1643960 910
1643970 910
1643980 908
1643990 908
1644000 907
1644010 905
1644020 905
1644030 904
1644040 903
1644050 903
1644060 903
1644070 903
1644080 903
1644090 903
1644100 902
1644110 902
1644120 902
1644130 902
1644140 902
1644150 902
1644160 902
1644170 902
1644180 901
1644190 901
1644200 901
1644210 901
1644220 901
1644230 901
1644240 900
1644250 899
1644260 899
1644270 899
1644280 899
1644290 899
1644300 898
1644310 896
1644320 896
1644330 895
1644340 892
1644350 892
1644360 889
1644370 889
1644380 889
1644390 888
1644400 888
1644410 888
1644420 888
1644430 888
1644440 888
1644450 888
1644460 887
1644470 887
1644480 887
1644490 887
1644500 887
1644510 887
1644520 886
1644530 886
1644540 887
1644550 887
1644560 888
1644570 888
1644580 888
1644590 888
1644600 887
1644610 887
1644620 887
1644630 887
1644640 887
1644650 888
1644660 890
1644670 890
1644680 893
1644690 895
1644700 895
1644710 897
1644720 898
1644730 898
1644740 899
1644750 900
1644760 900
1644770 901
1644780 902
1644790 902
1644800 903
1644810 903
1644820 903
1644830 904
1644840 904
1644850 904
1644860 904
1644870 905
1644880 905
1644890 905
1644900 906
1644910 906
1644920 907
1644930 908
1644940 908
1644950 909
1644960 911
1644970 911
1644980 912
1644990 913
1645000 913
1645010 914
1645020 914
1645030 914
1645040 915
1645050 915
1645060 915
1645070 915
1645080 916
1645090 916
1645100 916
1645110 916
1645120 916
1645130 917
1645140 917
1645150 917
1645160 917
1645170 917
1645180 917
1645190 917
1645200 917
1645210 917
1645220 916
1645230 916
1645240 916
1645250 915
1645260 914
1645270 914
1645280 913
1645290 912
1645300 912
1645310 912
1645320 911
1645330 911
1645340 911
1645350 910
1645360 910
1645370 910
1645380 910
1645390 910
1645400 909
1645410 909
1645420 909
1645430 908
1645440 907
1645450 907
1645460 907
1645470 907
1645480 907
1645490 907
1645500 907
1645510 906
1645520 906
1645530 906
1645540 906
1645550 905
1645560 905
1645570 904
1645580 903
1645590 903
1645600 902
1645610 901
1645620 901
1645630 900
1645640 899
1645650 899
1645660 897
1645670 896
1645680 896
1645690 894
1645700 893
1645710 893
1645720 892
1645730 892
1645740 892
1645750 892
1645760 892
1645770 892
1645780 894
1645790 896
1645800 896
1645810 897
1645820 897
1645830 897
1645840 898
1645850 898
1645860 898
1645870 897
1645880 897
1645890 897
1645900 897
1645910 897
1645920 897
1645930 896
1645940 895
1645950 895
1645960 895
1645970 894
1645980 894
1645990 893
1646000 893
1646010 893
1646020 891
1646030 888
1646040 888
1646050 887
1646060 887
1646070 887
1646080 887
1646090 887
1646100 887
1646110 887
1646120 887
1646130 887
1646140 888
1646150 888
1646160 888
1646170 888
1646180 888
1646190 888
1646200 889
1646210 889
1646220 889
1646230 889
1646240 889
1646250 889
1646260 890
1646270 890
1646280 890
1646290 890
1646300 891
1646310 891
1646320 891
1646330 891
1646340 891
1646350 892
1646360 892
1646370 892
1646380 892
1646390 892
1646400 892
1646410 892
1646420 892
1646430 892
1646440 893
1646450 893
1646460 893
1646470 893
1646480 893
1646490 894
1646500 894
1646510 894
1646520 895
1646530 895
1646540 895
1646550 895
1646560 895
1646570 895
1646580 896
1646590 897
1646600 897
1646610 898
1646620 898
1646630 898
1646640 899
1646650 900
1646660 900
1646670 901
1646680 902
1646690 902
1646700 903
1646710 904
1646720 904
1646730 906
1646740 907
1646750 907
1646760 909
1646770 910
1646780 910
1646790 912
1646800 913
1646810 913
1646820 914
1646830 915
1646840 915
1646850 916
1646860 917
1646870 917
1646880 918
1646890 918
1646900 918
1646910 920
1646920 921
1646930 921
1646940 923
1646950 924
1646960 924
1646970 926
1646980 926
1646990 926
1647000 926
1647010 925
1647020 925
1647030 925
1647040 924
1647050 924
1647060 924
1647070 923
1647080 923
1647090 923
1647100 923
1647110 923
1647120 922
1647130 922
1647140 922
1647150 922
1647160 921
1647170 921
1647180 921
1647190 921
1647200 921
1647210 920
1647220 919
1647230 919
1647240 919
1647250 919
1647260 919
1647270 918
1647280 918
1647290 918
1647300 918
1647310 918
1647320 917
1647330 917
1647340 917
1647350 917
1647360 917
1647370 917
1647380 916
1647390 916
1647400 916
1647410 916
1647420 916
1647430 916
1647440 916
1647450 915
1647460 915
1647470 915
1647480 915
1647490 915
1647500 915
1647510 914
1647520 914
1647530 914
1647540 914
1647550 914
1647560 914
1647570 913
1647580 913
1647590 913
1647600 913
1647610 913
1647620 913
1647630 913
1647640 913
1647650 913
1647660 912
1647670 912
1647680 912
1647690 912
1647700 912
1647710 911
1647720 911
1647730 911
1647740 911
1647750 911
1647760 911
1647770 910
1647780 910
1647790 910
1647800 910
1647810 910
1647820 910
1647830 910
1647840 909
1647850 909
1647860 909
1647870 909
1647880 909
1647890 909
1647900 909
1647910 909
1647920 908
1647930 908
1647940 908
1647950 908
1647960 908
1647970 908
1647980 908
1647990 908
1648000 908
1648010 908
1648020 909
1648030 909
1648040 909
1648050 909
1648060 909
1648070 909
1648080 910
1648090 910
1648100 910
1648110 911
1648120 911
1648130 911
1648140 912
1648150 912
1648160 912
1648170 913
1648180 913
1648190 913
1648200 913
1648210 913
1648220 914
1648230 914
1648240 914
1648250 915
1648260 915
1648270 915
1648280 916
1648290 916
1648300 918
1648310 918
1648320 918
1648330 918
1648340 917
1648350 917
1648360 917
1648370 917
1648380 917
1648390 917
1648400 916
1648410 916
1648420 915
1648430 915
1648440 915
1648450 914
1648460 914
1648470 914
1648480 913
1648490 913
1648500 913
1648510 913
1648520 913
1648530 913
1648540 913
1648550 913
1648560 913
1648570 913
1648580 913
1648590 913
1648600 912
1648610 912
1648620 912
1648630 912
1648640 913
1648650 913
1648660 912
1648670 912
1648680 912
1648690 911
1648700 910
1648710 910
1648720 910
1648730 909
1648740 909
1648750 908
1648760 906
1648770 906
1648780 905
1648790 904
1648800 904
1648810 903
1648820 902
1648830 902
1648840 900
1648850 899
1648860 899
1648870 898
1648880 896
1648890 896
1648900 895
1648910 895
1648920 895
1648930 895
1648940 896
1648950 896
1648960 896
1648970 897
1648980 897
1648990 899
1649000 901
1649010 901
1649020 903
1649030 904
1649040 904
1649050 904
1649060 905
1649070 905
1649080 906
1649090 906
1649100 906
1649110 906
1649120 906
1649130 906
1649140 905
1649150 905
1649160 904
1649170 903
1649180 903
1649190 902
1649200 902
1649210 902
1649220 901
1649230 901
1649240 901
1649250 901
1649260 901
1649270 901
1649280 900
1649290 900
1649300 900
1649310 900
1649320 900
1649330 900
1649340 900
1649350 900
1649360 900
1649370 900
1649380 900
1649390 900
1649400 900
1649410 900
1649420 900
1649430 899
1649440 899
1649450 899
1649460 899
1649470 899
1649480 899
1649490 899
1649500 898
1649510 898
1649520 898
1649530 898
1649540 898
1649550 897
1649560 897
1649570 897
1649580 897
1649590 896
1649600 896
1649610 896
1649620 896
1649630 896
1649640 895
1649650 895
1649660 895
1649670 895
1649680 895
1649690 895
1649700 894
1649710 894
1649720 894
1649730 894
1649740 893
1649750 893
1649760 893
1649770 893
1649780 893
1649790 892
1649800 892
1649810 892
1649820 892
1649830 891
1649840 891
1649850 892
1649860 892
1649870 892
1649880 892
1649890 892
1649900 892
1649910 892
1649920 892
1649930 892
1649940 892
1649950 892
1649960 892
1649970 892
1649980 892
1649990 892
1650000 892
1650010 892
1650020 892
1650030 892
1650040 892
1650050 892
1650060 892
1650070 891
1650080 892
1650090 892
1650100 892
1650110 893
1650120 893
1650130 893
1650140 894
1650150 894
1650160 894
1650170 895
1650180 896
1650190 896
1650200 897
1650210 898
1650220 898
1650230 899
1650240 899
1650250 899
1650260 900
1650270 902
1650280 902
1650290 903
1650300 904
1650310 904
1650320 903
1650330 903
1650340 903
1650350 903
1650360 902
1650370 902
1650380 902
1650390 902
1650400 902
1650410 902
1650420 901
1650430 901
1650440 901
1650450 900
1650460 900
1650470 899
1650480 898
1650490 898
1650500 897
1650510 896
1650520 896
1650530 896
1650540 897
1650550 897
1650560 896
1650570 896
1650580 896
1650590 896
1650600 896
1650610 896
1650620 895
1650630 894
1650640 894
1650650 894
1650660 894
1650670 894
1650680 894
1650690 894
1650700 894
1650710 894
1650720 893
1650730 893
1650740 893
1650750 893
1650760 893
1650770 892
1650780 892
1650790 892
1650800 891
1650810 891
1650820 891
1650830 890
1650840 890
1650850 890
1650860 889
1650870 888
1650880 888
1650890 887
1650900 887
1650910 887
1650920 886
1650930 884
1650940 884
1650950 883
1650960 883
1650970 881
1650980 880
1650990 880
1651000 878
1651010 877
1651020 877
1651030 875
1651040 874
1651050 874
1651060 872
1651070 871
1651080 871
1651090 870
1651100 870
1651110 870
1651120 869
1651130 868
1651140 868
1651150 867
1651160 867
1651170 867
1651180 867
1651190 867
1651200 867
1651210 867
1651220 866
1651230 866
1651240 867
1651250 867
1651260 867
1651270 867
1651280 867
1651290 867
1651300 867
1651310 867
1651320 867
1651330 867
1651340 867
1651350 867
1651360 867
1651370 867
1651380 867
1651390 867
1651400 867
1651410 867
1651420 867
1651430 867
1651440 867
1651450 867
1651460 867
1651470 867
1651480 867
1651490 866
1651500 866
1651510 866
1651520 867
1651530 867
1651540 867
1651550 868
1651560 868
1651570 869
1651580 870
1651590 870
1651600 870
1651610 871
1651620 871
1651630 872
1651640 873
1651650 873
1651660 873
1651670 874
1651680 874
1651690 874
1651700 875
1651710 875
1651720 874
1651730 874
1651740 874
1651750 874
1651760 875
1651770 875
1651780 875
1651790 875
1651800 875
1651810 874
1651820 873
1651830 873
1651840 874
1651850 874
1651860 874
1651870 874
1651880 874
1651890 875
1651900 876
1651910 876
1651920 877
1651930 878
1651940 878
1651950 878
1651960 879
1651970 879
1651980 879
1651990 880
1652000 880
1652010 882
1652020 883
1652030 883
1652040 883
1652050 884
1652060 884
1652070 885
1652080 885
1652090 885
1652100 886
1652110 887
1652120 887
1652130 889
1652140 890
1652150 890
1652160 892
1652170 894
1652180 894
1652190 895
1652200 897
1652210 897
1652220 899
1652230 900
1652240 900
1652250 900
1652260 900
1652270 900
1652280 900
1652290 899
1652300 899
1652310 899
1652320 900
1652330 900
1652340 900
1652350 901
1652360 901
1652370 901
1652380 901
1652390 901
1652400 901
1652410 901
1652420 902
1652430 902
1652440 902
1652450 902
1652460 903
1652470 903
1652480 903
1652490 901
1652500 901
1652510 901
1652520 901
1652530 902
1652540 902
1652550 903
1652560 904
1652570 904
1652580 906
1652590 909
1652600 909
1652610 912
1652620 915
1652630 915
1652640 916
1652650 917
1652660 917
1652670 919
1652680 920
1652690 920
1652700 922
1652710 923
1652720 923
1652730 925
1652740 927
1652750 927
1652760 928
1652770 929
1652780 929
1652790 928
1652800 928
1652810 927
1652820 927
1652830 927
1652840 927
1652850 927
1652860 927
1652870 927
1652880 927
1652890 927
1652900 927
1652910 927
1652920 927
1652930 928
1652940 929
1652950 929
1652960 930
1652970 930
1652980 930
1652990 930
1653000 930
1653010 930
1653020 930
1653030 929
1653040 929
1653050 929
1653060 929
1653070 929
1653080 928
1653090 929
1653100 929
1653110 929
1653120 929
1653130 929
1653140 929
1653150 930
1653160 930
1653170 930
1653180 931
1653190 931
1653200 932
1653210 932
1653220 932
1653230 933
1653240 933
1653250 933
1653260 934
1653270 934
1653280 934
1653290 934
1653300 935
1653310 935
1653320 935
1653330 935
1653340 935
1653350 936
1653360 936
1653370 936
1653380 937
1653390 937
1653400 937
1653410 938
1653420 938
1653430 938
1653440 939
1653450 939
1653460 939
1653470 940
1653480 940
1653490 940
1653500 941
1653510 942
1653520 942
1653530 943
1653540 945
1653550 945
1653560 945
1653570 945
1653580 945
1653590 945
1653600 944
1653610 944
1653620 943
1653630 942
1653640 942
1653650 941
1653660 940
1653670 940
1653680 940
1653690 939
1653700 939
1653710 938
1653720 938
1653730 937
1653740 937
1653750 937
1653760 936
1653770 935
1653780 935
1653790 934
1653800 933
1653810 933
1653820 932
1653830 931
1653840 931
1653850 930
1653860 929
1653870 929
1653880 927
1653890 926
1653900 926
1653910 924
1653920 923
1653930 923
1653940 922
1653950 920
1653960 920
1653970 917
1653980 915
1653990 915
1654000 913
1654010 912
1654020 912
1654030 910
1654040 909
1654050 909
1654060 909
1654070 908
1654080 908
1654090 907
1654100 906
1654110 906
1654120 905
1654130 905
1654140 905
1654150 904
1654160 904
1654170 904
1654180 903
1654190 903
1654200 903
1654210 902
1654220 901
1654230 901
1654240 901
1654250 900
1654260 900
1654270 899
1654280 899
1654290 899
1654300 898
1654310 898
1654320 898
1654330 898
1654340 897
1654350 897
1654360 897
1654370 896
1654380 896
1654390 895
1654400 895
1654410 895
1654420 894
1654430 894
1654440 894
1654450 893
1654460 893
1654470 893
1654480 892
1654490 892
1654500 892
1654510 891
1654520 891
1654530 891
1654540 890
1654550 890
1654560 890
1654570 890
1654580 889
1654590 889
1654600 889
1654610 889
1654620 889
1654630 889
1654640 889
1654650 889
1654660 889
1654670 889
1654680 889
1654690 889
1654700 889
1654710 890
1654720 890
1654730 891
1654740 891
1654750 891
1654760 891
1654770 892
1654780 892
1654790 892
1654800 892
1654810 893
1654820 893
1654830 893
1654840 893
1654850 893
1654860 893
1654870 893
1654880 893
1654890 893
1654900 893
1654910 893
1654920 893
1654930 894
1654940 894
1654950 894
1654960 894
1654970 894
1654980 895
1654990 896
1655000 896
1655010 897
1655020 898
1655030 898
1655040 898
1655050 898
1655060 898
1655070 898
1655080 899
1655090 899
1655100 900
1655110 900
1655120 900
1655130 900
1655140 901
1655150 901
1655160 901
1655170 902
1655180 902
1655190 902
1655200 902
1655210 902
1655220 903
1655230 903
1655240 903
1655250 903
1655260 903
1655270 903
1655280 903
1655290 903
1655300 903
1655310 903
1655320 903
1655330 903
1655340 903
1655350 903
1655360 903
1655370 903
1655380 903
1655390 903
1655400 903
1655410 902
1655420 902
1655430 902
1655440 902
1655450 902
1655460 901
1655470 901
1655480 901
1655490 901
1655500 900
1655510 900
1655520 900
1655530 900
1655540 900
1655550 900
1655560 900
1655570 899
1655580 899
1655590 899
1655600 898
1655610 897
1655620 897
1655630 896
1655640 896
1655650 896
1655660 895
1655670 894
1655680 894
1655690 892
1655700 889
1655710 889
1655720 888
1655730 887
1655740 887
1655750 887
1655760 887
1655770 887
1655780 887
1655790 887
1655800 887
1655810 886
1655820 885
1655830 885
1655840 884
1655850 881
1655860 881
1655870 880
1655880 880
1655890 880
1655900 880
1655910 879
1655920 879
1655930 880
1655940 880
1655950 880
1655960 880
1655970 881
1655980 881
1655990 883
1656000 883
1656010 883
1656020 884
1656030 885
1656040 885
1656050 886
1656060 887
1656070 887
1656080 887
1656090 887
1656100 887
1656110 887
1656120 887
1656130 887
1656140 887
1656150 887
1656160 887
1656170 887
1656180 887
1656190 887
1656200 888
1656210 888
1656220 888
1656230 888
1656240 887
1656250 887
1656260 887
1656270 887
1656280 887
1656290 887
1656300 887
1656310 887
1656320 887
1656330 887
1656340 887
1656350 887
1656360 887
1656370 887
1656380 887
1656390 887
1656400 887
1656410 888
1656420 887
1656430 887
1656440 887
1656450 886
1656460 886
1656470 886
1656480 886
1656490 885
1656500 885
1656510 885
1656520 885
1656530 884
1656540 884
1656550 884
1656560 883
1656570 883
1656580 883
1656590 882
1656600 882
1656610 882
1656620 882
1656630 882
1656640 882
1656650 882
1656660 882
1656670 882
1656680 882
1656690 882
1656700 882
1656710 882
1656720 882
1656730 882
1656740 882
1656750 882
1656760 882
1656770 882
1656780 882
1656790 882
1656800 883
1656810 883
1656820 883
1656830 883
1656840 883
1656850 884
1656860 885
1656870 885
1656880 885
1656890 886
1656900 886
1656910 886
1656920 885
1656930 885
1656940 885
1656950 884
1656960 884
1656970 883
1656980 883
1656990 883
1657000 883
1657010 883
1657020 883
1657030 883
1657040 882
1657050 882
1657060 881
1657070 881
1657080 881
1657090 880
1657100 879
1657110 879
1657120 879
1657130 879
1657140 879
1657150 878
1657160 878
1657170 878
1657180 877
1657190 876
1657200 876
1657210 876
1657220 876
1657230 876
1657240 876
1657250 875
1657260 875
1657270 875
1657280 875
1657290 875
1657300 875
1657310 874
1657320 874
1657330 874
1657340 874
1657350 874
1657360 873
1657370 873
1657380 873
1657390 873
1657400 873
1657410 873
1657420 872
1657430 872
1657440 872
1657450 872
1657460 872
1657470 871
1657480 871
1657490 871
1657500 871
1657510 871
1657520 871
1657530 870
1657540 870
1657550 870
1657560 869
1657570 869
1657580 869
1657590 869
1657600 869
1657610 869
1657620 869
1657630 869
1657640 869
1657650 870
1657660 871
1657670 871
1657680 871
1657690 872
1657700 872
1657710 872
1657720 872
1657730 872
1657740 872
1657750 872
1657760 872
1657770 873
1657780 873
1657790 873
1657800 873
1657810 873
1657820 873
1657830 873
1657840 872
1657850 872
1657860 871
1657870 871
1657880 871
1657890 871
1657900 871
1657910 871
1657920 870
1657930 871
1657940 871
1657950 871
1657960 870
1657970 870
1657980 870
1657990 869
1658000 869
1658010 868
1658020 867
1658030 867
1658040 867
1658050 866
1658060 866
1658070 866
1658080 866
1658090 866
1658100 866
1658110 866
1658120 866
1658130 866
1658140 866
1658150 866
1658160 866
1658170 866
1658180 866
1658190 866
1658200 866
1658210 866
1658220 866
1658230 867
1658240 867
1658250 867
1658260 867
1658270 867
1658280 867
1658290 867
1658300 868
1658310 869
1658320 869
1658330 869
1658340 870
1658350 870
1658360 871
1658370 871
1658380 871
1658390 871
1658400 872
1658410 872
1658420 872
1658430 871
1658440 871
1658450 869
1658460 867
1658470 867
1658480 867
1658490 867
1658500 867
1658510 866
1658520 864
1658530 864
1658540 864
1658550 863
1658560 863
1658570 862
1658580 861
1658590 861
1658600 861
1658610 859
1658620 859
1658630 857
1658640 855
1658650 855
1658660 852
1658670 850
1658680 850
1658690 848
1658700 847
1658710 847
1658720 847
1658730 846
1658740 846
1658750 845
1658760 843
1658770 843
1658780 842
1658790 841
1658800 841
1658810 840
1658820 839
1658830 839
1658840 836
1658850 833
1658860 833
1658870 832
1658880 831
1658890 831
1658900 830
1658910 828
1658920 828
1658930 827
1658940 826
1658950 826
1658960 825
1658970 824
1658980 824
1658990 824
1659000 823
1659010 823
1659020 823
1659030 824
1659040 824
1659050 824
1659060 824
1659070 824
1659080 823
1659090 823
1659100 823
1659110 823
1659120 823
1659130 823
1659140 823
1659150 822
1659160 822
1659170 821
1659180 821
1659190 821
1659200 820
1659210 820
1659220 819
1659230 818
1659240 818
1659250 817
1659260 815
1659270 813
1659280 813
1659290 812
1659300 812
1659310 812
1659320 812
1659330 812
1659340 811
1659350 811
1659360 811
1659370 811
1659380 810
1659390 810
1659400 810
1659410 810
1659420 810
1659430 810
1659440 810
1659450 810
1659460 810
1659470 810
1659480 810
1659490 810
1659500 809
1659510 809
1659520 809
1659530 808
1659540 808
1659550 808
1659560 807
1659570 807
1659580 807
1659590 807
1659600 807
1659610 807
1659620 807
1659630 807
1659640 806
1659650 806
1659660 806
1659670 807
1659680 807
1659690 807
1659700 807
1659710 806
1659720 806
1659730 807
1659740 807
1659750 807
1659760 807
1659770 807
1659780 807
1659790 807
1659800 807
1659810 807
1659820 807
1659830 808
1659840 808
1659850 808
1659860 808
1659870 808
1659880 808
1659890 808
1659900 808
1659910 808
1659920 808
1659930 808
1659940 808
1659950 808
1659960 808
1659970 808
1659980 808
1659990 808
