1640000 866
1640010 866
1640020 868
1640030 869
1640040 869
1640050 870
1640060 871
1640070 871
1640080 873
1640090 874
1640100 874
1640110 874
1640120 875
1640130 875
1640140 875
1640150 875
1640160 875
1640170 876
1640180 876
1640190 876
1640200 877
1640210 877
1640220 877
1640230 878
1640240 878
1640250 878
1640260 878
1640270 878
1640280 879
1640290 879
1640300 879
1640310 879
1640320 880
1640330 880
1640340 881
1640350 882
1640360 882
1640370 882
1640380 883
1640390 883
1640400 884
1640410 884
1640420 884
1640430 884
1640440 884
1640450 884
1640460 883
1640470 883
1640480 883
1640490 883
1640500 882
1640510 882
1640520 882
1640530 881
1640540 881
1640550 881
1640560 881
1640570 881
1640580 881
1640590 881
1640600 881
1640610 881
1640620 881
1640630 881
1640640 880
1640650 880
1640660 880
1640670 879
1640680 879
1640690 879
1640700 878
1640710 877
1640720 877
1640730 877
1640740 876
1640750 876
1640760 875
1640770 875
1640780 875
1640790 874
1640800 874
1640810 874
1640820 872
1640830 870
1640840 870
1640850 870
1640860 869
1640870 869
1640880 869
1640890 869
1640900 869
1640910 869
1640920 869
1640930 869
1640940 869
1640950 869
1640960 869
1640970 869
1640980 869
1640990 869
1641000 869
1641010 869
1641020 869
1641030 869
1641040 868
1641050 868
1641060 868
1641070 868
1641080 868
1641090 868
1641100 867
1641110 867
1641120 867
1641130 867
1641140 867
1641150 866
1641160 866
1641170 866
1641180 866
1641190 866
1641200 865
1641210 865
1641220 865
1641230 865
1641240 865
1641250 865
1641260 865
1641270 865
1641280 865
1641290 865
1641300 864
1641310 864
1641320 865
1641330 864
1641340 864
1641350 864
1641360 864
1641370 864
1641380 864
1641390 864
1641400 864
1641410 863
1641420 863
1641430 863
1641440 863
1641450 864
1641460 864
1641470 864
1641480 864
1641490 864
1641500 865
1641510 865
1641520 865
1641530 865
1641540 865
1641550 865
1641560 865
1641570 866
1641580 866
1641590 866
1641600 866
1641610 864
1641620 864
1641630 864
1641640 864
1641650 863
1641660 862
1641670 862
1641680 861
1641690 859
1641700 859
1641710 858
1641720 858
1641730 858
1641740 858
1641750 858
1641760 858
1641770 859
1641780 858
1641790 858
1641800 858
1641810 857
1641820 857
1641830 857
1641840 857
1641850 857
1641860 857
1641870 857
1641880 857
1641890 857
1641900 858
1641910 858
1641920 859
1641930 860
1641940 860
1641950 861
1641960 864
1641970 864
1641980 866
1641990 869
1642000 869
1642010 870
1642020 870
1642030 871
1642040 872
1642050 872
1642060 873
1642070 873
1642080 873
1642090 873
1642100 872
1642110 872
1642120 871
1642130 871
1642140 871
1642150 870
1642160 868
1642170 868
1642180 868
1642190 868
1642200 868
1642210 868
1642220 868
1642230 868
1642240 868
1642250 868
1642260 868
1642270 868
1642280 868
1642290 868
1642300 868
1642310 869
1642320 869
1642330 869
1642340 869
1642350 869
1642360 869
1642370 868
1642380 868
1642390 869
1642400 869
1642410 869
1642420 870
1642430 870
1642440 869
1642450 869
1642460 869
1642470 869
1642480 870
1642490 870
1642500 870
1642510 870
1642520 871
1642530 871
1642540 871
1642550 871
1642560 871
1642570 872
1642580 872
1642590 872
1642600 873
1642610 874
1642620 874
1642630 874
1642640 875
1642650 875
1642660 876
1642670 877
1642680 877
1642690 878
1642700 878
1642710 878
1642720 878
1642730 879
1642740 879
1642750 879
1642760 880
1642770 880
1642780 880
1642790 881
1642800 881
1642810 881
1642820 881
1642830 881
1642840 882
1642850 882
1642860 882
1642870 883
1642880 883
1642890 883
1642900 884
1642910 884
1642920 884
1642930 884
1642940 884
1642950 884
1642960 884
1642970 884
1642980 884
1642990 884
1643000 884
1643010 884
1643020 883
1643030 883
1643040 883
1643050 882
1643060 882
1643070 882
1643080 881
1643090 881
1643100 880
1643110 880
1643120 880
1643130 880
1643140 879
1643150 879
1643160 879
1643170 879
1643180 879
1643190 879
1643200 879
1643210 879
1643220 878
1643230 878
1643240 878
1643250 878
1643260 877
1643270 877
1643280 877
1643290 877
1643300 877
1643310 876
1643320 875
1643330 875
1643340 874
1643350 874
1643360 874
1643370 873
1643380 873
1643390 873
1643400 873
1643410 873
1643420 873
1643430 872
1643440 872
1643450 872
1643460 872
1643470 871
1643480 871
1643490 871
1643500 871
1643510 871
1643520 871
1643530 870
1643540 870
1643550 871
1643560 871
1643570 871
1643580 871
1643590 871
1643600 871
1643610 871
1643620 872
1643630 872
1643640 872
1643650 872
1643660 872
1643670 872
1643680 872
1643690 872
1643700 872
1643710 872
1643720 872
1643730 873
1643740 873
1643750 873
1643760 874
1643770 874
1643780 875
1643790 875
1643800 875
1643810 874
1643820 875
1643830 875
1643840 875
1643850 875
1643860 875
1643870 876
1643880 876
1643890 876
1643900 876
1643910 877
1643920 877
1643930 877
1643940 878
1643950 878
1643960 878
1643970 878
1643980 878
1643990 878
1644000 878
1644010 878
1644020 879
1644030 878
1644040 878
1644050 878
1644060 879
1644070 879
1644080 878
1644090 878
1644100 878
1644110 878
1644120 878
1644130 878
1644140 878
1644150 879
1644160 879
1644170 879
1644180 880
1644190 880
1644200 880
1644210 880
1644220 880
1644230 881
1644240 881
1644250 881
1644260 882
1644270 883
1644280 883
1644290 884
1644300 884
1644310 884
1644320 885
1644330 885
1644340 885
1644350 886
1644360 886
1644370 886
1644380 886
1644390 886
1644400 886
1644410 887
1644420 887
1644430 887
1644440 887
1644450 888
1644460 888
1644470 888
1644480 889
1644490 889
1644500 890
1644510 891
1644520 891
1644530 892
1644540 892
1644550 892
1644560 893
1644570 893
1644580 893
1644590 894
1644600 894
1644610 894
1644620 894
1644630 894
1644640 895
1644650 895
1644660 895
1644670 896
1644680 896
1644690 896
1644700 896
1644710 897
1644720 897
1644730 897
1644740 897
1644750 897
1644760 898
1644770 898
1644780 898
1644790 898
1644800 898
1644810 898
1644820 898
1644830 899
1644840 899
1644850 899
1644860 899
1644870 899
1644880 899
1644890 899
1644900 899
1644910 899
1644920 899
1644930 899
1644940 899
1644950 899
1644960 899
1644970 898
1644980 897
1644990 897
1645000 897
1645010 896
1645020 896
1645030 895
1645040 893
1645050 893
1645060 891
1645070 890
1645080 890
1645090 890
1645100 890
1645110 890
1645120 890
1645130 890
1645140 890
1645150 890
1645160 891
1645170 891
1645180 893
1645190 894
1645200 894
1645210 895
1645220 896
1645230 896
1645240 897
1645250 897
1645260 897
1645270 897
1645280 898
1645290 898
1645300 898
1645310 898
1645320 898
1645330 898
1645340 898
1645350 898
1645360 898
1645370 898
1645380 898
1645390 898
1645400 898
1645410 898
1645420 897
1645430 897
1645440 897
1645450 897
1645460 897
1645470 897
1645480 896
1645490 896
1645500 896
1645510 896
1645520 896
1645530 896
1645540 896
1645550 896
1645560 896
1645570 896
1645580 896
1645590 896
1645600 896
1645610 896
1645620 896
1645630 896
1645640 896
1645650 896
1645660 896
1645670 896
1645680 896
1645690 896
1645700 896
1645710 896
1645720 896
1645730 896
1645740 897
1645750 897
1645760 897
1645770 898
1645780 898
1645790 898
1645800 898
1645810 899
1645820 899
1645830 899
1645840 899
1645850 899
1645860 899
1645870 900
1645880 900
1645890 900
1645900 901
1645910 901
1645920 901
1645930 901
1645940 901
1645950 902
1645960 903
1645970 903
1645980 904
1645990 905
1646000 905
1646010 906
1646020 906
1646030 906
1646040 907
1646050 907
1646060 907
1646070 908
1646080 908
1646090 908
1646100 908
1646110 909
1646120 909
1646130 908
1646140 908
1646150 908
1646160 908
1646170 907
1646180 907
1646190 907
1646200 906
1646210 906
1646220 906
1646230 906
1646240 906
1646250 905
1646260 905
1646270 905
1646280 905
1646290 905
1646300 905
1646310 905
1646320 905
1646330 905
1646340 905
1646350 905
1646360 905
1646370 906
1646380 906
1646390 906
1646400 906
1646410 906
1646420 907
1646430 907
1646440 907
1646450 907
1646460 907
1646470 907
1646480 907
1646490 907
1646500 907
1646510 906
1646520 906
1646530 906
1646540 907
1646550 907
1646560 907
1646570 907
1646580 908
1646590 908
1646600 908
1646610 908
1646620 908
1646630 908
1646640 908
1646650 908
1646660 908
1646670 908
1646680 908
1646690 908
1646700 909
1646710 909
1646720 909
1646730 910
1646740 910
1646750 910
1646760 910
1646770 910
1646780 910
1646790 910
1646800 910
1646810 910
1646820 910
1646830 910
1646840 910
1646850 910
1646860 910
1646870 910
1646880 910
1646890 910
1646900 910
1646910 910
1646920 910
1646930 911
1646940 911
1646950 911
1646960 911
1646970 911
1646980 911
1646990 911
1647000 912
1647010 912
1647020 912
1647030 912
1647040 912
1647050 913
1647060 913
1647070 913
1647080 913
1647090 914
1647100 914
1647110 914
1647120 915
1647130 915
1647140 916
1647150 916
1647160 916
1647170 916
1647180 916
1647190 916
1647200 916
1647210 915
1647220 915
1647230 916
1647240 916
1647250 915
1647260 916
1647270 916
1647280 916
1647290 917
1647300 917
1647310 917
1647320 918
1647330 918
1647340 918
1647350 919
1647360 919
1647370 919
1647380 920
1647390 920
1647400 920
1647410 920
1647420 920
1647430 920
1647440 920
1647450 920
1647460 920
1647470 919
1647480 919
1647490 919
1647500 919
1647510 919
1647520 919
1647530 919
1647540 919
1647550 920
1647560 920
1647570 920
1647580 920
1647590 919
1647600 919
1647610 919
1647620 918
1647630 918
1647640 918
1647650 917
1647660 917
1647670 916
1647680 916
1647690 916
1647700 917
1647710 917
1647720 917
1647730 917
1647740 917
1647750 917
1647760 917
1647770 917
1647780 917
1647790 917
1647800 918
1647810 918
1647820 918
1647830 918
1647840 918
1647850 918
1647860 918
1647870 918
1647880 918
1647890 918
1647900 918
1647910 918
1647920 918
1647930 918
1647940 918
1647950 918
1647960 918
1647970 918
1647980 919
1647990 919
1648000 919
1648010 919
1648020 919
1648030 920
1648040 921
1648050 921
1648060 921
1648070 922
1648080 922
1648090 922
1648100 922
1648110 923
1648120 924
1648130 924
1648140 925
1648150 925
1648160 925
1648170 925
1648180 925
1648190 925
1648200 925
1648210 925
1648220 925
1648230 925
1648240 924
1648250 924
1648260 924
1648270 924
1648280 924
1648290 924
1648300 923
1648310 923
1648320 923
1648330 923
1648340 923
1648350 923
1648360 923
1648370 923
1648380 923
1648390 922
1648400 922
1648410 921
1648420 921
1648430 921
1648440 921
1648450 920
1648460 920
1648470 920
1648480 919
1648490 919
1648500 919
1648510 918
1648520 918
1648530 917
1648540 916
1648550 916
1648560 914
1648570 911
1648580 911
1648590 910
1648600 909
1648610 909
1648620 908
1648630 907
1648640 907
1648650 907
1648660 907
1648670 907
1648680 906
1648690 906
1648700 906
1648710 905
1648720 905
1648730 905
1648740 905
1648750 904
1648760 904
1648770 903
1648780 901
1648790 901
1648800 902
1648810 902
1648820 902
1648830 901
1648840 902
1648850 902
1648860 901
1648870 901
1648880 901
1648890 900
1648900 900
1648910 899
1648920 898
1648930 897
1648940 897
1648950 896
1648960 895
1648970 895
1648980 895
1648990 895
1649000 895
1649010 894
1649020 894
1649030 894
1649040 894
1649050 894
1649060 894
1649070 893
1649080 893
1649090 893
1649100 892
1649110 892
1649120 892
1649130 892
1649140 892
1649150 891
1649160 891
1649170 891
1649180 890
1649190 890
1649200 890
1649210 890
1649220 889
1649230 889
1649240 888
1649250 887
1649260 887
1649270 886
1649280 886
1649290 886
1649300 886
1649310 885
1649320 885
1649330 884
1649340 881
1649350 881
1649360 878
1649370 876
1649380 876
1649390 876
1649400 877
1649410 877
1649420 877
1649430 877
1649440 877
1649450 877
1649460 876
1649470 876
1649480 875
1649490 875
1649500 875
1649510 874
1649520 874
1649530 874
1649540 873
1649550 873
1649560 873
1649570 872
1649580 872
1649590 872
1649600 871
1649610 870
1649620 870
1649630 870
1649640 869
1649650 869
1649660 868
1649670 867
1649680 867
1649690 867
1649700 867
1649710 867
1649720 867
1649730 866
1649740 866
1649750 866
1649760 866
1649770 866
1649780 866
1649790 866
1649800 866
1649810 866
1649820 866
1649830 866
1649840 866
1649850 866
1649860 866
1649870 866
1649880 866
1649890 866
1649900 866
1649910 866
1649920 867
1649930 868
1649940 868
1649950 870
1649960 872
1649970 872
1649980 875
1649990 877
1650000 877
1650010 878
1650020 878
1650030 878
1650040 879
1650050 880
1650060 880
1650070 880
1650080 879
1650090 879
1650100 879
1650110 881
1650120 881
1650130 881
1650140 882
1650150 882
1650160 883
1650170 883
1650180 883
1650190 884
1650200 885
1650210 885
1650220 885
1650230 885
1650240 885
1650250 885
1650260 885
1650270 885
1650280 885
1650290 886
1650300 886
1650310 886
1650320 885
1650330 885
1650340 884
1650350 883
1650360 883
1650370 882
1650380 881
1650390 881
1650400 880
1650410 879
1650420 879
1650430 877
1650440 876
1650450 876
1650460 875
1650470 874
1650480 874
1650490 872
1650500 871
1650510 871
1650520 868
1650530 867
1650540 867
1650550 867
1650560 867
1650570 867
1650580 866
1650590 867
1650600 867
1650610 867
1650620 866
1650630 866
1650640 866
1650650 865
1650660 865
1650670 865
1650680 864
1650690 864
1650700 864
1650710 864
1650720 864
1650730 863
1650740 863
1650750 863
1650760 862
1650770 862
1650780 862
1650790 862
1650800 862
1650810 862
1650820 862
1650830 862
1650840 862
1650850 862
1650860 862
1650870 862
1650880 861
1650890 861
1650900 861
1650910 861
1650920 861
1650930 860
1650940 860
1650950 860
1650960 860
1650970 860
1650980 860
1650990 860
1651000 860
1651010 860
1651020 860
1651030 860
1651040 860
1651050 860
1651060 860
1651070 860
1651080 859
1651090 860
1651100 860
1651110 860
1651120 860
1651130 860
1651140 860
1651150 860
1651160 860
1651170 860
1651180 859
1651190 859
1651200 859
1651210 858
1651220 858
1651230 857
1651240 856
1651250 856
1651260 856
1651270 856
1651280 856
1651290 856
1651300 857
1651310 857
1651320 857
1651330 857
1651340 857
1651350 858
1651360 858
1651370 858
1651380 859
1651390 860
1651400 860
1651410 860
1651420 861
1651430 861
1651440 862
1651450 863
1651460 863
1651470 864
1651480 865
1651490 865
1651500 866
1651510 868
1651520 868
1651530 869
1651540 871
1651550 871
1651560 871
1651570 871
1651580 872
1651590 873
1651600 873
1651610 873
1651620 874
1651630 874
1651640 874
1651650 874
1651660 874
1651670 874
1651680 874
1651690 874
1651700 874
1651710 873
1651720 873
1651730 873
1651740 873
1651750 873
1651760 872
1651770 872
1651780 872
1651790 871
1651800 870
1651810 870
1651820 870
1651830 869
1651840 869
1651850 869
1651860 868
1651870 868
1651880 868
1651890 868
1651900 868
1651910 867
1651920 866
1651930 866
1651940 865
1651950 864
1651960 864
1651970 864
1651980 863
1651990 863
1652000 862
1652010 862
1652020 862
1652030 861
1652040 860
1652050 860
1652060 857
1652070 857
1652080 857
1652090 857
1652100 857
1652110 857
1652120 856
1652130 856
1652140 856
1652150 855
1652160 854
1652170 854
1652180 853
1652190 852
1652200 852
1652210 852
1652220 851
1652230 851
1652240 850
1652250 849
1652260 849
1652270 847
1652280 846
1652290 846
1652300 845
1652310 844
1652320 844
1652330 843
1652340 842
1652350 842
1652360 841
1652370 840
1652380 840
1652390 838
1652400 837
1652410 837
1652420 835
1652430 835
1652440 833
1652450 831
1652460 831
1652470 828
1652480 826
1652490 826
1652500 825
1652510 824
1652520 824
1652530 823
1652540 822
1652550 822
1652560 821
1652570 819
1652580 819
1652590 818
1652600 816
1652610 816
1652620 816
1652630 815
1652640 815
1652650 814
1652660 814
1652670 814
1652680 814
1652690 813
1652700 813
1652710 813
1652720 812
1652730 812
1652740 810
1652750 809
1652760 809
1652770 809
1652780 809
1652790 809
1652800 809
1652810 809
1652820 809
1652830 809
1652840 810
1652850 810
1652860 811
1652870 812
1652880 812
1652890 812
1652900 813
1652910 813
1652920 814
1652930 814
1652940 814
1652950 814
1652960 814
1652970 814
1652980 815
1652990 815
1653000 815
1653010 815
1653020 814
1653030 814
1653040 814
1653050 813
1653060 813
1653070 812
1653080 810
1653090 810
1653100 809
1653110 808
1653120 808
1653130 807
1653140 806
1653150 806
1653160 805
1653170 805
1653180 805
1653190 803
1653200 802
1653210 802
1653220 801
1653230 800
1653240 800
1653250 800
1653260 800
1653270 800
1653280 799
1653290 799
1653300 799
1653310 799
1653320 799
1653330 798
1653340 798
1653350 798
1653360 797
1653370 798
1653380 798
1653390 797
1653400 797
1653410 797
1653420 797
1653430 797
1653440 797
1653450 798
1653460 798
1653470 798
1653480 798
1653490 799
1653500 799
1653510 800
1653520 800
1653530 800
1653540 801
1653550 801
1653560 801
1653570 802
1653580 802
1653590 802
1653600 802
1653610 799
1653620 799
1653630 799
1653640 798
1653650 798
1653660 798
1653670 798
1653680 798
1653690 799
1653700 798
1653710 798
1653720 797
1653730 796
1653740 796
1653750 796
1653760 795
1653770 795
1653780 795
1653790 795
1653800 795
1653810 794
1653820 794
1653830 794
1653840 793
1653850 793
1653860 793
1653870 793
1653880 792
1653890 792
1653900 792
1653910 792
1653920 792
1653930 791
1653940 792
1653950 792
1653960 792
1653970 792
1653980 792
1653990 791
1654000 791
1654010 791
1654020 791
1654030 792
1654040 792
1654050 792
1654060 792
1654070 792
1654080 792
1654090 793
1654100 793
1654110 794
1654120 794
1654130 794
1654140 794
1654150 794
1654160 794
1654170 794
1654180 794
1654190 793
1654200 794
1654210 794
1654220 794
1654230 794
1654240 794
1654250 794
1654260 795
1654270 795
1654280 796
1654290 797
1654300 797
1654310 797
1654320 796
1654330 796
1654340 797
1654350 797
1654360 797
1654370 797
1654380 800
1654390 800
1654400 800
1654410 801
1654420 801
1654430 801
1654440 801
1654450 801
1654460 801
1654470 800
1654480 800
1654490 800
1654500 800
1654510 800
1654520 799
1654530 798
1654540 798
1654550 796
1654560 795
1654570 795
1654580 794
1654590 794
1654600 794
1654610 791
1654620 787
1654630 787
1654640 784
1654650 781
1654660 781
1654670 779
1654680 778
1654690 778
1654700 779
1654710 780
1654720 780
1654730 780
1654740 780
1654750 780
1654760 780
1654770 780
1654780 780
1654790 781
1654800 783
1654810 783
1654820 787
1654830 790
1654840 790
1654850 794
1654860 796
1654870 796
1654880 798
1654890 801
1654900 801
1654910 802
1654920 804
1654930 804
1654940 807
1654950 809
1654960 809
1654970 811
1654980 813
1654990 813
1655000 815
1655010 817
1655020 817
1655030 820
1655040 820
1655050 823
1655060 827
1655070 827
1655080 831
1655090 833
1655100 833
1655110 833
1655120 833
1655130 833
1655140 832
1655150 832
1655160 832
1655170 831
1655180 829
1655190 829
1655200 826
1655210 824
1655220 824
1655230 823
1655240 822
1655250 822
1655260 820
1655270 819
1655280 819
1655290 817
1655300 816
1655310 816
1655320 813
1655330 811
1655340 811
1655350 808
1655360 807
1655370 807
1655380 806
1655390 806
1655400 806
1655410 805
1655420 804
1655430 804
1655440 804
1655450 803
1655460 803
1655470 802
1655480 802
1655490 802
1655500 802
1655510 803
1655520 803
1655530 804
1655540 805
1655550 805
1655560 805
1655570 806
1655580 806
1655590 807
1655600 808
1655610 808
1655620 809
1655630 810
1655640 810
1655650 811
1655660 813
1655670 813
1655680 815
1655690 816
1655700 816
1655710 817
1655720 819
1655730 819
1655740 821
1655750 821
1655760 821
1655770 822
1655780 821
1655790 821
1655800 820
1655810 817
1655820 817
1655830 815
1655840 814
1655850 814
1655860 811
1655870 810
1655880 810
1655890 808
1655900 808
1655910 800
1655920 797
1655930 797
1655940 795
1655950 792
1655960 792
1655970 790
1655980 791
1655990 791
1656000 793
1656010 794
1656020 794
1656030 796
1656040 798
1656050 798
1656060 800
1656070 802
1656080 802
1656090 805
1656100 808
1656110 808
1656120 811
1656130 814
1656140 814
1656150 816
1656160 818
1656170 818
1656180 820
1656190 822
1656200 822
1656210 824
1656220 826
1656230 826
1656240 828
1656250 830
1656260 830
1656270 831
1656280 832
1656290 832
1656300 833
1656310 834
1656320 834
1656330 835
1656340 836
1656350 836
1656360 838
1656370 840
1656380 840
1656390 843
1656400 845
1656410 845
1656420 848
1656430 850
1656440 850
1656450 853
1656460 855
1656470 855
1656480 856
1656490 858
1656500 858
1656510 859
1656520 861
1656530 861
1656540 863
1656550 864
1656560 864
1656570 865
1656580 866
1656590 866
1656600 866
1656610 867
1656620 867
1656630 867
1656640 868
1656650 868
1656660 868
1656670 869
1656680 869
1656690 869
1656700 870
1656710 870
1656720 870
1656730 870
1656740 870
1656750 870
1656760 870
1656770 870
1656780 870
1656790 870
1656800 870
1656810 870
1656820 870
1656830 870
1656840 870
1656850 870
1656860 871
1656870 871
1656880 871
1656890 871
1656900 871
1656910 871
1656920 870
1656930 870
1656940 870
1656950 869
1656960 869
1656970 869
1656980 868
1656990 868
1657000 868
1657010 867
1657020 867
1657030 867
1657040 867
1657050 866
1657060 866
1657070 866
1657080 865
1657090 865
1657100 865
1657110 864
1657120 864
1657130 864
1657140 863
1657150 863
1657160 863
1657170 863
1657180 863
1657190 862
1657200 862
1657210 862
1657220 861
1657230 860
1657240 860
1657250 860
1657260 859
1657270 859
1657280 859
1657290 858
1657300 858
1657310 857
1657320 857
1657330 857
1657340 857
1657350 856
1657360 856
1657370 856
1657380 855
1657390 855
1657400 855
1657410 854
1657420 854
1657430 854
1657440 854
1657450 854
1657460 854
1657470 854
1657480 854
1657490 854
1657500 854
1657510 854
1657520 854
1657530 854
1657540 854
1657550 854
1657560 855
1657570 855
1657580 855
1657590 855
1657600 855
1657610 855
1657620 855
1657630 855
1657640 855
1657650 855
1657660 855
1657670 856
1657680 856
1657690 856
1657700 856
1657710 856
1657720 857
1657730 856
1657740 856
1657750 855
1657760 855
1657770 855
1657780 854
1657790 853
1657800 853
1657810 852
1657820 852
1657830 852
1657840 851
1657850 850
1657860 850
1657870 849
1657880 848
1657890 848
1657900 847
1657910 847
1657920 847
1657930 846
1657940 846
1657950 846
1657960 846
1657970 846
1657980 846
1657990 845
1658000 845
1658010 845
1658020 844
1658030 842
1658040 842
1658050 841
1658060 840
1658070 840
1658080 839
1658090 838
1658100 838
1658110 837
1658120 835
1658130 835
1658140 834
1658150 833
1658160 833
1658170 832
1658180 830
1658190 830
1658200 829
1658210 828
1658220 828
1658230 828
1658240 827
1658250 827
1658260 826
1658270 825
1658280 825
1658290 824
1658300 824
1658310 824
1658320 824
1658330 824
1658340 824
1658350 823
1658360 823
1658370 823
1658380 822
1658390 821
1658400 821
1658410 821
1658420 820
1658430 820
1658440 820
1658450 820
1658460 820
1658470 820
1658480 819
1658490 819
1658500 819
1658510 819
1658520 818
1658530 817
1658540 817
1658550 816
1658560 815
1658570 815
1658580 813
1658590 809
1658600 809
1658610 805
1658620 801
1658630 801
1658640 798
1658650 795
1658660 795
1658670 792
1658680 788
1658690 788
1658700 784
1658710 784
1658720 784
1658730 784
1658740 784
1658750 784
1658760 786
1658770 788
1658780 788
1658790 792
1658800 794
1658810 794
1658820 795
1658830 796
1658840 796
1658850 798
1658860 800
1658870 800
1658880 803
1658890 807
1658900 807
1658910 808
1658920 809
1658930 809
1658940 810
1658950 811
1658960 811
1658970 810
1658980 811
1658990 811
1659000 811
1659010 811
1659020 811
1659030 811
1659040 812
1659050 812
1659060 812
1659070 812
1659080 812
1659090 813
1659100 813
1659110 813
1659120 813
1659130 814
1659140 814
1659150 814
1659160 814
1659170 814
1659180 814
1659190 813
1659200 813
1659210 813
1659220 812
1659230 812
1659240 812
1659250 812
1659260 812
1659270 811
1659280 810
1659290 810
1659300 809
1659310 807
1659320 807
1659330 806
1659340 804
1659350 804
1659360 803
1659370 803
1659380 803
1659390 804
1659400 804
1659410 805
1659420 806
1659430 806
1659440 807
1659450 807
1659460 807
1659470 807
1659480 808
1659490 808
1659500 808
1659510 808
1659520 808
1659530 808
1659540 808
1659550 808
1659560 808
1659570 808
1659580 808
1659590 808
1659600 809
1659610 809
1659620 809
1659630 808
1659640 808
1659650 808
1659660 807
1659670 807
1659680 806
1659690 805
1659700 805
1659710 804
1659720 804
1659730 804
1659740 803
1659750 803
1659760 803
1659770 803
1659780 803
1659790 803
1659800 802
1659810 802
1659820 802
1659830 801
1659840 800
1659850 800
1659860 799
1659870 799
1659880 799
1659890 798
1659900 797
1659910 797
1659920 797
1659930 796
1659940 796
1659950 795
1659960 794
1659970 794
1659980 793
1659990 792
