1640000 883
1640010 880
1640020 880
1640030 878
1640040 880
1640050 879
1640060 881
1640070 880
1640080 880
1640090 878
1640100 878
1640110 878
1640120 878
1640130 878
1640140 878
1640150 877
1640160 877
1640170 877
1640180 877
1640190 877
1640200 877
1640210 877
1640220 877
1640230 877
1640240 876
1640250 876
1640260 876
1640270 876
1640280 876
1640290 876
1640300 875
1640310 875
1640320 875
1640330 875
1640340 875
1640350 875
1640360 875
1640370 875
1640380 875
1640390 875
1640400 875
1640410 875
1640420 875
1640430 875
1640440 874
1640450 874
1640460 874
1640470 874
1640480 874
1640490 874
1640500 874
1640510 874
1640520 874
1640530 874
1640540 873
1640550 873
1640560 873
1640570 873
1640580 873
1640590 872
1640600 872
1640610 872
1640620 872
1640630 872
1640640 872
1640650 871
1640660 871
1640670 871
1640680 871
1640690 871
1640700 871
1640710 871
1640720 870
1640730 870
1640740 870
1640750 870
1640760 870
1640770 870
1640780 870
1640790 870
1640800 870
1640810 870
1640820 870
1640830 870
1640840 870
1640850 870
1640860 870
1640870 871
1640880 871
1640890 872
1640900 872
1640910 872
1640920 873
1640930 873
1640940 873
1640950 873
1640960 873
1640970 873
1640980 873
1640990 874
1641000 874
1641010 874
1641020 874
1641030 874
1641040 874
1641050 874
1641060 874
1641070 874
1641080 873
1641090 873
1641100 873
1641110 873
1641120 873
1641130 872
1641140 872
1641150 872
1641160 872
1641170 872
1641180 872
1641190 872
1641200 872
1641210 872
1641220 872
1641230 871
1641240 871
1641250 871
1641260 871
1641270 871
1641280 870
1641290 870
1641300 870
1641310 869
1641320 869
1641330 869
1641340 868
1641350 868
1641360 868
1641370 867
1641380 867
1641390 866
1641400 866
1641410 866
1641420 865
1641430 864
1641440 864
1641450 865
1641460 864
1641470 864
1641480 863
1641490 863
1641500 863
1641510 863
1641520 863
1641530 863
1641540 863
1641550 863
1641560 863
1641570 863
1641580 864
1641590 864
1641600 865
1641610 867
1641620 867
1641630 868
1641640 868
1641650 868
1641660 869
1641670 870
1641680 870
1641690 870
1641700 869
1641710 869
1641720 868
1641730 868
1641740 868
1641750 867
1641760 867
1641770 867
1641780 867
1641790 866
1641800 866
1641810 866
1641820 865
1641830 865
1641840 865
1641850 865
1641860 865
1641870 865
1641880 865
1641890 865
1641900 865
1641910 865
1641920 865
1641930 865
1641940 865
1641950 865
1641960 865
1641970 865
1641980 865
1641990 865
1642000 866
1642010 866
1642020 866
1642030 866
1642040 866
1642050 866
1642060 866
1642070 866
1642080 866
1642090 866
1642100 866
1642110 866
1642120 866
1642130 866
1642140 866
1642150 866
1642160 867
1642170 867
1642180 867
1642190 867
1642200 867
1642210 867
1642220 867
1642230 867
1642240 867
1642250 867
1642260 867
1642270 867
1642280 867
1642290 867
1642300 867
1642310 868
1642320 868
1642330 868
1642340 868
1642350 868
1642360 868
1642370 868
1642380 869
1642390 869
1642400 869
1642410 869
1642420 869
1642430 870
1642440 871
1642450 871
1642460 871
1642470 871
1642480 871
1642490 871
1642500 871
1642510 871
1642520 871
1642530 871
1642540 871
1642550 871
1642560 871
1642570 871
1642580 871
1642590 872
1642600 872
1642610 873
1642620 873
1642630 873
1642640 873
1642650 874
1642660 874
1642670 874
1642680 874
1642690 874
1642700 874
1642710 874
1642720 874
1642730 874
1642740 874
1642750 874
1642760 874
1642770 874
1642780 874
1642790 875
1642800 875
1642810 875
1642820 875
1642830 876
1642840 876
1642850 876
1642860 876
1642870 876
1642880 876
1642890 876
1642900 876
1642910 877
1642920 877
1642930 877
1642940 877
1642950 877
1642960 877
1642970 878
1642980 878
1642990 878
1643000 878
1643010 878
1643020 878
1643030 878
1643040 878
1643050 878
1643060 878
1643070 878
1643080 879
1643090 879
1643100 879
1643110 879
1643120 879
1643130 879
1643140 879
1643150 879
1643160 879
1643170 879
1643180 880
1643190 880
1643200 880
1643210 880
1643220 880
1643230 880
1643240 880
1643250 880
1643260 880
1643270 880
1643280 880
1643290 880
1643300 880
1643310 880
1643320 880
1643330 880
1643340 880
1643350 880
1643360 880
1643370 880
1643380 880
1643390 880
1643400 880
1643410 880
1643420 880
1643430 880
1643440 880
1643450 880
1643460 880
1643470 880
1643480 880
1643490 880
1643500 880
1643510 880
1643520 880
1643530 881
1643540 880
1643550 880
1643560 880
1643570 880
1643580 880
1643590 880
1643600 880
1643610 880
1643620 880
1643630 880
1643640 880
1643650 880
1643660 879
1643670 879
1643680 879
1643690 879
1643700 879
1643710 879
1643720 878
1643730 878
1643740 879
1643750 880
1643760 880
1643770 880
1643780 880
1643790 880
1643800 880
1643810 880
1643820 880
1643830 881
1643840 881
1643850 881
1643860 881
1643870 881
1643880 881
1643890 881
1643900 881
1643910 881
1643920 882
1643930 882
1643940 883
1643950 885
1643960 885
1643970 886
1643980 887
1643990 887
1644000 888
1644010 889
1644020 889
1644030 890
1644040 892
1644050 892
1644060 893
1644070 894
1644080 894
1644090 894
1644100 894
1644110 894
1644120 895
1644130 895
1644140 895
1644150 896
1644160 896
1644170 896
1644180 898
1644190 899
1644200 899
1644210 899
1644220 899
1644230 899
1644240 899
1644250 900
1644260 900
1644270 900
1644280 899
1644290 899
1644300 901
1644310 902
1644320 902
1644330 903
1644340 903
1644350 903
1644360 904
1644370 905
1644380 905
1644390 905
1644400 906
1644410 906
1644420 906
1644430 907
1644440 907
1644450 907
1644460 908
1644470 908
1644480 909
1644490 909
1644500 909
1644510 909
1644520 910
1644530 910
1644540 910
1644550 910
1644560 910
1644570 910
1644580 911
1644590 911
1644600 911
1644610 912
1644620 912
1644630 912
1644640 912
1644650 912
1644660 913
1644670 913
1644680 913
1644690 913
1644700 913
1644710 913
1644720 914
1644730 914
1644740 914
1644750 914
1644760 914
1644770 915
1644780 915
1644790 915
1644800 915
1644810 915
1644820 915
1644830 916
1644840 916
1644850 916
1644860 916
1644870 917
1644880 917
1644890 917
1644900 917
1644910 917
1644920 918
1644930 918
1644940 918
1644950 919
1644960 919
1644970 919
1644980 920
1644990 921
1645000 920
1645010 920
1645020 921
1645030 921
1645040 921
1645050 920
1645060 920
1645070 920
1645080 920
1645090 920
1645100 921
1645110 920
1645120 920
1645130 921
1645140 920
1645150 920
1645160 921
1645170 921
1645180 921
1645190 921
1645200 921
1645210 921
1645220 920
1645230 920
1645240 920
1645250 920
1645260 920
1645270 920
1645280 919
1645290 918
1645300 918
1645310 918
1645320 917
1645330 917
1645340 916
1645350 916
1645360 916
1645370 915
1645380 914
1645390 914
1645400 914
1645410 913
1645420 913
1645430 913
1645440 912
1645450 912
1645460 911
1645470 911
1645480 911
1645490 910
1645500 910
1645510 910
1645520 909
1645530 909
1645540 908
1645550 906
1645560 906
1645570 903
1645580 901
1645590 901
1645600 899
1645610 900
1645620 900
1645630 899
1645640 898
1645650 898
1645660 898
1645670 898
1645680 898
1645690 897
1645700 897
1645710 897
1645720 896
1645730 896
1645740 896
1645750 896
1645760 897
1645770 897
1645780 897
1645790 896
1645800 896
1645810 897
1645820 897
1645830 897
1645840 897
1645850 897
1645860 897
1645870 898
1645880 898
1645890 898
1645900 898
1645910 898
1645920 898
1645930 898
1645940 897
1645950 897
1645960 897
1645970 897
1645980 897
1645990 897
1646000 897
1646010 897
1646020 897
1646030 897
1646040 897
1646050 897
1646060 896
1646070 896
1646080 896
1646090 896
1646100 896
1646110 896
1646120 897
1646130 897
1646140 897
1646150 898
1646160 898
1646170 899
1646180 901
1646190 901
1646200 901
1646210 901
1646220 901
1646230 901
1646240 901
1646250 901
1646260 901
1646270 901
1646280 901
1646290 901
1646300 901
1646310 901
1646320 901
1646330 901
1646340 902
1646350 903
1646360 903
1646370 904
1646380 905
1646390 905
1646400 906
1646410 906
1646420 906
1646430 906
1646440 906
1646450 906
1646460 906
1646470 906
1646480 906
1646490 907
1646500 907
1646510 907
1646520 907
1646530 908
1646540 908
1646550 908
1646560 908
1646570 908
1646580 909
1646590 908
1646600 908
1646610 909
1646620 909
1646630 909
1646640 909
1646650 910
1646660 910
1646670 911
1646680 911
1646690 911
1646700 911
1646710 911
1646720 911
1646730 912
1646740 912
1646750 912
1646760 911
1646770 911
1646780 911
1646790 911
1646800 912
1646810 912
1646820 912
1646830 913
1646840 913
1646850 913
1646860 913
1646870 913
1646880 913
1646890 912
1646900 912
1646910 912
1646920 911
1646930 911
1646940 911
1646950 911
1646960 911
1646970 912
1646980 913
1646990 913
1647000 913
1647010 913
1647020 913
1647030 913
1647040 913
1647050 913
1647060 914
1647070 914
1647080 914
1647090 914
1647100 915
1647110 915
1647120 915
1647130 915
1647140 915
1647150 915
1647160 916
1647170 916
1647180 916
1647190 916
1647200 917
1647210 917
1647220 917
1647230 917
1647240 918
1647250 918
1647260 918
1647270 919
1647280 919
1647290 919
1647300 919
1647310 919
1647320 919
1647330 919
1647340 919
1647350 919
1647360 920
1647370 920
1647380 920
1647390 920
1647400 920
1647410 921
1647420 921
1647430 921
1647440 922
1647450 922
1647460 922
1647470 923
1647480 923
1647490 923
1647500 923
1647510 923
1647520 923
1647530 924
1647540 924
1647550 924
1647560 924
1647570 924
1647580 924
1647590 924
1647600 924
1647610 924
1647620 925
1647630 925
1647640 925
1647650 925
1647660 925
1647670 925
1647680 925
1647690 925
1647700 925
1647710 925
1647720 925
1647730 925
1647740 925
1647750 925
1647760 925
1647770 925
1647780 925
1647790 925
1647800 925
1647810 926
1647820 926
1647830 926
1647840 926
1647850 926
1647860 927
1647870 928
1647880 928
1647890 929
1647900 929
1647910 929
1647920 929
1647930 929
1647940 929
1647950 930
1647960 930
1647970 930
1647980 930
1647990 930
1648000 930
1648010 930
1648020 930
1648030 930
1648040 931
1648050 931
1648060 931
1648070 931
1648080 931
1648090 931
1648100 931
1648110 931
1648120 931
1648130 931
1648140 931
1648150 931
1648160 931
1648170 931
1648180 930
1648190 930
1648200 930
1648210 930
1648220 930
1648230 930
1648240 929
1648250 929
1648260 929
1648270 928
1648280 927
1648290 927
1648300 927
1648310 926
1648320 926
1648330 925
1648340 924
1648350 924
1648360 924
1648370 924
1648380 924
1648390 923
1648400 924
1648410 924
1648420 923
1648430 923
1648440 923
1648450 923
1648460 923
1648470 923
1648480 923
1648490 922
1648500 922
1648510 922
1648520 921
1648530 921
1648540 920
1648550 919
1648560 919
1648570 919
1648580 917
1648590 917
1648600 915
1648610 913
1648620 913
1648630 913
1648640 912
1648650 912
1648660 912
1648670 913
1648680 913
1648690 912
1648700 912
1648710 912
1648720 912
1648730 912
1648740 912
1648750 912
1648760 913
1648770 913
1648780 913
1648790 913
1648800 913
1648810 913
1648820 913
1648830 913
1648840 914
1648850 914
1648860 914
1648870 915
1648880 915
1648890 915
1648900 916
1648910 916
1648920 917
1648930 918
1648940 918
1648950 919
1648960 921
1648970 921
1648980 922
1648990 924
1649000 924
1649010 925
1649020 925
1649030 925
1649040 926
1649050 927
1649060 927
1649070 928
1649080 929
1649090 929
1649100 929
1649110 930
1649120 930
1649130 930
1649140 930
1649150 930
1649160 930
1649170 930
1649180 930
1649190 930
1649200 930
1649210 930
1649220 930
1649230 931
1649240 931
1649250 933
1649260 933
1649270 933
1649280 934
1649290 935
1649300 935
1649310 935
1649320 936
1649330 936
1649340 937
1649350 937
1649360 937
1649370 937
1649380 937
1649390 937
1649400 937
1649410 936
1649420 936
1649430 935
1649440 935
1649450 935
1649460 935
1649470 936
1649480 936
1649490 938
1649500 937
1649510 937
1649520 939
1649530 941
1649540 941
1649550 942
1649560 944
1649570 944
1649580 945
1649590 946
1649600 946
1649610 946
1649620 947
1649630 947
1649640 947
1649650 948
1649660 948
1649670 948
1649680 949
1649690 949
1649700 948
1649710 948
1649720 947
1649730 947
1649740 947
1649750 946
1649760 946
1649770 946
1649780 946
1649790 946
1649800 946
1649810 943
1649820 944
1649830 944
1649840 944
1649850 944
1649860 944
1649870 944
1649880 943
1649890 943
1649900 943
1649910 944
1649920 944
1649930 943
1649940 942
1649950 942
1649960 942
1649970 942
1649980 942
1649990 943
1650000 943
1650010 943
1650020 945
1650030 946
1650040 946
1650050 948
1650060 948
1650070 948
1650080 949
1650090 949
1650100 949
1650110 950
1650120 950
1650130 950
1650140 949
1650150 949
1650160 949
1650170 949
1650180 948
1650190 948
1650200 948
1650210 948
1650220 948
1650230 948
1650240 949
1650250 949
1650260 949
1650270 949
1650280 949
1650290 949
1650300 949
1650310 949
1650320 948
1650330 947
1650340 947
1650350 946
1650360 945
1650370 945
1650380 943
1650390 941
1650400 941
1650410 939
1650420 937
1650430 937
1650440 935
1650450 934
1650460 934
1650470 932
1650480 931
1650490 931
1650500 928
1650510 925
1650520 925
1650530 923
1650540 920
1650550 920
1650560 917
1650570 917
1650580 914
1650590 910
1650600 908
1650610 906
1650620 903
1650630 903
1650640 901
1650650 899
1650660 899
1650670 896
1650680 893
1650690 893
1650700 891
1650710 889
1650720 889
1650730 887
1650740 884
1650750 884
1650760 881
1650770 878
1650780 878
1650790 876
1650800 873
1650810 873
1650820 870
1650830 865
1650840 865
1650850 860
1650860 858
1650870 858
1650880 857
1650890 856
1650900 856
1650910 854
1650920 853
1650930 853
1650940 852
1650950 851
1650960 851
1650970 851
1650980 850
1650990 850
1651000 849
1651010 848
1651020 848
1651030 848
1651040 847
1651050 847
1651060 847
1651070 846
1651080 846
1651090 845
1651100 846
1651110 846
1651120 845
1651130 845
1651140 845
1651150 844
1651160 844
1651170 844
1651180 843
1651190 843
1651200 843
1651210 843
1651220 843
1651230 843
1651240 842
1651250 842
1651260 842
1651270 842
1651280 842
1651290 842
1651300 842
1651310 842
1651320 842
1651330 842
1651340 842
1651350 842
1651360 842
1651370 842
1651380 841
1651390 841
1651400 841
1651410 842
1651420 842
1651430 842
1651440 843
1651450 844
1651460 844
1651470 845
1651480 846
1651490 846
1651500 847
1651510 848
1651520 848
1651530 850
1651540 851
1651550 851
1651560 852
1651570 853
1651580 853
1651590 855
1651600 856
1651610 856
1651620 858
1651630 860
1651640 860
1651650 862
1651660 863
1651670 863
1651680 865
1651690 867
1651700 867
1651710 869
1651720 871
1651730 871
1651740 873
1651750 874
1651760 874
1651770 874
1651780 874
1651790 874
1651800 874
1651810 874
1651820 874
1651830 874
1651840 874
1651850 874
1651860 875
1651870 876
1651880 876
1651890 877
1651900 878
1651910 878
1651920 878
1651930 879
1651940 879
1651950 880
1651960 881
1651970 881
1651980 882
1651990 883
1652000 883
1652010 885
1652020 887
1652030 887
1652040 889
1652050 890
1652060 890
1652070 892
1652080 894
1652090 894
1652100 895
1652110 898
1652120 898
1652130 900
1652140 902
1652150 902
1652160 906
1652170 908
1652180 908
1652190 910
1652200 913
1652210 913
1652220 915
1652230 915
1652240 915
1652250 915
1652260 915
1652270 915
1652280 914
1652290 914
1652300 914
1652310 914
1652320 914
1652330 913
1652340 913
1652350 913
1652360 914
1652370 914
1652380 914
1652390 913
1652400 913
1652410 913
1652420 912
1652430 911
1652440 911
1652450 910
1652460 910
1652470 910
1652480 909
1652490 909
1652500 909
1652510 908
1652520 907
1652530 907
1652540 907
1652550 906
1652560 906
1652570 906
1652580 905
1652590 905
1652600 904
1652610 903
1652620 903
1652630 902
1652640 901
1652650 901
1652660 900
1652670 900
1652680 900
1652690 899
1652700 898
1652710 898
1652720 897
1652730 897
1652740 897
1652750 896
1652760 895
1652770 895
1652780 895
1652790 894
1652800 894
1652810 894
1652820 894
1652830 894
1652840 894
1652850 894
1652860 894
1652870 893
1652880 893
1652890 893
1652900 893
1652910 892
1652920 892
1652930 892
1652940 892
1652950 892
1652960 892
1652970 891
1652980 891
1652990 891
1653000 890
1653010 890
1653020 890
1653030 890
1653040 890
1653050 890
1653060 890
1653070 890
1653080 889
1653090 889
1653100 889
1653110 889
1653120 889
1653130 889
1653140 889
1653150 889
1653160 889
1653170 889
1653180 889
1653190 889
1653200 889
1653210 889
1653220 889
1653230 889
1653240 889
1653250 889
1653260 888
1653270 888
1653280 888
1653290 888
1653300 888
1653310 888
1653320 888
1653330 888
1653340 888
1653350 888
1653360 888
1653370 888
1653380 888
1653390 888
1653400 888
1653410 888
1653420 888
1653430 887
1653440 886
1653450 886
1653460 885
1653470 884
1653480 884
1653490 883
1653500 882
1653510 882
1653520 881
1653530 880
1653540 880
1653550 880
1653560 879
1653570 879
1653580 879
1653590 877
1653600 877
1653610 876
1653620 875
1653630 875
1653640 874
1653650 874
1653660 874
1653670 874
1653680 875
1653690 875
1653700 875
1653710 876
1653720 876
1653730 874
1653740 873
1653750 873
1653760 871
1653770 870
1653780 870
1653790 868
1653800 866
1653810 866
1653820 865
1653830 863
1653840 863
1653850 861
1653860 860
1653870 860
1653880 858
1653890 856
1653900 856
1653910 855
1653920 854
1653930 854
1653940 853
1653950 853
1653960 852
1653970 850
1653980 850
1653990 849
1654000 848
1654010 848
1654020 848
1654030 847
1654040 847
1654050 846
1654060 845
1654070 845
1654080 844
1654090 843
1654100 843
1654110 842
1654120 841
1654130 841
1654140 840
1654150 838
1654160 838
1654170 836
1654180 835
1654190 835
1654200 834
1654210 834
1654220 834
1654230 833
1654240 832
1654250 832
1654260 830
1654270 828
1654280 828
1654290 827
1654300 828
1654310 828
1654320 827
1654330 827
1654340 827
1654350 825
1654360 823
1654370 823
1654380 821
1654390 818
1654400 818
1654410 814
1654420 812
1654430 812
1654440 810
1654450 809
1654460 809
1654470 809
1654480 808
1654490 808
1654500 809
1654510 808
1654520 808
1654530 807
1654540 806
1654550 806
1654560 805
1654570 803
1654580 803
1654590 801
1654600 799
1654610 799
1654620 798
1654630 797
1654640 797
1654650 796
1654660 795
1654670 795
1654680 794
1654690 794
1654700 794
1654710 793
1654720 792
1654730 792
1654740 791
1654750 790
1654760 790
1654770 790
1654780 790
1654790 789
1654800 788
1654810 788
1654820 788
1654830 787
1654840 787
1654850 786
1654860 785
1654870 785
1654880 784
1654890 783
1654900 783
1654910 782
1654920 781
1654930 781
1654940 778
1654950 776
1654960 776
1654970 775
1654980 775
1654990 775
1655000 774
1655010 774
1655020 774
1655030 773
1655040 773
1655050 773
1655060 773
1655070 772
1655080 772
1655090 772
1655100 772
1655110 772
1655120 771
1655130 771
1655140 771
1655150 771
1655160 771
1655170 771
1655180 770
1655190 770
1655200 770
1655210 770
1655220 770
1655230 770
1655240 770
1655250 770
1655260 770
1655270 769
1655280 769
1655290 769
1655300 769
1655310 769
1655320 769
1655330 769
1655340 769
1655350 769
1655360 769
1655370 769
1655380 769
1655390 769
1655400 768
1655410 768
1655420 768
1655430 767
1655440 767
1655450 767
1655460 767
1655470 767
1655480 766
1655490 766
1655500 766
1655510 766
1655520 766
1655530 766
1655540 766
1655550 766
1655560 766
1655570 766
1655580 766
1655590 766
1655600 766
1655610 765
1655620 765
1655630 765
1655640 765
1655650 765
1655660 765
1655670 765
1655680 765
1655690 765
1655700 765
1655710 765
1655720 765
1655730 765
1655740 765
1655750 765
1655760 765
1655770 765
1655780 765
1655790 765
1655800 765
1655810 765
1655820 765
1655830 765
1655840 765
1655850 765
1655860 765
1655870 764
1655880 764
1655890 764
1655900 764
1655910 764
1655920 763
1655930 762
1655940 762
1655950 761
1655960 761
1655970 761
1655980 761
1655990 761
1656000 761
1656010 761
1656020 761
1656030 761
1656040 761
1656050 761
1656060 761
1656070 761
1656080 760
1656090 760
1656100 761
1656110 762
1656120 762
1656130 763
1656140 766
1656150 766
1656160 768
1656170 771
1656180 771
1656190 773
1656200 774
1656210 774
1656220 775
1656230 777
1656240 777
1656250 779
1656260 781
1656270 781
1656280 782
1656290 783
1656300 783
1656310 785
1656320 786
1656330 786
1656340 788
1656350 789
1656360 789
1656370 791
1656380 793
1656390 793
1656400 796
1656410 798
1656420 798
1656430 802
1656440 805
1656450 805
1656460 808
1656470 808
1656480 812
1656490 815
1656500 815
1656510 818
1656520 819
1656530 819
1656540 820
1656550 820
1656560 820
1656570 821
1656580 822
1656590 822
1656600 822
1656610 821
1656620 821
1656630 821
1656640 820
1656650 820
1656660 819
1656670 818
1656680 818
1656690 818
1656700 817
1656710 817
1656720 817
1656730 816
1656740 816
1656750 816
1656760 816
1656770 816
1656780 816
1656790 816
1656800 816
1656810 816
1656820 816
1656830 816
1656840 816
1656850 817
1656860 817
1656870 817
1656880 818
1656890 818
1656900 818
1656910 818
1656920 818
1656930 817
1656940 818
1656950 818
1656960 818
1656970 817
1656980 817
1656990 816
1657000 815
1657010 815
1657020 814
1657030 813
1657040 813
1657050 811
1657060 810
1657070 810
1657080 809
1657090 808
1657100 808
1657110 806
1657120 805
1657130 805
1657140 804
1657150 803
1657160 803
1657170 802
1657180 801
1657190 801
1657200 800
1657210 798
1657220 798
1657230 796
1657240 794
1657250 794
1657260 793
1657270 791
1657280 791
1657290 790
1657300 790
1657310 789
1657320 788
1657330 788
1657340 787
1657350 786
1657360 786
1657370 785
1657380 783
1657390 783
1657400 781
1657410 779
1657420 779
1657430 778
1657440 777
1657450 777
1657460 777
1657470 775
1657480 775
1657490 771
1657500 768
1657510 768
1657520 768
1657530 768
1657540 768
1657550 768
1657560 768
1657570 768
1657580 768
1657590 769
1657600 769
1657610 771
1657620 774
1657630 774
1657640 777
1657650 778
1657660 778
1657670 778
1657680 778
1657690 778
1657700 778
1657710 778
1657720 778
1657730 777
1657740 777
1657750 777
1657760 777
1657770 776
1657780 776
1657790 776
1657800 776
1657810 776
1657820 776
1657830 776
1657840 776
1657850 776
1657860 776
1657870 776
1657880 776
1657890 776
1657900 776
1657910 776
1657920 776
1657930 776
1657940 776
1657950 775
1657960 775
1657970 776
1657980 776
1657990 776
1658000 775
1658010 774
1658020 774
1658030 773
1658040 773
1658050 773
1658060 773
1658070 773
1658080 773
1658090 773
1658100 773
1658110 773
1658120 773
1658130 774
1658140 774
1658150 774
1658160 774
1658170 775
1658180 776
1658190 776
1658200 777
1658210 778
1658220 778
1658230 777
1658240 777
1658250 777
1658260 776
1658270 776
1658280 774
1658290 774
1658300 773
1658310 773
1658320 774
1658330 774
1658340 774
1658350 774
1658360 774
1658370 774
1658380 774
1658390 774
1658400 774
1658410 774
1658420 774
1658430 774
1658440 775
1658450 775
1658460 775
1658470 775
1658480 776
1658490 776
1658500 777
1658510 777
1658520 777
1658530 778
1658540 779
1658550 779
1658560 779
1658570 779
1658580 779
1658590 778
1658600 778
1658610 778
1658620 777
1658630 776
1658640 776
1658650 775
1658660 774
1658670 774
1658680 774
1658690 773
1658700 773
1658710 773
1658720 772
1658730 772
1658740 772
1658750 771
1658760 771
1658770 771
1658780 770
1658790 770
1658800 769
1658810 768
1658820 768
1658830 766
1658840 767
1658850 767
1658860 768
1658870 768
1658880 768
1658890 768
1658900 769
1658910 769
1658920 769
1658930 769
1658940 769
1658950 768
1658960 768
1658970 768
1658980 765
1658990 765
1659000 760
1659010 750
1659020 750
1659030 743
1659040 743
1659050 743
1659060 743
1659070 740
1659080 740
1659090 738
1659100 741
1659110 741
1659120 747
1659130 749
1659140 749
1659150 750
1659160 750
1659170 750
1659180 751
1659190 752
1659200 752
1659210 752
1659220 751
1659230 751
1659240 751
1659250 750
1659260 750
1659270 750
1659280 748
1659290 748
1659300 746
1659310 744
1659320 744
1659330 742
1659340 739
1659350 739
1659360 734
1659370 730
1659380 730
1659390 728
1659400 727
1659410 727
1659420 727
1659430 727
1659440 727
1659450 727
1659460 727
1659470 727
1659480 728
1659490 728
1659500 728
1659510 731
1659520 735
1659530 735
1659540 740
1659550 740
1659560 740
1659570 738
1659580 738
1659590 738
1659600 740
1659610 743
1659620 743
1659630 747
1659640 750
1659650 750
1659660 751
1659670 752
1659680 752
1659690 752
1659700 752
1659710 752
1659720 752
1659730 753
1659740 753
1659750 753
1659760 754
1659770 754
1659780 755
1659790 756
1659800 756
1659810 758
1659820 758
1659830 759
1659840 760
1659850 760
1659860 761
1659870 762
1659880 762
1659890 762
1659900 762
1659910 762
1659920 762
1659930 762
1659940 762
1659950 762
1659960 762
1659970 762
1659980 761
1659990 761
