1640000 880
1640010 880
1640020 880
1640030 880
1640040 880
1640050 880
1640060 880
1640070 881
1640080 881
1640090 880
1640100 879
1640110 879
1640120 879
1640130 878
1640140 878
1640150 878
1640160 877
1640170 877
1640180 877
1640190 878
1640200 878
1640210 878
1640220 878
1640230 878
1640240 878
1640250 878
1640260 878
1640270 878
1640280 878
1640290 877
1640300 877
1640310 877
1640320 877
1640330 877
1640340 877
1640350 876
1640360 876
1640370 876
1640380 876
1640390 876
1640400 876
1640410 876
1640420 876
1640430 876
1640440 876
1640450 876
1640460 876
1640470 875
1640480 875
1640490 875
1640500 875
1640510 875
1640520 875
1640530 874
1640540 874
1640550 874
1640560 874
1640570 874
1640580 874
1640590 873
1640600 873
1640610 873
1640620 873
1640630 872
1640640 872
1640650 872
1640660 872
1640670 872
1640680 871
1640690 871
1640700 871
1640710 870
1640720 870
1640730 870
1640740 871
1640750 871
1640760 871
1640770 870
1640780 870
1640790 870
1640800 870
1640810 870
1640820 870
1640830 870
1640840 870
1640850 870
1640860 871
1640870 871
1640880 871
1640890 872
1640900 872
1640910 872
1640920 873
1640930 873
1640940 873
1640950 873
1640960 873
1640970 873
1640980 873
1640990 874
1641000 874
1641010 874
1641020 874
1641030 874
1641040 874
1641050 874
1641060 874
1641070 874
1641080 873
1641090 873
1641100 873
1641110 872
1641120 872
1641130 872
1641140 872
1641150 872
1641160 872
1641170 872
1641180 872
1641190 872
1641200 872
1641210 872
1641220 872
1641230 872
1641240 871
1641250 871
1641260 871
1641270 870
1641280 870
1641290 870
1641300 869
1641310 868
1641320 868
1641330 868
1641340 867
1641350 867
1641360 866
1641370 865
1641380 865
1641390 864
1641400 864
1641410 864
1641420 865
1641430 864
1641440 864
1641450 864
1641460 864
1641470 864
1641480 864
1641490 864
1641500 864
1641510 863
1641520 863
1641530 863
1641540 863
1641550 863
1641560 863
1641570 864
1641580 865
1641590 865
1641600 865
1641610 866
1641620 866
1641630 866
1641640 867
1641650 867
1641660 868
1641670 868
1641680 868
1641690 867
1641700 867
1641710 867
1641720 866
1641730 865
1641740 865
1641750 865
1641760 864
1641770 864
1641780 864
1641790 864
1641800 864
1641810 865
1641820 865
1641830 865
1641840 865
1641850 865
1641860 865
1641870 865
1641880 865
1641890 865
1641900 865
1641910 865
1641920 865
1641930 865
1641940 865
1641950 865
1641960 866
1641970 866
1641980 866
1641990 866
1642000 866
1642010 866
1642020 866
1642030 866
1642040 866
1642050 865
1642060 865
1642070 866
1642080 866
1642090 866
1642100 866
1642110 866
1642120 866
1642130 866
1642140 866
1642150 866
1642160 866
1642170 866
1642180 866
1642190 866
1642200 866
1642210 866
1642220 867
1642230 867
1642240 867
1642250 867
1642260 868
1642270 868
1642280 868
1642290 868
1642300 868
1642310 868
1642320 868
1642330 868
1642340 868
1642350 868
1642360 868
1642370 868
1642380 868
1642390 868
1642400 869
1642410 869
1642420 869
1642430 870
1642440 870
1642450 870
1642460 871
1642470 871
1642480 871
1642490 872
1642500 872
1642510 872
1642520 872
1642530 873
1642540 873
1642550 873
1642560 873
1642570 873
1642580 873
1642590 873
1642600 873
1642610 874
1642620 874
1642630 874
1642640 874
1642650 874
1642660 874
1642670 874
1642680 874
1642690 874
1642700 875
1642710 875
1642720 875
1642730 875
1642740 875
1642750 875
1642760 875
1642770 875
1642780 875
1642790 875
1642800 875
1642810 875
1642820 876
1642830 876
1642840 876
1642850 876
1642860 876
1642870 876
1642880 876
1642890 876
1642900 876
1642910 877
1642920 877
1642930 877
1642940 877
1642950 877
1642960 877
1642970 877
1642980 877
1642990 877
1643000 877
1643010 877
1643020 878
1643030 878
1643040 878
1643050 878
1643060 878
1643070 878
1643080 878
1643090 878
1643100 878
1643110 878
1643120 878
1643130 878
1643140 879
1643150 879
1643160 879
1643170 880
1643180 880
1643190 880
1643200 880
1643210 880
1643220 880
1643230 880
1643240 881
1643250 881
1643260 881
1643270 881
1643280 881
1643290 881
1643300 881
1643310 881
1643320 882
1643330 881
1643340 881
1643350 881
1643360 881
1643370 881
1643380 881
1643390 880
1643400 880
1643410 880
1643420 880
1643430 880
1643440 880
1643450 880
1643460 880
1643470 880
1643480 880
1643490 880
1643500 880
1643510 880
1643520 880
1643530 880
1643540 881
1643550 881
1643560 881
1643570 880
1643580 880
1643590 880
1643600 880
1643610 880
1643620 880
1643630 880
1643640 880
1643650 880
1643660 880
1643670 880
1643680 880
1643690 880
1643700 880
1643710 880
1643720 880
1643730 879
1643740 880
1643750 880
1643760 880
1643770 880
1643780 880
1643790 880
1643800 881
1643810 881
1643820 881
1643830 881
1643840 881
1643850 881
1643860 881
1643870 881
1643880 882
1643890 882
1643900 882
1643910 884
1643920 885
1643930 885
1643940 886
1643950 887
1643960 887
1643970 887
1643980 888
1643990 888
1644000 890
1644010 891
1644020 891
1644030 893
1644040 894
1644050 894
1644060 896
1644070 896
1644080 896
1644090 897
1644100 898
1644110 898
1644120 898
1644130 898
1644140 898
1644150 899
1644160 900
1644170 900
1644180 901
1644190 901
1644200 901
1644210 901
1644220 901
1644230 901
1644240 901
1644250 901
1644260 901
1644270 901
1644280 901
1644290 901
1644300 900
1644310 902
1644320 902
1644330 902
1644340 903
1644350 903
1644360 904
1644370 905
1644380 905
1644390 905
1644400 906
1644410 906
1644420 906
1644430 907
1644440 907
1644450 908
1644460 908
1644470 908
1644480 908
1644490 909
1644500 909
1644510 909
1644520 909
1644530 909
1644540 909
1644550 909
1644560 909
1644570 910
1644580 910
1644590 910
1644600 911
1644610 911
1644620 911
1644630 911
1644640 911
1644650 912
1644660 912
1644670 912
1644680 912
1644690 912
1644700 912
1644710 913
1644720 913
1644730 913
1644740 913
1644750 913
1644760 913
1644770 913
1644780 914
1644790 914
1644800 914
1644810 914
1644820 914
1644830 914
1644840 915
1644850 915
1644860 915
1644870 916
1644880 916
1644890 916
1644900 916
1644910 916
1644920 917
1644930 917
1644940 917
1644950 917
1644960 918
1644970 918
1644980 918
1644990 918
1645000 918
1645010 919
1645020 919
1645030 919
1645040 919
1645050 920
1645060 920
1645070 920
1645080 920
1645090 920
1645100 920
1645110 920
1645120 920
1645130 920
1645140 920
1645150 920
1645160 920
1645170 920
1645180 920
1645190 920
1645200 921
1645210 921
1645220 920
1645230 921
1645240 921
1645250 920
1645260 919
1645270 919
1645280 920
1645290 919
1645300 919
1645310 918
1645320 917
1645330 917
1645340 916
1645350 916
1645360 916
1645370 915
1645380 915
1645390 914
1645400 913
1645410 913
1645420 913
1645430 911
1645440 911
1645450 910
1645460 909
1645470 909
1645480 909
1645490 908
1645500 908
1645510 906
1645520 906
1645530 906
1645540 904
1645550 902
1645560 902
1645570 901
1645580 901
1645590 901
1645600 900
1645610 900
1645620 900
1645630 899
1645640 899
1645650 899
1645660 898
1645670 897
1645680 897
1645690 897
1645700 898
1645710 898
1645720 898
1645730 897
1645740 897
1645750 897
1645760 897
1645770 897
1645780 897
1645790 898
1645800 898
1645810 898
1645820 898
1645830 898
1645840 898
1645850 899
1645860 899
1645870 899
1645880 899
1645890 899
1645900 900
1645910 899
1645920 899
1645930 899
1645940 898
1645950 898
1645960 898
1645970 898
1645980 898
1645990 898
1646000 898
1646010 898
1646020 898
1646030 897
1646040 897
1646050 897
1646060 897
1646070 897
1646080 897
1646090 898
1646100 898
1646110 898
1646120 898
1646130 898
1646140 898
1646150 901
1646160 901
1646170 901
1646180 901
1646190 901
1646200 901
1646210 901
1646220 901
1646230 901
1646240 901
1646250 901
1646260 901
1646270 901
1646280 901
1646290 901
1646300 901
1646310 901
1646320 901
1646330 901
1646340 901
1646350 901
1646360 901
1646370 901
1646380 902
1646390 902
1646400 902
1646410 902
1646420 902
1646430 903
1646440 903
1646450 903
1646460 903
1646470 903
1646480 903
1646490 904
1646500 904
1646510 904
1646520 905
1646530 905
1646540 905
1646550 905
1646560 906
1646570 906
1646580 906
1646590 906
1646600 906
1646610 906
1646620 906
1646630 906
1646640 907
1646650 907
1646660 907
1646670 908
1646680 908
1646690 908
1646700 908
1646710 907
1646720 907
1646730 907
1646740 908
1646750 908
1646760 908
1646770 908
1646780 908
1646790 909
1646800 910
1646810 910
1646820 910
1646830 910
1646840 910
1646850 909
1646860 909
1646870 909
1646880 909
1646890 910
1646900 910
1646910 909
1646920 909
1646930 909
1646940 910
1646950 910
1646960 910
1646970 911
1646980 911
1646990 911
1647000 912
1647010 912
1647020 912
1647030 913
1647040 913
1647050 913
1647060 913
1647070 913
1647080 914
1647090 914
1647100 914
1647110 914
1647120 914
1647130 914
1647140 914
1647150 914
1647160 914
1647170 914
1647180 915
1647190 915
1647200 916
1647210 916
1647220 916
1647230 916
1647240 917
1647250 917
1647260 917
1647270 917
1647280 917
1647290 917
1647300 918
1647310 918
1647320 919
1647330 918
1647340 918
1647350 919
1647360 919
1647370 919
1647380 919
1647390 920
1647400 920
1647410 920
1647420 921
1647430 921
1647440 922
1647450 922
1647460 922
1647470 922
1647480 923
1647490 923
1647500 923
1647510 923
1647520 923
1647530 923
1647540 924
1647550 924
1647560 924
1647570 924
1647580 924
1647590 924
1647600 924
1647610 924
1647620 925
1647630 925
1647640 925
1647650 925
1647660 925
1647670 925
1647680 925
1647690 925
1647700 925
1647710 926
1647720 926
1647730 926
1647740 926
1647750 926
1647760 926
1647770 926
1647780 926
1647790 926
1647800 926
1647810 927
1647820 927
1647830 928
1647840 928
1647850 928
1647860 928
1647870 929
1647880 929
1647890 929
1647900 929
1647910 929
1647920 929
1647930 929
1647940 930
1647950 930
1647960 930
1647970 931
1647980 931
1647990 931
1648000 932
1648010 932
1648020 932
1648030 933
1648040 933
1648050 933
1648060 934
1648070 934
1648080 934
1648090 933
1648100 933
1648110 933
1648120 933
1648130 933
1648140 933
1648150 933
1648160 933
1648170 933
1648180 932
1648190 932
1648200 932
1648210 931
1648220 931
1648230 931
1648240 930
1648250 929
1648260 929
1648270 928
1648280 928
1648290 928
1648300 927
1648310 926
1648320 926
1648330 926
1648340 925
1648350 925
1648360 925
1648370 925
1648380 925
1648390 924
1648400 924
1648410 924
1648420 924
1648430 924
1648440 924
1648450 924
1648460 924
1648470 924
1648480 924
1648490 924
1648500 924
1648510 924
1648520 923
1648530 923
1648540 922
1648550 921
1648560 921
1648570 920
1648580 919
1648590 919
1648600 916
1648610 913
1648620 913
1648630 911
1648640 910
1648650 910
1648660 910
1648670 910
1648680 910
1648690 909
1648700 909
1648710 909
1648720 909
1648730 909
1648740 909
1648750 909
1648760 909
1648770 909
1648780 909
1648790 909
1648800 909
1648810 909
1648820 909
1648830 910
1648840 910
1648850 910
1648860 910
1648870 910
1648880 910
1648890 911
1648900 912
1648910 912
1648920 913
1648930 914
1648940 914
1648950 915
1648960 917
1648970 917
1648980 918
1648990 920
1649000 920
1649010 921
1649020 922
1649030 922
1649040 923
1649050 924
1649060 924
1649070 924
1649080 925
1649090 925
1649100 925
1649110 925
1649120 925
1649130 925
1649140 925
1649150 925
1649160 925
1649170 924
1649180 924
1649190 924
1649200 925
1649210 925
1649220 925
1649230 926
1649240 926
1649250 926
1649260 927
1649270 927
1649280 928
1649290 928
1649300 925
1649310 925
1649320 925
1649330 925
1649340 925
1649350 925
1649360 925
1649370 925
1649380 925
1649390 925
1649400 924
1649410 923
1649420 923
1649430 925
1649440 927
1649450 927
1649460 930
1649470 931
1649480 931
1649490 932
1649500 934
1649510 934
1649520 936
1649530 938
1649540 938
1649550 939
1649560 940
1649570 940
1649580 941
1649590 941
1649600 941
1649610 942
1649620 942
1649630 943
1649640 943
1649650 943
1649660 942
1649670 942
1649680 942
1649690 942
1649700 941
1649710 941
1649720 940
1649730 939
1649740 939
1649750 938
1649760 937
1649770 937
1649780 937
1649790 938
1649800 938
1649810 939
1649820 939
1649830 939
1649840 939
1649850 939
1649860 939
1649870 939
1649880 940
1649890 940
1649900 940
1649910 940
1649920 940
1649930 939
1649940 938
1649950 938
1649960 939
1649970 940
1649980 940
1649990 941
1650000 942
1650010 942
1650020 943
1650030 944
1650040 944
1650050 945
1650060 946
1650070 946
1650080 946
1650090 944
1650100 944
1650110 944
1650120 944
1650130 944
1650140 944
1650150 944
1650160 944
1650170 943
1650180 943
1650190 943
1650200 942
1650210 942
1650220 942
1650230 942
1650240 942
1650250 942
1650260 942
1650270 942
1650280 942
1650290 942
1650300 941
1650310 941
1650320 940
1650330 939
1650340 939
1650350 938
1650360 937
1650370 937
1650380 935
1650390 933
1650400 933
1650410 930
1650420 930
1650430 928
1650440 926
1650450 926
1650460 925
1650470 923
1650480 923
1650490 921
1650500 918
1650510 918
1650520 916
1650530 913
1650540 913
1650550 911
1650560 908
1650570 908
1650580 905
1650590 903
1650600 903
1650610 901
1650620 898
1650630 898
1650640 896
1650650 895
1650660 895
1650670 894
1650680 892
1650690 892
1650700 889
1650710 887
1650720 887
1650730 885
1650740 883
1650750 883
1650760 880
1650770 877
1650780 877
1650790 875
1650800 873
1650810 873
1650820 869
1650830 865
1650840 865
1650850 862
1650860 858
1650870 858
1650880 856
1650890 855
1650900 855
1650910 854
1650920 853
1650930 853
1650940 853
1650950 851
1650960 851
1650970 850
1650980 850
1650990 850
1651000 849
1651010 848
1651020 848
1651030 848
1651040 848
1651050 848
1651060 847
1651070 847
1651080 847
1651090 846
1651100 846
1651110 846
1651120 846
1651130 845
1651140 845
1651150 845
1651160 844
1651170 844
1651180 844
1651190 843
1651200 843
1651210 843
1651220 843
1651230 843
1651240 843
1651250 843
1651260 843
1651270 842
1651280 842
1651290 842
1651300 842
1651310 842
1651320 841
1651330 841
1651340 841
1651350 841
1651360 841
1651370 841
1651380 841
1651390 841
1651400 841
1651410 841
1651420 842
1651430 842
1651440 843
1651450 843
1651460 843
1651470 844
1651480 845
1651490 845
1651500 846
1651510 847
1651520 847
1651530 849
1651540 850
1651550 850
1651560 852
1651570 853
1651580 853
1651590 855
1651600 857
1651610 857
1651620 858
1651630 860
1651640 860
1651650 861
1651660 862
1651670 862
1651680 863
1651690 865
1651700 865
1651710 866
1651720 867
1651730 867
1651740 869
1651750 869
1651760 869
1651770 869
1651780 869
1651790 869
1651800 869
1651810 869
1651820 869
1651830 869
1651840 870
1651850 870
1651860 870
1651870 871
1651880 871
1651890 873
1651900 874
1651910 874
1651920 875
1651930 877
1651940 877
1651950 878
1651960 879
1651970 879
1651980 880
1651990 883
1652000 883
1652010 885
1652020 887
1652030 887
1652040 889
1652050 892
1652060 892
1652070 894
1652080 896
1652090 896
1652100 898
1652110 898
1652120 901
1652130 903
1652140 903
1652150 905
1652160 907
1652170 907
1652180 910
1652190 912
1652200 912
1652210 913
1652220 914
1652230 914
1652240 914
1652250 913
1652260 913
1652270 913
1652280 913
1652290 913
1652300 912
1652310 912
1652320 912
1652330 911
1652340 912
1652350 912
1652360 912
1652370 912
1652380 912
1652390 912
1652400 911
1652410 911
1652420 910
1652430 909
1652440 909
1652450 909
1652460 909
1652470 909
1652480 909
1652490 909
1652500 909
1652510 909
1652520 908
1652530 908
1652540 908
1652550 907
1652560 907
1652570 907
1652580 906
1652590 906
1652600 906
1652610 905
1652620 905
1652630 905
1652640 904
1652650 904
1652660 904
1652670 904
1652680 904
1652690 903
1652700 903
1652710 903
1652720 902
1652730 902
1652740 902
1652750 901
1652760 900
1652770 900
1652780 899
1652790 899
1652800 899
1652810 898
1652820 897
1652830 897
1652840 897
1652850 896
1652860 896
1652870 896
1652880 895
1652890 895
1652900 894
1652910 893
1652920 893
1652930 893
1652940 892
1652950 892
1652960 892
1652970 892
1652980 891
1652990 891
1653000 891
1653010 890
1653020 890
1653030 890
1653040 889
1653050 889
1653060 889
1653070 888
1653080 888
1653090 888
1653100 887
1653110 887
1653120 887
1653130 887
1653140 888
1653150 888
1653160 888
1653170 888
1653180 888
1653190 888
1653200 888
1653210 888
1653220 888
1653230 889
1653240 889
1653250 889
1653260 889
1653270 889
1653280 889
1653290 889
1653300 889
1653310 889
1653320 889
1653330 889
1653340 888
1653350 887
1653360 887
1653370 886
1653380 885
1653390 885
1653400 885
1653410 884
1653420 884
1653430 884
1653440 883
1653450 883
1653460 882
1653470 881
1653480 881
1653490 881
1653500 880
1653510 880
1653520 879
1653530 878
1653540 878
1653550 878
1653560 877
1653570 877
1653580 877
1653590 876
1653600 876
1653610 876
1653620 876
1653630 876
1653640 876
1653650 876
1653660 876
1653670 876
1653680 877
1653690 877
1653700 876
1653710 875
1653720 875
1653730 874
1653740 872
1653750 872
1653760 871
1653770 870
1653780 870
1653790 868
1653800 868
1653810 866
1653820 865
1653830 865
1653840 863
1653850 861
1653860 861
1653870 859
1653880 858
1653890 858
1653900 856
1653910 855
1653920 855
1653930 854
1653940 853
1653950 853
1653960 852
1653970 850
1653980 850
1653990 849
1654000 848
1654010 848
1654020 847
1654030 846
1654040 846
1654050 845
1654060 844
1654070 844
1654080 843
1654090 842
1654100 842
1654110 842
1654120 841
1654130 841
1654140 840
1654150 839
1654160 839
1654170 839
1654180 839
1654190 839
1654200 838
1654210 838
1654220 838
1654230 836
1654240 835
1654250 835
1654260 834
1654270 831
1654280 831
1654290 828
1654300 826
1654310 826
1654320 824
1654330 822
1654340 822
1654350 820
1654360 817
1654370 817
1654380 815
1654390 812
1654400 812
1654410 808
1654420 806
1654430 806
1654440 805
1654450 805
1654460 805
1654470 805
1654480 806
1654490 806
1654500 806
1654510 805
1654520 805
1654530 803
1654540 801
1654550 801
1654560 800
1654570 798
1654580 798
1654590 797
1654600 796
1654610 796
1654620 794
1654630 794
1654640 794
1654650 792
1654660 792
1654670 791
1654680 790
1654690 790
1654700 789
1654710 788
1654720 788
1654730 787
1654740 787
1654750 787
1654760 784
1654770 783
1654780 783
1654790 783
1654800 782
1654810 782
1654820 782
1654830 781
1654840 781
1654850 781
1654860 781
1654870 781
1654880 781
1654890 779
1654900 779
1654910 777
1654920 776
1654930 776
1654940 776
1654950 775
1654960 775
1654970 775
1654980 775
1654990 775
1655000 775
1655010 775
1655020 775
1655030 775
1655040 775
1655050 775
1655060 775
1655070 774
1655080 774
1655090 774
1655100 774
1655110 774
1655120 773
1655130 773
1655140 773
1655150 772
1655160 772
1655170 772
1655180 771
1655190 771
1655200 771
1655210 771
1655220 771
1655230 771
1655240 771
1655250 770
1655260 770
1655270 770
1655280 770
1655290 770
1655300 770
1655310 770
1655320 770
1655330 769
1655340 769
1655350 769
1655360 769
1655370 769
1655380 769
1655390 769
1655400 769
1655410 769
1655420 768
1655430 768
1655440 768
1655450 768
1655460 768
1655470 768
1655480 767
1655490 767
1655500 767
1655510 767
1655520 767
1655530 767
1655540 767
1655550 767
1655560 767
1655570 766
1655580 766
1655590 766
1655600 766
1655610 766
1655620 766
1655630 766
1655640 766
1655650 766
1655660 765
1655670 765
1655680 766
1655690 766
1655700 766
1655710 766
1655720 766
1655730 766
1655740 766
1655750 766
1655760 766
1655770 766
1655780 767
1655790 767
1655800 767
1655810 767
1655820 767
1655830 767
1655840 767
1655850 767
1655860 767
1655870 766
1655880 766
1655890 766
1655900 766
1655910 766
1655920 765
1655930 765
1655940 765
1655950 764
1655960 763
1655970 763
1655980 761
1655990 761
1656000 761
1656010 761
1656020 761
1656030 761
1656040 761
1656050 761
1656060 761
1656070 761
1656080 761
1656090 761
1656100 760
1656110 760
1656120 760
1656130 761
1656140 763
1656150 763
1656160 763
1656170 765
1656180 765
1656190 768
1656200 770
1656210 770
1656220 771
1656230 772
1656240 772
1656250 775
1656260 776
1656270 776
1656280 775
1656290 777
1656300 777
1656310 778
1656320 778
1656330 779
1656340 781
1656350 781
1656360 783
1656370 786
1656380 786
1656390 789
1656400 791
1656410 791
1656420 793
1656430 796
1656440 796
1656450 799
1656460 803
1656470 803
1656480 806
1656490 810
1656500 810
1656510 813
1656520 815
1656530 815
1656540 817
1656550 818
1656560 818
1656570 819
1656580 820
1656590 820
1656600 821
1656610 821
1656620 821
1656630 820
1656640 820
1656650 820
1656660 820
1656670 819
1656680 819
1656690 819
1656700 818
1656710 818
1656720 818
1656730 817
1656740 817
1656750 817
1656760 816
1656770 816
1656780 816
1656790 816
1656800 816
1656810 816
1656820 817
1656830 817
1656840 818
1656850 818
1656860 818
1656870 818
1656880 818
1656890 818
1656900 818
1656910 817
1656920 817
1656930 818
1656940 818
1656950 818
1656960 818
1656970 819
1656980 819
1656990 818
1657000 816
1657010 816
1657020 815
1657030 814
1657040 813
1657050 812
1657060 812
1657070 812
1657080 810
1657090 809
1657100 809
1657110 807
1657120 806
1657130 806
1657140 804
1657150 803
1657160 803
1657170 802
1657180 802
1657190 801
1657200 800
1657210 800
1657220 798
1657230 797
1657240 797
1657250 795
1657260 794
1657270 794
1657280 792
1657290 791
1657300 791
1657310 790
1657320 789
1657330 789
1657340 788
1657350 787
1657360 787
1657370 786
1657380 785
1657390 785
1657400 784
1657410 783
1657420 783
1657430 782
1657440 780
1657450 780
1657460 779
1657470 777
1657480 777
1657490 773
1657500 769
1657510 769
1657520 767
1657530 767
1657540 767
1657550 767
1657560 767
1657570 767
1657580 767
1657590 767
1657600 767
1657610 768
1657620 769
1657630 769
1657640 770
1657650 772
1657660 772
1657670 775
1657680 776
1657690 776
1657700 777
1657710 777
1657720 777
1657730 777
1657740 777
1657750 777
1657760 777
1657770 777
1657780 777
1657790 776
1657800 776
1657810 776
1657820 775
1657830 775
1657840 775
1657850 775
1657860 775
1657870 775
1657880 774
1657890 773
1657900 773
1657910 773
1657920 773
1657930 773
1657940 772
1657950 772
1657960 772
1657970 772
1657980 772
1657990 772
1658000 772
1658010 772
1658020 772
1658030 772
1658040 772
1658050 771
1658060 771
1658070 771
1658080 771
1658090 772
1658100 772
1658110 771
1658120 771
1658130 771
1658140 771
1658150 771
1658160 771
1658170 771
1658180 772
1658190 772
1658200 772
1658210 771
1658220 771
1658230 771
1658240 771
1658250 771
1658260 772
1658270 772
1658280 772
1658290 772
1658300 772
1658310 772
1658320 772
1658330 773
1658340 773
1658350 773
1658360 773
1658370 773
1658380 774
1658390 774
1658400 774
1658410 774
1658420 775
1658430 775
1658440 776
1658450 776
1658460 776
1658470 777
1658480 779
1658490 779
1658500 780
1658510 781
1658520 781
1658530 783
1658540 784
1658550 783
1658560 783
1658570 782
1658580 782
1658590 781
1658600 780
1658610 780
1658620 779
1658630 778
1658640 778
1658650 777
1658660 776
1658670 776
1658680 775
1658690 774
1658700 774
1658710 774
1658720 773
1658730 773
1658740 772
1658750 771
1658760 771
1658770 770
1658780 770
1658790 770
1658800 769
1658810 767
1658820 767
1658830 764
1658840 763
1658850 763
1658860 766
1658870 766
1658880 766
1658890 767
1658900 767
1658910 767
1658920 767
1658930 767
1658940 767
1658950 767
1658960 767
1658970 765
1658980 762
1658990 762
1659000 760
1659010 751
1659020 751
1659030 743
1659040 742
1659050 742
1659060 738
1659070 736
1659080 736
1659090 737
1659100 743
1659110 743
1659120 748
1659130 750
1659140 750
1659150 750
1659160 751
1659170 751
1659180 751
1659190 751
1659200 751
1659210 751
1659220 750
1659230 750
1659240 750
1659250 750
1659260 750
1659270 750
1659280 747
1659290 744
1659300 741
1659310 738
1659320 738
1659330 733
1659340 729
1659350 729
1659360 728
1659370 728
1659380 728
1659390 727
1659400 728
1659410 728
1659420 728
1659430 728
1659440 728
1659450 728
1659460 729
1659470 729
1659480 731
1659490 735
1659500 735
1659510 738
1659520 741
1659530 741
1659540 743
1659550 744
1659560 744
1659570 745
1659580 744
1659590 744
1659600 744
1659610 743
1659620 743
1659630 744
1659640 745
1659650 745
1659660 747
1659670 748
1659680 748
1659690 749
1659700 749
1659710 750
1659720 751
1659730 751
1659740 752
1659750 753
1659760 753
1659770 754
1659780 755
1659790 755
1659800 757
1659810 758
1659820 758
1659830 759
1659840 761
1659850 761
1659860 762
1659870 762
1659880 762
1659890 763
1659900 763
1659910 763
1659920 763
1659930 762
1659940 762
1659950 762
1659960 762
1659970 762
1659980 761
1659990 761
