1640000 881
1640010 880
1640020 880
1640030 879
1640040 878
1640050 878
1640060 877
1640070 877
1640080 877
1640090 876
1640100 876
1640110 876
1640120 876
1640130 876
1640140 876
1640150 875
1640160 875
1640170 875
1640180 875
1640190 875
1640200 874
1640210 874
1640220 874
1640230 874
1640240 874
1640250 874
1640260 873
1640270 873
1640280 873
1640290 873
1640300 873
1640310 873
1640320 872
1640330 872
1640340 872
1640350 872
1640360 871
1640370 871
1640380 871
1640390 871
1640400 871
1640410 871
1640420 871
1640430 871
1640440 871
1640450 871
1640460 871
1640470 871
1640480 870
1640490 870
1640500 870
1640510 870
1640520 870
1640530 870
1640540 870
1640550 870
1640560 872
1640570 872
1640580 872
1640590 871
1640600 871
1640610 871
1640620 871
1640630 872
1640640 872
1640650 872
1640660 872
1640670 872
1640680 872
1640690 872
1640700 872
1640710 872
1640720 873
1640730 873
1640740 873
1640750 873
1640760 873
1640770 874
1640780 874
1640790 874
1640800 874
1640810 875
1640820 875
1640830 875
1640840 875
1640850 875
1640860 875
1640870 875
1640880 875
1640890 876
1640900 876
1640910 876
1640920 876
1640930 876
1640940 876
1640950 876
1640960 876
1640970 876
1640980 876
1640990 876
1641000 876
1641010 877
1641020 877
1641030 878
1641040 877
1641050 877
1641060 878
1641070 878
1641080 878
1641090 878
1641100 878
1641110 878
1641120 879
1641130 879
1641140 879
1641150 878
1641160 879
1641170 879
1641180 879
1641190 879
1641200 879
1641210 879
1641220 879
1641230 879
1641240 879
1641250 879
1641260 879
1641270 879
1641280 880
1641290 880
1641300 880
1641310 880
1641320 880
1641330 880
1641340 879
1641350 879
1641360 879
1641370 879
1641380 879
1641390 879
1641400 878
1641410 878
1641420 878
1641430 878
1641440 878
1641450 878
1641460 878
1641470 878
1641480 878
1641490 878
1641500 878
1641510 878
1641520 878
1641530 878
1641540 878
1641550 877
1641560 877
1641570 877
1641580 877
1641590 877
1641600 877
1641610 877
1641620 877
1641630 877
1641640 877
1641650 877
1641660 877
1641670 877
1641680 877
1641690 877
1641700 877
1641710 877
1641720 876
1641730 877
1641740 877
1641750 877
1641760 876
1641770 876
1641780 876
1641790 876
1641800 876
1641810 875
1641820 875
1641830 876
1641840 876
1641850 876
1641860 877
1641870 877
1641880 877
1641890 877
1641900 877
1641910 877
1641920 877
1641930 877
1641940 877
1641950 877
1641960 876
1641970 876
1641980 878
1641990 878
1642000 878
1642010 877
1642020 878
1642030 878
1642040 878
1642050 878
1642060 878
1642070 878
1642080 879
1642090 879
1642100 879
1642110 879
1642120 879
1642130 879
1642140 879
1642150 879
1642160 880
1642170 880
1642180 880
1642190 880
1642200 880
1642210 880
1642220 880
1642230 880
1642240 880
1642250 880
1642260 879
1642270 879
1642280 879
1642290 878
1642300 878
1642310 878
1642320 878
1642330 878
1642340 878
1642350 878
1642360 878
1642370 878
1642380 878
1642390 878
1642400 877
1642410 876
1642420 876
1642430 875
1642440 875
1642450 877
1642460 877
1642470 876
1642480 876
1642490 875
1642500 874
1642510 874
1642520 872
1642530 870
1642540 870
1642550 869
1642560 868
1642570 868
1642580 868
1642590 869
1642600 869
1642610 869
1642620 869
1642630 869
1642640 870
1642650 870
1642660 870
1642670 870
1642680 870
1642690 871
1642700 871
1642710 871
1642720 871
1642730 871
1642740 871
1642750 871
1642760 871
1642770 871
1642780 872
1642790 872
1642800 872
1642810 873
1642820 875
1642830 875
1642840 876
1642850 877
1642860 877
1642870 878
1642880 878
1642890 878
1642900 879
1642910 879
1642920 879
1642930 880
1642940 880
1642950 880
1642960 880
1642970 881
1642980 881
1642990 881
1643000 881
1643010 881
1643020 881
1643030 881
1643040 881
1643050 881
1643060 881
1643070 881
1643080 881
1643090 881
1643100 881
1643110 882
1643120 882
1643130 882
1643140 882
1643150 883
1643160 883
1643170 883
1643180 883
1643190 883
1643200 883
1643210 884
1643220 884
1643230 884
1643240 884
1643250 884
1643260 885
1643270 885
1643280 885
1643290 886
1643300 886
1643310 886
1643320 886
1643330 886
1643340 886
1643350 886
1643360 887
1643370 887
1643380 887
1643390 887
1643400 887
1643410 887
1643420 888
1643430 888
1643440 888
1643450 888
1643460 888
1643470 889
1643480 889
1643490 889
1643500 889
1643510 889
1643520 890
1643530 890
1643540 890
1643550 891
1643560 891
1643570 891
1643580 892
1643590 892
1643600 892
1643610 893
1643620 894
1643630 894
1643640 894
1643650 895
1643660 895
1643670 896
1643680 896
1643690 896
1643700 897
1643710 897
1643720 897
1643730 898
1643740 898
1643750 898
1643760 899
1643770 899
1643780 899
1643790 900
1643800 900
1643810 900
1643820 901
1643830 901
1643840 901
1643850 902
1643860 902
1643870 902
1643880 902
1643890 903
1643900 903
1643910 903
1643920 904
1643930 904
1643940 904
1643950 905
1643960 905
1643970 905
1643980 905
1643990 905
1644000 906
1644010 907
1644020 907
1644030 908
1644040 909
1644050 909
1644060 908
1644070 909
1644080 909
1644090 910
1644100 911
1644110 911
1644120 912
1644130 913
1644140 913
1644150 914
1644160 915
1644170 915
1644180 916
1644190 917
1644200 917
1644210 918
1644220 919
1644230 919
1644240 920
1644250 922
1644260 922
1644270 924
1644280 924
1644290 926
1644300 928
1644310 928
1644320 929
1644330 930
1644340 930
1644350 931
1644360 932
1644370 932
1644380 932
1644390 932
1644400 932
1644410 933
1644420 933
1644430 933
1644440 933
1644450 934
1644460 934
1644470 935
1644480 935
1644490 935
1644500 935
1644510 935
1644520 935
1644530 936
1644540 936
1644550 936
1644560 935
1644570 935
1644580 935
1644590 936
1644600 935
1644610 935
1644620 935
1644630 935
1644640 935
1644650 935
1644660 934
1644670 934
1644680 933
1644690 933
1644700 933
1644710 932
1644720 932
1644730 932
1644740 931
1644750 931
1644760 931
1644770 931
1644780 931
1644790 931
1644800 930
1644810 930
1644820 930
1644830 930
1644840 929
1644850 929
1644860 929
1644870 929
1644880 929
1644890 929
1644900 929
1644910 929
1644920 929
1644930 929
1644940 929
1644950 929
1644960 929
1644970 929
1644980 929
1644990 929
1645000 929
1645010 930
1645020 930
1645030 930
1645040 930
1645050 930
1645060 930
1645070 930
1645080 930
1645090 930
1645100 931
1645110 931
1645120 931
1645130 931
1645140 931
1645150 932
1645160 932
1645170 932
1645180 932
1645190 932
1645200 932
1645210 932
1645220 932
1645230 932
1645240 932
1645250 932
1645260 932
1645270 932
1645280 933
1645290 933
1645300 933
1645310 933
1645320 933
1645330 934
1645340 934
1645350 934
1645360 935
1645370 935
1645380 935
1645390 935
1645400 935
1645410 935
1645420 935
1645430 935
1645440 935
1645450 935
1645460 935
1645470 935
1645480 935
1645490 936
1645500 936
1645510 936
1645520 936
1645530 936
1645540 936
1645550 936
1645560 936
1645570 936
1645580 936
1645590 936
1645600 935
1645610 935
1645620 935
1645630 935
1645640 935
1645650 935
1645660 935
1645670 934
1645680 934
1645690 934
1645700 933
1645710 933
1645720 932
1645730 931
1645740 931
1645750 930
1645760 929
1645770 929
1645780 928
1645790 927
1645800 927
1645810 926
1645820 926
1645830 926
1645840 925
1645850 924
1645860 924
1645870 924
1645880 922
1645890 922
1645900 922
1645910 920
1645920 920
1645930 919
1645940 919
1645950 919
1645960 918
1645970 918
1645980 918
1645990 918
1646000 918
1646010 918
1646020 918
1646030 918
1646040 918
1646050 918
1646060 918
1646070 918
1646080 917
1646090 917
1646100 917
1646110 917
1646120 917
1646130 917
1646140 917
1646150 917
1646160 917
1646170 917
1646180 917
1646190 916
1646200 916
1646210 916
1646220 916
1646230 916
1646240 916
1646250 915
1646260 914
1646270 914
1646280 914
1646290 914
1646300 914
1646310 914
1646320 914
1646330 914
1646340 914
1646350 913
1646360 913
1646370 913
1646380 913
1646390 913
1646400 913
1646410 912
1646420 912
1646430 912
1646440 912
1646450 912
1646460 912
1646470 912
1646480 912
1646490 912
1646500 911
1646510 911
1646520 911
1646530 911
1646540 911
1646550 911
1646560 911
1646570 911
1646580 910
1646590 909
1646600 909
1646610 909
1646620 908
1646630 908
1646640 908
1646650 909
1646660 909
1646670 909
1646680 909
1646690 909
1646700 909
1646710 909
1646720 909
1646730 909
1646740 909
1646750 909
1646760 909
1646770 909
1646780 910
1646790 909
1646800 909
1646810 909
1646820 909
1646830 909
1646840 909
1646850 909
1646860 909
1646870 909
1646880 909
1646890 909
1646900 909
1646910 909
1646920 909
1646930 909
1646940 908
1646950 908
1646960 908
1646970 907
1646980 907
1646990 907
1647000 907
1647010 907
1647020 907
1647030 906
1647040 906
1647050 906
1647060 907
1647070 907
1647080 907
1647090 908
1647100 908
1647110 908
1647120 909
1647130 909
1647140 909
1647150 909
1647160 909
1647170 909
1647180 910
1647190 910
1647200 910
1647210 910
1647220 910
1647230 910
1647240 910
1647250 910
1647260 910
1647270 911
1647280 911
1647290 911
1647300 912
1647310 912
1647320 912
1647330 912
1647340 912
1647350 912
1647360 913
1647370 913
1647380 914
1647390 916
1647400 916
1647410 917
1647420 918
1647430 918
1647440 919
1647450 920
1647460 920
1647470 922
1647480 925
1647490 925
1647500 927
1647510 929
1647520 929
1647530 930
1647540 931
1647550 931
1647560 932
1647570 933
1647580 933
1647590 934
1647600 934
1647610 934
1647620 934
1647630 934
1647640 933
1647650 932
1647660 932
1647670 931
1647680 930
1647690 930
1647700 930
1647710 930
1647720 930
1647730 930
1647740 931
1647750 931
1647760 931
1647770 932
1647780 932
1647790 933
1647800 934
1647810 934
1647820 935
1647830 936
1647840 936
1647850 937
1647860 937
1647870 937
1647880 937
1647890 937
1647900 937
1647910 937
1647920 937
1647930 937
1647940 936
1647950 935
1647960 935
1647970 934
1647980 933
1647990 933
1648000 932
1648010 930
1648020 930
1648030 929
1648040 927
1648050 927
1648060 925
1648070 924
1648080 924
1648090 922
1648100 920
1648110 920
1648120 917
1648130 914
1648140 914
1648150 910
1648160 907
1648170 907
1648180 906
1648190 904
1648200 904
1648210 902
1648220 900
1648230 900
1648240 899
1648250 897
1648260 897
1648270 895
1648280 893
1648290 893
1648300 892
1648310 891
1648320 891
1648330 890
1648340 890
1648350 890
1648360 889
1648370 888
1648380 888
1648390 888
1648400 887
1648410 887
1648420 886
1648430 886
1648440 885
1648450 884
1648460 884
1648470 883
1648480 883
1648490 883
1648500 882
1648510 881
1648520 881
1648530 881
1648540 881
1648550 881
1648560 881
1648570 880
1648580 880
1648590 879
1648600 879
1648610 879
1648620 879
1648630 878
1648640 878
1648650 878
1648660 877
1648670 877
1648680 876
1648690 876
1648700 876
1648710 876
1648720 875
1648730 875
1648740 875
1648750 874
1648760 874
1648770 874
1648780 874
1648790 874
1648800 874
1648810 873
1648820 873
1648830 873
1648840 873
1648850 873
1648860 873
1648870 873
1648880 873
1648890 873
1648900 872
1648910 872
1648920 871
1648930 871
1648940 871
1648950 871
1648960 871
1648970 871
1648980 872
1648990 873
1649000 873
1649010 873
1649020 874
1649030 874
1649040 874
1649050 873
1649060 873
1649070 872
1649080 871
1649090 871
1649100 870
1649110 870
1649120 870
1649130 869
1649140 869
1649150 869
1649160 869
1649170 868
1649180 868
1649190 868
1649200 868
1649210 868
1649220 868
1649230 868
1649240 868
1649250 868
1649260 868
1649270 867
1649280 867
1649290 867
1649300 867
1649310 867
1649320 867
1649330 866
1649340 866
1649350 866
1649360 865
1649370 865
1649380 865
1649390 865
1649400 865
1649410 865
1649420 865
1649430 865
1649440 865
1649450 865
1649460 865
1649470 865
1649480 865
1649490 864
1649500 864
1649510 864
1649520 864
1649530 864
1649540 864
1649550 864
1649560 864
1649570 864
1649580 863
1649590 863
1649600 863
1649610 863
1649620 863
1649630 863
1649640 863
1649650 863
1649660 863
1649670 863
1649680 863
1649690 863
1649700 863
1649710 863
1649720 862
1649730 862
1649740 862
1649750 862
1649760 862
1649770 862
1649780 862
1649790 862
1649800 862
1649810 862
1649820 861
1649830 861
1649840 861
1649850 861
1649860 861
1649870 861
1649880 861
1649890 861
1649900 862
1649910 862
1649920 862
1649930 862
1649940 862
1649950 862
1649960 861
1649970 862
1649980 862
1649990 863
1650000 864
1650010 864
1650020 864
1650030 866
1650040 866
1650050 866
1650060 866
1650070 866
1650080 867
1650090 867
1650100 868
1650110 868
1650120 868
1650130 868
1650140 867
1650150 867
1650160 866
1650170 866
1650180 866
1650190 866
1650200 865
1650210 865
1650220 864
1650230 863
1650240 863
1650250 862
1650260 862
1650270 862
1650280 861
1650290 861
1650300 861
1650310 860
1650320 859
1650330 859
1650340 858
1650350 857
1650360 857
1650370 856
1650380 855
1650390 855
1650400 854
1650410 854
1650420 854
1650430 853
1650440 851
1650450 851
1650460 848
1650470 844
1650480 844
1650490 843
1650500 841
1650510 840
1650520 840
1650530 840
1650540 840
1650550 840
1650560 839
1650570 839
1650580 839
1650590 838
1650600 838
1650610 838
1650620 837
1650630 837
1650640 837
1650650 837
1650660 837
1650670 837
1650680 837
1650690 837
1650700 837
1650710 837
1650720 837
1650730 837
1650740 837
1650750 837
1650760 837
1650770 837
1650780 837
1650790 836
1650800 836
1650810 836
1650820 836
1650830 836
1650840 836
1650850 835
1650860 836
1650870 836
1650880 836
1650890 836
1650900 836
1650910 836
1650920 836
1650930 835
1650940 836
1650950 836
1650960 835
1650970 835
1650980 835
1650990 835
1651000 835
1651010 835
1651020 835
1651030 835
1651040 835
1651050 835
1651060 834
1651070 834
1651080 834
1651090 834
1651100 834
1651110 834
1651120 834
1651130 834
1651140 834
1651150 834
1651160 834
1651170 833
1651180 833
1651190 833
1651200 833
1651210 833
1651220 833
1651230 833
1651240 833
1651250 833
1651260 833
1651270 833
1651280 833
1651290 833
1651300 833
1651310 833
1651320 833
1651330 833
1651340 833
1651350 833
1651360 834
1651370 834
1651380 834
1651390 834
1651400 834
1651410 835
1651420 835
1651430 835
1651440 835
1651450 835
1651460 835
1651470 835
1651480 834
1651490 834
1651500 833
1651510 833
1651520 833
1651530 833
1651540 833
1651550 833
1651560 833
1651570 833
1651580 833
1651590 835
1651600 835
1651610 835
1651620 837
1651630 838
1651640 838
1651650 840
1651660 841
1651670 841
1651680 842
1651690 843
1651700 843
1651710 844
1651720 845
1651730 845
1651740 846
1651750 846
1651760 847
1651770 847
1651780 847
1651790 849
1651800 850
1651810 850
1651820 851
1651830 853
1651840 853
1651850 855
1651860 857
1651870 857
1651880 859
1651890 861
1651900 861
1651910 862
1651920 864
1651930 864
1651940 866
1651950 868
1651960 868
1651970 870
1651980 873
1651990 873
1652000 875
1652010 878
1652020 878
1652030 879
1652040 881
1652050 881
1652060 882
1652070 883
1652080 881
1652090 882
1652100 884
1652110 884
1652120 886
1652130 887
1652140 887
1652150 888
1652160 888
1652170 888
1652180 888
1652190 887
1652200 887
1652210 887
1652220 888
1652230 888
1652240 888
1652250 889
1652260 889
1652270 890
1652280 890
1652290 890
1652300 891
1652310 892
1652320 892
1652330 892
1652340 892
1652350 892
1652360 892
1652370 893
1652380 893
1652390 894
1652400 895
1652410 895
1652420 896
1652430 898
1652440 898
1652450 899
1652460 900
1652470 900
1652480 901
1652490 903
1652500 903
1652510 903
1652520 904
1652530 904
1652540 905
1652550 907
1652560 907
1652570 908
1652580 908
1652590 909
1652600 911
1652610 911
1652620 912
1652630 913
1652640 913
1652650 914
1652660 916
1652670 916
1652680 916
1652690 917
1652700 917
1652710 918
1652720 919
1652730 919
1652740 920
1652750 919
1652760 919
1652770 919
1652780 917
1652790 917
1652800 915
1652810 912
1652820 912
1652830 908
1652840 903
1652850 904
1652860 900
1652870 895
1652880 895
1652890 891
1652900 887
1652910 887
1652920 883
1652930 878
1652940 878
1652950 875
1652960 872
1652970 872
1652980 869
1652990 868
1653000 868
1653010 865
1653020 863
1653030 863
1653040 861
1653050 858
1653060 858
1653070 854
1653080 851
1653090 851
1653100 849
1653110 847
1653120 847
1653130 846
1653140 845
1653150 845
1653160 843
1653170 842
1653180 842
1653190 841
1653200 839
1653210 839
1653220 838
1653230 836
1653240 836
1653250 833
1653260 830
1653270 830
1653280 828
1653290 827
1653300 827
1653310 825
1653320 823
1653330 823
1653340 822
1653350 822
1653360 822
1653370 822
1653380 823
1653390 823
1653400 825
1653410 825
1653420 827
1653430 830
1653440 830
1653450 832
1653460 835
1653470 835
1653480 837
1653490 838
1653500 838
1653510 839
1653520 839
1653530 839
1653540 840
1653550 840
1653560 840
1653570 840
1653580 840
1653590 840
1653600 839
1653610 839
1653620 839
1653630 836
1653640 835
1653650 835
1653660 834
1653670 833
1653680 833
1653690 832
1653700 830
1653710 830
1653720 829
1653730 828
1653740 828
1653750 827
1653760 826
1653770 826
1653780 826
1653790 825
1653800 825
1653810 825
1653820 825
1653830 825
1653840 825
1653850 825
1653860 825
1653870 825
1653880 825
1653890 825
1653900 824
1653910 824
1653920 824
1653930 824
1653940 825
1653950 825
1653960 825
1653970 824
1653980 824
1653990 824
1654000 824
1654010 824
1654020 823
1654030 823
1654040 823
1654050 822
1654060 821
1654070 821
1654080 821
1654090 820
1654100 820
1654110 820
1654120 820
1654130 820
1654140 820
1654150 820
1654160 820
1654170 820
1654180 820
1654190 820
1654200 820
1654210 820
1654220 820
1654230 821
1654240 821
1654250 822
1654260 823
1654270 823
1654280 823
1654290 824
1654300 824
1654310 825
1654320 826
1654330 826
1654340 826
1654350 827
1654360 827
1654370 827
1654380 828
1654390 828
1654400 828
1654410 829
1654420 829
1654430 829
1654440 829
1654450 829
1654460 830
1654470 830
1654480 830
1654490 830
1654500 830
1654510 830
1654520 830
1654530 830
1654540 830
1654550 830
1654560 830
1654570 830
1654580 830
1654590 830
1654600 830
1654610 830
1654620 830
1654630 830
1654640 830
1654650 830
1654660 830
1654670 830
1654680 830
1654690 830
1654700 831
1654710 831
1654720 831
1654730 831
1654740 832
1654750 832
1654760 832
1654770 832
1654780 832
1654790 832
1654800 832
1654810 832
1654820 832
1654830 832
1654840 832
1654850 832
1654860 831
1654870 831
1654880 831
1654890 830
1654900 830
1654910 830
1654920 829
1654930 829
1654940 829
1654950 829
1654960 829
1654970 828
1654980 828
1654990 828
1655000 828
1655010 827
1655020 827
1655030 826
1655040 826
1655050 826
1655060 825
1655070 825
1655080 824
1655090 823
1655100 823
1655110 823
1655120 822
1655130 822
1655140 821
1655150 819
1655160 819
1655170 819
1655180 818
1655190 818
1655200 818
1655210 817
1655220 817
1655230 817
1655240 816
1655250 816
1655260 815
1655270 814
1655280 814
1655290 813
1655300 812
1655310 812
1655320 812
1655330 812
1655340 812
1655350 812
1655360 811
1655370 811
1655380 811
1655390 810
1655400 810
1655410 810
1655420 810
1655430 810
1655440 809
1655450 809
1655460 809
1655470 809
1655480 808
1655490 808
1655500 808
1655510 807
1655520 807
1655530 807
1655540 805
1655550 805
1655560 803
1655570 801
1655580 801
1655590 799
1655600 797
1655610 797
1655620 796
1655630 794
1655640 794
1655650 793
1655660 792
1655670 792
1655680 792
1655690 792
1655700 792
1655710 792
1655720 792
1655730 792
1655740 792
1655750 792
1655760 792
1655770 791
1655780 790
1655790 790
1655800 790
1655810 789
1655820 789
1655830 789
1655840 789
1655850 789
1655860 789
1655870 788
1655880 788
1655890 787
1655900 787
1655910 786
1655920 785
1655930 783
1655940 783
1655950 782
1655960 782
1655970 781
1655980 780
1655990 780
1656000 779
1656010 778
1656020 778
1656030 777
1656040 776
1656050 776
1656060 774
1656070 773
1656080 773
1656090 771
1656100 767
1656110 767
1656120 763
1656130 762
1656140 762
1656150 761
1656160 759
1656170 759
1656180 758
1656190 757
1656200 757
1656210 756
1656220 756
1656230 756
1656240 755
1656250 754
1656260 754
1656270 755
1656280 755
1656290 755
1656300 756
1656310 758
1656320 758
1656330 761
1656340 765
1656350 765
1656360 768
1656370 771
1656380 771
1656390 774
1656400 777
1656410 777
1656420 779
1656430 779
1656440 779
1656450 779
1656460 779
1656470 779
1656480 778
1656490 777
1656500 777
1656510 776
1656520 775
1656530 775
1656540 774
1656550 774
1656560 774
1656570 773
1656580 773
1656590 773
1656600 773
1656610 773
1656620 773
1656630 772
1656640 771
1656650 771
1656660 769
1656670 768
1656680 768
1656690 766
1656700 766
1656710 764
1656720 762
1656730 762
1656740 761
1656750 761
1656760 761
1656770 761
1656780 760
1656790 760
1656800 760
1656810 760
1656820 760
1656830 761
1656840 760
1656850 760
1656860 760
1656870 761
1656880 761
1656890 761
1656900 762
1656910 762
1656920 762
1656930 760
1656940 760
1656950 758
1656960 755
1656970 755
1656980 752
1656990 750
1657000 750
1657010 749
1657020 750
1657030 750
1657040 749
1657050 750
1657060 750
1657070 750
1657080 751
1657090 751
1657100 753
1657110 755
1657120 755
1657130 757
1657140 758
1657150 758
1657160 760
1657170 761
1657180 761
1657190 762
1657200 762
1657210 762
1657220 763
1657230 763
1657240 763
1657250 764
1657260 765
1657270 765
1657280 765
1657290 766
1657300 766
1657310 766
1657320 766
1657330 766
1657340 765
1657350 763
1657360 763
1657370 761
1657380 760
1657390 760
1657400 760
1657410 761
1657420 761
1657430 761
1657440 763
1657450 763
1657460 765
1657470 767
1657480 767
1657490 767
1657500 767
1657510 767
1657520 768
1657530 768
1657540 767
1657550 767
1657560 767
1657570 766
1657580 765
1657590 765
1657600 763
1657610 763
1657620 763
1657630 763
1657640 762
1657650 762
1657660 762
1657670 762
1657680 762
1657690 760
1657700 757
1657710 757
1657720 754
1657730 752
1657740 752
1657750 750
1657760 749
1657770 749
1657780 746
1657790 745
1657800 745
1657810 744
1657820 744
1657830 744
1657840 744
1657850 744
1657860 744
1657870 743
1657880 744
1657890 744
1657900 744
1657910 745
1657920 745
1657930 746
1657940 749
1657950 749
1657960 752
1657970 755
1657980 755
1657990 757
1658000 759
1658010 759
1658020 761
1658030 762
1658040 762
1658050 765
1658060 765
1658070 765
1658080 764
1658090 763
1658100 763
1658110 761
1658120 760
1658130 760
1658140 759
1658150 758
1658160 758
1658170 756
1658180 754
1658190 754
1658200 754
1658210 748
1658220 748
1658230 742
1658240 738
1658250 738
1658260 736
1658270 737
1658280 737
1658290 737
1658300 737
1658310 737
1658320 737
1658330 738
1658340 738
1658350 737
1658360 737
1658370 736
1658380 735
1658390 735
1658400 734
1658410 734
1658420 734
1658430 735
1658440 737
1658450 737
1658460 740
1658470 745
1658480 745
1658490 750
1658500 755
1658510 755
1658520 758
1658530 759
1658540 759
1658550 758
1658560 758
1658570 758
1658580 758
1658590 758
1658600 758
1658610 757
1658620 757
1658630 757
1658640 756
1658650 756
1658660 756
1658670 756
1658680 757
1658690 757
1658700 757
1658710 757
1658720 757
1658730 758
1658740 758
1658750 758
1658760 759
1658770 760
1658780 760
1658790 759
1658800 757
1658810 757
1658820 756
1658830 755
1658840 755
1658850 754
1658860 753
1658870 753
1658880 753
1658890 752
1658900 752
1658910 751
1658920 751
1658930 751
1658940 750
1658950 750
1658960 750
1658970 750
1658980 750
1658990 750
1659000 749
1659010 749
1659020 749
1659030 749
1659040 748
1659050 748
1659060 748
1659070 748
1659080 748
1659090 748
1659100 747
1659110 747
1659120 747
1659130 747
1659140 747
1659150 747
1659160 747
1659170 747
1659180 747
1659190 747
1659200 746
1659210 746
1659220 746
1659230 746
1659240 746
1659250 746
1659260 745
1659270 745
1659280 745
1659290 745
1659300 745
1659310 745
1659320 745
1659330 745
1659340 745
1659350 744
1659360 744
1659370 744
1659380 744
1659390 744
1659400 744
1659410 744
1659420 744
1659430 744
1659440 744
1659450 744
1659460 744
1659470 744
1659480 745
1659490 745
1659500 745
1659510 745
1659520 745
1659530 745
1659540 745
1659550 745
1659560 745
1659570 745
1659580 745
1659590 745
1659600 745
1659610 745
1659620 745
1659630 745
1659640 745
1659650 745
1659660 745
1659670 745
1659680 745
1659690 746
1659700 746
1659710 746
1659720 746
1659730 746
1659740 746
1659750 746
1659760 746
1659770 746
1659780 746
1659790 746
1659800 745
1659810 745
1659820 745
1659830 745
1659840 745
1659850 745
1659860 745
1659870 746
1659880 746
1659890 746
1659900 746
1659910 746
1659920 747
1659930 747
1659940 747
1659950 747
1659960 748
1659970 748
1659980 748
1659990 749
