1640000 963
1640010 965
1640020 965
1640030 965
1640040 966
1640050 966
1640060 966
1640070 966
1640080 966
1640090 966
1640100 967
1640110 967
1640120 968
1640130 968
1640140 968
1640150 968
1640160 967
1640170 967
1640180 967
1640190 967
1640200 967
1640210 967
1640220 967
1640230 967
1640240 967
1640250 967
1640260 967
1640270 967
1640280 967
1640290 967
1640300 968
1640310 968
1640320 968
1640330 969
1640340 969
1640350 970
1640360 971
1640370 971
1640380 972
1640390 973
1640400 973
1640410 974
1640420 976
1640430 976
1640440 976
1640450 977
1640460 977
1640470 977
1640480 978
1640490 978
1640500 978
1640510 978
1640520 978
1640530 978
1640540 978
1640550 978
1640560 978
1640570 978
1640580 978
1640590 978
1640600 978
1640610 978
1640620 977
1640630 977
1640640 977
1640650 976
1640660 976
1640670 976
1640680 975
1640690 974
1640700 974
1640710 974
1640720 973
1640730 973
1640740 973
1640750 972
1640760 972
1640770 972
1640780 971
1640790 971
1640800 971
1640810 970
1640820 970
1640830 969
1640840 968
1640850 968
1640860 967
1640870 967
1640880 967
1640890 966
1640900 965
1640910 965
1640920 965
1640930 964
1640940 964
1640950 963
1640960 963
1640970 963
1640980 962
1640990 961
1641000 961
1641010 961
1641020 960
1641030 960
1641040 959
1641050 959
1641060 958
1641070 958
1641080 958
1641090 957
1641100 957
1641110 957
1641120 956
1641130 955
1641140 955
1641150 955
1641160 954
1641170 954
1641180 954
1641190 953
1641200 953
1641210 952
1641220 951
1641230 951
1641240 951
1641250 950
1641260 950
1641270 949
1641280 948
1641290 948
1641300 947
1641310 947
1641320 947
1641330 946
1641340 945
1641350 945
1641360 943
1641370 942
1641380 942
1641390 941
1641400 939
1641410 939
1641420 939
1641430 937
1641440 937
1641450 936
1641460 934
1641470 934
1641480 933
1641490 932
1641500 932
1641510 930
1641520 929
1641530 929
1641540 928
1641550 926
1641560 926
1641570 925
1641580 923
1641590 923
1641600 922
1641610 921
1641620 921
1641630 919
1641640 918
1641650 918
1641660 917
1641670 916
1641680 916
1641690 915
1641700 915
1641710 915
1641720 914
1641730 913
1641740 913
1641750 912
1641760 911
1641770 911
1641780 910
1641790 907
1641800 907
1641810 903
1641820 903
1641830 902
1641840 902
1641850 902
1641860 903
1641870 903
1641880 903
1641890 902
1641900 897
1641910 897
1641920 892
1641930 887
1641940 887
1641950 882
1641960 878
1641970 878
1641980 874
1641990 870
1642000 870
1642010 867
1642020 863
1642030 863
1642040 859
1642050 856
1642060 856
1642070 857
1642080 858
1642090 858
1642100 859
1642110 861
1642120 861
1642130 862
1642140 865
1642150 865
1642160 868
1642170 871
1642180 871
1642190 874
1642200 878
1642210 878
1642220 884
1642230 887
1642240 887
1642250 891
1642260 896
1642270 896
1642280 902
1642290 907
1642300 907
1642310 911
1642320 914
1642330 914
1642340 915
1642350 917
1642360 917
1642370 918
1642380 919
1642390 919
1642400 920
1642410 921
1642420 921
1642430 923
1642440 924
1642450 924
1642460 925
1642470 927
1642480 927
1642490 929
1642500 930
1642510 930
1642520 932
1642530 932
1642540 932
1642550 934
1642560 936
1642570 936
1642580 937
1642590 937
1642600 938
1642610 938
1642620 938
1642630 940
1642640 941
1642650 941
1642660 943
1642670 944
1642680 944
1642690 945
1642700 946
1642710 946
1642720 947
1642730 948
1642740 948
1642750 949
1642760 950
1642770 950
1642780 951
1642790 952
1642800 952
1642810 953
1642820 953
1642830 953
1642840 954
1642850 954
1642860 954
1642870 954
1642880 954
1642890 954
1642900 954
1642910 954
1642920 954
1642930 955
1642940 955
1642950 955
1642960 953
1642970 953
1642980 953
1642990 955
1643000 954
1643010 954
1643020 953
1643030 953
1643040 953
1643050 952
1643060 952
1643070 952
1643080 951
1643090 951
1643100 951
1643110 950
1643120 949
1643130 949
1643140 949
1643150 948
1643160 948
1643170 948
1643180 948
1643190 948
1643200 947
1643210 946
1643220 946
1643230 946
1643240 946
1643250 946
1643260 946
1643270 945
1643280 945
1643290 945
1643300 945
1643310 945
1643320 945
1643330 945
1643340 945
1643350 945
1643360 945
1643370 944
1643380 944
1643390 944
1643400 944
1643410 944
1643420 944
1643430 945
1643440 944
1643450 944
1643460 944
1643470 943
1643480 943
1643490 943
1643500 943
1643510 943
1643520 942
1643530 942
1643540 942
1643550 942
1643560 942
1643570 942
1643580 941
1643590 941
1643600 941
1643610 941
1643620 940
1643630 940
1643640 940
1643650 939
1643660 939
1643670 939
1643680 938
1643690 938
1643700 938
1643710 937
1643720 937
1643730 937
1643740 936
1643750 936
1643760 935
1643770 934
1643780 934
1643790 934
1643800 933
1643810 933
1643820 932
1643830 931
1643840 931
1643850 930
1643860 931
1643870 931
1643880 930
1643890 930
1643900 930
1643910 930
1643920 930
1643930 930
1643940 931
1643950 931
1643960 931
1643970 931
1643980 932
1643990 933
1644000 933
1644010 934
1644020 934
1644030 934
1644040 934
1644050 934
1644060 935
1644070 935
1644080 935
1644090 936
1644100 937
1644110 937
1644120 938
1644130 938
1644140 939
1644150 939
1644160 939
1644170 940
1644180 941
1644190 941
1644200 942
1644210 943
1644220 943
1644230 944
1644240 944
1644250 944
1644260 945
1644270 946
1644280 946
1644290 948
1644300 949
1644310 949
1644320 950
1644330 951
1644340 951
1644350 952
1644360 954
1644370 954
1644380 955
1644390 957
1644400 957
1644410 959
1644420 961
1644430 961
1644440 962
1644450 964
1644460 964
1644470 965
1644480 966
1644490 966
1644500 967
1644510 969
1644520 969
1644530 972
1644540 975
1644550 975
1644560 977
1644570 979
1644580 979
1644590 980
1644600 981
1644610 981
1644620 982
1644630 983
1644640 983
1644650 984
1644660 984
1644670 984
1644680 984
1644690 984
1644700 984
1644710 984
1644720 984
1644730 984
1644740 984
1644750 984
1644760 984
1644770 984
1644780 983
1644790 983
1644800 983
1644810 983
1644820 983
1644830 982
1644840 982
1644850 982
1644860 982
1644870 982
1644880 982
1644890 981
1644900 981
1644910 981
1644920 981
1644930 981
1644940 981
1644950 981
1644960 981
1644970 982
1644980 982
1644990 982
1645000 982
1645010 980
1645020 980
1645030 978
1645040 975
1645050 975
1645060 972
1645070 970
1645080 970
1645090 968
1645100 966
1645110 966
1645120 965
1645130 964
1645140 964
1645150 963
1645160 961
1645170 961
1645180 959
1645190 958
1645200 958
1645210 957
1645220 955
1645230 955
1645240 954
1645250 953
1645260 953
1645270 951
1645280 949
1645290 949
1645300 947
1645310 946
1645320 946
1645330 946
1645340 945
1645350 945
1645360 944
1645370 944
1645380 944
1645390 943
1645400 943
1645410 943
1645420 942
1645430 942
1645440 942
1645450 941
1645460 941
1645470 941
1645480 941
1645490 940
1645500 940
1645510 940
1645520 940
1645530 940
1645540 939
1645550 939
1645560 939
1645570 939
1645580 938
1645590 938
1645600 938
1645610 938
1645620 938
1645630 938
1645640 938
1645650 938
1645660 937
1645670 937
1645680 937
1645690 936
1645700 936
1645710 936
1645720 936
1645730 936
1645740 936
1645750 935
1645760 935
1645770 935
1645780 935
1645790 935
1645800 935
1645810 935
1645820 935
1645830 935
1645840 935
1645850 935
1645860 935
1645870 934
1645880 934
1645890 934
1645900 934
1645910 934
1645920 934
1645930 934
1645940 934
1645950 934
1645960 933
1645970 933
1645980 933
1645990 933
1646000 933
1646010 933
1646020 933
1646030 933
1646040 933
1646050 933
1646060 933
1646070 933
1646080 933
1646090 933
1646100 933
1646110 933
1646120 933
1646130 934
1646140 934
1646150 934
1646160 934
1646170 935
1646180 935
1646190 935
1646200 936
1646210 936
1646220 937
1646230 939
1646240 939
1646250 940
1646260 940
1646270 940
1646280 941
1646290 941
1646300 941
1646310 942
1646320 942
1646330 942
1646340 942
1646350 943
1646360 943
1646370 944
1646380 944
1646390 944
1646400 945
1646410 945
1646420 945
1646430 945
1646440 945
1646450 946
1646460 946
1646470 946
1646480 946
1646490 947
1646500 947
1646510 947
1646520 947
1646530 947
1646540 948
1646550 948
1646560 948
1646570 948
1646580 949
1646590 949
1646600 949
1646610 950
1646620 950
1646630 951
1646640 951
1646650 951
1646660 952
1646670 953
1646680 953
1646690 954
1646700 955
1646710 955
1646720 955
1646730 956
1646740 956
1646750 957
1646760 957
1646770 957
1646780 958
1646790 958
1646800 958
1646810 959
1646820 959
1646830 959
1646840 960
1646850 961
1646860 961
1646870 962
1646880 962
1646890 962
1646900 963
1646910 963
1646920 963
1646930 963
1646940 964
1646950 964
1646960 964
1646970 965
1646980 965
1646990 966
1647000 966
1647010 966
1647020 967
1647030 968
1647040 968
1647050 968
1647060 968
1647070 968
1647080 969
1647090 969
1647100 969
1647110 970
1647120 970
1647130 970
1647140 971
1647150 971
1647160 971
1647170 972
1647180 972
1647190 972
1647200 972
1647210 972
1647220 972
1647230 973
1647240 973
1647250 974
1647260 974
1647270 974
1647280 974
1647290 975
1647300 975
1647310 975
1647320 975
1647330 975
1647340 976
1647350 976
1647360 976
1647370 976
1647380 976
1647390 976
1647400 976
1647410 977
1647420 977
1647430 977
1647440 977
1647450 977
1647460 977
1647470 977
1647480 977
1647490 977
1647500 976
1647510 976
1647520 976
1647530 975
1647540 975
1647550 974
1647560 974
1647570 974
1647580 973
1647590 971
1647600 971
1647610 970
1647620 969
1647630 969
1647640 967
1647650 966
1647660 966
1647670 964
1647680 962
1647690 962
1647700 959
1647710 957
1647720 957
1647730 954
1647740 951
1647750 951
1647760 947
1647770 944
1647780 944
1647790 942
1647800 939
1647810 939
1647820 938
1647830 937
1647840 937
1647850 936
1647860 934
1647870 934
1647880 933
1647890 931
1647900 931
1647910 930
1647920 929
1647930 929
1647940 927
1647950 926
1647960 926
1647970 924
1647980 924
1647990 923
1648000 922
1648010 922
1648020 921
1648030 920
1648040 920
1648050 919
1648060 917
1648070 917
1648080 916
1648090 914
1648100 914
1648110 913
1648120 911
1648130 911
1648140 908
1648150 907
1648160 907
1648170 906
1648180 905
1648190 905
1648200 903
1648210 901
1648220 901
1648230 900
1648240 900
1648250 900
1648260 899
1648270 897
1648280 897
1648290 894
1648300 891
1648310 891
1648320 887
1648330 884
1648340 884
1648350 883
1648360 882
1648370 882
1648380 881
1648390 880
1648400 880
1648410 879
1648420 879
1648430 879
1648440 878
1648450 878
1648460 878
1648470 878
1648480 879
1648490 879
1648500 879
1648510 879
1648520 879
1648530 880
1648540 880
1648550 880
1648560 881
1648570 881
1648580 881
1648590 882
1648600 880
1648610 880
1648620 876
1648630 874
1648640 874
1648650 872
1648660 869
1648670 869
1648680 865
1648690 860
1648700 860
1648710 854
1648720 849
1648730 849
1648740 845
1648750 845
1648760 841
1648770 837
1648780 837
1648790 834
1648800 830
1648810 830
1648820 827
1648830 828
1648840 828
1648850 828
1648860 828
1648870 828
1648880 828
1648890 828
1648900 828
1648910 826
1648920 824
1648930 824
1648940 823
1648950 822
1648960 822
1648970 822
1648980 820
1648990 820
1649000 819
1649010 820
1649020 820
1649030 818
1649040 816
1649050 816
1649060 813
1649070 809
1649080 809
1649090 807
1649100 805
1649110 805
1649120 804
1649130 803
1649140 803
1649150 802
1649160 801
1649170 801
1649180 800
1649190 799
1649200 799
1649210 799
1649220 796
1649230 796
1649240 794
1649250 792
1649260 792
1649270 790
1649280 789
1649290 789
1649300 787
1649310 787
1649320 787
1649330 786
1649340 786
1649350 786
1649360 784
1649370 783
1649380 783
1649390 782
1649400 781
1649410 781
1649420 782
1649430 783
1649440 783
1649450 784
1649460 784
1649470 784
1649480 783
1649490 782
1649500 782
1649510 782
1649520 782
1649530 782
1649540 781
1649550 781
1649560 778
1649570 777
1649580 777
1649590 775
1649600 772
1649610 772
1649620 772
1649630 772
1649640 772
1649650 773
1649660 774
1649670 774
1649680 776
1649690 777
1649700 777
1649710 779
1649720 780
1649730 780
1649740 781
1649750 780
1649760 780
1649770 779
1649780 777
1649790 777
1649800 776
1649810 774
1649820 774
1649830 772
1649840 770
1649850 770
1649860 767
1649870 764
1649880 764
1649890 761
1649900 757
1649910 757
1649920 752
1649930 750
1649940 750
1649950 749
1649960 749
1649970 749
1649980 748
1649990 746
1650000 746
1650010 747
1650020 751
1650030 751
1650040 755
1650050 759
1650060 759
1650070 763
1650080 769
1650090 769
1650100 774
1650110 778
1650120 778
1650130 781
1650140 783
1650150 783
1650160 784
1650170 785
1650180 785
1650190 784
1650200 783
1650210 783
1650220 782
1650230 781
1650240 781
1650250 780
1650260 782
1650270 782
1650280 784
1650290 784
1650300 787
1650310 790
1650320 790
1650330 794
1650340 798
1650350 798
1650360 802
1650370 803
1650380 803
1650390 804
1650400 806
1650410 802
1650420 803
1650430 805
1650440 805
1650450 807
1650460 810
1650470 810
1650480 812
1650490 814
1650500 814
1650510 817
1650520 819
1650530 819
1650540 821
1650550 822
1650560 822
1650570 823
1650580 823
1650590 823
1650600 823
1650610 821
1650620 821
1650630 819
1650640 814
1650650 814
1650660 810
1650670 807
1650680 807
1650690 803
1650700 798
1650710 798
1650720 793
1650730 789
1650740 789
1650750 785
1650760 781
1650770 781
1650780 778
1650790 775
1650800 775
1650810 772
1650820 769
1650830 769
1650840 767
1650850 763
1650860 763
1650870 762
1650880 759
1650890 759
1650900 755
1650910 751
1650920 751
1650930 746
1650940 741
1650950 741
1650960 736
1650970 732
1650980 732
1650990 729
1651000 723
1651010 723
1651020 718
1651030 716
1651040 716
1651050 716
1651060 716
1651070 716
1651080 717
1651090 717
1651100 720
1651110 724
1651120 724
1651130 726
1651140 728
1651150 728
1651160 730
1651170 731
1651180 731
1651190 730
1651200 729
1651210 729
1651220 726
1651230 725
1651240 725
1651250 727
1651260 730
1651270 730
1651280 733
1651290 735
1651300 735
1651310 736
1651320 737
1651330 737
1651340 738
1651350 738
1651360 738
1651370 738
1651380 739
1651390 739
1651400 738
1651410 737
1651420 737
1651430 735
1651440 733
1651450 733
1651460 732
1651470 730
1651480 730
1651490 729
1651500 729
1651510 729
1651520 732
1651530 735
1651540 735
1651550 739
1651560 742
1651570 742
1651580 743
1651590 744
1651600 744
1651610 743
1651620 742
1651630 742
1651640 741
1651650 740
1651660 740
1651670 738
1651680 736
1651690 736
1651700 735
1651710 736
1651720 736
1651730 737
1651740 737
1651750 737
1651760 738
1651770 739
1651780 739
1651790 741
1651800 744
1651810 744
1651820 747
1651830 747
1651840 750
1651850 751
1651860 751
1651870 753
1651880 754
1651890 754
1651900 755
1651910 755
1651920 755
1651930 756
1651940 758
1651950 758
1651960 758
1651970 759
1651980 761
1651990 763
1652000 766
1652010 766
1652020 768
1652030 770
1652040 770
1652050 772
1652060 773
1652070 773
1652080 772
1652090 772
1652100 772
1652110 774
1652120 777
1652130 777
1652140 781
1652150 783
1652160 783
1652170 785
1652180 788
1652190 788
1652200 790
1652210 791
1652220 791
1652230 793
1652240 794
1652250 794
1652260 797
1652270 799
1652280 799
1652290 800
1652300 803
1652310 803
1652320 804
1652330 803
1652340 803
1652350 801
1652360 800
1652370 800
1652380 802
1652390 803
1652400 803
1652410 805
1652420 806
1652430 806
1652440 808
1652450 810
1652460 810
1652470 813
1652480 817
1652490 817
1652500 822
1652510 828
1652520 828
1652530 832
1652540 835
1652550 835
1652560 837
1652570 841
1652580 841
1652590 842
1652600 842
1652610 842
1652620 840
1652630 840
1652640 839
1652650 837
1652660 837
1652670 836
1652680 835
1652690 835
1652700 834
1652710 833
1652720 833
1652730 833
1652740 833
1652750 833
1652760 833
1652770 833
1652780 833
1652790 833
1652800 834
1652810 834
1652820 834
1652830 835
1652840 835
1652850 835
1652860 834
1652870 834
1652880 833
1652890 830
1652900 830
1652910 829
1652920 828
1652930 828
1652940 826
1652950 824
1652960 824
1652970 823
1652980 823
1652990 823
1653000 823
1653010 822
1653020 822
1653030 822
1653040 821
1653050 821
1653060 820
1653070 820
1653080 820
1653090 820
1653100 820
1653110 820
1653120 820
1653130 820
1653140 820
1653150 820
1653160 820
1653170 820
1653180 819
1653190 818
1653200 818
1653210 818
1653220 817
1653230 817
1653240 818
1653250 819
1653260 819
1653270 819
1653280 818
1653290 818
1653300 818
1653310 818
1653320 818
1653330 818
1653340 817
1653350 817
1653360 817
1653370 817
1653380 816
1653390 816
1653400 816
1653410 815
1653420 814
1653430 814
1653440 813
1653450 811
1653460 811
1653470 809
1653480 807
1653490 807
1653500 805
1653510 803
1653520 803
1653530 799
1653540 798
1653550 798
1653560 796
1653570 795
1653580 795
1653590 793
1653600 792
1653610 792
1653620 790
1653630 789
1653640 789
1653650 788
1653660 787
1653670 787
1653680 786
1653690 785
1653700 785
1653710 783
1653720 781
1653730 781
1653740 779
1653750 777
1653760 777
1653770 777
1653780 777
1653790 777
1653800 777
1653810 778
1653820 778
1653830 780
1653840 785
1653850 785
1653860 789
1653870 791
1653880 791
1653890 792
1653900 790
1653910 790
1653920 790
1653930 790
1653940 790
1653950 791
1653960 793
1653970 793
1653980 795
1653990 798
1654000 798
1654010 800
1654020 803
1654030 803
1654040 806
1654050 810
1654060 810
1654070 813
1654080 815
1654090 815
1654100 818
1654110 819
1654120 819
1654130 820
1654140 820
1654150 819
1654160 819
1654170 819
1654180 818
1654190 818
1654200 818
1654210 818
1654220 817
1654230 817
1654240 817
1654250 817
1654260 817
1654270 816
1654280 815
1654290 815
1654300 814
1654310 814
1654320 814
1654330 814
1654340 814
1654350 814
1654360 814
1654370 814
1654380 814
1654390 814
1654400 814
1654410 814
1654420 814
1654430 814
1654440 814
1654450 813
1654460 813
1654470 813
1654480 812
1654490 812
1654500 812
1654510 811
1654520 811
1654530 811
1654540 810
1654550 810
1654560 810
1654570 810
1654580 810
1654590 810
1654600 811
1654610 813
1654620 813
1654630 812
1654640 812
1654650 812
1654660 812
1654670 811
1654680 811
1654690 811
1654700 811
1654710 811
1654720 811
1654730 811
1654740 811
1654750 810
1654760 809
1654770 809
1654780 808
1654790 807
1654800 807
1654810 806
1654820 805
1654830 805
1654840 804
1654850 804
1654860 804
1654870 803
1654880 802
1654890 802
1654900 802
1654910 802
1654920 801
1654930 801
1654940 801
1654950 800
1654960 800
1654970 800
1654980 800
1654990 799
1655000 799
1655010 799
1655020 799
1655030 799
1655040 799
1655050 799
1655060 799
1655070 802
1655080 802
1655090 802
1655100 803
1655110 804
1655120 804
1655130 805
1655140 807
1655150 807
1655160 808
1655170 809
1655180 809
1655190 809
1655200 808
1655210 808
1655220 807
1655230 806
1655240 806
1655250 805
1655260 804
1655270 804
1655280 804
1655290 803
1655300 803
1655310 802
1655320 802
1655330 802
1655340 800
1655350 799
1655360 799
1655370 797
1655380 796
1655390 796
1655400 795
1655410 794
1655420 794
1655430 793
1655440 792
1655450 792
1655460 791
1655470 790
1655480 790
1655490 789
1655500 788
1655510 788
1655520 787
1655530 787
1655540 787
1655550 786
1655560 785
1655570 785
1655580 784
1655590 783
1655600 783
1655610 782
1655620 781
1655630 781
1655640 781
1655650 780
1655660 780
1655670 779
1655680 779
1655690 778
1655700 777
1655710 777
1655720 776
1655730 775
1655740 775
1655750 774
1655760 773
1655770 773
1655780 773
1655790 772
1655800 772
1655810 771
1655820 771
1655830 771
1655840 771
1655850 770
1655860 770
1655870 770
1655880 769
1655890 769
1655900 769
1655910 769
1655920 769
1655930 769
1655940 768
1655950 768
1655960 768
1655970 768
1655980 768
1655990 768
1656000 768
1656010 768
1656020 767
1656030 766
1656040 766
1656050 765
1656060 764
1656070 764
1656080 762
1656090 760
1656100 760
1656110 758
1656120 758
1656130 758
1656140 757
1656150 758
1656160 758
1656170 762
1656180 765
1656190 765
1656200 766
1656210 766
1656220 766
1656230 765
1656240 765
1656250 765
1656260 764
1656270 764
1656280 764
1656290 764
1656300 764
1656310 764
1656320 764
1656330 764
1656340 764
1656350 764
1656360 764
1656370 764
1656380 765
1656390 764
1656400 764
1656410 764
1656420 764
1656430 764
1656440 764
1656450 764
1656460 765
1656470 765
1656480 765
1656490 765
1656500 766
1656510 766
1656520 766
1656530 767
1656540 767
1656550 768
1656560 771
1656570 771
1656580 772
1656590 772
1656600 772
1656610 772
1656620 770
1656630 770
1656640 769
1656650 768
1656660 768
1656670 768
1656680 768
1656690 768
1656700 769
1656710 768
1656720 768
1656730 768
1656740 767
1656750 767
1656760 766
1656770 765
1656780 765
1656790 764
1656800 763
1656810 763
1656820 762
1656830 761
1656840 761
1656850 760
1656860 759
1656870 759
1656880 759
1656890 758
1656900 758
1656910 758
1656920 757
1656930 757
1656940 756
1656950 755
1656960 755
1656970 754
1656980 752
1656990 752
1657000 751
1657010 750
1657020 750
1657030 749
1657040 747
1657050 747
1657060 746
1657070 744
1657080 744
1657090 743
1657100 742
1657110 742
1657120 741
1657130 740
1657140 740
1657150 739
1657160 738
1657170 738
1657180 736
1657190 736
1657200 734
1657210 733
1657220 733
1657230 732
1657240 731
1657250 731
1657260 730
1657270 730
1657280 730
1657290 730
1657300 730
1657310 730
1657320 731
1657330 733
1657340 733
1657350 735
1657360 738
1657370 738
1657380 740
1657390 741
1657400 741
1657410 742
1657420 742
1657430 742
1657440 741
1657450 740
1657460 740
1657470 739
1657480 739
1657490 739
1657500 738
1657510 737
1657520 737
1657530 736
1657540 735
1657550 735
1657560 733
1657570 732
1657580 732
1657590 731
1657600 730
1657610 730
1657620 729
1657630 727
1657640 727
1657650 726
1657660 723
1657670 723
1657680 720
1657690 717
1657700 717
1657710 715
1657720 714
1657730 714
1657740 711
1657750 707
1657760 707
1657770 707
1657780 707
1657790 707
1657800 707
1657810 708
1657820 708
1657830 713
1657840 718
1657850 718
1657860 723
1657870 726
1657880 726
1657890 729
1657900 731
1657910 731
1657920 733
1657930 734
1657940 734
1657950 734
1657960 734
1657970 733
1657980 732
1657990 732
1658000 733
1658010 736
1658020 736
1658030 738
1658040 738
1658050 738
1658060 738
1658070 737
1658080 737
1658090 737
1658100 737
1658110 734
1658120 734
1658130 734
1658140 734
1658150 735
1658160 735
1658170 735
1658180 735
1658190 736
1658200 736
1658210 737
1658220 737
1658230 737
1658240 738
1658250 739
1658260 739
1658270 739
1658280 740
1658290 740
1658300 740
1658310 741
1658320 741
1658330 742
1658340 742
1658350 742
1658360 742
1658370 743
1658380 743
1658390 743
1658400 743
1658410 743
1658420 743
1658430 743
1658440 743
1658450 742
1658460 741
1658470 741
1658480 741
1658490 740
1658500 740
1658510 739
1658520 738
1658530 738
1658540 737
1658550 736
1658560 736
1658570 736
1658580 735
1658590 735
1658600 735
1658610 735
1658620 735
1658630 735
1658640 735
1658650 735
1658660 734
1658670 734
1658680 734
1658690 733
1658700 732
1658710 732
1658720 732
1658730 732
1658740 731
1658750 729
1658760 729
1658770 729
1658780 728
1658790 728
1658800 727
1658810 726
1658820 726
1658830 725
1658840 725
1658850 725
1658860 725
1658870 724
1658880 724
1658890 724
1658900 723
1658910 723
1658920 722
1658930 722
1658940 722
1658950 721
1658960 721
1658970 721
1658980 720
1658990 719
1659000 719
1659010 718
1659020 717
1659030 717
1659040 717
1659050 716
1659060 716
1659070 715
1659080 714
1659090 714
1659100 713
1659110 712
1659120 712
1659130 712
1659140 711
1659150 711
1659160 710
1659170 709
1659180 709
1659190 708
1659200 707
1659210 707
1659220 706
1659230 706
1659240 706
1659250 705
1659260 705
1659270 705
1659280 704
1659290 702
1659300 702
1659310 701
1659320 700
1659330 700
1659340 699
1659350 699
1659360 699
1659370 698
1659380 696
1659390 696
1659400 694
1659410 693
1659420 693
1659430 693
1659440 693
1659450 693
1659460 693
1659470 692
1659480 692
1659490 691
1659500 691
1659510 690
1659520 689
1659530 689
1659540 688
1659550 688
1659560 688
1659570 687
1659580 683
1659590 683
1659600 678
1659610 673
1659620 673
1659630 672
1659640 673
1659650 673
1659660 676
1659670 680
1659680 680
1659690 685
1659700 691
1659710 691
1659720 695
1659730 697
1659740 697
1659750 701
1659760 703
1659770 703
1659780 703
1659790 703
1659800 703
1659810 703
1659820 702
1659830 702
1659840 702
1659850 701
1659860 701
1659870 701
1659880 701
1659890 701
1659900 701
1659910 700
1659920 700
1659930 700
1659940 700
1659950 700
1659960 700
1659970 700
1659980 700
1659990 699
