1640000 901
1640010 902
1640020 902
1640030 902
1640040 903
1640050 905
1640060 905
1640070 906
1640080 906
1640090 908
1640100 910
1640110 910
1640120 913
1640130 915
1640140 915
1640150 918
1640160 922
1640170 922
1640180 925
1640190 927
1640200 927
1640210 928
1640220 930
1640230 930
1640240 929
1640250 929
1640260 929
1640270 928
1640280 927
1640290 927
1640300 926
1640310 925
1640320 925
1640330 925
1640340 926
1640350 926
1640360 926
1640370 927
1640380 927
1640390 927
1640400 927
1640410 927
1640420 927
1640430 928
1640440 928
1640450 929
1640460 930
1640470 930
1640480 932
1640490 933
1640500 933
1640510 934
1640520 934
1640530 934
1640540 937
1640550 935
1640560 935
1640570 934
1640580 934
1640590 934
1640600 933
1640610 932
1640620 932
1640630 931
1640640 930
1640650 930
1640660 928
1640670 926
1640680 926
1640690 924
1640700 923
1640710 923
1640720 921
1640730 920
1640740 920
1640750 919
1640760 919
1640770 918
1640780 917
1640790 917
1640800 916
1640810 916
1640820 916
1640830 915
1640840 915
1640850 915
1640860 915
1640870 917
1640880 917
1640890 917
1640900 918
1640910 918
1640920 921
1640930 923
1640940 923
1640950 925
1640960 927
1640970 927
1640980 928
1640990 927
1641000 927
1641010 925
1641020 924
1641030 924
1641040 921
1641050 919
1641060 919
1641070 919
1641080 918
1641090 918
1641100 919
1641110 919
1641120 919
1641130 921
1641140 923
1641150 923
1641160 924
1641170 920
1641180 920
1641190 916
1641200 912
1641210 912
1641220 911
1641230 907
1641240 907
1641250 901
1641260 895
1641270 895
1641280 888
1641290 883
1641300 883
1641310 879
1641320 874
1641330 874
1641340 870
1641350 867
1641360 867
1641370 864
1641380 861
1641390 861
1641400 859
1641410 857
1641420 857
1641430 855
1641440 855
1641450 852
1641460 850
1641470 850
1641480 849
1641490 847
1641500 847
1641510 846
1641520 845
1641530 845
1641540 844
1641550 843
1641560 843
1641570 841
1641580 840
1641590 840
1641600 839
1641610 839
1641620 839
1641630 839
1641640 837
1641650 837
1641660 836
1641670 834
1641680 834
1641690 832
1641700 832
1641710 832
1641720 831
1641730 830
1641740 830
1641750 829
1641760 828
1641770 828
1641780 827
1641790 827
1641800 827
1641810 826
1641820 826
1641830 826
1641840 826
1641850 825
1641860 825
1641870 825
1641880 825
1641890 825
1641900 825
1641910 825
1641920 825
1641930 825
1641940 826
1641950 826
1641960 827
1641970 828
1641980 828
1641990 829
1642000 831
1642010 831
1642020 832
1642030 833
1642040 833
1642050 835
1642060 836
1642070 836
1642080 837
1642090 836
1642100 836
1642110 833
1642120 833
1642130 832
1642140 831
1642150 831
1642160 830
1642170 827
1642180 827
1642190 825
1642200 825
1642210 825
1642220 823
1642230 821
1642240 821
1642250 819
1642260 816
1642270 816
1642280 814
1642290 811
1642300 811
1642310 810
1642320 809
1642330 809
1642340 807
1642350 806
1642360 806
1642370 804
1642380 803
1642390 803
1642400 802
1642410 801
1642420 801
1642430 800
1642440 799
1642450 799
1642460 798
1642470 798
1642480 798
1642490 797
1642500 796
1642510 796
1642520 796
1642530 795
1642540 795
1642550 794
1642560 794
1642570 794
1642580 793
1642590 793
1642600 793
1642610 792
1642620 791
1642630 791
1642640 790
1642650 790
1642660 790
1642670 790
1642680 791
1642690 791
1642700 792
1642710 793
1642720 793
1642730 793
1642740 793
1642750 793
1642760 792
1642770 790
1642780 790
1642790 791
1642800 791
1642810 791
1642820 791
1642830 791
1642840 791
1642850 791
1642860 791
1642870 790
1642880 788
1642890 788
1642900 786
1642910 785
1642920 785
1642930 785
1642940 784
1642950 784
1642960 781
1642970 780
1642980 780
1642990 780
1643000 780
1643010 780
1643020 780
1643030 783
1643040 783
1643050 784
1643060 784
1643070 784
1643080 783
1643090 783
1643100 783
1643110 783
1643120 783
1643130 783
1643140 782
1643150 782
1643160 782
1643170 780
1643180 779
1643190 779
1643200 777
1643210 775
1643220 775
1643230 773
1643240 771
1643250 771
1643260 769
1643270 766
1643280 766
1643290 763
1643300 759
1643310 759
1643320 756
1643330 753
1643340 753
1643350 750
1643360 747
1643370 747
1643380 747
1643390 746
1643400 746
1643410 744
1643420 743
1643430 743
1643440 746
1643450 749
1643460 749
1643470 752
1643480 752
1643490 755
1643500 757
1643510 757
1643520 759
1643530 760
1643540 760
1643550 760
1643560 759
1643570 759
1643580 758
1643590 756
1643600 756
1643610 754
1643620 751
1643630 751
1643640 748
1643650 745
1643660 745
1643670 742
1643680 739
1643690 739
1643700 737
1643710 734
1643720 734
1643730 731
1643740 729
1643750 729
1643760 726
1643770 724
1643780 724
1643790 722
1643800 720
1643810 720
1643820 719
1643830 717
1643840 717
1643850 717
1643860 714
1643870 714
1643880 713
1643890 713
1643900 713
1643910 712
1643920 712
1643930 712
1643940 712
1643950 712
1643960 712
1643970 712
1643980 713
1643990 713
1644000 713
1644010 714
1644020 714
1644030 714
1644040 713
1644050 713
1644060 711
1644070 710
1644080 710
1644090 708
1644100 705
1644110 705
1644120 701
1644130 697
1644140 697
1644150 693
1644160 693
1644170 688
1644180 683
1644190 683
1644200 681
1644210 683
1644220 683
1644230 686
1644240 690
1644250 690
1644260 695
1644270 699
1644280 699
1644290 703
1644300 706
1644310 706
1644320 710
1644330 712
1644340 712
1644350 715
1644360 717
1644370 717
1644380 719
1644390 721
1644400 721
1644410 723
1644420 725
1644430 725
1644440 725
1644450 725
1644460 725
1644470 725
1644480 725
1644490 725
1644500 725
1644510 724
1644520 724
1644530 724
1644540 723
1644550 723
1644560 721
1644570 721
1644580 721
1644590 722
1644600 723
1644610 723
1644620 723
1644630 724
1644640 724
1644650 724
1644660 724
1644670 726
1644680 725
1644690 725
1644700 725
1644710 724
1644720 724
1644730 724
1644740 723
1644750 723
1644760 723
1644770 723
1644780 723
1644790 723
1644800 723
1644810 723
1644820 723
1644830 724
1644840 724
1644850 725
1644860 726
1644870 726
1644880 728
1644890 728
1644900 728
1644910 729
1644920 729
1644930 729
1644940 730
1644950 731
1644960 731
1644970 731
1644980 733
1644990 733
1645000 734
1645010 735
1645020 735
1645030 736
1645040 737
1645050 737
1645060 739
1645070 739
1645080 739
1645090 739
1645100 740
1645110 740
1645120 740
1645130 741
1645140 741
1645150 740
1645160 740
1645170 740
1645180 739
1645190 739
1645200 739
1645210 738
1645220 737
1645230 737
1645240 736
1645250 736
1645260 736
1645270 734
1645280 732
1645290 732
1645300 729
1645310 726
1645320 726
1645330 724
1645340 721
1645350 721
1645360 718
1645370 715
1645380 715
1645390 712
1645400 710
1645410 710
1645420 709
1645430 711
1645440 711
1645450 713
1645460 715
1645470 715
1645480 719
1645490 722
1645500 722
1645510 725
1645520 725
1645530 728
1645540 730
1645550 730
1645560 732
1645570 735
1645580 735
1645590 737
1645600 739
1645610 739
1645620 740
1645630 741
1645640 741
1645650 742
1645660 742
1645670 742
1645680 740
1645690 738
1645700 738
1645710 737
1645720 735
1645730 735
1645740 733
1645750 732
1645760 732
1645770 730
1645780 729
1645790 729
1645800 728
1645810 726
1645820 726
1645830 726
1645840 724
1645850 724
1645860 723
1645870 722
1645880 722
1645890 721
1645900 719
1645910 719
1645920 717
1645930 716
1645940 716
1645950 713
1645960 711
1645970 711
1645980 708
1645990 706
1646000 706
1646010 704
1646020 702
1646030 702
1646040 701
1646050 701
1646060 701
1646070 702
1646080 702
1646090 702
1646100 703
1646110 703
1646120 703
1646130 704
1646140 704
1646150 704
1646160 705
1646170 705
1646180 705
1646190 705
1646200 705
1646210 705
1646220 705
1646230 705
1646240 704
1646250 703
1646260 703
1646270 701
1646280 699
1646290 699
1646300 697
1646310 695
1646320 695
1646330 693
1646340 692
1646350 692
1646360 691
1646370 691
1646380 691
1646390 690
1646400 692
1646410 692
1646420 697
1646430 703
1646440 703
1646450 707
1646460 711
1646470 711
1646480 715
1646490 718
1646500 718
1646510 719
1646520 721
1646530 721
1646540 722
1646550 724
1646560 724
1646570 726
1646580 728
1646590 728
1646600 731
1646610 734
1646620 734
1646630 736
1646640 740
1646650 740
1646660 744
1646670 748
1646680 748
1646690 752
1646700 755
1646710 755
1646720 758
1646730 759
1646740 759
1646750 761
1646760 762
1646770 762
1646780 764
1646790 766
1646800 766
1646810 769
1646820 770
1646830 770
1646840 771
1646850 773
1646860 773
1646870 775
1646880 775
1646890 775
1646900 775
1646910 775
1646920 775
1646930 775
1646940 775
1646950 775
1646960 776
1646970 776
1646980 776
1646990 776
1647000 776
1647010 777
1647020 778
1647030 778
1647040 779
1647050 780
1647060 780
1647070 780
1647080 780
1647090 780
1647100 781
1647110 780
1647120 780
1647130 780
1647140 779
1647150 779
1647160 779
1647170 779
1647180 779
1647190 779
1647200 778
1647210 778
1647220 776
1647230 774
1647240 774
1647250 773
1647260 771
1647270 771
1647280 769
1647290 766
1647300 766
1647310 763
1647320 761
1647330 761
1647340 758
1647350 756
1647360 756
1647370 754
1647380 752
1647390 752
1647400 750
1647410 748
1647420 748
1647430 745
1647440 742
1647450 742
1647460 740
1647470 739
1647480 739
1647490 737
1647500 736
1647510 736
1647520 737
1647530 737
1647540 737
1647550 737
1647560 737
1647570 737
1647580 737
1647590 737
1647600 737
1647610 737
1647620 737
1647630 738
1647640 738
1647650 738
1647660 740
1647670 742
1647680 742
1647690 743
1647700 744
1647710 744
1647720 745
1647730 745
1647740 745
1647750 746
1647760 747
1647770 747
1647780 748
1647790 750
1647800 750
1647810 752
1647820 754
1647830 754
1647840 755
1647850 756
1647860 756
1647870 757
1647880 757
1647890 757
1647900 757
1647910 756
1647920 756
1647930 756
1647940 756
1647950 756
1647960 755
1647970 755
1647980 755
1647990 755
1648000 755
1648010 755
1648020 755
1648030 755
1648040 755
1648050 754
1648060 754
1648070 754
1648080 754
1648090 753
1648100 753
1648110 752
1648120 752
1648130 752
1648140 751
1648150 751
1648160 751
1648170 750
1648180 748
1648190 748
1648200 747
1648210 745
1648220 745
1648230 744
1648240 744
1648250 743
1648260 742
1648270 742
1648280 741
1648290 740
1648300 740
1648310 740
1648320 740
1648330 740
1648340 740
1648350 740
1648360 740
1648370 740
1648380 740
1648390 740
1648400 740
1648410 740
1648420 740
1648430 740
1648440 740
1648450 740
1648460 739
1648470 738
1648480 738
1648490 735
1648500 733
1648510 733
1648520 732
1648530 734
1648540 734
1648550 736
1648560 737
1648570 737
1648580 739
1648590 741
1648600 741
1648610 742
1648620 742
1648630 742
1648640 742
1648650 743
1648660 743
1648670 744
1648680 745
1648690 745
1648700 749
1648710 750
1648720 750
1648730 751
1648740 752
1648750 752
1648760 754
1648770 756
1648780 756
1648790 757
1648800 760
1648810 760
1648820 761
1648830 762
1648840 762
1648850 762
1648860 762
1648870 762
1648880 762
1648890 761
1648900 761
1648910 761
1648920 761
1648930 760
1648940 759
1648950 759
1648960 757
1648970 757
1648980 757
1648990 756
1649000 755
1649010 755
1649020 754
1649030 753
1649040 753
1649050 751
1649060 751
1649070 751
1649080 750
1649090 749
1649100 749
1649110 747
1649120 745
1649130 745
1649140 743
1649150 740
1649160 740
1649170 737
1649180 736
1649190 736
1649200 736
1649210 736
1649220 736
1649230 737
1649240 738
1649250 738
1649260 742
1649270 744
1649280 744
1649290 748
1649300 750
1649310 750
1649320 751
1649330 752
1649340 752
1649350 753
1649360 754
1649370 754
1649380 755
1649390 756
1649400 756
1649410 756
1649420 755
1649430 755
1649440 753
1649450 752
1649460 752
1649470 750
1649480 748
1649490 748
1649500 749
1649510 748
1649520 748
1649530 746
1649540 744
1649550 744
1649560 742
1649570 739
1649580 739
1649590 737
1649600 737
1649610 734
1649620 730
1649630 730
1649640 727
1649650 724
1649660 724
1649670 721
1649680 718
1649690 718
1649700 716
1649710 715
1649720 715
1649730 715
1649740 716
1649750 716
1649760 720
1649770 721
1649780 721
1649790 722
1649800 722
1649810 722
1649820 721
1649830 722
1649840 722
1649850 722
1649860 721
1649870 721
1649880 721
1649890 721
1649900 721
1649910 721
1649920 720
1649930 720
1649940 719
1649950 718
1649960 718
1649970 718
1649980 718
1649990 718
1650000 717
1650010 716
1650020 716
1650030 715
1650040 714
1650050 714
1650060 712
1650070 711
1650080 711
1650090 709
1650100 708
1650110 708
1650120 707
1650130 706
1650140 706
1650150 705
1650160 704
1650170 704
1650180 704
1650190 703
1650200 703
1650210 701
1650220 700
1650230 700
1650240 697
1650250 695
1650260 695
1650270 696
1650280 696
1650290 698
1650300 697
1650310 697
1650320 696
1650330 692
1650340 692
1650350 687
1650360 682
1650370 682
1650380 678
1650390 675
1650400 675
1650410 673
1650420 670
1650430 670
1650440 670
1650450 670
1650460 670
1650470 673
1650480 677
1650490 677
1650500 680
1650510 681
1650520 681
1650530 682
1650540 683
1650550 683
1650560 684
1650570 686
1650580 686
1650590 687
1650600 689
1650610 689
1650620 689
1650630 689
1650640 689
1650650 689
1650660 689
1650670 689
1650680 689
1650690 689
1650700 689
1650710 688
1650720 686
1650730 686
1650740 683
1650750 680
1650760 680
1650770 679
1650780 679
1650790 679
1650800 680
1650810 683
1650820 683
1650830 686
1650840 688
1650850 688
1650860 688
1650870 688
1650880 688
1650890 687
1650900 687
1650910 687
1650920 686
1650930 685
1650940 685
1650950 683
1650960 683
1650970 682
1650980 681
1650990 681
1651000 678
1651010 674
1651020 674
1651030 672
1651040 671
1651050 671
1651060 671
1651070 672
1651080 672
1651090 675
1651100 676
1651110 676
1651120 677
1651130 678
1651140 678
1651150 678
1651160 678
1651170 678
1651180 678
1651190 678
1651200 678
1651210 678
1651220 678
1651230 678
1651240 677
1651250 677
1651260 677
1651270 676
1651280 676
1651290 676
1651300 676
1651310 676
1651320 676
1651330 676
1651340 676
1651350 676
1651360 676
1651370 676
1651380 676
1651390 676
1651400 676
1651410 676
1651420 676
1651430 676
1651440 676
1651450 676
1651460 675
1651470 675
1651480 675
1651490 674
1651500 674
1651510 674
1651520 673
1651530 673
1651540 672
1651550 671
1651560 671
1651570 670
1651580 670
1651590 670
1651600 670
1651610 670
1651620 670
1651630 670
1651640 670
1651650 669
1651660 668
1651670 668
1651680 667
1651690 666
1651700 666
1651710 666
1651720 665
1651730 665
1651740 663
1651750 661
1651760 661
1651770 659
1651780 657
1651790 657
1651800 655
1651810 653
1651820 653
1651830 651
1651840 649
1651850 649
1651860 649
1651870 647
1651880 647
1651890 646
1651900 644
1651910 644
1651920 643
1651930 642
1651940 642
1651950 639
1651960 637
1651970 637
1651980 635
1651990 634
1652000 634
1652010 633
1652020 633
1652030 633
1652040 635
1652050 637
1652060 637
1652070 639
1652080 639
1652090 639
1652100 640
1652110 638
1652120 638
1652130 635
1652140 632
1652150 632
1652160 629
1652170 627
1652180 627
1652190 625
1652200 624
1652210 624
1652220 623
1652230 623
1652240 623
1652250 623
1652260 623
1652270 623
1652280 623
1652290 623
1652300 623
1652310 623
1652320 623
1652330 624
1652340 627
1652350 627
1652360 630
1652370 631
1652380 631
1652390 633
1652400 635
1652410 635
1652420 638
1652430 638
1652440 638
1652450 638
1652460 639
1652470 639
1652480 639
1652490 639
1652500 639
1652510 639
1652520 640
1652530 640
1652540 641
1652550 641
1652560 641
1652570 641
1652580 642
1652590 642
1652600 642
1652610 642
1652620 642
1652630 642
1652640 642
1652650 642
1652660 642
1652670 642
1652680 642
1652690 642
1652700 642
1652710 642
1652720 642
1652730 641
1652740 641
1652750 641
1652760 641
1652770 641
1652780 640
1652790 640
1652800 640
1652810 640
1652820 640
1652830 640
1652840 639
1652850 639
1652860 639
1652870 639
1652880 638
1652890 638
1652900 638
1652910 638
1652920 638
1652930 638
1652940 638
1652950 638
1652960 637
1652970 637
1652980 637
1652990 636
1653000 636
1653010 634
1653020 633
1653030 633
1653040 633
1653050 632
1653060 632
1653070 632
1653080 631
1653090 631
1653100 630
1653110 627
1653120 627
1653130 627
1653140 627
1653150 627
1653160 627
1653170 627
1653180 627
1653190 627
1653200 628
1653210 628
1653220 629
1653230 631
1653240 631
1653250 633
1653260 635
1653270 635
1653280 639
1653290 642
1653300 642
1653310 644
1653320 646
1653330 646
1653340 647
1653350 649
1653360 649
1653370 650
1653380 651
1653390 651
1653400 653
1653410 655
1653420 655
1653430 656
1653440 657
1653450 657
1653460 659
1653470 660
1653480 660
1653490 660
1653500 661
1653510 661
1653520 662
1653530 664
1653540 664
1653550 666
1653560 668
1653570 668
1653580 669
1653590 670
1653600 670
1653610 670
1653620 671
1653630 671
1653640 670
1653650 670
1653660 670
1653670 669
1653680 669
1653690 666
1653700 664
1653710 664
1653720 663
1653730 662
1653740 662
1653750 661
1653760 662
1653770 662
1653780 664
1653790 666
1653800 666
1653810 669
1653820 671
1653830 671
1653840 673
1653850 675
1653860 675
1653870 677
1653880 679
1653890 679
1653900 682
1653910 685
1653920 685
1653930 688
1653940 690
1653950 690
1653960 693
1653970 695
1653980 695
1653990 697
1654000 698
1654010 698
1654020 699
1654030 700
1654040 700
1654050 700
1654060 700
1654070 700
1654080 700
1654090 700
1654100 700
1654110 699
1654120 698
1654130 698
1654140 697
1654150 695
1654160 695
1654170 694
1654180 692
1654190 691
1654200 690
1654210 687
1654220 687
1654230 685
1654240 684
1654250 684
1654260 682
1654270 681
1654280 681
1654290 680
1654300 678
1654310 678
1654320 678
1654330 678
1654340 678
1654350 677
1654360 677
1654370 677
1654380 677
1654390 677
1654400 677
1654410 677
1654420 677
1654430 678
1654440 678
1654450 678
1654460 678
1654470 678
1654480 678
1654490 679
1654500 680
1654510 680
1654520 681
1654530 682
1654540 682
1654550 683
1654560 684
1654570 684
1654580 684
1654590 685
1654600 685
1654610 685
1654620 684
1654630 684
1654640 684
1654650 685
1654660 685
1654670 685
1654680 685
1654690 685
1654700 685
1654710 685
1654720 685
1654730 685
1654740 684
1654750 684
1654760 684
1654770 683
1654780 683
1654790 683
1654800 682
1654810 682
1654820 682
1654830 682
1654840 682
1654850 681
1654860 681
1654870 681
1654880 681
1654890 681
1654900 681
1654910 680
1654920 680
1654930 680
1654940 680
1654950 681
1654960 681
1654970 681
1654980 679
1654990 679
1655000 677
1655010 674
1655020 674
1655030 673
1655040 673
1655050 673
1655060 673
1655070 673
1655080 675
1655090 676
1655100 676
1655110 678
1655120 679
1655130 679
1655140 680
1655150 681
1655160 681
1655170 683
1655180 684
1655190 684
1655200 686
1655210 689
1655220 689
1655230 690
1655240 691
1655250 691
1655260 693
1655270 694
1655280 694
1655290 695
1655300 698
1655310 698
1655320 701
1655330 704
1655340 704
1655350 706
1655360 708
1655370 708
1655380 711
1655390 713
1655400 713
1655410 714
1655420 716
1655430 716
1655440 718
1655450 719
1655460 719
1655470 721
1655480 722
1655490 722
1655500 723
1655510 725
1655520 725
1655530 726
1655540 729
1655550 729
1655560 731
1655570 732
1655580 732
1655590 732
1655600 733
1655610 733
1655620 735
1655630 737
1655640 737
1655650 739
1655660 741
1655670 741
1655680 742
1655690 743
1655700 743
1655710 744
1655720 747
1655730 748
1655740 748
1655750 748
1655760 748
1655770 749
1655780 749
1655790 750
1655800 751
1655810 751
1655820 751
1655830 751
1655840 751
1655850 751
1655860 751
1655870 751
1655880 752
1655890 753
1655900 753
1655910 754
1655920 756
1655930 756
1655940 758
1655950 759
1655960 759
1655970 760
1655980 760
1655990 760
1656000 760
1656010 761
1656020 761
1656030 762
1656040 764
1656050 764
1656060 765
1656070 766
1656080 766
1656090 767
1656100 768
1656110 768
1656120 768
1656130 768
1656140 768
1656150 769
1656160 770
1656170 770
1656180 770
1656190 770
1656200 770
1656210 771
1656220 772
1656230 772
1656240 773
1656250 774
1656260 774
1656270 775
1656280 776
1656290 776
1656300 778
1656310 779
1656320 779
1656330 781
1656340 782
1656350 782
1656360 784
1656370 786
1656380 786
1656390 788
1656400 788
1656410 790
1656420 791
1656430 791
1656440 791
1656450 792
1656460 792
1656470 791
1656480 794
1656490 794
1656500 793
1656510 794
1656520 794
1656530 793
1656540 792
1656550 792
1656560 792
1656570 791
1656580 791
1656590 789
1656600 788
1656610 788
1656620 787
1656630 786
1656640 786
1656650 781
1656660 780
1656670 780
1656680 779
1656690 779
1656700 779
1656710 778
1656720 777
1656730 777
1656740 776
1656750 775
1656760 775
1656770 772
1656780 770
1656790 770
1656800 768
1656810 766
1656820 766
1656830 764
1656840 763
1656850 763
1656860 761
1656870 761
1656880 761
1656890 760
1656900 760
1656910 760
1656920 760
1656930 761
1656940 761
1656950 761
1656960 762
1656970 762
1656980 763
1656990 764
1657000 764
1657010 765
1657020 767
1657030 767
1657040 768
1657050 769
1657060 769
1657070 769
1657080 769
1657090 769
1657100 768
1657110 768
1657120 767
1657130 765
1657140 765
1657150 763
1657160 760
1657170 760
1657180 757
1657190 754
1657200 754
1657210 750
1657220 748
1657230 748
1657240 745
1657250 743
1657260 743
1657270 741
1657280 740
1657290 740
1657300 738
1657310 736
1657320 736
1657330 734
1657340 732
1657350 732
1657360 731
1657370 731
1657380 731
1657390 732
1657400 733
1657410 733
1657420 736
1657430 738
1657440 738
1657450 739
1657460 739
1657470 739
1657480 739
1657490 738
1657500 738
1657510 739
1657520 741
1657530 741
1657540 743
1657550 746
1657560 746
1657570 748
1657580 750
1657590 750
1657600 753
1657610 755
1657620 755
1657630 758
1657640 760
1657650 760
1657660 761
1657670 763
1657680 763
1657690 765
1657700 766
1657710 766
1657720 768
1657730 769
1657740 769
1657750 772
1657760 772
1657770 774
1657780 775
1657790 775
1657800 778
1657810 780
1657820 780
1657830 782
1657840 785
1657850 785
1657860 788
1657870 791
1657880 791
1657890 794
1657900 798
1657910 798
1657920 801
1657930 804
1657940 804
1657950 807
1657960 809
1657970 809
1657980 811
1657990 813
1658000 811
1658010 813
1658020 814
1658030 814
1658040 815
1658050 815
1658060 815
1658070 815
1658080 814
1658090 814
1658100 813
1658110 812
1658120 812
1658130 811
1658140 810
1658150 810
1658160 810
1658170 809
1658180 809
1658190 808
1658200 807
1658210 807
1658220 806
1658230 805
1658240 805
1658250 805
1658260 805
1658270 805
1658280 805
1658290 804
1658300 804
1658310 803
1658320 802
1658330 802
1658340 800
1658350 799
1658360 799
1658370 797
1658380 796
1658390 796
1658400 794
1658410 793
1658420 793
1658430 791
1658440 791
1658450 789
1658460 788
1658470 788
1658480 786
1658490 784
1658500 784
1658510 783
1658520 781
1658530 781
1658540 779
1658550 777
1658560 777
1658570 776
1658580 775
1658590 775
1658600 774
1658610 773
1658620 773
1658630 771
1658640 770
1658650 770
1658660 769
1658670 768
1658680 768
1658690 766
1658700 765
1658710 765
1658720 764
1658730 764
1658740 764
1658750 764
1658760 764
1658770 764
1658780 763
1658790 762
1658800 762
1658810 761
1658820 761
1658830 761
1658840 759
1658850 759
1658860 759
1658870 758
1658880 757
1658890 757
1658900 756
1658910 756
1658920 756
1658930 755
1658940 754
1658950 754
1658960 753
1658970 752
1658980 752
1658990 752
1659000 752
1659010 752
1659020 751
1659030 751
1659040 751
1659050 751
1659060 751
1659070 751
1659080 750
1659090 750
1659100 750
1659110 751
1659120 751
1659130 751
1659140 751
1659150 751
1659160 751
1659170 751
1659180 751
1659190 751
1659200 752
1659210 752
1659220 752
1659230 752
1659240 752
1659250 752
1659260 752
1659270 752
1659280 752
1659290 752
1659300 752
1659310 752
1659320 751
1659330 751
1659340 751
1659350 751
1659360 751
1659370 751
1659380 752
1659390 752
1659400 752
1659410 752
1659420 752
1659430 752
1659440 752
1659450 752
1659460 752
1659470 751
1659480 751
1659490 750
1659500 749
1659510 749
1659520 748
1659530 746
1659540 746
1659550 745
1659560 744
1659570 744
1659580 743
1659590 742
1659600 742
1659610 741
1659620 740
1659630 740
1659640 739
1659650 739
1659660 739
1659670 738
1659680 737
1659690 737
1659700 735
1659710 733
1659720 733
1659730 732
1659740 730
1659750 730
1659760 728
1659770 727
1659780 727
1659790 724
1659800 724
1659810 723
1659820 722
1659830 722
1659840 720
1659850 718
1659860 718
1659870 718
1659880 716
1659890 716
1659900 715
1659910 713
1659920 713
1659930 712
1659940 711
1659950 711
1659960 711
1659970 710
1659980 710
1659990 709
