1640000 931
1640010 933
1640020 933
1640030 934
1640040 935
1640050 935
1640060 936
1640070 937
1640080 937
1640090 939
1640100 940
1640110 940
1640120 940
1640130 939
1640140 939
1640150 939
1640160 940
1640170 940
1640180 940
1640190 940
1640200 940
1640210 940
1640220 940
1640230 940
1640240 941
1640250 941
1640260 941
1640270 942
1640280 942
1640290 942
1640300 942
1640310 943
1640320 943
1640330 943
1640340 944
1640350 944
1640360 945
1640370 945
1640380 945
1640390 946
1640400 946
1640410 946
1640420 947
1640430 947
1640440 947
1640450 948
1640460 949
1640470 949
1640480 950
1640490 951
1640500 951
1640510 952
1640520 952
1640530 952
1640540 953
1640550 954
1640560 954
1640570 955
1640580 955
1640590 955
1640600 956
1640610 956
1640620 957
1640630 958
1640640 958
1640650 958
1640660 959
1640670 959
1640680 960
1640690 960
1640700 960
1640710 961
1640720 962
1640730 962
1640740 962
1640750 963
1640760 963
1640770 963
1640780 964
1640790 964
1640800 965
1640810 965
1640820 965
1640830 966
1640840 967
1640850 967
1640860 967
1640870 968
1640880 968
1640890 968
1640900 969
1640910 969
1640920 969
1640930 970
1640940 970
1640950 970
1640960 970
1640970 970
1640980 971
1640990 971
1641000 971
1641010 971
1641020 971
1641030 971
1641040 970
1641050 970
1641060 970
1641070 970
1641080 970
1641090 970
1641100 970
1641110 970
1641120 970
1641130 971
1641140 971
1641150 971
1641160 971
1641170 972
1641180 972
1641190 972
1641200 973
1641210 973
1641220 974
1641230 975
1641240 975
1641250 975
1641260 975
1641270 975
1641280 975
1641290 975
1641300 975
1641310 975
1641320 975
1641330 974
1641340 973
1641350 973
1641360 972
1641370 972
1641380 972
1641390 971
1641400 970
1641410 970
1641420 970
1641430 970
1641440 970
1641450 969
1641460 969
1641470 969
1641480 969
1641490 968
1641500 968
1641510 968
1641520 968
1641530 968
1641540 968
1641550 968
1641560 968
1641570 968
1641580 968
1641590 968
1641600 968
1641610 967
1641620 967
1641630 967
1641640 966
1641650 966
1641660 966
1641670 965
1641680 965
1641690 964
1641700 963
1641710 963
1641720 961
1641730 961
1641740 961
1641750 959
1641760 959
1641770 959
1641780 958
1641790 956
1641800 956
1641810 955
1641820 954
1641830 954
1641840 953
1641850 952
1641860 952
1641870 950
1641880 949
1641890 951
1641900 949
1641910 948
1641920 948
1641930 947
1641940 946
1641950 946
1641960 944
1641970 944
1641980 943
1641990 941
1642000 941
1642010 940
1642020 939
1642030 939
1642040 939
1642050 938
1642060 938
1642070 937
1642080 936
1642090 936
1642100 935
1642110 934
1642120 934
1642130 934
1642140 934
1642150 934
1642160 934
1642170 933
1642180 933
1642190 933
1642200 934
1642210 934
1642220 934
1642230 934
1642240 934
1642250 935
1642260 936
1642270 936
1642280 937
1642290 938
1642300 938
1642310 938
1642320 939
1642330 939
1642340 940
1642350 941
1642360 941
1642370 941
1642380 942
1642390 942
1642400 942
1642410 943
1642420 943
1642430 941
1642440 938
1642450 938
1642460 937
1642470 935
1642480 935
1642490 932
1642500 931
1642510 931
1642520 929
1642530 928
1642540 928
1642550 926
1642560 924
1642570 924
1642580 923
1642590 921
1642600 921
1642610 919
1642620 918
1642630 918
1642640 917
1642650 917
1642660 915
1642670 913
1642680 913
1642690 911
1642700 909
1642710 909
1642720 908
1642730 906
1642740 906
1642750 903
1642760 901
1642770 901
1642780 899
1642790 896
1642800 896
1642810 893
1642820 891
1642830 891
1642840 888
1642850 885
1642860 885
1642870 883
1642880 881
1642890 881
1642900 879
1642910 877
1642920 877
1642930 875
1642940 873
1642950 873
1642960 870
1642970 868
1642980 868
1642990 865
1643000 863
1643010 863
1643020 860
1643030 857
1643040 857
1643050 854
1643060 851
1643070 851
1643080 848
1643090 844
1643100 844
1643110 840
1643120 837
1643130 837
1643140 833
1643150 829
1643160 829
1643170 828
1643180 825
1643190 825
1643200 821
1643210 818
1643220 818
1643230 815
1643240 811
1643250 811
1643260 807
1643270 802
1643280 802
1643290 797
1643300 797
1643310 795
1643320 792
1643330 792
1643340 789
1643350 787
1643360 787
1643370 786
1643380 784
1643390 784
1643400 782
1643410 781
1643420 781
1643430 779
1643440 777
1643450 777
1643460 775
1643470 772
1643480 772
1643490 768
1643500 766
1643510 766
1643520 763
1643530 762
1643540 762
1643550 761
1643560 759
1643570 759
1643580 758
1643590 757
1643600 757
1643610 757
1643620 756
1643630 756
1643640 754
1643650 753
1643660 753
1643670 753
1643680 753
1643690 753
1643700 753
1643710 751
1643720 751
1643730 748
1643740 745
1643750 745
1643760 743
1643770 742
1643780 742
1643790 743
1643800 745
1643810 745
1643820 747
1643830 750
1643840 750
1643850 753
1643860 755
1643870 755
1643880 758
1643890 761
1643900 761
1643910 764
1643920 767
1643930 767
1643940 769
1643950 772
1643960 772
1643970 774
1643980 774
1643990 775
1644000 776
1644010 776
1644020 777
1644030 778
1644040 778
1644050 780
1644060 781
1644070 781
1644080 782
1644090 783
1644100 783
1644110 784
1644120 784
1644130 784
1644140 784
1644150 783
1644160 783
1644170 782
1644180 782
1644190 782
1644200 780
1644210 779
1644220 779
1644230 776
1644240 773
1644250 773
1644260 769
1644270 764
1644280 764
1644290 759
1644300 755
1644310 755
1644320 754
1644330 755
1644340 755
1644350 759
1644360 762
1644370 762
1644380 763
1644390 764
1644400 764
1644410 765
1644420 766
1644430 766
1644440 767
1644450 768
1644460 768
1644470 768
1644480 770
1644490 770
1644500 771
1644510 772
1644520 772
1644530 774
1644540 775
1644550 775
1644560 777
1644570 778
1644580 778
1644590 779
1644600 781
1644610 781
1644620 783
1644630 785
1644640 785
1644650 788
1644660 788
1644670 791
1644680 793
1644690 793
1644700 795
1644710 798
1644720 798
1644730 801
1644740 804
1644750 804
1644760 807
1644770 810
1644780 810
1644790 814
1644800 816
1644810 816
1644820 817
1644830 819
1644840 819
1644850 822
1644860 824
1644870 824
1644880 826
1644890 828
1644900 828
1644910 829
1644920 829
1644930 829
1644940 830
1644950 831
1644960 831
1644970 833
1644980 834
1644990 834
1645000 832
1645010 830
1645020 830
1645030 828
1645040 826
1645050 826
1645060 826
1645070 825
1645080 825
1645090 826
1645100 826
1645110 826
1645120 825
1645130 824
1645140 824
1645150 823
1645160 822
1645170 822
1645180 822
1645190 820
1645200 820
1645210 818
1645220 817
1645230 817
1645240 815
1645250 813
1645260 813
1645270 811
1645280 807
1645290 807
1645300 805
1645310 805
1645320 802
1645330 799
1645340 799
1645350 796
1645360 793
1645370 793
1645380 790
1645390 786
1645400 786
1645410 783
1645420 780
1645430 780
1645440 777
1645450 774
1645460 774
1645470 772
1645480 769
1645490 769
1645500 767
1645510 766
1645520 766
1645530 765
1645540 764
1645550 764
1645560 763
1645570 762
1645580 762
1645590 761
1645600 760
1645610 760
1645620 759
1645630 758
1645640 758
1645650 757
1645660 757
1645670 757
1645680 756
1645690 755
1645700 755
1645710 755
1645720 754
1645730 754
1645740 753
1645750 752
1645760 752
1645770 751
1645780 750
1645790 750
1645800 748
1645810 745
1645820 745
1645830 742
1645840 739
1645850 739
1645860 736
1645870 734
1645880 734
1645890 732
1645900 730
1645910 730
1645920 729
1645930 728
1645940 728
1645950 728
1645960 727
1645970 727
1645980 727
1645990 728
1646000 727
1646010 727
1646020 727
1646030 727
1646040 726
1646050 726
1646060 726
1646070 726
1646080 726
1646090 725
1646100 725
1646110 725
1646120 724
1646130 723
1646140 723
1646150 722
1646160 722
1646170 722
1646180 721
1646190 720
1646200 720
1646210 719
1646220 719
1646230 719
1646240 718
1646250 718
1646260 718
1646270 718
1646280 718
1646290 718
1646300 718
1646310 718
1646320 718
1646330 718
1646340 718
1646350 718
1646360 718
1646370 718
1646380 718
1646390 718
1646400 719
1646410 719
1646420 719
1646430 720
1646440 720
1646450 721
1646460 722
1646470 722
1646480 722
1646490 723
1646500 723
1646510 724
1646520 726
1646530 726
1646540 727
1646550 728
1646560 728
1646570 729
1646580 731
1646590 731
1646600 732
1646610 733
1646620 733
1646630 734
1646640 735
1646650 735
1646660 736
1646670 736
1646680 736
1646690 737
1646700 737
1646710 738
1646720 740
1646730 740
1646740 741
1646750 742
1646760 742
1646770 744
1646780 745
1646790 745
1646800 747
1646810 748
1646820 748
1646830 749
1646840 751
1646850 751
1646860 752
1646870 754
1646880 754
1646890 756
1646900 759
1646910 759
1646920 762
1646930 763
1646940 763
1646950 764
1646960 766
1646970 766
1646980 767
1646990 769
1647000 769
1647010 771
1647020 774
1647030 774
1647040 776
1647050 778
1647060 778
1647070 782
1647080 784
1647090 784
1647100 787
1647110 790
1647120 790
1647130 792
1647140 795
1647150 795
1647160 797
1647170 800
1647180 800
1647190 805
1647200 809
1647210 809
1647220 814
1647230 819
1647240 819
1647250 823
1647260 827
1647270 827
1647280 831
1647290 835
1647300 835
1647310 838
1647320 838
1647330 842
1647340 845
1647350 845
1647360 849
1647370 855
1647380 855
1647390 858
1647400 860
1647410 860
1647420 860
1647430 859
1647440 859
1647450 858
1647460 855
1647470 855
1647480 852
1647490 849
1647500 849
1647510 846
1647520 843
1647530 843
1647540 840
1647550 839
1647560 839
1647570 838
1647580 837
1647590 837
1647600 837
1647610 837
1647620 837
1647630 837
1647640 837
1647650 837
1647660 837
1647670 837
1647680 837
1647690 837
1647700 838
1647710 838
1647720 839
1647730 840
1647740 840
1647750 842
1647760 844
1647770 844
1647780 846
1647790 848
1647800 848
1647810 850
1647820 852
1647830 852
1647840 854
1647850 856
1647860 856
1647870 858
1647880 860
1647890 860
1647900 862
1647910 865
1647920 865
1647930 866
1647940 868
1647950 868
1647960 869
1647970 869
1647980 869
1647990 868
1648000 868
1648010 868
1648020 868
1648030 868
1648040 867
1648050 866
1648060 866
1648070 864
1648080 862
1648090 862
1648100 860
1648110 859
1648120 859
1648130 857
1648140 855
1648150 855
1648160 855
1648170 854
1648180 854
1648190 854
1648200 855
1648210 855
1648220 856
1648230 857
1648240 857
1648250 858
1648260 860
1648270 860
1648280 862
1648290 864
1648300 864
1648310 865
1648320 866
1648330 866
1648340 868
1648350 868
1648360 868
1648370 869
1648380 870
1648390 870
1648400 874
1648410 875
1648420 875
1648430 876
1648440 877
1648450 877
1648460 879
1648470 880
1648480 880
1648490 880
1648500 881
1648510 881
1648520 881
1648530 881
1648540 881
1648550 881
1648560 881
1648570 881
1648580 881
1648590 880
1648600 880
1648610 878
1648620 876
1648630 876
1648640 873
1648650 870
1648660 870
1648670 866
1648680 866
1648690 864
1648700 861
1648710 861
1648720 860
1648730 859
1648740 859
1648750 858
1648760 857
1648770 857
1648780 857
1648790 856
1648800 856
1648810 856
1648820 856
1648830 856
1648840 855
1648850 856
1648860 856
1648870 857
1648880 859
1648890 859
1648900 861
1648910 863
1648920 863
1648930 865
1648940 868
1648950 868
1648960 871
1648970 874
1648980 874
1648990 876
1649000 877
1649010 877
1649020 877
1649030 879
1649040 879
1649050 880
1649060 882
1649070 882
1649080 884
1649090 886
1649100 886
1649110 887
1649120 889
1649130 889
1649140 891
1649150 891
1649160 891
1649170 889
1649180 886
1649190 888
1649200 884
1649210 879
1649220 879
1649230 874
1649240 869
1649250 869
1649260 864
1649270 859
1649280 859
1649290 854
1649300 851
1649310 851
1649320 848
1649330 848
1649340 844
1649350 842
1649360 842
1649370 840
1649380 838
1649390 838
1649400 836
1649410 834
1649420 834
1649430 832
1649440 831
1649450 831
1649460 829
1649470 827
1649480 827
1649490 825
1649500 823
1649510 823
1649520 820
1649530 817
1649540 817
1649550 815
1649560 813
1649570 813
1649580 812
1649590 810
1649600 810
1649610 808
1649620 806
1649630 806
1649640 804
1649650 802
1649660 802
1649670 800
1649680 798
1649690 798
1649700 797
1649710 795
1649720 795
1649730 793
1649740 791
1649750 791
1649760 789
1649770 788
1649780 788
1649790 786
1649800 785
1649810 785
1649820 783
1649830 782
1649840 782
1649850 780
1649860 779
1649870 779
1649880 778
1649890 776
1649900 776
1649910 775
1649920 774
1649930 774
1649940 772
1649950 770
1649960 770
1649970 768
1649980 767
1649990 768
1650000 766
1650010 766
1650020 766
1650030 765
1650040 765
1650050 765
1650060 765
1650070 765
1650080 766
1650090 766
1650100 766
1650110 767
1650120 768
1650130 768
1650140 769
1650150 771
1650160 771
1650170 772
1650180 774
1650190 774
1650200 775
1650210 776
1650220 776
1650230 776
1650240 777
1650250 777
1650260 779
1650270 779
1650280 779
1650290 780
1650300 779
1650310 779
1650320 779
1650330 779
1650340 779
1650350 778
1650360 777
1650370 777
1650380 776
1650390 774
1650400 774
1650410 773
1650420 771
1650430 771
1650440 770
1650450 768
1650460 768
1650470 767
1650480 766
1650490 766
1650500 764
1650510 762
1650520 762
1650530 760
1650540 758
1650550 758
1650560 758
1650570 757
1650580 757
1650590 758
1650600 758
1650610 758
1650620 758
1650630 759
1650640 759
1650650 761
1650660 762
1650670 762
1650680 763
1650690 763
1650700 763
1650710 763
1650720 763
1650730 763
1650740 763
1650750 763
1650760 762
1650770 761
1650780 761
1650790 759
1650800 757
1650810 757
1650820 756
1650830 754
1650840 754
1650850 753
1650860 752
1650870 752
1650880 750
1650890 749
1650900 749
1650910 748
1650920 746
1650930 746
1650940 745
1650950 744
1650960 744
1650970 742
1650980 741
1650990 741
1651000 740
1651010 738
1651020 738
1651030 737
1651040 736
1651050 736
1651060 734
1651070 733
1651080 733
1651090 732
1651100 730
1651110 730
1651120 728
1651130 727
1651140 727
1651150 725
1651160 724
1651170 724
1651180 722
1651190 721
1651200 721
1651210 720
1651220 718
1651230 718
1651240 717
1651250 716
1651260 716
1651270 715
1651280 714
1651290 714
1651300 713
1651310 713
1651320 713
1651330 712
1651340 711
1651350 711
1651360 710
1651370 710
1651380 709
1651390 708
1651400 708
1651410 707
1651420 705
1651430 705
1651440 705
1651450 704
1651460 704
1651470 704
1651480 704
1651490 704
1651500 704
1651510 704
1651520 704
1651530 704
1651540 703
1651550 703
1651560 702
1651570 702
1651580 702
1651590 701
1651600 699
1651610 699
1651620 697
1651630 695
1651640 695
1651650 693
1651660 691
1651670 691
1651680 689
1651690 686
1651700 686
1651710 684
1651720 681
1651730 681
1651740 678
1651750 675
1651760 675
1651770 672
1651780 669
1651790 669
1651800 668
1651810 667
1651820 667
1651830 667
1651840 667
1651850 667
1651860 667
1651870 667
1651880 667
1651890 667
1651900 667
1651910 667
1651920 667
1651930 667
1651940 667
1651950 666
1651960 666
1651970 666
1651980 665
1651990 665
1652000 665
1652010 664
1652020 664
1652030 664
1652040 663
1652050 663
1652060 662
1652070 662
1652080 662
1652090 661
1652100 661
1652110 661
1652120 661
1652130 660
1652140 660
1652150 660
1652160 660
1652170 660
1652180 660
1652190 659
1652200 659
1652210 658
1652220 656
1652230 656
1652240 655
1652250 654
1652260 654
1652270 652
1652280 651
1652290 651
1652300 650
1652310 641
1652320 641
1652330 634
1652340 637
1652350 637
1652360 645
1652370 645
1652380 645
1652390 644
1652400 643
1652410 643
1652420 642
1652430 639
1652440 639
1652450 637
1652460 633
1652470 633
1652480 627
1652490 626
1652500 626
1652510 623
1652520 622
1652530 622
1652540 621
1652550 621
1652560 621
1652570 622
1652580 621
1652590 621
1652600 621
1652610 621
1652620 621
1652630 622
1652640 623
1652650 623
1652660 624
1652670 624
1652680 624
1652690 626
1652700 626
1652710 630
1652720 632
1652730 632
1652740 635
1652750 637
1652760 637
1652770 639
1652780 642
1652790 642
1652800 644
1652810 646
1652820 646
1652830 649
1652840 651
1652850 651
1652860 654
1652870 658
1652880 658
1652890 661
1652900 664
1652910 664
1652920 666
1652930 668
1652940 668
1652950 669
1652960 669
1652970 669
1652980 669
1652990 669
1653000 669
1653010 670
1653020 670
1653030 670
1653040 670
1653050 670
1653060 670
1653070 670
1653080 671
1653090 671
1653100 671
1653110 671
1653120 669
1653130 669
1653140 669
1653150 669
1653160 669
1653170 669
1653180 669
1653190 668
1653200 667
1653210 667
1653220 666
1653230 666
1653240 666
1653250 666
1653260 666
1653270 666
1653280 666
1653290 665
1653300 665
1653310 665
1653320 664
1653330 664
1653340 664
1653350 663
1653360 663
1653370 663
1653380 663
1653390 663
1653400 663
1653410 663
1653420 663
1653430 664
1653440 664
1653450 664
1653460 665
1653470 665
1653480 665
1653490 665
1653500 665
1653510 665
1653520 665
1653530 665
1653540 666
1653550 666
1653560 666
1653570 666
1653580 666
1653590 666
1653600 666
1653610 666
1653620 666
1653630 666
1653640 666
1653650 666
1653660 666
1653670 665
1653680 665
1653690 664
1653700 664
1653710 664
1653720 665
1653730 666
1653740 666
1653750 666
1653760 667
1653770 667
1653780 668
1653790 669
1653800 669
1653810 670
1653820 673
1653830 673
1653840 676
1653850 679
1653860 679
1653870 682
1653880 684
1653890 685
1653900 687
1653910 688
1653920 688
1653930 689
1653940 691
1653950 691
1653960 692
1653970 693
1653980 693
1653990 694
1654000 695
1654010 695
1654020 697
1654030 697
1654040 697
1654050 698
1654060 698
1654070 699
1654080 700
1654090 700
1654100 701
1654110 702
1654120 702
1654130 703
1654140 704
1654150 704
1654160 706
1654170 706
1654180 706
1654190 707
1654200 708
1654210 708
1654220 709
1654230 710
1654240 710
1654250 711
1654260 712
1654270 712
1654280 713
1654290 714
1654300 714
1654310 714
1654320 715
1654330 715
1654340 716
1654350 717
1654360 717
1654370 718
1654380 720
1654390 720
1654400 722
1654410 724
1654420 724
1654430 726
1654440 728
1654450 728
1654460 731
1654470 732
1654480 732
1654490 734
1654500 736
1654510 736
1654520 738
1654530 739
1654540 739
1654550 740
1654560 742
1654570 742
1654580 744
1654590 745
1654600 745
1654610 746
1654620 748
1654630 748
1654640 750
1654650 751
1654660 753
1654670 754
1654680 753
1654690 753
1654700 753
1654710 753
1654720 753
1654730 753
1654740 753
1654750 753
1654760 753
1654770 753
1654780 754
1654790 755
1654800 755
1654810 755
1654820 756
1654830 756
1654840 756
1654850 756
1654860 756
1654870 754
1654880 750
1654890 750
1654900 747
1654910 744
1654920 744
1654930 743
1654940 741
1654950 741
1654960 739
1654970 737
1654980 737
1654990 736
1655000 733
1655010 733
1655020 730
1655030 728
1655040 728
1655050 726
1655060 724
1655070 724
1655080 723
1655090 722
1655100 722
1655110 721
1655120 720
1655130 720
1655140 720
1655150 719
1655160 719
1655170 719
1655180 717
1655190 717
1655200 716
1655210 712
1655220 712
1655230 708
1655240 707
1655250 707
1655260 705
1655270 705
1655280 705
1655290 706
1655300 710
1655310 710
1655320 713
1655330 717
1655340 717
1655350 720
1655360 723
1655370 723
1655380 726
1655390 726
1655400 728
1655410 730
1655420 730
1655430 731
1655440 734
1655450 734
1655460 736
1655470 739
1655480 739
1655490 741
1655500 742
1655510 742
1655520 743
1655530 745
1655540 745
1655550 746
1655560 746
1655570 746
1655580 746
1655590 746
1655600 746
1655610 746
1655620 746
1655630 746
1655640 746
1655650 745
1655660 745
1655670 745
1655680 744
1655690 744
1655700 744
1655710 744
1655720 744
1655730 744
1655740 743
1655750 743
1655760 744
1655770 744
1655780 744
1655790 744
1655800 745
1655810 745
1655820 746
1655830 746
1655840 746
1655850 747
1655860 748
1655870 748
1655880 749
1655890 751
1655900 751
1655910 752
1655920 754
1655930 754
1655940 756
1655950 758
1655960 758
1655970 759
1655980 761
1655990 761
1656000 763
1656010 764
1656020 764
1656030 765
1656040 765
1656050 767
1656060 767
1656070 767
1656080 768
1656090 768
1656100 768
1656110 768
1656120 768
1656130 768
1656140 768
1656150 767
1656160 767
1656170 766
1656180 765
1656190 764
1656200 764
1656210 764
1656220 764
1656230 765
1656240 765
1656250 765
1656260 765
1656270 766
1656280 766
1656290 767
1656300 768
1656310 768
1656320 770
1656330 771
1656340 771
1656350 773
1656360 774
1656370 774
1656380 774
1656390 773
1656400 773
1656410 772
1656420 770
1656430 770
1656440 769
1656450 767
1656460 767
1656470 765
1656480 764
1656490 764
1656500 762
1656510 760
1656520 760
1656530 759
1656540 758
1656550 758
1656560 757
1656570 757
1656580 757
1656590 756
1656600 755
1656610 755
1656620 753
1656630 752
1656640 752
1656650 751
1656660 750
1656670 750
1656680 749
1656690 747
1656700 747
1656710 746
1656720 746
1656730 745
1656740 744
1656750 744
1656760 742
1656770 741
1656780 741
1656790 740
1656800 739
1656810 739
1656820 738
1656830 737
1656840 737
1656850 735
1656860 734
1656870 734
1656880 734
1656890 732
1656900 732
1656910 731
1656920 729
1656930 729
1656940 727
1656950 725
1656960 725
1656970 724
1656980 723
1656990 723
1657000 722
1657010 721
1657020 721
1657030 720
1657040 719
1657050 719
1657060 718
1657070 718
1657080 718
1657090 717
1657100 716
1657110 716
1657120 716
1657130 715
1657140 715
1657150 714
1657160 714
1657170 714
1657180 714
1657190 713
1657200 713
1657210 713
1657220 713
1657230 713
1657240 712
1657250 712
1657260 712
1657270 712
1657280 711
1657290 711
1657300 711
1657310 711
1657320 711
1657330 711
1657340 709
1657350 709
1657360 709
1657370 709
1657380 710
1657390 712
1657400 712
1657410 714
1657420 714
1657430 714
1657440 716
1657450 717
1657460 717
1657470 719
1657480 720
1657490 720
1657500 722
1657510 723
1657520 723
1657530 725
1657540 727
1657550 727
1657560 728
1657570 730
1657580 730
1657590 731
1657600 731
1657610 731
1657620 732
1657630 732
1657640 732
1657650 732
1657660 732
1657670 732
1657680 732
1657690 731
1657700 731
1657710 730
1657720 730
1657730 730
1657740 729
1657750 728
1657760 728
1657770 727
1657780 726
1657790 726
1657800 726
1657810 725
1657820 725
1657830 725
1657840 724
1657850 724
1657860 724
1657870 724
1657880 724
1657890 724
1657900 723
1657910 723
1657920 723
1657930 723
1657940 723
1657950 722
1657960 721
1657970 721
1657980 721
1657990 720
1658000 720
1658010 719
1658020 718
1658030 718
1658040 718
1658050 718
1658060 717
1658070 716
1658080 716
1658090 716
1658100 715
1658110 715
1658120 715
1658130 715
1658140 715
1658150 714
1658160 713
1658170 713
1658180 713
1658190 714
1658200 714
1658210 714
1658220 714
1658230 714
1658240 715
1658250 715
1658260 715
1658270 715
1658280 716
1658290 716
1658300 716
1658310 716
1658320 716
1658330 717
1658340 717
1658350 717
1658360 717
1658370 717
1658380 717
1658390 718
1658400 718
1658410 718
1658420 718
1658430 718
1658440 718
1658450 718
1658460 718
1658470 718
1658480 719
1658490 719
1658500 719
1658510 719
1658520 719
1658530 719
1658540 720
1658550 720
1658560 720
1658570 719
1658580 719
1658590 719
1658600 720
1658610 721
1658620 721
1658630 721
1658640 721
1658650 721
1658660 722
1658670 722
1658680 722
1658690 723
1658700 723
1658710 723
1658720 724
1658730 724
1658740 724
1658750 725
1658760 725
1658770 725
1658780 726
1658790 726
1658800 726
1658810 727
1658820 727
1658830 728
1658840 728
1658850 728
1658860 729
1658870 731
1658880 731
1658890 732
1658900 733
1658910 733
1658920 733
1658930 734
1658940 734
1658950 735
1658960 736
1658970 736
1658980 737
1658990 737
1659000 737
1659010 738
1659020 738
1659030 738
1659040 739
1659050 739
1659060 739
1659070 739
1659080 739
1659090 739
1659100 740
1659110 740
1659120 740
1659130 740
1659140 740
1659150 740
1659160 741
1659170 741
1659180 741
1659190 741
1659200 741
1659210 742
1659220 742
1659230 742
1659240 742
1659250 741
1659260 741
1659270 741
1659280 740
1659290 740
1659300 740
1659310 740
1659320 739
1659330 739
1659340 739
1659350 738
1659360 738
1659370 738
1659380 738
1659390 737
1659400 737
1659410 737
1659420 736
1659430 735
1659440 735
1659450 735
1659460 734
1659470 734
1659480 733
1659490 732
1659500 732
1659510 731
1659520 731
1659530 731
1659540 730
1659550 729
1659560 729
1659570 728
1659580 727
1659590 727
1659600 727
1659610 726
1659620 726
1659630 726
1659640 725
1659650 725
1659660 724
1659670 724
1659680 724
1659690 723
1659700 723
1659710 723
1659720 722
1659730 722
1659740 722
1659750 721
1659760 720
1659770 720
1659780 720
1659790 720
1659800 720
1659810 720
1659820 719
1659830 719
1659840 719
1659850 719
1659860 719
1659870 719
1659880 718
1659890 718
1659900 718
1659910 718
1659920 718
1659930 717
1659940 717
1659950 717
1659960 716
1659970 716
1659980 716
1659990 716
