1640000 945
1640010 945
1640020 946
1640030 946
1640040 946
1640050 946
1640060 946
1640070 946
1640080 946
1640090 947
1640100 947
1640110 947
1640120 947
1640130 947
1640140 948
1640150 948
1640160 948
1640170 949
1640180 949
1640190 949
1640200 950
1640210 950
1640220 950
1640230 951
1640240 951
1640250 951
1640260 952
1640270 952
1640280 952
1640290 953
1640300 953
1640310 953
1640320 954
1640330 954
1640340 954
1640350 954
1640360 954
1640370 954
1640380 955
1640390 955
1640400 955
1640410 956
1640420 956
1640430 956
1640440 957
1640450 957
1640460 957
1640470 958
1640480 958
1640490 958
1640500 959
1640510 959
1640520 959
1640530 960
1640540 960
1640550 960
1640560 961
1640570 961
1640580 961
1640590 961
1640600 961
1640610 962
1640620 962
1640630 962
1640640 962
1640650 962
1640660 962
1640670 962
1640680 962
1640690 962
1640700 962
1640710 961
1640720 961
1640730 961
1640740 960
1640750 960
1640760 959
1640770 958
1640780 958
1640790 957
1640800 956
1640810 956
1640820 955
1640830 955
1640840 954
1640850 954
1640860 954
1640870 953
1640880 953
1640890 953
1640900 953
1640910 952
1640920 952
1640930 951
1640940 950
1640950 950
1640960 950
1640970 949
1640980 949
1640990 947
1641000 946
1641010 946
1641020 944
1641030 943
1641040 943
1641050 943
1641060 942
1641070 942
1641080 941
1641090 940
1641100 940
1641110 939
1641120 937
1641130 937
1641140 936
1641150 936
1641160 936
1641170 934
1641180 933
1641190 933
1641200 932
1641210 930
1641220 930
1641230 928
1641240 926
1641250 926
1641260 926
1641270 925
1641280 925
1641290 924
1641300 923
1641310 923
1641320 923
1641330 922
1641340 922
1641350 921
1641360 920
1641370 920
1641380 919
1641390 918
1641400 919
1641410 918
1641420 917
1641430 917
1641440 917
1641450 915
1641460 915
1641470 914
1641480 913
1641490 913
1641500 912
1641510 912
1641520 911
1641530 910
1641540 910
1641550 910
1641560 908
1641570 908
1641580 907
1641590 906
1641600 906
1641610 904
1641620 903
1641630 903
1641640 903
1641650 902
1641660 902
1641670 900
1641680 899
1641690 899
1641700 897
1641710 897
1641720 897
1641730 896
1641740 896
1641750 896
1641760 896
1641770 897
1641780 897
1641790 897
1641800 897
1641810 897
1641820 897
1641830 897
1641840 897
1641850 897
1641860 897
1641870 897
1641880 896
1641890 896
1641900 896
1641910 896
1641920 897
1641930 897
1641940 896
1641950 897
1641960 897
1641970 897
1641980 897
1641990 897
1642000 898
1642010 898
1642020 898
1642030 899
1642040 899
1642050 899
1642060 900
1642070 900
1642080 900
1642090 902
1642100 903
1642110 903
1642120 904
1642130 905
1642140 905
1642150 905
1642160 905
1642170 905
1642180 905
1642190 905
1642200 905
1642210 904
1642220 904
1642230 907
1642240 906
1642250 906
1642260 906
1642270 906
1642280 906
1642290 907
1642300 908
1642310 908
1642320 909
1642330 909
1642340 909
1642350 908
1642360 907
1642370 907
1642380 907
1642390 905
1642400 905
1642410 905
1642420 904
1642430 904
1642440 904
1642450 904
1642460 904
1642470 903
1642480 903
1642490 903
1642500 902
1642510 901
1642520 901
1642530 899
1642540 898
1642550 898
1642560 897
1642570 896
1642580 896
1642590 895
1642600 894
1642610 894
1642620 892
1642630 890
1642640 890
1642650 888
1642660 886
1642670 886
1642680 884
1642690 881
1642700 881
1642710 876
1642720 872
1642730 872
1642740 868
1642750 864
1642760 864
1642770 861
1642780 857
1642790 857
1642800 856
1642810 854
1642820 854
1642830 852
1642840 850
1642850 850
1642860 849
1642870 849
1642880 847
1642890 846
1642900 846
1642910 844
1642920 842
1642930 842
1642940 838
1642950 834
1642960 834
1642970 830
1642980 830
1642990 830
1643000 829
1643010 828
1643020 828
1643030 827
1643040 825
1643050 825
1643060 826
1643070 824
1643080 824
1643090 823
1643100 821
1643110 821
1643120 820
1643130 819
1643140 819
1643150 818
1643160 818
1643170 818
1643180 818
1643190 819
1643200 819
1643210 818
1643220 816
1643230 816
1643240 814
1643250 813
1643260 813
1643270 811
1643280 810
1643290 810
1643300 808
1643310 807
1643320 807
1643330 806
1643340 805
1643350 805
1643360 804
1643370 802
1643380 802
1643390 801
1643400 800
1643410 800
1643420 798
1643430 798
1643440 798
1643450 796
1643460 795
1643470 795
1643480 792
1643490 789
1643500 789
1643510 785
1643520 780
1643530 780
1643540 775
1643550 775
1643560 770
1643570 765
1643580 765
1643590 760
1643600 756
1643610 756
1643620 752
1643630 749
1643640 749
1643650 745
1643660 743
1643670 743
1643680 740
1643690 738
1643700 738
1643710 735
1643720 730
1643730 730
1643740 726
1643750 724
1643760 724
1643770 723
1643780 722
1643790 722
1643800 720
1643810 719
1643820 719
1643830 718
1643840 717
1643850 717
1643860 714
1643870 712
1643880 714
1643890 711
1643900 710
1643910 710
1643920 709
1643930 709
1643940 709
1643950 709
1643960 708
1643970 708
1643980 708
1643990 709
1644000 709
1644010 708
1644020 708
1644030 708
1644040 709
1644050 708
1644060 708
1644070 708
1644080 708
1644090 708
1644100 708
1644110 709
1644120 709
1644130 710
1644140 713
1644150 713
1644160 716
1644170 718
1644180 718
1644190 721
1644200 721
1644210 724
1644220 727
1644230 727
1644240 729
1644250 732
1644260 732
1644270 733
1644280 734
1644290 734
1644300 735
1644310 736
1644320 736
1644330 737
1644340 739
1644350 739
1644360 741
1644370 743
1644380 743
1644390 747
1644400 751
1644410 751
1644420 755
1644430 759
1644440 759
1644450 763
1644460 766
1644470 766
1644480 769
1644490 773
1644500 773
1644510 777
1644520 780
1644530 780
1644540 783
1644550 786
1644560 786
1644570 789
1644580 791
1644590 791
1644600 794
1644610 795
1644620 795
1644630 796
1644640 796
1644650 796
1644660 797
1644670 798
1644680 798
1644690 798
1644700 801
1644710 801
1644720 801
1644730 799
1644740 799
1644750 797
1644760 795
1644770 795
1644780 792
1644790 789
1644800 789
1644810 785
1644820 783
1644830 783
1644840 780
1644850 779
1644860 779
1644870 779
1644880 779
1644890 779
1644900 779
1644910 779
1644920 779
1644930 779
1644940 779
1644950 780
1644960 781
1644970 781
1644980 781
1644990 782
1645000 782
1645010 782
1645020 782
1645030 782
1645040 782
1645050 785
1645060 785
1645070 786
1645080 785
1645090 785
1645100 784
1645110 782
1645120 782
1645130 780
1645140 776
1645150 776
1645160 772
1645170 769
1645180 769
1645190 766
1645200 764
1645210 764
1645220 763
1645230 761
1645240 761
1645250 761
1645260 760
1645270 760
1645280 759
1645290 759
1645300 759
1645310 758
1645320 756
1645330 756
1645340 755
1645350 754
1645360 754
1645370 753
1645380 751
1645390 751
1645400 750
1645410 749
1645420 749
1645430 748
1645440 748
1645450 748
1645460 748
1645470 748
1645480 748
1645490 748
1645500 748
1645510 751
1645520 751
1645530 751
1645540 751
1645550 751
1645560 751
1645570 751
1645580 751
1645590 751
1645600 751
1645610 751
1645620 751
1645630 751
1645640 750
1645650 750
1645660 750
1645670 749
1645680 749
1645690 748
1645700 748
1645710 748
1645720 747
1645730 746
1645740 746
1645750 745
1645760 745
1645770 745
1645780 744
1645790 743
1645800 743
1645810 742
1645820 740
1645830 740
1645840 739
1645850 738
1645860 738
1645870 737
1645880 736
1645890 736
1645900 735
1645910 734
1645920 734
1645930 733
1645940 732
1645950 732
1645960 731
1645970 730
1645980 730
1645990 729
1646000 729
1646010 729
1646020 728
1646030 727
1646040 727
1646050 727
1646060 726
1646070 726
1646080 726
1646090 725
1646100 725
1646110 725
1646120 725
1646130 725
1646140 725
1646150 724
1646160 724
1646170 724
1646180 724
1646190 724
1646200 724
1646210 724
1646220 724
1646230 724
1646240 724
1646250 724
1646260 724
1646270 724
1646280 724
1646290 725
1646300 725
1646310 725
1646320 724
1646330 724
1646340 725
1646350 726
1646360 726
1646370 726
1646380 728
1646390 728
1646400 727
1646410 723
1646420 723
1646430 719
1646440 714
1646450 714
1646460 712
1646470 711
1646480 711
1646490 712
1646500 712
1646510 712
1646520 714
1646530 716
1646540 716
1646550 718
1646560 721
1646570 721
1646580 725
1646590 728
1646600 728
1646610 728
1646620 729
1646630 729
1646640 729
1646650 729
1646660 729
1646670 730
1646680 731
1646690 731
1646700 732
1646710 733
1646720 733
1646730 734
1646740 735
1646750 735
1646760 736
1646770 737
1646780 737
1646790 739
1646800 740
1646810 740
1646820 742
1646830 744
1646840 744
1646850 746
1646860 748
1646870 748
1646880 749
1646890 752
1646900 752
1646910 754
1646920 754
1646930 756
1646940 759
1646950 759
1646960 761
1646970 763
1646980 763
1646990 765
1647000 767
1647010 767
1647020 769
1647030 770
1647040 770
1647050 772
1647060 774
1647070 774
1647080 776
1647090 778
1647100 778
1647110 780
1647120 781
1647130 781
1647140 783
1647150 786
1647160 786
1647170 788
1647180 790
1647190 790
1647200 792
1647210 794
1647220 794
1647230 795
1647240 797
1647250 797
1647260 799
1647270 801
1647280 801
1647290 803
1647300 804
1647310 804
1647320 806
1647330 808
1647340 808
1647350 810
1647360 811
1647370 811
1647380 811
1647390 812
1647400 812
1647410 811
1647420 811
1647430 811
1647440 810
1647450 810
1647460 810
1647470 810
1647480 810
1647490 810
1647500 809
1647510 809
1647520 809
1647530 808
1647540 807
1647550 807
1647560 806
1647570 804
1647580 804
1647590 802
1647600 802
1647610 800
1647620 799
1647630 799
1647640 799
1647650 799
1647660 799
1647670 798
1647680 799
1647690 799
1647700 799
1647710 800
1647720 800
1647730 800
1647740 801
1647750 801
1647760 802
1647770 804
1647780 804
1647790 805
1647800 805
1647810 805
1647820 806
1647830 808
1647840 808
1647850 810
1647860 813
1647870 813
1647880 816
1647890 819
1647900 819
1647910 822
1647920 825
1647930 827
1647940 832
1647950 836
1647960 836
1647970 838
1647980 839
1647990 839
1648000 838
1648010 838
1648020 838
1648030 837
1648040 836
1648050 836
1648060 834
1648070 830
1648080 830
1648090 825
1648100 821
1648110 821
1648120 819
1648130 816
1648140 816
1648150 815
1648160 813
1648170 813
1648180 812
1648190 812
1648200 812
1648210 811
1648220 810
1648230 810
1648240 810
1648250 810
1648260 809
1648270 808
1648280 808
1648290 808
1648300 807
1648310 807
1648320 807
1648330 806
1648340 806
1648350 805
1648360 805
1648370 805
1648380 805
1648390 804
1648400 804
1648410 803
1648420 803
1648430 803
1648440 803
1648450 803
1648460 803
1648470 804
1648480 806
1648490 806
1648500 807
1648510 808
1648520 808
1648530 809
1648540 810
1648550 810
1648560 811
1648570 813
1648580 813
1648590 815
1648600 817
1648610 817
1648620 819
1648630 820
1648640 820
1648650 820
1648660 821
1648670 821
1648680 820
1648690 819
1648700 819
1648710 818
1648720 818
1648730 820
1648740 820
1648750 819
1648760 819
1648770 818
1648780 817
1648790 817
1648800 816
1648810 814
1648820 814
1648830 811
1648840 807
1648850 807
1648860 804
1648870 800
1648880 800
1648890 797
1648900 797
1648910 797
1648920 796
1648930 796
1648940 796
1648950 795
1648960 795
1648970 795
1648980 795
1648990 795
1649000 795
1649010 795
1649020 795
1649030 796
1649040 797
1649050 797
1649060 799
1649070 800
1649080 800
1649090 802
1649100 804
1649110 804
1649120 807
1649130 808
1649140 808
1649150 809
1649160 810
1649170 810
1649180 811
1649190 813
1649200 813
1649210 816
1649220 818
1649230 818
1649240 821
1649250 824
1649260 824
1649270 827
1649280 829
1649290 829
1649300 831
1649310 833
1649320 833
1649330 835
1649340 837
1649350 837
1649360 835
1649370 832
1649380 832
1649390 831
1649400 829
1649410 829
1649420 826
1649430 821
1649440 821
1649450 815
1649460 809
1649470 809
1649480 803
1649490 799
1649500 799
1649510 796
1649520 795
1649530 795
1649540 792
1649550 790
1649560 790
1649570 788
1649580 786
1649590 786
1649600 784
1649610 784
1649620 783
1649630 781
1649640 781
1649650 779
1649660 778
1649670 778
1649680 777
1649690 776
1649700 776
1649710 775
1649720 774
1649730 774
1649740 773
1649750 771
1649760 771
1649770 769
1649780 768
1649790 768
1649800 767
1649810 766
1649820 766
1649830 765
1649840 764
1649850 764
1649860 762
1649870 760
1649880 760
1649890 759
1649900 757
1649910 757
1649920 755
1649930 753
1649940 753
1649950 750
1649960 746
1649970 746
1649980 740
1649990 735
1650000 735
1650010 732
1650020 731
1650030 731
1650040 730
1650050 729
1650060 729
1650070 727
1650080 726
1650090 726
1650100 725
1650110 724
1650120 724
1650130 723
1650140 722
1650150 722
1650160 720
1650170 719
1650180 719
1650190 722
1650200 725
1650210 725
1650220 727
1650230 729
1650240 729
1650250 731
1650260 731
1650270 731
1650280 732
1650290 732
1650300 732
1650310 734
1650320 734
1650330 734
1650340 734
1650350 734
1650360 734
1650370 733
1650380 733
1650390 731
1650400 729
1650410 729
1650420 728
1650430 727
1650440 727
1650450 727
1650460 727
1650470 727
1650480 728
1650490 727
1650500 727
1650510 727
1650520 727
1650530 727
1650540 728
1650550 729
1650560 729
1650570 729
1650580 730
1650590 730
1650600 730
1650610 731
1650620 731
1650630 732
1650640 732
1650650 732
1650660 733
1650670 733
1650680 733
1650690 733
1650700 732
1650710 732
1650720 730
1650730 729
1650740 729
1650750 728
1650760 728
1650770 728
1650780 728
1650790 728
1650800 728
1650810 729
1650820 731
1650830 731
1650840 732
1650850 734
1650860 734
1650870 735
1650880 736
1650890 736
1650900 736
1650910 737
1650920 737
1650930 738
1650940 739
1650950 739
1650960 739
1650970 739
1650980 739
1650990 740
1651000 740
1651010 741
1651020 740
1651030 740
1651040 740
1651050 740
1651060 740
1651070 739
1651080 739
1651090 739
1651100 738
1651110 736
1651120 736
1651130 735
1651140 733
1651150 733
1651160 731
1651170 729
1651180 729
1651190 726
1651200 724
1651210 724
1651220 721
1651230 719
1651240 719
1651250 716
1651260 713
1651270 713
1651280 709
1651290 706
1651300 706
1651310 703
1651320 700
1651330 700
1651340 696
1651350 693
1651360 693
1651370 691
1651380 689
1651390 689
1651400 687
1651410 684
1651420 684
1651430 682
1651440 680
1651450 680
1651460 678
1651470 676
1651480 676
1651490 675
1651500 673
1651510 673
1651520 672
1651530 671
1651540 671
1651550 670
1651560 668
1651570 668
1651580 667
1651590 666
1651600 666
1651610 664
1651620 664
1651630 662
1651640 661
1651650 661
1651660 660
1651670 659
1651680 659
1651690 658
1651700 657
1651710 657
1651720 656
1651730 655
1651740 655
1651750 654
1651760 653
1651770 653
1651780 653
1651790 652
1651800 652
1651810 651
1651820 650
1651830 650
1651840 650
1651850 649
1651860 649
1651870 648
1651880 649
1651890 649
1651900 648
1651910 648
1651920 648
1651930 648
1651940 648
1651950 648
1651960 648
1651970 648
1651980 648
1651990 648
1652000 647
1652010 647
1652020 646
1652030 645
1652040 645
1652050 642
1652060 640
1652070 640
1652080 638
1652090 637
1652100 637
1652110 636
1652120 636
1652130 636
1652140 635
1652150 634
1652160 634
1652170 632
1652180 631
1652190 631
1652200 630
1652210 630
1652220 630
1652230 630
1652240 629
1652250 629
1652260 629
1652270 629
1652280 629
1652290 629
1652300 629
1652310 629
1652320 629
1652330 629
1652340 628
1652350 628
1652360 628
1652370 627
1652380 628
1652390 628
1652400 627
1652410 624
1652420 624
1652430 622
1652440 622
1652450 622
1652460 621
1652470 621
1652480 621
1652490 621
1652500 621
1652510 621
1652520 621
1652530 621
1652540 621
1652550 621
1652560 621
1652570 621
1652580 622
1652590 623
1652600 623
1652610 625
1652620 628
1652630 628
1652640 631
1652650 636
1652660 632
1652670 636
1652680 638
1652690 638
1652700 638
1652710 638
1652720 638
1652730 639
1652740 639
1652750 639
1652760 640
1652770 642
1652780 642
1652790 644
1652800 645
1652810 645
1652820 646
1652830 648
1652840 648
1652850 649
1652860 650
1652870 650
1652880 652
1652890 653
1652900 653
1652910 655
1652920 656
1652930 656
1652940 657
1652950 658
1652960 658
1652970 659
1652980 659
1652990 659
1653000 659
1653010 659
1653020 660
1653030 660
1653040 660
1653050 661
1653060 663
1653070 663
1653080 664
1653090 665
1653100 665
1653110 666
1653120 667
1653130 667
1653140 667
1653150 668
1653160 668
1653170 669
1653180 669
1653190 669
1653200 669
1653210 668
1653220 668
1653230 668
1653240 668
1653250 668
1653260 668
1653270 669
1653280 669
1653290 670
1653300 672
1653310 672
1653320 673
1653330 674
1653340 674
1653350 676
1653360 676
1653370 676
1653380 677
1653390 677
1653400 677
1653410 677
1653420 677
1653430 677
1653440 680
1653450 680
1653460 680
1653470 680
1653480 681
1653490 681
1653500 683
1653510 684
1653520 684
1653530 685
1653540 686
1653550 686
1653560 686
1653570 687
1653580 687
1653590 687
1653600 688
1653610 688
1653620 689
1653630 690
1653640 690
1653650 691
1653660 691
1653670 692
1653680 693
1653690 693
1653700 693
1653710 693
1653720 693
1653730 693
1653740 693
1653750 693
1653760 694
1653770 694
1653780 694
1653790 694
1653800 693
1653810 693
1653820 693
1653830 693
1653840 693
1653850 693
1653860 693
1653870 693
1653880 693
1653890 692
1653900 692
1653910 692
1653920 691
1653930 691
1653940 690
1653950 690
1653960 690
1653970 689
1653980 689
1653990 689
1654000 688
1654010 687
1654020 687
1654030 687
1654040 685
1654050 685
1654060 684
1654070 682
1654080 682
1654090 681
1654100 679
1654110 679
1654120 678
1654130 678
1654140 678
1654150 679
1654160 681
1654170 681
1654180 682
1654190 684
1654200 684
1654210 684
1654220 684
1654230 684
1654240 684
1654250 685
1654260 685
1654270 686
1654280 686
1654290 686
1654300 687
1654310 688
1654320 688
1654330 688
1654340 688
1654350 689
1654360 689
1654370 689
1654380 690
1654390 691
1654400 691
1654410 692
1654420 693
1654430 693
1654440 694
1654450 694
1654460 694
1654470 695
1654480 696
1654490 696
1654500 697
1654510 698
1654520 698
1654530 698
1654540 699
1654550 699
1654560 699
1654570 700
1654580 700
1654590 701
1654600 701
1654610 701
1654620 702
1654630 703
1654640 703
1654650 704
1654660 705
1654670 705
1654680 707
1654690 707
1654700 707
1654710 708
1654720 708
1654730 708
1654740 709
1654750 709
1654760 709
1654770 710
1654780 710
1654790 710
1654800 710
1654810 711
1654820 711
1654830 711
1654840 710
1654850 710
1654860 710
1654870 708
1654880 708
1654890 707
1654900 706
1654910 706
1654920 705
1654930 703
1654940 703
1654950 703
1654960 702
1654970 702
1654980 705
1654990 705
1655000 705
1655010 708
1655020 708
1655030 709
1655040 707
1655050 707
1655060 704
1655070 702
1655080 702
1655090 701
1655100 701
1655110 701
1655120 701
1655130 701
1655140 701
1655150 702
1655160 703
1655170 703
1655180 704
1655190 705
1655200 705
1655210 707
1655220 709
1655230 709
1655240 710
1655250 712
1655260 712
1655270 713
1655280 715
1655290 715
1655300 716
1655310 717
1655320 717
1655330 719
1655340 721
1655350 721
1655360 724
1655370 726
1655380 726
1655390 728
1655400 729
1655410 729
1655420 731
1655430 732
1655440 732
1655450 734
1655460 735
1655470 735
1655480 736
1655490 737
1655500 737
1655510 739
1655520 740
1655530 740
1655540 741
1655550 742
1655560 742
1655570 743
1655580 745
1655590 745
1655600 746
1655610 747
1655620 747
1655630 748
1655640 749
1655650 749
1655660 750
1655670 750
1655680 752
1655690 753
1655700 753
1655710 754
1655720 757
1655730 757
1655740 758
1655750 760
1655760 760
1655770 762
1655780 764
1655790 764
1655800 765
1655810 767
1655820 767
1655830 770
1655840 773
1655850 773
1655860 775
1655870 778
1655880 778
1655890 780
1655900 782
1655910 782
1655920 785
1655930 787
1655940 787
1655950 790
1655960 792
1655970 792
1655980 794
1655990 796
1656000 796
1656010 797
1656020 799
1656030 799
1656040 801
1656050 803
1656060 803
1656070 804
1656080 806
1656090 806
1656100 807
1656110 808
1656120 808
1656130 810
1656140 811
1656150 811
1656160 812
1656170 812
1656180 812
1656190 812
1656200 813
1656210 813
1656220 813
1656230 813
1656240 813
1656250 813
1656260 814
1656270 814
1656280 815
1656290 815
1656300 815
1656310 816
1656320 816
1656330 816
1656340 816
1656350 816
1656360 817
1656370 817
1656380 817
1656390 818
1656400 820
1656410 820
1656420 822
1656430 823
1656440 823
1656450 823
1656460 822
1656470 822
1656480 821
1656490 821
1656500 818
1656510 817
1656520 816
1656530 816
1656540 814
1656550 813
1656560 813
1656570 811
1656580 809
1656590 809
1656600 807
1656610 805
1656620 805
1656630 804
1656640 802
1656650 802
1656660 799
1656670 797
1656680 797
1656690 795
1656700 793
1656710 793
1656720 791
1656730 788
1656740 788
1656750 785
1656760 782
1656770 782
1656780 779
1656790 777
1656800 777
1656810 775
1656820 772
1656830 772
1656840 770
1656850 767
1656860 767
1656870 765
1656880 761
1656890 761
1656900 756
1656910 752
1656920 752
1656930 748
1656940 744
1656950 744
1656960 741
1656970 738
1656980 738
1656990 735
1657000 731
1657010 731
1657020 729
1657030 729
1657040 728
1657050 726
1657060 726
1657070 724
1657080 723
1657090 723
1657100 723
1657110 721
1657120 721
1657130 720
1657140 718
1657150 718
1657160 717
1657170 717
1657180 717
1657190 716
1657200 716
1657210 716
1657220 716
1657230 716
1657240 716
1657250 717
1657260 717
1657270 717
1657280 717
1657290 716
1657300 716
1657310 716
1657320 716
1657330 716
1657340 716
1657350 717
1657360 717
1657370 717
1657380 718
1657390 718
1657400 719
1657410 720
1657420 720
1657430 721
1657440 722
1657450 722
1657460 723
1657470 725
1657480 725
1657490 727
1657500 728
1657510 728
1657520 729
1657530 731
1657540 731
1657550 732
1657560 734
1657570 734
1657580 736
1657590 738
1657600 738
1657610 740
1657620 742
1657630 742
1657640 744
1657650 745
1657660 745
1657670 747
1657680 748
1657690 748
1657700 749
1657710 749
1657720 751
1657730 752
1657740 752
1657750 753
1657760 754
1657770 754
1657780 755
1657790 756
1657800 756
1657810 758
1657820 759
1657830 759
1657840 760
1657850 761
1657860 761
1657870 761
1657880 762
1657890 762
1657900 762
1657910 762
1657920 762
1657930 762
1657940 763
1657950 763
1657960 763
1657970 761
1657980 761
1657990 761
1658000 760
1658010 760
1658020 757
1658030 756
1658040 756
1658050 755
1658060 753
1658070 753
1658080 751
1658090 750
1658100 750
1658110 748
1658120 746
1658130 746
1658140 745
1658150 743
1658160 743
1658170 743
1658180 742
1658190 742
1658200 742
1658210 741
1658220 741
1658230 741
1658240 741
1658250 741
1658260 741
1658270 741
1658280 741
1658290 741
1658300 741
1658310 741
1658320 741
1658330 742
1658340 742
1658350 742
1658360 742
1658370 742
1658380 743
1658390 743
1658400 743
1658410 744
1658420 744
1658430 744
1658440 745
1658450 745
1658460 745
1658470 745
1658480 745
1658490 746
1658500 746
1658510 746
1658520 746
1658530 746
1658540 746
1658550 745
1658560 745
1658570 745
1658580 745
1658590 744
1658600 744
1658610 745
1658620 745
1658630 745
1658640 744
1658650 744
1658660 744
1658670 743
1658680 743
1658690 743
1658700 743
1658710 744
1658720 744
1658730 744
1658740 744
1658750 744
1658760 745
1658770 745
1658780 745
1658790 746
1658800 745
1658810 745
1658820 745
1658830 744
1658840 744
1658850 744
1658860 745
1658870 745
1658880 746
1658890 746
1658900 746
1658910 747
1658920 748
1658930 748
1658940 749
1658950 749
1658960 749
1658970 750
1658980 751
1658990 751
1659000 752
1659010 753
1659020 753
1659030 754
1659040 754
1659050 754
1659060 754
1659070 754
1659080 753
1659090 753
1659100 753
1659110 752
1659120 752
1659130 752
1659140 752
1659150 751
1659160 751
1659170 751
1659180 750
1659190 750
1659200 749
1659210 749
1659220 749
1659230 748
1659240 746
1659250 746
1659260 746
1659270 745
1659280 745
1659290 744
1659300 744
1659310 744
1659320 743
1659330 742
1659340 742
1659350 741
1659360 741
1659370 741
1659380 740
1659390 739
1659400 739
1659410 737
1659420 737
1659430 737
1659440 736
1659450 735
1659460 735
1659470 735
1659480 734
1659490 734
1659500 733
1659510 732
1659520 733
1659530 732
1659540 732
1659550 732
1659560 732
1659570 731
1659580 731
1659590 730
1659600 730
1659610 730
1659620 730
1659630 729
1659640 729
1659650 729
1659660 729
1659670 729
1659680 729
1659690 728
1659700 728
1659710 729
1659720 729
1659730 729
1659740 729
1659750 729
1659760 729
1659770 729
1659780 729
1659790 728
1659800 727
1659810 727
1659820 727
1659830 726
1659840 726
1659850 725
1659860 725
1659870 725
1659880 725
1659890 725
1659900 725
1659910 725
1659920 725
1659930 725
1659940 725
1659950 725
1659960 725
1659970 726
1659980 726
1659990 726
