1640000 912
1640010 912
1640020 913
1640030 914
1640040 914
1640050 915
1640060 916
1640070 916
1640080 917
1640090 918
1640100 918
1640110 919
1640120 920
1640130 920
1640140 922
1640150 924
1640160 924
1640170 925
1640180 926
1640190 926
1640200 927
1640210 928
1640220 928
1640230 929
1640240 930
1640250 930
1640260 931
1640270 931
1640280 931
1640290 932
1640300 933
1640310 933
1640320 934
1640330 935
1640340 935
1640350 936
1640360 937
1640370 937
1640380 938
1640390 940
1640400 940
1640410 941
1640420 941
1640430 941
1640440 942
1640450 943
1640460 943
1640470 944
1640480 945
1640490 945
1640500 946
1640510 947
1640520 947
1640530 948
1640540 949
1640550 949
1640560 951
1640570 952
1640580 952
1640590 953
1640600 954
1640610 954
1640620 955
1640630 956
1640640 956
1640650 956
1640660 958
1640670 958
1640680 961
1640690 961
1640700 963
1640710 963
1640720 963
1640730 963
1640740 964
1640750 964
1640760 964
1640770 965
1640780 965
1640790 965
1640800 965
1640810 965
1640820 966
1640830 966
1640840 966
1640850 966
1640860 967
1640870 967
1640880 967
1640890 967
1640900 967
1640910 968
1640920 968
1640930 968
1640940 968
1640950 969
1640960 969
1640970 969
1640980 970
1640990 970
1641000 970
1641010 970
1641020 970
1641030 971
1641040 971
1641050 971
1641060 972
1641070 972
1641080 972
1641090 973
1641100 973
1641110 973
1641120 973
1641130 974
1641140 974
1641150 975
1641160 975
1641170 975
1641180 976
1641190 976
1641200 976
1641210 976
1641220 977
1641230 977
1641240 977
1641250 978
1641260 978
1641270 978
1641280 978
1641290 978
1641300 978
1641310 978
1641320 978
1641330 979
1641340 979
1641350 979
1641360 979
1641370 979
1641380 979
1641390 979
1641400 979
1641410 980
1641420 980
1641430 980
1641440 980
1641450 980
1641460 980
1641470 980
1641480 982
1641490 982
1641500 982
1641510 982
1641520 982
1641530 982
1641540 982
1641550 982
1641560 982
1641570 982
1641580 982
1641590 981
1641600 981
1641610 981
1641620 981
1641630 980
1641640 980
1641650 980
1641660 980
1641670 980
1641680 979
1641690 979
1641700 979
1641710 979
1641720 979
1641730 979
1641740 979
1641750 978
1641760 978
1641770 977
1641780 977
1641790 977
1641800 976
1641810 975
1641820 975
1641830 975
1641840 973
1641850 973
1641860 972
1641870 971
1641880 971
1641890 970
1641900 970
1641910 970
1641920 969
1641930 968
1641940 968
1641950 967
1641960 965
1641970 965
1641980 963
1641990 961
1642000 961
1642010 960
1642020 960
1642030 958
1642040 956
1642050 956
1642060 955
1642070 954
1642080 954
1642090 952
1642100 951
1642110 951
1642120 948
1642130 946
1642140 946
1642150 943
1642160 940
1642170 940
1642180 938
1642190 937
1642200 937
1642210 936
1642220 935
1642230 935
1642240 935
1642250 933
1642260 933
1642270 933
1642280 933
1642290 933
1642300 932
1642310 931
1642320 931
1642330 930
1642340 930
1642350 930
1642360 929
1642370 929
1642380 929
1642390 928
1642400 927
1642410 927
1642420 926
1642430 925
1642440 925
1642450 924
1642460 924
1642470 924
1642480 923
1642490 922
1642500 922
1642510 921
1642520 919
1642530 919
1642540 918
1642550 916
1642560 916
1642570 914
1642580 912
1642590 912
1642600 910
1642610 908
1642620 908
1642630 906
1642640 904
1642650 904
1642660 902
1642670 900
1642680 900
1642690 898
1642700 898
1642710 897
1642720 895
1642730 895
1642740 893
1642750 890
1642760 890
1642770 889
1642780 887
1642790 887
1642800 885
1642810 882
1642820 882
1642830 881
1642840 879
1642850 879
1642860 877
1642870 874
1642880 874
1642890 872
1642900 870
1642910 870
1642920 867
1642930 864
1642940 864
1642950 862
1642960 859
1642970 859
1642980 856
1642990 853
1643000 853
1643010 850
1643020 848
1643030 848
1643040 844
1643050 840
1643060 840
1643070 836
1643080 833
1643090 833
1643100 829
1643110 827
1643120 827
1643130 822
1643140 820
1643150 820
1643160 818
1643170 815
1643180 815
1643190 812
1643200 810
1643210 810
1643220 808
1643230 806
1643240 806
1643250 804
1643260 802
1643270 802
1643280 800
1643290 799
1643300 799
1643310 797
1643320 794
1643330 794
1643340 791
1643350 786
1643360 786
1643370 780
1643380 780
1643390 776
1643400 774
1643410 774
1643420 772
1643430 770
1643440 770
1643450 768
1643460 767
1643470 767
1643480 765
1643490 762
1643500 762
1643510 761
1643520 759
1643530 759
1643540 757
1643550 756
1643560 756
1643570 755
1643580 754
1643590 754
1643600 753
1643610 752
1643620 752
1643630 751
1643640 751
1643650 751
1643660 751
1643670 752
1643680 752
1643690 752
1643700 753
1643710 753
1643720 752
1643730 753
1643740 753
1643750 755
1643760 758
1643770 758
1643780 760
1643790 761
1643800 761
1643810 763
1643820 765
1643830 765
1643840 766
1643850 768
1643860 768
1643870 770
1643880 772
1643890 772
1643900 774
1643910 776
1643920 776
1643930 779
1643940 781
1643950 781
1643960 783
1643970 785
1643980 785
1643990 787
1644000 789
1644010 789
1644020 790
1644030 790
1644040 791
1644050 793
1644060 793
1644070 794
1644080 796
1644090 796
1644100 798
1644110 799
1644120 799
1644130 800
1644140 800
1644150 800
1644160 799
1644170 799
1644180 799
1644190 798
1644200 798
1644210 798
1644220 798
1644230 797
1644240 797
1644250 795
1644260 793
1644270 793
1644280 791
1644290 789
1644300 789
1644310 787
1644320 784
1644330 784
1644340 781
1644350 779
1644360 779
1644370 776
1644380 774
1644390 774
1644400 772
1644410 770
1644420 770
1644430 768
1644440 766
1644450 766
1644460 765
1644470 765
1644480 765
1644490 765
1644500 765
1644510 765
1644520 765
1644530 767
1644540 767
1644550 768
1644560 769
1644570 769
1644580 770
1644590 772
1644600 772
1644610 774
1644620 776
1644630 776
1644640 778
1644650 780
1644660 780
1644670 782
1644680 784
1644690 784
1644700 785
1644710 785
1644720 787
1644730 787
1644740 787
1644750 787
1644760 788
1644770 787
1644780 788
1644790 789
1644800 789
1644810 790
1644820 791
1644830 791
1644840 792
1644850 794
1644860 794
1644870 796
1644880 798
1644890 798
1644900 801
1644910 803
1644920 803
1644930 804
1644940 806
1644950 806
1644960 808
1644970 810
1644980 810
1644990 811
1645000 814
1645010 814
1645020 816
1645030 819
1645040 819
1645050 822
1645060 824
1645070 824
1645080 827
1645090 829
1645100 829
1645110 830
1645120 831
1645130 831
1645140 833
1645150 834
1645160 834
1645170 833
1645180 831
1645190 831
1645200 829
1645210 828
1645220 828
1645230 827
1645240 825
1645250 825
1645260 823
1645270 821
1645280 821
1645290 818
1645300 815
1645310 815
1645320 813
1645330 810
1645340 810
1645350 808
1645360 808
1645370 805
1645380 803
1645390 803
1645400 802
1645410 801
1645420 801
1645430 801
1645440 800
1645450 800
1645460 800
1645470 800
1645480 800
1645490 800
1645500 801
1645510 801
1645520 801
1645530 800
1645540 800
1645550 799
1645560 799
1645570 799
1645580 798
1645590 799
1645600 799
1645610 797
1645620 795
1645630 795
1645640 793
1645650 791
1645660 791
1645670 789
1645680 786
1645690 786
1645700 783
1645710 781
1645720 781
1645730 778
1645740 775
1645750 775
1645760 772
1645770 770
1645780 770
1645790 768
1645800 766
1645810 766
1645820 765
1645830 764
1645840 764
1645850 762
1645860 761
1645870 761
1645880 760
1645890 759
1645900 759
1645910 759
1645920 758
1645930 758
1645940 758
1645950 756
1645960 756
1645970 754
1645980 752
1645990 752
1646000 750
1646010 748
1646020 748
1646030 746
1646040 746
1646050 745
1646060 743
1646070 743
1646080 741
1646090 739
1646100 739
1646110 738
1646120 735
1646130 735
1646140 733
1646150 730
1646160 730
1646170 726
1646180 724
1646190 724
1646200 723
1646210 722
1646220 722
1646230 722
1646240 723
1646250 723
1646260 723
1646270 723
1646280 723
1646290 723
1646300 723
1646310 723
1646320 723
1646330 723
1646340 723
1646350 723
1646360 723
1646370 723
1646380 725
1646390 726
1646400 726
1646410 727
1646420 728
1646430 728
1646440 729
1646450 730
1646460 730
1646470 730
1646480 731
1646490 731
1646500 732
1646510 733
1646520 733
1646530 734
1646540 735
1646550 735
1646560 736
1646570 736
1646580 736
1646590 737
1646600 738
1646610 738
1646620 739
1646630 740
1646640 740
1646650 741
1646660 742
1646670 742
1646680 743
1646690 744
1646700 744
1646710 745
1646720 745
1646730 746
1646740 747
1646750 747
1646760 749
1646770 750
1646780 750
1646790 751
1646800 752
1646810 752
1646820 753
1646830 755
1646840 755
1646850 757
1646860 758
1646870 758
1646880 761
1646890 763
1646900 763
1646910 765
1646920 766
1646930 766
1646940 768
1646950 769
1646960 769
1646970 771
1646980 773
1646990 773
1647000 775
1647010 778
1647020 778
1647030 780
1647040 782
1647050 782
1647060 784
1647070 785
1647080 785
1647090 788
1647100 790
1647110 790
1647120 791
1647130 793
1647140 793
1647150 794
1647160 796
1647170 796
1647180 797
1647190 799
1647200 799
1647210 800
1647220 802
1647230 802
1647240 804
1647250 805
1647260 805
1647270 807
1647280 808
1647290 808
1647300 810
1647310 812
1647320 812
1647330 813
1647340 815
1647350 815
1647360 818
1647370 818
1647380 819
1647390 821
1647400 821
1647410 823
1647420 825
1647430 825
1647440 828
1647450 830
1647460 830
1647470 832
1647480 834
1647490 834
1647500 835
1647510 836
1647520 836
1647530 837
1647540 838
1647550 838
1647560 840
1647570 841
1647580 841
1647590 843
1647600 844
1647610 844
1647620 846
1647630 848
1647640 848
1647650 850
1647660 851
1647670 851
1647680 853
1647690 855
1647700 855
1647710 857
1647720 859
1647730 859
1647740 861
1647750 864
1647760 864
1647770 866
1647780 868
1647790 868
1647800 871
1647810 873
1647820 873
1647830 875
1647840 877
1647850 877
1647860 879
1647870 880
1647880 880
1647890 881
1647900 882
1647910 882
1647920 882
1647930 883
1647940 883
1647950 884
1647960 885
1647970 885
1647980 884
1647990 884
1648000 881
1648010 881
1648020 881
1648030 881
1648040 881
1648050 881
1648060 883
1648070 884
1648080 884
1648090 886
1648100 888
1648110 888
1648120 890
1648130 892
1648140 892
1648150 894
1648160 896
1648170 896
1648180 899
1648190 901
1648200 901
1648210 904
1648220 906
1648230 906
1648240 908
1648250 910
1648260 910
1648270 912
1648280 913
1648290 913
1648300 913
1648310 915
1648320 915
1648330 915
1648340 915
1648350 915
1648360 916
1648370 917
1648380 917
1648390 918
1648400 919
1648410 919
1648420 920
1648430 921
1648440 921
1648450 922
1648460 922
1648470 922
1648480 921
1648490 918
1648500 918
1648510 914
1648520 910
1648530 910
1648540 907
1648550 905
1648560 905
1648570 902
1648580 900
1648590 900
1648600 898
1648610 896
1648620 896
1648630 892
1648640 890
1648650 890
1648660 889
1648670 888
1648680 888
1648690 888
1648700 888
1648710 887
1648720 888
1648730 888
1648740 889
1648750 890
1648760 890
1648770 890
1648780 891
1648790 891
1648800 894
1648810 896
1648820 896
1648830 897
1648840 898
1648850 898
1648860 898
1648870 900
1648880 900
1648890 902
1648900 904
1648910 904
1648920 906
1648930 908
1648940 908
1648950 909
1648960 910
1648970 910
1648980 911
1648990 911
1649000 911
1649010 912
1649020 913
1649030 913
1649040 914
1649050 915
1649060 915
1649070 917
1649080 918
1649090 918
1649100 918
1649110 916
1649120 916
1649130 913
1649140 907
1649150 907
1649160 900
1649170 896
1649180 896
1649190 893
1649200 889
1649210 889
1649220 885
1649230 880
1649240 880
1649250 877
1649260 874
1649270 874
1649280 871
1649290 868
1649300 868
1649310 865
1649320 863
1649330 863
1649340 862
1649350 861
1649360 861
1649370 860
1649380 860
1649390 858
1649400 856
1649410 856
1649420 853
1649430 851
1649440 851
1649450 849
1649460 847
1649470 847
1649480 845
1649490 843
1649500 843
1649510 841
1649520 839
1649530 839
1649540 838
1649550 836
1649560 836
1649570 833
1649580 829
1649590 829
1649600 829
1649610 827
1649620 827
1649630 825
1649640 822
1649650 822
1649660 820
1649670 818
1649680 818
1649690 816
1649700 814
1649710 814
1649720 812
1649730 810
1649740 810
1649750 808
1649760 806
1649770 806
1649780 804
1649790 803
1649800 803
1649810 802
1649820 800
1649830 800
1649840 799
1649850 799
1649860 799
1649870 798
1649880 797
1649890 797
1649900 796
1649910 795
1649920 795
1649930 795
1649940 795
1649950 795
1649960 795
1649970 795
1649980 795
1649990 795
1650000 796
1650010 796
1650020 797
1650030 798
1650040 798
1650050 799
1650060 799
1650070 801
1650080 803
1650090 803
1650100 806
1650110 808
1650120 808
1650130 809
1650140 811
1650150 811
1650160 811
1650170 812
1650180 812
1650190 812
1650200 813
1650210 813
1650220 812
1650230 811
1650240 811
1650250 809
1650260 807
1650270 807
1650280 806
1650290 805
1650300 805
1650310 803
1650320 802
1650330 802
1650340 801
1650350 799
1650360 799
1650370 796
1650380 793
1650390 791
1650400 789
1650410 786
1650420 786
1650430 784
1650440 782
1650450 782
1650460 781
1650470 780
1650480 780
1650490 778
1650500 777
1650510 777
1650520 775
1650530 774
1650540 774
1650550 772
1650560 771
1650570 771
1650580 769
1650590 767
1650600 767
1650610 765
1650620 764
1650630 764
1650640 762
1650650 760
1650660 760
1650670 758
1650680 757
1650690 757
1650700 755
1650710 755
1650720 753
1650730 751
1650740 751
1650750 749
1650760 747
1650770 747
1650780 746
1650790 745
1650800 745
1650810 743
1650820 740
1650830 740
1650840 737
1650850 734
1650860 734
1650870 732
1650880 730
1650890 730
1650900 729
1650910 728
1650920 728
1650930 726
1650940 725
1650950 725
1650960 724
1650970 722
1650980 722
1650990 721
1651000 719
1651010 719
1651020 718
1651030 717
1651040 717
1651050 715
1651060 715
1651070 715
1651080 714
1651090 713
1651100 713
1651110 712
1651120 711
1651130 711
1651140 710
1651150 709
1651160 709
1651170 708
1651180 708
1651190 708
1651200 707
1651210 707
1651220 707
1651230 706
1651240 705
1651250 705
1651260 704
1651270 704
1651280 704
1651290 703
1651300 701
1651310 701
1651320 700
1651330 699
1651340 699
1651350 698
1651360 697
1651370 697
1651380 697
1651390 697
1651400 696
1651410 695
1651420 695
1651430 694
1651440 693
1651450 693
1651460 692
1651470 690
1651480 690
1651490 688
1651500 685
1651510 685
1651520 683
1651530 680
1651540 680
1651550 678
1651560 677
1651570 677
1651580 675
1651590 674
1651600 674
1651610 673
1651620 671
1651630 671
1651640 669
1651650 667
1651660 667
1651670 666
1651680 664
1651690 664
1651700 662
1651710 660
1651720 660
1651730 660
1651740 661
1651750 661
1651760 661
1651770 662
1651780 662
1651790 662
1651800 662
1651810 662
1651820 662
1651830 660
1651840 660
1651850 659
1651860 657
1651870 657
1651880 655
1651890 653
1651900 653
1651910 651
1651920 650
1651930 650
1651940 648
1651950 647
1651960 647
1651970 646
1651980 646
1651990 646
1652000 648
1652010 649
1652020 649
1652030 651
1652040 651
1652050 654
1652060 655
1652070 655
1652080 655
1652090 655
1652100 655
1652110 655
1652120 654
1652130 654
1652140 653
1652150 651
1652160 651
1652170 649
1652180 647
1652190 647
1652200 645
1652210 642
1652220 642
1652230 640
1652240 637
1652250 637
1652260 636
1652270 633
1652280 633
1652290 631
1652300 628
1652310 628
1652320 625
1652330 623
1652340 623
1652350 621
1652360 620
1652370 620
1652380 620
1652390 620
1652400 620
1652410 620
1652420 620
1652430 620
1652440 620
1652450 620
1652460 620
1652470 621
1652480 622
1652490 622
1652500 625
1652510 629
1652520 629
1652530 630
1652540 632
1652550 632
1652560 634
1652570 637
1652580 637
1652590 638
1652600 638
1652610 638
1652620 640
1652630 641
1652640 641
1652650 642
1652660 643
1652670 643
1652680 644
1652690 645
1652700 645
1652710 646
1652720 646
1652730 650
1652740 652
1652750 652
1652760 652
1652770 653
1652780 653
1652790 654
1652800 654
1652810 654
1652820 655
1652830 655
1652840 655
1652850 654
1652860 653
1652870 653
1652880 653
1652890 653
1652900 653
1652910 652
1652920 652
1652930 652
1652940 652
1652950 651
1652960 651
1652970 651
1652980 651
1652990 651
1653000 651
1653010 650
1653020 650
1653030 650
1653040 650
1653050 650
1653060 649
1653070 649
1653080 649
1653090 649
1653100 649
1653110 649
1653120 649
1653130 649
1653140 649
1653150 649
1653160 649
1653170 649
1653180 648
1653190 648
1653200 648
1653210 648
1653220 649
1653230 649
1653240 650
1653250 650
1653260 650
1653270 651
1653280 651
1653290 651
1653300 652
1653310 652
1653320 652
1653330 653
1653340 654
1653350 654
1653360 655
1653370 657
1653380 657
1653390 657
1653400 657
1653410 658
1653420 658
1653430 658
1653440 658
1653450 659
1653460 659
1653470 659
1653480 660
1653490 660
1653500 660
1653510 662
1653520 662
1653530 662
1653540 662
1653550 662
1653560 663
1653570 663
1653580 663
1653590 663
1653600 664
1653610 664
1653620 665
1653630 666
1653640 666
1653650 667
1653660 669
1653670 669
1653680 670
1653690 672
1653700 672
1653710 673
1653720 675
1653730 675
1653740 676
1653750 678
1653760 678
1653770 679
1653780 681
1653790 681
1653800 683
1653810 685
1653820 685
1653830 687
1653840 689
1653850 689
1653860 692
1653870 694
1653880 694
1653890 696
1653900 698
1653910 698
1653920 699
1653930 702
1653940 702
1653950 705
1653960 708
1653970 708
1653980 711
1653990 714
1654000 714
1654010 717
1654020 720
1654030 720
1654040 723
1654050 723
1654060 727
1654070 730
1654080 730
1654090 733
1654100 735
1654110 735
1654120 738
1654130 740
1654140 740
1654150 741
1654160 743
1654170 743
1654180 744
1654190 745
1654200 745
1654210 746
1654220 747
1654230 747
1654240 746
1654250 745
1654260 745
1654270 744
1654280 743
1654290 743
1654300 742
1654310 740
1654320 740
1654330 739
1654340 738
1654350 738
1654360 736
1654370 735
1654380 735
1654390 734
1654400 733
1654410 733
1654420 732
1654430 732
1654440 732
1654450 731
1654460 731
1654470 731
1654480 732
1654490 732
1654500 732
1654510 733
1654520 734
1654530 734
1654540 735
1654550 737
1654560 737
1654570 739
1654580 741
1654590 741
1654600 742
1654610 743
1654620 743
1654630 744
1654640 744
1654650 744
1654660 744
1654670 744
1654680 744
1654690 744
1654700 743
1654710 743
1654720 741
1654730 741
1654740 740
1654750 738
1654760 738
1654770 736
1654780 734
1654790 734
1654800 732
1654810 730
1654820 730
1654830 728
1654840 727
1654850 727
1654860 725
1654870 724
1654880 724
1654890 723
1654900 722
1654910 722
1654920 720
1654930 718
1654940 718
1654950 717
1654960 716
1654970 716
1654980 715
1654990 713
1655000 713
1655010 712
1655020 711
1655030 711
1655040 710
1655050 708
1655060 708
1655070 707
1655080 705
1655090 705
1655100 704
1655110 703
1655120 703
1655130 701
1655140 700
1655150 700
1655160 698
1655170 697
1655180 697
1655190 695
1655200 694
1655210 694
1655220 693
1655230 692
1655240 692
1655250 691
1655260 691
1655270 691
1655280 691
1655290 692
1655300 692
1655310 693
1655320 696
1655330 696
1655340 698
1655350 700
1655360 700
1655370 700
1655380 700
1655390 701
1655400 701
1655410 701
1655420 701
1655430 702
1655440 702
1655450 702
1655460 703
1655470 703
1655480 703
1655490 704
1655500 704
1655510 705
1655520 706
1655530 706
1655540 708
1655550 709
1655560 709
1655570 711
1655580 712
1655590 712
1655600 714
1655610 714
1655620 714
1655630 715
1655640 716
1655650 716
1655660 716
1655670 717
1655680 717
1655690 718
1655700 719
1655710 719
1655720 720
1655730 720
1655740 720
1655750 721
1655760 722
1655770 722
1655780 723
1655790 723
1655800 723
1655810 724
1655820 725
1655830 725
1655840 726
1655850 727
1655860 727
1655870 728
1655880 729
1655890 729
1655900 729
1655910 730
1655920 730
1655930 730
1655940 731
1655950 731
1655960 731
1655970 732
1655980 732
1655990 732
1656000 733
1656010 733
1656020 734
1656030 734
1656040 734
1656050 735
1656060 735
1656070 736
1656080 737
1656090 737
1656100 738
1656110 738
1656120 738
1656130 739
1656140 740
1656150 740
1656160 740
1656170 740
1656180 740
1656190 741
1656200 741
1656210 741
1656220 742
1656230 742
1656240 742
1656250 743
1656260 743
1656270 743
1656280 743
1656290 744
1656300 744
1656310 744
1656320 744
1656330 744
1656340 745
1656350 746
1656360 746
1656370 746
1656380 747
1656390 747
1656400 747
1656410 746
1656420 746
1656430 746
1656440 745
1656450 745
1656460 745
1656470 744
1656480 744
1656490 743
1656500 742
1656510 742
1656520 742
1656530 741
1656540 741
1656550 740
1656560 739
1656570 739
1656580 738
1656590 737
1656600 737
1656610 736
1656620 736
1656630 736
1656640 735
1656650 735
1656660 735
1656670 734
1656680 734
1656690 734
1656700 734
1656710 734
1656720 734
1656730 734
1656740 734
1656750 734
1656760 734
1656770 734
1656780 734
1656790 734
1656800 734
1656810 734
1656820 734
1656830 734
1656840 733
1656850 733
1656860 733
1656870 733
1656880 732
1656890 732
1656900 731
1656910 730
1656920 730
1656930 729
1656940 728
1656950 728
1656960 726
1656970 725
1656980 725
1656990 725
1657000 724
1657010 724
1657020 723
1657030 722
1657040 722
1657050 722
1657060 720
1657070 720
1657080 719
1657090 718
1657100 718
1657110 717
1657120 717
1657130 717
1657140 716
1657150 715
1657160 715
1657170 714
1657180 713
1657190 713
1657200 713
1657210 712
1657220 712
1657230 711
1657240 709
1657250 709
1657260 707
1657270 706
1657280 706
1657290 706
1657300 705
1657310 705
1657320 705
1657330 704
1657340 704
1657350 705
1657360 706
1657370 706
1657380 709
1657390 709
1657400 711
1657410 713
1657420 713
1657430 714
1657440 716
1657450 716
1657460 717
1657470 718
1657480 718
1657490 719
1657500 720
1657510 720
1657520 721
1657530 723
1657540 723
1657550 723
1657560 724
1657570 724
1657580 725
1657590 725
1657600 725
1657610 725
1657620 725
1657630 725
1657640 726
1657650 726
1657660 726
1657670 726
1657680 726
1657690 726
1657700 725
1657710 725
1657720 725
1657730 724
1657740 724
1657750 724
1657760 723
1657770 722
1657780 722
1657790 721
1657800 720
1657810 720
1657820 719
1657830 718
1657840 718
1657850 717
1657860 716
1657870 716
1657880 715
1657890 714
1657900 714
1657910 714
1657920 713
1657930 713
1657940 712
1657950 711
1657960 711
1657970 710
1657980 708
1657990 708
1658000 707
1658010 706
1658020 706
1658030 705
1658040 703
1658050 703
1658060 702
1658070 702
1658080 700
1658090 699
1658100 699
1658110 700
1658120 704
1658130 704
1658140 707
1658150 710
1658160 710
1658170 712
1658180 713
1658190 713
1658200 714
1658210 715
1658220 715
1658230 716
1658240 717
1658250 717
1658260 718
1658270 718
1658280 718
1658290 719
1658300 719
1658310 719
1658320 720
1658330 721
1658340 721
1658350 722
1658360 723
1658370 723
1658380 723
1658390 724
1658400 724
1658410 723
1658420 723
1658430 723
1658440 722
1658450 721
1658460 721
1658470 721
1658480 720
1658490 720
1658500 719
1658510 719
1658520 719
1658530 718
1658540 717
1658550 717
1658560 716
1658570 714
1658580 714
1658590 713
1658600 712
1658610 712
1658620 711
1658630 711
1658640 711
1658650 710
1658660 709
1658670 709
1658680 711
1658690 711
1658700 711
1658710 712
1658720 712
1658730 714
1658740 715
1658750 715
1658760 717
1658770 718
1658780 718
1658790 720
1658800 721
1658810 721
1658820 722
1658830 722
1658840 720
1658850 721
1658860 722
1658870 722
1658880 723
1658890 724
1658900 724
1658910 725
1658920 725
1658930 725
1658940 726
1658950 726
1658960 726
1658970 727
1658980 727
1658990 727
1659000 728
1659010 728
1659020 728
1659030 729
1659040 730
1659050 730
1659060 731
1659070 731
1659080 731
1659090 733
1659100 734
1659110 734
1659120 735
1659130 737
1659140 737
1659150 739
1659160 741
1659170 741
1659180 743
1659190 744
1659200 744
1659210 746
1659220 748
1659230 748
1659240 749
1659250 751
1659260 751
1659270 753
1659280 753
1659290 753
1659300 753
1659310 753
1659320 753
1659330 752
1659340 751
1659350 751
1659360 750
1659370 749
1659380 749
1659390 747
1659400 747
1659410 745
1659420 744
1659430 744
1659440 742
1659450 740
1659460 740
1659470 739
1659480 738
1659490 738
1659500 736
1659510 735
1659520 735
1659530 734
1659540 733
1659550 733
1659560 732
1659570 731
1659580 731
1659590 731
1659600 731
1659610 731
1659620 730
1659630 729
1659640 729
1659650 728
1659660 727
1659670 727
1659680 727
1659690 726
1659700 726
1659710 725
1659720 724
1659730 724
1659740 724
1659750 723
1659760 723
1659770 722
1659780 721
1659790 721
1659800 721
1659810 720
1659820 720
1659830 719
1659840 718
1659850 718
1659860 718
1659870 717
1659880 717
1659890 717
1659900 716
1659910 716
1659920 716
1659930 715
1659940 715
1659950 715
1659960 715
1659970 715
1659980 714
1659990 714
