1640000 950
1640010 950
1640020 949
1640030 949
1640040 949
1640050 949
1640060 948
1640070 948
1640080 948
1640090 948
1640100 948
1640110 949
1640120 949
1640130 949
1640140 949
1640150 950
1640160 950
1640170 950
1640180 951
1640190 951
1640200 951
1640210 952
1640220 952
1640230 953
1640240 954
1640250 954
1640260 953
1640270 953
1640280 954
1640290 954
1640300 954
1640310 954
1640320 954
1640330 954
1640340 955
1640350 955
1640360 955
1640370 955
1640380 955
1640390 955
1640400 956
1640410 956
1640420 956
1640430 957
1640440 957
1640450 957
1640460 958
1640470 958
1640480 958
1640490 958
1640500 959
1640510 959
1640520 959
1640530 959
1640540 959
1640550 960
1640560 960
1640570 960
1640580 960
1640590 961
1640600 961
1640610 961
1640620 961
1640630 961
1640640 961
1640650 961
1640660 961
1640670 961
1640680 960
1640690 960
1640700 960
1640710 959
1640720 959
1640730 958
1640740 957
1640750 957
1640760 957
1640770 956
1640780 956
1640790 955
1640800 955
1640810 955
1640820 954
1640830 954
1640840 954
1640850 953
1640860 953
1640870 953
1640880 952
1640890 951
1640900 951
1640910 950
1640920 950
1640930 950
1640940 949
1640950 949
1640960 948
1640970 947
1640980 947
1640990 946
1641000 945
1641010 945
1641020 944
1641030 942
1641040 942
1641050 941
1641060 940
1641070 940
1641080 939
1641090 938
1641100 938
1641110 937
1641120 936
1641130 936
1641140 935
1641150 934
1641160 934
1641170 933
1641180 931
1641190 931
1641200 929
1641210 927
1641220 927
1641230 925
1641240 924
1641250 924
1641260 923
1641270 923
1641280 923
1641290 921
1641300 921
1641310 921
1641320 920
1641330 920
1641340 920
1641350 918
1641360 918
1641370 918
1641380 916
1641390 915
1641400 915
1641410 914
1641420 913
1641430 913
1641440 912
1641450 911
1641460 911
1641470 910
1641480 908
1641490 908
1641500 907
1641510 906
1641520 906
1641530 905
1641540 901
1641550 901
1641560 898
1641570 898
1641580 898
1641590 897
1641600 897
1641610 896
1641620 896
1641630 896
1641640 896
1641650 894
1641660 894
1641670 892
1641680 891
1641690 891
1641700 891
1641710 890
1641720 890
1641730 890
1641740 890
1641750 890
1641760 891
1641770 891
1641780 891
1641790 891
1641800 892
1641810 892
1641820 892
1641830 891
1641840 891
1641850 891
1641860 891
1641870 891
1641880 890
1641890 890
1641900 890
1641910 890
1641920 890
1641930 892
1641940 892
1641950 892
1641960 892
1641970 893
1641980 893
1641990 893
1642000 894
1642010 894
1642020 894
1642030 895
1642040 896
1642050 896
1642060 897
1642070 897
1642080 897
1642090 898
1642100 900
1642110 900
1642120 901
1642130 901
1642140 901
1642150 902
1642160 902
1642170 902
1642180 901
1642190 900
1642200 900
1642210 899
1642220 898
1642230 898
1642240 898
1642250 898
1642260 898
1642270 898
1642280 898
1642290 899
1642300 900
1642310 900
1642320 900
1642330 900
1642340 900
1642350 899
1642360 899
1642370 899
1642380 898
1642390 897
1642400 897
1642410 896
1642420 896
1642430 896
1642440 896
1642450 896
1642460 896
1642470 896
1642480 896
1642490 896
1642500 896
1642510 896
1642520 896
1642530 895
1642540 894
1642550 894
1642560 892
1642570 891
1642580 891
1642590 890
1642600 888
1642610 888
1642620 887
1642630 885
1642640 885
1642650 883
1642660 881
1642670 881
1642680 879
1642690 876
1642700 876
1642710 872
1642720 868
1642730 868
1642740 865
1642750 862
1642760 862
1642770 859
1642780 856
1642790 856
1642800 854
1642810 852
1642820 852
1642830 850
1642840 848
1642850 848
1642860 847
1642870 845
1642880 845
1642890 844
1642900 842
1642910 842
1642920 838
1642930 833
1642940 833
1642950 829
1642960 829
1642970 828
1642980 827
1642990 827
1643000 826
1643010 825
1643020 825
1643030 824
1643040 822
1643050 822
1643060 818
1643070 816
1643080 816
1643090 815
1643100 814
1643110 814
1643120 814
1643130 815
1643140 815
1643150 814
1643160 813
1643170 813
1643180 812
1643190 812
1643200 812
1643210 813
1643220 813
1643230 813
1643240 812
1643250 810
1643260 810
1643270 808
1643280 806
1643290 806
1643300 805
1643310 804
1643320 804
1643330 805
1643340 804
1643350 804
1643360 803
1643370 802
1643380 802
1643390 800
1643400 799
1643410 799
1643420 798
1643430 797
1643440 797
1643450 795
1643460 793
1643470 793
1643480 791
1643490 788
1643500 788
1643510 785
1643520 780
1643530 780
1643540 775
1643550 770
1643560 770
1643570 765
1643580 760
1643590 760
1643600 756
1643610 753
1643620 753
1643630 751
1643640 751
1643650 749
1643660 747
1643670 747
1643680 745
1643690 742
1643700 742
1643710 738
1643720 734
1643730 734
1643740 730
1643750 726
1643760 726
1643770 724
1643780 723
1643790 723
1643800 721
1643810 720
1643820 720
1643830 717
1643840 714
1643850 714
1643860 712
1643870 710
1643880 710
1643890 708
1643900 707
1643910 707
1643920 706
1643930 705
1643940 705
1643950 704
1643960 702
1643970 702
1643980 701
1643990 701
1644000 701
1644010 701
1644020 702
1644030 702
1644040 702
1644050 703
1644060 703
1644070 704
1644080 705
1644090 705
1644100 705
1644110 705
1644120 705
1644130 707
1644140 711
1644150 711
1644160 715
1644170 718
1644180 718
1644190 721
1644200 723
1644210 723
1644220 726
1644230 728
1644240 728
1644250 728
1644260 728
1644270 728
1644280 728
1644290 729
1644300 729
1644310 731
1644320 731
1644330 733
1644340 736
1644350 736
1644360 740
1644370 742
1644380 742
1644390 746
1644400 750
1644410 750
1644420 753
1644430 757
1644440 757
1644450 760
1644460 763
1644470 763
1644480 767
1644490 770
1644500 770
1644510 773
1644520 776
1644530 776
1644540 779
1644550 782
1644560 782
1644570 785
1644580 786
1644590 786
1644600 788
1644610 789
1644620 789
1644630 790
1644640 791
1644650 791
1644660 792
1644670 792
1644680 792
1644690 793
1644700 793
1644710 793
1644720 793
1644730 793
1644740 793
1644750 791
1644760 788
1644770 788
1644780 785
1644790 781
1644800 781
1644810 779
1644820 778
1644830 778
1644840 776
1644850 775
1644860 775
1644870 775
1644880 775
1644890 775
1644900 775
1644910 775
1644920 775
1644930 775
1644940 776
1644950 776
1644960 776
1644970 777
1644980 777
1644990 778
1645000 778
1645010 779
1645020 780
1645030 780
1645040 780
1645050 781
1645060 781
1645070 782
1645080 781
1645090 781
1645100 779
1645110 777
1645120 777
1645130 775
1645140 772
1645150 772
1645160 769
1645170 765
1645180 765
1645190 762
1645200 760
1645210 760
1645220 759
1645230 758
1645240 758
1645250 757
1645260 755
1645270 755
1645280 754
1645290 753
1645300 753
1645310 752
1645320 750
1645330 750
1645340 749
1645350 748
1645360 748
1645370 748
1645380 747
1645390 747
1645400 746
1645410 745
1645420 745
1645430 745
1645440 745
1645450 745
1645460 745
1645470 745
1645480 745
1645490 745
1645500 745
1645510 745
1645520 745
1645530 745
1645540 745
1645550 745
1645560 745
1645570 745
1645580 745
1645590 745
1645600 745
1645610 745
1645620 745
1645630 745
1645640 745
1645650 745
1645660 745
1645670 745
1645680 745
1645690 745
1645700 744
1645710 744
1645720 744
1645730 744
1645740 744
1645750 744
1645760 743
1645770 743
1645780 742
1645790 742
1645800 742
1645810 742
1645820 741
1645830 741
1645840 740
1645850 739
1645860 739
1645870 738
1645880 736
1645890 736
1645900 735
1645910 733
1645920 733
1645930 731
1645940 730
1645950 730
1645960 728
1645970 727
1645980 727
1645990 726
1646000 726
1646010 726
1646020 726
1646030 726
1646040 726
1646050 725
1646060 725
1646070 725
1646080 725
1646090 725
1646100 725
1646110 725
1646120 725
1646130 725
1646140 725
1646150 725
1646160 725
1646170 725
1646180 725
1646190 725
1646200 725
1646210 724
1646220 724
1646230 725
1646240 725
1646250 725
1646260 725
1646270 725
1646280 725
1646290 725
1646300 725
1646310 725
1646320 725
1646330 725
1646340 726
1646350 726
1646360 726
1646370 725
1646380 722
1646390 722
1646400 718
1646410 713
1646420 713
1646430 711
1646440 709
1646450 709
1646460 709
1646470 710
1646480 710
1646490 711
1646500 712
1646510 712
1646520 713
1646530 715
1646540 715
1646550 717
1646560 721
1646570 721
1646580 724
1646590 723
1646600 723
1646610 723
1646620 723
1646630 723
1646640 724
1646650 725
1646660 725
1646670 726
1646680 727
1646690 727
1646700 728
1646710 730
1646720 730
1646730 731
1646740 733
1646750 733
1646760 735
1646770 736
1646780 736
1646790 738
1646800 740
1646810 740
1646820 742
1646830 744
1646840 744
1646850 746
1646860 747
1646870 747
1646880 749
1646890 752
1646900 752
1646910 754
1646920 757
1646930 757
1646940 760
1646950 762
1646960 762
1646970 764
1646980 766
1646990 766
1647000 768
1647010 768
1647020 770
1647030 772
1647040 772
1647050 775
1647060 776
1647070 776
1647080 778
1647090 779
1647100 779
1647110 781
1647120 783
1647130 783
1647140 784
1647150 786
1647160 786
1647170 788
1647180 790
1647190 790
1647200 791
1647210 793
1647220 793
1647230 794
1647240 794
1647250 794
1647260 794
1647270 795
1647280 795
1647290 795
1647300 796
1647310 796
1647320 796
1647330 798
1647340 798
1647350 798
1647360 799
1647370 799
1647380 800
1647390 800
1647400 800
1647410 801
1647420 801
1647430 801
1647440 801
1647450 801
1647460 801
1647470 802
1647480 802
1647490 802
1647500 801
1647510 801
1647520 801
1647530 800
1647540 799
1647550 799
1647560 798
1647570 797
1647580 797
1647590 796
1647600 795
1647610 795
1647620 794
1647630 794
1647640 796
1647650 796
1647660 796
1647670 796
1647680 796
1647690 796
1647700 796
1647710 797
1647720 797
1647730 797
1647740 798
1647750 798
1647760 799
1647770 800
1647780 800
1647790 800
1647800 801
1647810 801
1647820 802
1647830 803
1647840 803
1647850 805
1647860 808
1647870 808
1647880 811
1647890 814
1647900 814
1647910 819
1647920 823
1647930 823
1647940 825
1647950 827
1647960 827
1647970 831
1647980 832
1647990 832
1648000 833
1648010 833
1648020 833
1648030 833
1648040 832
1648050 832
1648060 831
1648070 829
1648080 829
1648090 826
1648100 823
1648110 823
1648120 820
1648130 815
1648140 815
1648150 812
1648160 809
1648170 809
1648180 808
1648190 807
1648200 807
1648210 807
1648220 806
1648230 806
1648240 805
1648250 805
1648260 805
1648270 804
1648280 803
1648290 803
1648300 803
1648310 802
1648320 802
1648330 801
1648340 801
1648350 801
1648360 800
1648370 800
1648380 799
1648390 799
1648400 799
1648410 798
1648420 798
1648430 798
1648440 799
1648450 800
1648460 800
1648470 800
1648480 802
1648490 802
1648500 802
1648510 803
1648520 803
1648530 804
1648540 805
1648550 805
1648560 807
1648570 809
1648580 809
1648590 810
1648600 811
1648610 811
1648620 813
1648630 814
1648640 814
1648650 815
1648660 815
1648670 815
1648680 815
1648690 814
1648700 814
1648710 814
1648720 813
1648730 813
1648740 812
1648750 811
1648760 811
1648770 811
1648780 809
1648790 809
1648800 808
1648810 807
1648820 807
1648830 805
1648840 802
1648850 802
1648860 798
1648870 793
1648880 793
1648890 791
1648900 790
1648910 790
1648920 790
1648930 790
1648940 790
1648950 789
1648960 789
1648970 789
1648980 789
1648990 789
1649000 789
1649010 789
1649020 789
1649030 789
1649040 789
1649050 789
1649060 790
1649070 792
1649080 792
1649090 793
1649100 794
1649110 794
1649120 795
1649130 797
1649140 797
1649150 799
1649160 801
1649170 801
1649180 803
1649190 805
1649200 805
1649210 807
1649220 810
1649230 813
1649240 815
1649250 819
1649260 819
1649270 821
1649280 823
1649290 823
1649300 825
1649310 828
1649320 828
1649330 830
1649340 829
1649350 829
1649360 828
1649370 827
1649380 827
1649390 827
1649400 825
1649410 825
1649420 822
1649430 818
1649440 818
1649450 812
1649460 806
1649470 806
1649480 800
1649490 796
1649500 796
1649510 794
1649520 791
1649530 791
1649540 789
1649550 786
1649560 786
1649570 783
1649580 781
1649590 781
1649600 779
1649610 778
1649620 778
1649630 776
1649640 774
1649650 774
1649660 773
1649670 772
1649680 772
1649690 770
1649700 770
1649710 769
1649720 768
1649730 768
1649740 767
1649750 765
1649760 765
1649770 763
1649780 762
1649790 762
1649800 760
1649810 760
1649820 760
1649830 759
1649840 758
1649850 758
1649860 757
1649870 756
1649880 756
1649890 755
1649900 754
1649910 754
1649920 753
1649930 751
1649940 751
1649950 749
1649960 746
1649970 746
1649980 743
1649990 739
1650000 739
1650010 735
1650020 731
1650030 731
1650040 729
1650050 727
1650060 727
1650070 726
1650080 724
1650090 724
1650100 723
1650110 722
1650120 722
1650130 721
1650140 720
1650150 720
1650160 718
1650170 717
1650180 717
1650190 718
1650200 720
1650210 720
1650220 723
1650230 725
1650240 725
1650250 726
1650260 727
1650270 727
1650280 728
1650290 729
1650300 729
1650310 729
1650320 730
1650330 730
1650340 730
1650350 730
1650360 730
1650370 729
1650380 729
1650390 728
1650400 727
1650410 727
1650420 726
1650430 724
1650440 724
1650450 723
1650460 724
1650470 724
1650480 724
1650490 724
1650500 724
1650510 724
1650520 725
1650530 725
1650540 726
1650550 728
1650560 728
1650570 729
1650580 729
1650590 729
1650600 730
1650610 731
1650620 731
1650630 730
1650640 730
1650650 730
1650660 730
1650670 730
1650680 730
1650690 730
1650700 729
1650710 729
1650720 727
1650730 726
1650740 726
1650750 724
1650760 724
1650770 724
1650780 723
1650790 723
1650800 723
1650810 725
1650820 726
1650830 726
1650840 727
1650850 729
1650860 729
1650870 731
1650880 733
1650890 733
1650900 733
1650910 734
1650920 734
1650930 734
1650940 735
1650950 735
1650960 736
1650970 738
1650980 738
1650990 738
1651000 738
1651010 738
1651020 738
1651030 738
1651040 738
1651050 738
1651060 738
1651070 738
1651080 738
1651090 738
1651100 738
1651110 736
1651120 736
1651130 734
1651140 732
1651150 732
1651160 730
1651170 729
1651180 729
1651190 728
1651200 724
1651210 724
1651220 722
1651230 719
1651240 719
1651250 716
1651260 713
1651270 713
1651280 710
1651290 707
1651300 707
1651310 703
1651320 700
1651330 700
1651340 696
1651350 693
1651360 693
1651370 691
1651380 690
1651390 690
1651400 688
1651410 686
1651420 686
1651430 685
1651440 683
1651450 683
1651460 681
1651470 679
1651480 679
1651490 677
1651500 676
1651510 676
1651520 674
1651530 673
1651540 673
1651550 672
1651560 671
1651570 671
1651580 669
1651590 667
1651600 667
1651610 665
1651620 663
1651630 663
1651640 661
1651650 659
1651660 659
1651670 658
1651680 657
1651690 657
1651700 656
1651710 655
1651720 655
1651730 654
1651740 654
1651750 653
1651760 652
1651770 652
1651780 651
1651790 651
1651800 651
1651810 650
1651820 650
1651830 650
1651840 649
1651850 649
1651860 649
1651870 648
1651880 648
1651890 648
1651900 647
1651910 647
1651920 647
1651930 646
1651940 646
1651950 646
1651960 645
1651970 645
1651980 645
1651990 645
1652000 645
1652010 645
1652020 647
1652030 646
1652040 646
1652050 641
1652060 636
1652070 636
1652080 635
1652090 633
1652100 633
1652110 632
1652120 632
1652130 632
1652140 631
1652150 630
1652160 630
1652170 630
1652180 629
1652190 629
1652200 628
1652210 628
1652220 628
1652230 627
1652240 627
1652250 627
1652260 626
1652270 626
1652280 626
1652290 625
1652300 625
1652310 625
1652320 625
1652330 624
1652340 624
1652350 624
1652360 626
1652370 626
1652380 627
1652390 624
1652400 624
1652410 623
1652420 623
1652430 622
1652440 621
1652450 621
1652460 621
1652470 621
1652480 621
1652490 621
1652500 621
1652510 621
1652520 621
1652530 621
1652540 621
1652550 622
1652560 622
1652570 622
1652580 624
1652590 626
1652600 626
1652610 630
1652620 632
1652630 632
1652640 633
1652650 634
1652660 634
1652670 635
1652680 636
1652690 636
1652700 636
1652710 636
1652720 636
1652730 635
1652740 635
1652750 635
1652760 635
1652770 636
1652780 636
1652790 636
1652800 638
1652810 638
1652820 640
1652830 642
1652840 642
1652850 643
1652860 644
1652870 644
1652880 645
1652890 646
1652900 646
1652910 647
1652920 647
1652930 647
1652940 648
1652950 650
1652960 650
1652970 651
1652980 652
1652990 652
1653000 652
1653010 652
1653020 652
1653030 653
1653040 654
1653050 654
1653060 655
1653070 656
1653080 656
1653090 658
1653100 658
1653110 660
1653120 660
1653130 660
1653140 661
1653150 661
1653160 663
1653170 663
1653180 664
1653190 664
1653200 664
1653210 664
1653220 664
1653230 664
1653240 664
1653250 664
1653260 665
1653270 666
1653280 666
1653290 668
1653300 669
1653310 669
1653320 670
1653330 671
1653340 671
1653350 671
1653360 672
1653370 672
1653380 672
1653390 673
1653400 673
1653410 673
1653420 674
1653430 674
1653440 675
1653450 676
1653460 676
1653470 677
1653480 678
1653490 678
1653500 679
1653510 681
1653520 681
1653530 684
1653540 685
1653550 685
1653560 687
1653570 688
1653580 688
1653590 689
1653600 690
1653610 690
1653620 691
1653630 692
1653640 692
1653650 693
1653660 695
1653670 695
1653680 697
1653690 699
1653700 699
1653710 699
1653720 699
1653730 699
1653740 699
1653750 699
1653760 699
1653770 699
1653780 699
1653790 698
1653800 698
1653810 698
1653820 697
1653830 697
1653840 697
1653850 697
1653860 697
1653870 697
1653880 697
1653890 697
1653900 697
1653910 696
1653920 695
1653930 694
1653940 694
1653950 693
1653960 693
1653970 692
1653980 691
1653990 691
1654000 690
1654010 690
1654020 690
1654030 689
1654040 688
1654050 688
1654060 687
1654070 686
1654080 686
1654090 684
1654100 682
1654110 682
1654120 680
1654130 679
1654140 679
1654150 680
1654160 680
1654170 680
1654180 680
1654190 681
1654200 681
1654210 682
1654220 683
1654230 683
1654240 683
1654250 684
1654260 684
1654270 684
1654280 685
1654290 685
1654300 686
1654310 687
1654320 687
1654330 687
1654340 688
1654350 688
1654360 689
1654370 689
1654380 689
1654390 690
1654400 690
1654410 690
1654420 691
1654430 691
1654440 692
1654450 692
1654460 692
1654470 693
1654480 693
1654490 693
1654500 694
1654510 695
1654520 695
1654530 695
1654540 696
1654550 696
1654560 697
1654570 697
1654580 697
1654590 698
1654600 698
1654610 698
1654620 699
1654630 700
1654640 700
1654650 701
1654660 701
1654670 701
1654680 702
1654690 703
1654700 704
1654710 706
1654720 707
1654730 707
1654740 708
1654750 708
1654760 708
1654770 709
1654780 709
1654790 709
1654800 709
1654810 709
1654820 709
1654830 709
1654840 708
1654850 708
1654860 707
1654870 706
1654880 706
1654890 705
1654900 704
1654910 704
1654920 703
1654930 701
1654940 701
1654950 701
1654960 700
1654970 700
1654980 700
1654990 701
1655000 701
1655010 701
1655020 701
1655030 701
1655040 701
1655050 699
1655060 699
1655070 698
1655080 697
1655090 697
1655100 697
1655110 697
1655120 698
1655130 699
1655140 699
1655150 700
1655160 701
1655170 701
1655180 702
1655190 705
1655200 705
1655210 707
1655220 710
1655230 710
1655240 712
1655250 714
1655260 714
1655270 715
1655280 716
1655290 716
1655300 717
1655310 719
1655320 719
1655330 721
1655340 724
1655350 724
1655360 726
1655370 728
1655380 728
1655390 730
1655400 731
1655410 731
1655420 733
1655430 734
1655440 734
1655450 735
1655460 737
1655470 736
1655480 737
1655490 739
1655500 739
1655510 740
1655520 741
1655530 741
1655540 742
1655550 744
1655560 744
1655570 745
1655580 746
1655590 746
1655600 747
1655610 748
1655620 748
1655630 750
1655640 750
1655650 750
1655660 752
1655670 753
1655680 753
1655690 754
1655700 756
1655710 756
1655720 758
1655730 759
1655740 759
1655750 761
1655760 763
1655770 763
1655780 766
1655790 766
1655800 768
1655810 770
1655820 770
1655830 772
1655840 774
1655850 774
1655860 778
1655870 780
1655880 780
1655890 783
1655900 786
1655910 786
1655920 788
1655930 791
1655940 791
1655950 794
1655960 796
1655970 796
1655980 799
1655990 801
1656000 801
1656010 803
1656020 805
1656030 805
1656040 807
1656050 808
1656060 808
1656070 810
1656080 811
1656090 811
1656100 812
1656110 814
1656120 814
1656130 815
1656140 816
1656150 816
1656160 817
1656170 817
1656180 817
1656190 818
1656200 818
1656210 818
1656220 818
1656230 817
1656240 817
1656250 817
1656260 818
1656270 818
1656280 818
1656290 818
1656300 818
1656310 819
1656320 820
1656330 820
1656340 821
1656350 822
1656360 822
1656370 823
1656380 824
1656390 824
1656400 824
1656410 825
1656420 825
1656430 824
1656440 824
1656450 824
1656460 824
1656470 824
1656480 823
1656490 822
1656500 822
1656510 821
1656520 819
1656530 819
1656540 817
1656550 815
1656560 815
1656570 812
1656580 809
1656590 809
1656600 806
1656610 803
1656620 803
1656630 800
1656640 797
1656650 797
1656660 795
1656670 792
1656680 792
1656690 790
1656700 786
1656710 786
1656720 783
1656730 780
1656740 780
1656750 777
1656760 774
1656770 774
1656780 771
1656790 769
1656800 769
1656810 767
1656820 765
1656830 765
1656840 762
1656850 760
1656860 760
1656870 757
1656880 754
1656890 754
1656900 751
1656910 747
1656920 747
1656930 743
1656940 740
1656950 740
1656960 737
1656970 735
1656980 735
1656990 733
1657000 732
1657010 732
1657020 730
1657030 728
1657040 728
1657050 726
1657060 725
1657070 725
1657080 724
1657090 723
1657100 723
1657110 721
1657120 721
1657130 720
1657140 719
1657150 719
1657160 718
1657170 717
1657180 717
1657190 717
1657200 716
1657210 716
1657220 716
1657230 717
1657240 717
1657250 717
1657260 718
1657270 718
1657280 718
1657290 717
1657300 717
1657310 717
1657320 717
1657330 717
1657340 717
1657350 718
1657360 718
1657370 719
1657380 720
1657390 720
1657400 722
1657410 722
1657420 722
1657430 723
1657440 724
1657450 724
1657460 726
1657470 728
1657480 728
1657490 729
1657500 731
1657510 731
1657520 732
1657530 735
1657540 735
1657550 737
1657560 739
1657570 739
1657580 741
1657590 744
1657600 744
1657610 746
1657620 748
1657630 748
1657640 749
1657650 751
1657660 751
1657670 753
1657680 755
1657690 755
1657700 757
1657710 758
1657720 758
1657730 760
1657740 761
1657750 758
1657760 759
1657770 760
1657780 760
1657790 761
1657800 761
1657810 762
1657820 762
1657830 762
1657840 763
1657850 764
1657860 764
1657870 765
1657880 765
1657890 765
1657900 765
1657910 766
1657920 766
1657930 766
1657940 765
1657950 765
1657960 765
1657970 764
1657980 764
1657990 764
1658000 763
1658010 763
1658020 762
1658030 760
1658040 760
1658050 758
1658060 756
1658070 756
1658080 753
1658090 751
1658100 751
1658110 749
1658120 748
1658130 748
1658140 747
1658150 747
1658160 747
1658170 746
1658180 746
1658190 746
1658200 745
1658210 745
1658220 745
1658230 745
1658240 745
1658250 745
1658260 745
1658270 744
1658280 744
1658290 744
1658300 745
1658310 745
1658320 745
1658330 745
1658340 745
1658350 745
1658360 746
1658370 746
1658380 746
1658390 746
1658400 746
1658410 747
1658420 747
1658430 747
1658440 747
1658450 748
1658460 748
1658470 749
1658480 749
1658490 751
1658500 750
1658510 750
1658520 750
1658530 750
1658540 750
1658550 749
1658560 748
1658570 748
1658580 748
1658590 748
1658600 748
1658610 748
1658620 748
1658630 748
1658640 747
1658650 747
1658660 747
1658670 747
1658680 747
1658690 747
1658700 747
1658710 747
1658720 747
1658730 747
1658740 747
1658750 747
1658760 747
1658770 748
1658780 748
1658790 748
1658800 749
1658810 749
1658820 749
1658830 749
1658840 749
1658850 749
1658860 748
1658870 748
1658880 748
1658890 749
1658900 749
1658910 749
1658920 749
1658930 749
1658940 750
1658950 750
1658960 750
1658970 750
1658980 751
1658990 751
1659000 751
1659010 752
1659020 752
1659030 753
1659040 754
1659050 754
1659060 754
1659070 753
1659080 753
1659090 753
1659100 753
1659110 753
1659120 752
1659130 752
1659140 752
1659150 751
1659160 751
1659170 751
1659180 750
1659190 750
1659200 749
1659210 749
1659220 749
1659230 747
1659240 746
1659250 746
1659260 745
1659270 745
1659280 745
1659290 744
1659300 743
1659310 743
1659320 743
1659330 741
1659340 741
1659350 740
1659360 739
1659370 739
1659380 738
1659390 737
1659400 737
1659410 735
1659420 734
1659430 734
1659440 734
1659450 733
1659460 733
1659470 732
1659480 731
1659490 731
1659500 730
1659510 730
1659520 730
1659530 729
1659540 728
1659550 728
1659560 727
1659570 726
1659580 726
1659590 726
1659600 725
1659610 725
1659620 724
1659630 724
1659640 724
1659650 723
1659660 723
1659670 723
1659680 723
1659690 722
1659700 722
1659710 722
1659720 723
1659730 723
1659740 723
1659750 723
1659760 723
1659770 723
1659780 723
1659790 723
1659800 722
1659810 722
1659820 722
1659830 721
1659840 721
1659850 720
1659860 720
1659870 720
1659880 720
1659890 719
1659900 719
1659910 719
1659920 719
1659930 719
1659940 718
1659950 718
1659960 718
1659970 718
1659980 718
1659990 718
