1640000 896
1640010 896
1640020 896
1640030 896
1640040 896
1640050 896
1640060 896
1640070 896
1640080 897
1640090 897
1640100 897
1640110 897
1640120 898
1640130 898
1640140 898
1640150 899
1640160 899
1640170 899
1640180 899
1640190 899
1640200 900
1640210 900
1640220 900
1640230 900
1640240 901
1640250 901
1640260 901
1640270 902
1640280 902
1640290 902
1640300 903
1640310 903
1640320 903
1640330 904
1640340 904
1640350 904
1640360 904
1640370 904
1640380 905
1640390 905
1640400 905
1640410 905
1640420 906
1640430 906
1640440 906
1640450 907
1640460 907
1640470 907
1640480 908
1640490 908
1640500 909
1640510 910
1640520 910
1640530 910
1640540 911
1640550 911
1640560 911
1640570 911
1640580 912
1640590 913
1640600 913
1640610 914
1640620 914
1640630 914
1640640 916
1640650 917
1640660 917
1640670 918
1640680 919
1640690 919
1640700 920
1640710 921
1640720 921
1640730 922
1640740 923
1640750 923
1640760 924
1640770 926
1640780 926
1640790 928
1640800 930
1640810 930
1640820 932
1640830 934
1640840 934
1640850 939
1640860 943
1640870 943
1640880 945
1640890 950
1640900 950
1640910 952
1640920 954
1640930 954
1640940 955
1640950 957
1640960 957
1640970 957
1640980 956
1640990 956
1641000 956
1641010 956
1641020 956
1641030 955
1641040 954
1641050 954
1641060 954
1641070 954
1641080 954
1641090 954
1641100 955
1641110 955
1641120 955
1641130 956
1641140 956
1641150 956
1641160 958
1641170 958
1641180 958
1641190 958
1641200 958
1641210 958
1641220 958
1641230 958
1641240 959
1641250 959
1641260 958
1641270 958
1641280 958
1641290 959
1641300 960
1641310 960
1641320 960
1641330 961
1641340 961
1641350 962
1641360 963
1641370 963
1641380 965
1641390 965
1641400 965
1641410 965
1641420 967
1641430 967
1641440 969
1641450 970
1641460 970
1641470 972
1641480 971
1641490 971
1641500 968
1641510 966
1641520 966
1641530 962
1641540 962
1641550 962
1641560 960
1641570 957
1641580 957
1641590 955
1641600 952
1641610 952
1641620 949
1641630 947
1641640 947
1641650 945
1641660 944
1641670 944
1641680 943
1641690 942
1641700 942
1641710 941
1641720 939
1641730 939
1641740 938
1641750 937
1641760 937
1641770 936
1641780 935
1641790 935
1641800 933
1641810 932
1641820 932
1641830 931
1641840 929
1641850 929
1641860 927
1641870 925
1641880 925
1641890 922
1641900 922
1641910 921
1641920 919
1641930 919
1641940 918
1641950 917
1641960 917
1641970 917
1641980 917
1641990 917
1642000 916
1642010 915
1642020 915
1642030 915
1642040 914
1642050 914
1642060 913
1642070 913
1642080 913
1642090 912
1642100 911
1642110 911
1642120 911
1642130 910
1642140 910
1642150 909
1642160 909
1642170 909
1642180 908
1642190 908
1642200 908
1642210 907
1642220 906
1642230 906
1642240 906
1642250 906
1642260 906
1642270 905
1642280 905
1642290 905
1642300 904
1642310 903
1642320 903
1642330 903
1642340 903
1642350 903
1642360 903
1642370 903
1642380 903
1642390 903
1642400 903
1642410 903
1642420 904
1642430 904
1642440 904
1642450 904
1642460 905
1642470 905
1642480 905
1642490 905
1642500 905
1642510 905
1642520 906
1642530 906
1642540 906
1642550 906
1642560 906
1642570 907
1642580 907
1642590 907
1642600 907
1642610 907
1642620 908
1642630 908
1642640 908
1642650 908
1642660 909
1642670 909
1642680 910
1642690 910
1642700 910
1642710 911
1642720 911
1642730 911
1642740 912
1642750 912
1642760 912
1642770 911
1642780 911
1642790 911
1642800 910
1642810 910
1642820 910
1642830 909
1642840 908
1642850 908
1642860 908
1642870 908
1642880 908
1642890 908
1642900 909
1642910 909
1642920 909
1642930 909
1642940 909
1642950 909
1642960 909
1642970 909
1642980 909
1642990 907
1643000 907
1643010 905
1643020 903
1643030 903
1643040 902
1643050 900
1643060 900
1643070 899
1643080 896
1643090 896
1643100 894
1643110 891
1643120 891
1643130 889
1643140 885
1643150 885
1643160 880
1643170 875
1643180 875
1643190 871
1643200 867
1643210 867
1643220 863
1643230 863
1643240 859
1643250 855
1643260 855
1643270 851
1643280 848
1643290 848
1643300 844
1643310 840
1643320 840
1643330 836
1643340 831
1643350 831
1643360 828
1643370 831
1643380 831
1643390 831
1643400 830
1643410 830
1643420 830
1643430 830
1643440 830
1643450 830
1643460 829
1643470 829
1643480 828
1643490 827
1643500 827
1643510 827
1643520 827
1643530 827
1643540 826
1643550 825
1643560 825
1643570 822
1643580 820
1643590 820
1643600 819
1643610 819
1643620 819
1643630 819
1643640 820
1643650 820
1643660 821
1643670 821
1643680 821
1643690 821
1643700 822
1643710 822
1643720 823
1643730 824
1643740 824
1643750 824
1643760 825
1643770 825
1643780 827
1643790 828
1643800 828
1643810 829
1643820 831
1643830 831
1643840 832
1643850 833
1643860 833
1643870 834
1643880 834
1643890 836
1643900 838
1643910 838
1643920 840
1643930 842
1643940 842
1643950 844
1643960 847
1643970 847
1643980 849
1643990 852
1644000 852
1644010 854
1644020 856
1644030 856
1644040 858
1644050 860
1644060 860
1644070 862
1644080 864
1644090 864
1644100 865
1644110 866
1644120 866
1644130 868
1644140 870
1644150 870
1644160 871
1644170 871
1644180 871
1644190 871
1644200 870
1644210 870
1644220 868
1644230 864
1644240 864
1644250 860
1644260 855
1644270 855
1644280 852
1644290 849
1644300 849
1644310 846
1644320 843
1644330 843
1644340 840
1644350 835
1644360 835
1644370 831
1644380 826
1644390 826
1644400 822
1644410 818
1644420 818
1644430 815
1644440 813
1644450 813
1644460 811
1644470 810
1644480 810
1644490 808
1644500 806
1644510 806
1644520 805
1644530 805
1644540 803
1644550 802
1644560 802
1644570 800
1644580 799
1644590 799
1644600 798
1644610 798
1644620 798
1644630 798
1644640 797
1644650 797
1644660 796
1644670 795
1644680 795
1644690 796
1644700 796
1644710 796
1644720 796
1644730 796
1644740 796
1644750 795
1644760 795
1644770 795
1644780 795
1644790 795
1644800 795
1644810 795
1644820 795
1644830 795
1644840 796
1644850 796
1644860 796
1644870 796
1644880 797
1644890 797
1644900 797
1644910 798
1644920 798
1644930 799
1644940 800
1644950 800
1644960 802
1644970 803
1644980 803
1644990 804
1645000 806
1645010 808
1645020 809
1645030 810
1645040 810
1645050 811
1645060 813
1645070 813
1645080 814
1645090 815
1645100 815
1645110 816
1645120 817
1645130 817
1645140 819
1645150 821
1645160 821
1645170 822
1645180 822
1645190 825
1645200 827
1645210 827
1645220 830
1645230 832
1645240 832
1645250 835
1645260 837
1645270 837
1645280 839
1645290 841
1645300 841
1645310 843
1645320 844
1645330 844
1645340 843
1645350 843
1645360 843
1645370 842
1645380 841
1645390 841
1645400 841
1645410 841
1645420 841
1645430 840
1645440 841
1645450 841
1645460 842
1645470 842
1645480 842
1645490 842
1645500 842
1645510 842
1645520 842
1645530 841
1645540 841
1645550 841
1645560 841
1645570 841
1645580 840
1645590 840
1645600 840
1645610 839
1645620 838
1645630 838
1645640 836
1645650 835
1645660 835
1645670 833
1645680 831
1645690 831
1645700 829
1645710 826
1645720 826
1645730 824
1645740 822
1645750 822
1645760 819
1645770 816
1645780 816
1645790 813
1645800 810
1645810 810
1645820 806
1645830 801
1645840 801
1645850 795
1645860 795
1645870 791
1645880 786
1645890 786
1645900 782
1645910 778
1645920 778
1645930 776
1645940 774
1645950 774
1645960 772
1645970 769
1645980 769
1645990 768
1646000 766
1646010 766
1646020 765
1646030 764
1646040 764
1646050 764
1646060 764
1646070 764
1646080 764
1646090 765
1646100 765
1646110 765
1646120 766
1646130 766
1646140 766
1646150 766
1646160 766
1646170 766
1646180 767
1646190 767
1646200 767
1646210 767
1646220 767
1646230 767
1646240 767
1646250 767
1646260 767
1646270 767
1646280 767
1646290 767
1646300 767
1646310 767
1646320 767
1646330 767
1646340 767
1646350 767
1646360 767
1646370 767
1646380 766
1646390 766
1646400 766
1646410 766
1646420 766
1646430 766
1646440 766
1646450 766
1646460 766
1646470 766
1646480 766
1646490 766
1646500 766
1646510 766
1646520 765
1646530 765
1646540 765
1646550 765
1646560 766
1646570 766
1646580 765
1646590 765
1646600 765
1646610 765
1646620 764
1646630 765
1646640 765
1646650 765
1646660 765
1646670 765
1646680 765
1646690 765
1646700 765
1646710 765
1646720 765
1646730 764
1646740 764
1646750 764
1646760 764
1646770 764
1646780 764
1646790 764
1646800 764
1646810 764
1646820 764
1646830 765
1646840 765
1646850 765
1646860 765
1646870 765
1646880 765
1646890 765
1646900 765
1646910 766
1646920 766
1646930 766
1646940 767
1646950 767
1646960 767
1646970 768
1646980 768
1646990 768
1647000 769
1647010 770
1647020 770
1647030 770
1647040 770
1647050 770
1647060 771
1647070 771
1647080 771
1647090 772
1647100 772
1647110 772
1647120 772
1647130 772
1647140 772
1647150 772
1647160 772
1647170 772
1647180 771
1647190 771
1647200 771
1647210 771
1647220 771
1647230 771
1647240 772
1647250 772
1647260 772
1647270 772
1647280 772
1647290 773
1647300 773
1647310 773
1647320 774
1647330 775
1647340 775
1647350 777
1647360 778
1647370 778
1647380 777
1647390 776
1647400 776
1647410 770
1647420 767
1647430 765
1647440 765
1647450 765
1647460 765
1647470 763
1647480 762
1647490 762
1647500 761
1647510 760
1647520 760
1647530 759
1647540 759
1647550 759
1647560 758
1647570 758
1647580 758
1647590 757
1647600 756
1647610 756
1647620 756
1647630 755
1647640 755
1647650 755
1647660 754
1647670 754
1647680 754
1647690 752
1647700 752
1647710 753
1647720 754
1647730 754
1647740 755
1647750 755
1647760 755
1647770 756
1647780 756
1647790 756
1647800 756
1647810 757
1647820 757
1647830 758
1647840 758
1647850 758
1647860 759
1647870 759
1647880 760
1647890 761
1647900 761
1647910 761
1647920 762
1647930 762
1647940 763
1647950 764
1647960 764
1647970 765
1647980 766
1647990 766
1648000 766
1648010 767
1648020 767
1648030 768
1648040 769
1648050 769
1648060 770
1648070 771
1648080 771
1648090 772
1648100 773
1648110 773
1648120 774
1648130 776
1648140 776
1648150 778
1648160 779
1648170 779
1648180 781
1648190 783
1648200 783
1648210 785
1648220 787
1648230 787
1648240 789
1648250 792
1648260 792
1648270 794
1648280 797
1648290 797
1648300 799
1648310 802
1648320 802
1648330 805
1648340 808
1648350 808
1648360 812
1648370 814
1648380 814
1648390 816
1648400 818
1648410 818
1648420 819
1648430 820
1648440 820
1648450 822
1648460 823
1648470 823
1648480 825
1648490 825
1648500 827
1648510 828
1648520 828
1648530 829
1648540 830
1648550 830
1648560 830
1648570 829
1648580 829
1648590 829
1648600 828
1648610 828
1648620 827
1648630 826
1648640 826
1648650 824
1648660 823
1648670 823
1648680 822
1648690 821
1648700 821
1648710 819
1648720 817
1648730 817
1648740 815
1648750 814
1648760 814
1648770 813
1648780 812
1648790 812
1648800 812
1648810 812
1648820 812
1648830 812
1648840 812
1648850 812
1648860 812
1648870 812
1648880 812
1648890 812
1648900 812
1648910 812
1648920 812
1648930 812
1648940 812
1648950 812
1648960 812
1648970 812
1648980 812
1648990 812
1649000 812
1649010 811
1649020 810
1649030 808
1649040 807
1649050 806
1649060 806
1649070 806
1649080 806
1649090 806
1649100 805
1649110 805
1649120 805
1649130 804
1649140 804
1649150 804
1649160 804
1649170 804
1649180 805
1649190 804
1649200 804
1649210 805
1649220 805
1649230 805
1649240 805
1649250 805
1649260 805
1649270 804
1649280 805
1649290 805
1649300 806
1649310 806
1649320 806
1649330 807
1649340 808
1649350 808
1649360 809
1649370 809
1649380 809
1649390 810
1649400 811
1649410 811
1649420 811
1649430 812
1649440 812
1649450 812
1649460 812
1649470 812
1649480 812
1649490 812
1649500 812
1649510 813
1649520 814
1649530 814
1649540 816
1649550 818
1649560 818
1649570 819
1649580 822
1649590 822
1649600 824
1649610 826
1649620 826
1649630 827
1649640 827
1649650 827
1649660 826
1649670 825
1649680 825
1649690 825
1649700 825
1649710 825
1649720 825
1649730 825
1649740 825
1649750 824
1649760 824
1649770 824
1649780 823
1649790 823
1649800 823
1649810 823
1649820 821
1649830 820
1649840 820
1649850 820
1649860 819
1649870 817
1649880 817
1649890 816
1649900 813
1649910 813
1649920 811
1649930 810
1649940 810
1649950 809
1649960 809
1649970 809
1649980 808
1649990 807
1650000 807
1650010 807
1650020 806
1650030 806
1650040 805
1650050 804
1650060 804
1650070 803
1650080 802
1650090 802
1650100 801
1650110 799
1650120 799
1650130 797
1650140 794
1650150 794
1650160 792
1650170 789
1650180 789
1650190 786
1650200 783
1650210 783
1650220 780
1650230 777
1650240 777
1650250 774
1650260 771
1650270 771
1650280 768
1650290 766
1650300 766
1650310 765
1650320 763
1650330 763
1650340 761
1650350 758
1650360 758
1650370 756
1650380 754
1650390 754
1650400 751
1650410 749
1650420 749
1650430 748
1650440 746
1650450 746
1650460 744
1650470 744
1650480 741
1650490 739
1650500 739
1650510 737
1650520 734
1650530 734
1650540 732
1650550 730
1650560 730
1650570 728
1650580 725
1650590 725
1650600 722
1650610 718
1650620 718
1650630 714
1650640 710
1650650 710
1650660 708
1650670 707
1650680 707
1650690 706
1650700 704
1650710 704
1650720 703
1650730 702
1650740 702
1650750 702
1650760 701
1650770 701
1650780 700
1650790 699
1650800 699
1650810 698
1650820 697
1650830 697
1650840 696
1650850 695
1650860 695
1650870 694
1650880 692
1650890 692
1650900 691
1650910 690
1650920 690
1650930 689
1650940 688
1650950 688
1650960 687
1650970 686
1650980 686
1650990 685
1651000 684
1651010 684
1651020 683
1651030 682
1651040 682
1651050 682
1651060 681
1651070 681
1651080 680
1651090 679
1651100 679
1651110 678
1651120 678
1651130 677
1651140 677
1651150 677
1651160 676
1651170 675
1651180 675
1651190 675
1651200 674
1651210 674
1651220 674
1651230 674
1651240 674
1651250 673
1651260 673
1651270 673
1651280 672
1651290 672
1651300 672
1651310 672
1651320 672
1651330 672
1651340 672
1651350 672
1651360 672
1651370 672
1651380 671
1651390 671
1651400 670
1651410 670
1651420 670
1651430 670
1651440 670
1651450 670
1651460 670
1651470 670
1651480 670
1651490 670
1651500 670
1651510 670
1651520 670
1651530 671
1651540 671
1651550 671
1651560 670
1651570 670
1651580 669
1651590 668
1651600 668
1651610 667
1651620 666
1651630 666
1651640 665
1651650 664
1651660 664
1651670 663
1651680 662
1651690 662
1651700 661
1651710 661
1651720 661
1651730 660
1651740 658
1651750 658
1651760 657
1651770 657
1651780 656
1651790 655
1651800 655
1651810 653
1651820 650
1651830 650
1651840 648
1651850 645
1651860 645
1651870 642
1651880 639
1651890 639
1651900 637
1651910 633
1651920 633
1651930 630
1651940 629
1651950 629
1651960 627
1651970 626
1651980 626
1651990 625
1652000 624
1652010 624
1652020 623
1652030 622
1652040 622
1652050 621
1652060 621
1652070 621
1652080 619
1652090 618
1652100 618
1652110 618
1652120 618
1652130 618
1652140 618
1652150 618
1652160 618
1652170 618
1652180 619
1652190 619
1652200 619
1652210 620
1652220 620
1652230 621
1652240 623
1652250 623
1652260 629
1652270 631
1652280 631
1652290 632
1652300 634
1652310 634
1652320 636
1652330 638
1652340 638
1652350 640
1652360 642
1652370 642
1652380 643
1652390 645
1652400 645
1652410 646
1652420 647
1652430 647
1652440 647
1652450 647
1652460 647
1652470 648
1652480 648
1652490 647
1652500 647
1652510 647
1652520 647
1652530 647
1652540 647
1652550 647
1652560 647
1652570 647
1652580 647
1652590 647
1652600 647
1652610 647
1652620 647
1652630 647
1652640 648
1652650 648
1652660 648
1652670 648
1652680 649
1652690 649
1652700 649
1652710 649
1652720 649
1652730 650
1652740 651
1652750 651
1652760 651
1652770 652
1652780 652
1652790 653
1652800 653
1652810 653
1652820 654
1652830 655
1652840 655
1652850 656
1652860 657
1652870 657
1652880 657
1652890 658
1652900 658
1652910 659
1652920 660
1652930 660
1652940 661
1652950 662
1652960 664
1652970 665
1652980 666
1652990 666
1653000 668
1653010 669
1653020 669
1653030 670
1653040 671
1653050 671
1653060 672
1653070 672
1653080 672
1653090 672
1653100 672
1653110 672
1653120 673
1653130 673
1653140 674
1653150 674
1653160 674
1653170 674
1653180 676
1653190 676
1653200 678
1653210 680
1653220 680
1653230 681
1653240 683
1653250 683
1653260 685
1653270 688
1653280 688
1653290 691
1653300 694
1653310 694
1653320 697
1653330 699
1653340 699
1653350 701
1653360 703
1653370 703
1653380 705
1653390 707
1653400 707
1653410 710
1653420 712
1653430 712
1653440 713
1653450 715
1653460 715
1653470 718
1653480 722
1653490 722
1653500 725
1653510 728
1653520 728
1653530 731
1653540 733
1653550 733
1653560 735
1653570 737
1653580 737
1653590 738
1653600 740
1653610 740
1653620 742
1653630 745
1653640 745
1653650 748
1653660 749
1653670 749
1653680 750
1653690 751
1653700 751
1653710 751
1653720 751
1653730 753
1653740 753
1653750 753
1653760 752
1653770 751
1653780 751
1653790 750
1653800 748
1653810 748
1653820 747
1653830 747
1653840 747
1653850 747
1653860 747
1653870 747
1653880 747
1653890 747
1653900 747
1653910 746
1653920 745
1653930 745
1653940 744
1653950 743
1653960 743
1653970 741
1653980 740
1653990 740
1654000 739
1654010 738
1654020 738
1654030 736
1654040 735
1654050 735
1654060 733
1654070 732
1654080 732
1654090 730
1654100 728
1654110 728
1654120 727
1654130 726
1654140 726
1654150 725
1654160 725
1654170 725
1654180 724
1654190 723
1654200 723
1654210 722
1654220 722
1654230 722
1654240 721
1654250 721
1654260 721
1654270 720
1654280 719
1654290 719
1654300 717
1654310 716
1654320 716
1654330 716
1654340 715
1654350 715
1654360 715
1654370 715
1654380 715
1654390 714
1654400 713
1654410 713
1654420 713
1654430 713
1654440 712
1654450 711
1654460 711
1654470 711
1654480 711
1654490 711
1654500 709
1654510 709
1654520 709
1654530 709
1654540 708
1654550 708
1654560 707
1654570 707
1654580 707
1654590 706
1654600 706
1654610 706
1654620 705
1654630 705
1654640 705
1654650 705
1654660 704
1654670 704
1654680 704
1654690 704
1654700 704
1654710 703
1654720 703
1654730 703
1654740 702
1654750 702
1654760 702
1654770 701
1654780 701
1654790 701
1654800 700
1654810 700
1654820 700
1654830 699
1654840 699
1654850 699
1654860 698
1654870 697
1654880 697
1654890 696
1654900 695
1654910 695
1654920 695
1654930 694
1654940 694
1654950 693
1654960 693
1654970 693
1654980 692
1654990 691
1655000 691
1655010 690
1655020 690
1655030 690
1655040 689
1655050 689
1655060 689
1655070 688
1655080 688
1655090 687
1655100 686
1655110 686
1655120 685
1655130 684
1655140 684
1655150 683
1655160 682
1655170 682
1655180 681
1655190 680
1655200 680
1655210 679
1655220 678
1655230 678
1655240 676
1655250 674
1655260 674
1655270 674
1655280 673
1655290 673
1655300 672
1655310 671
1655320 671
1655330 670
1655340 669
1655350 669
1655360 669
1655370 669
1655380 669
1655390 669
1655400 668
1655410 668
1655420 667
1655430 667
1655440 667
1655450 667
1655460 667
1655470 667
1655480 667
1655490 670
1655500 670
1655510 674
1655520 678
1655530 678
1655540 679
1655550 681
1655560 681
1655570 682
1655580 683
1655590 683
1655600 683
1655610 683
1655620 683
1655630 683
1655640 682
1655650 682
1655660 682
1655670 682
1655680 682
1655690 681
1655700 679
1655710 679
1655720 678
1655730 678
1655740 677
1655750 676
1655760 676
1655770 675
1655780 673
1655790 673
1655800 672
1655810 671
1655820 671
1655830 670
1655840 669
1655850 669
1655860 668
1655870 668
1655880 668
1655890 668
1655900 668
1655910 668
1655920 669
1655930 670
1655940 670
1655950 671
1655960 673
1655970 673
1655980 675
1655990 679
1656000 679
1656010 682
1656020 685
1656030 684
1656040 685
1656050 685
1656060 685
1656070 684
1656080 683
1656090 683
1656100 682
1656110 682
1656120 682
1656130 682
1656140 683
1656150 683
1656160 685
1656170 686
1656180 686
1656190 688
1656200 689
1656210 689
1656220 691
1656230 694
1656240 694
1656250 695
1656260 695
1656270 695
1656280 695
1656290 695
1656300 695
1656310 695
1656320 695
1656330 695
1656340 694
1656350 693
1656360 693
1656370 693
1656380 693
1656390 692
1656400 692
1656410 692
1656420 691
1656430 691
1656440 691
1656450 691
1656460 691
1656470 691
1656480 690
1656490 690
1656500 690
1656510 690
1656520 690
1656530 690
1656540 689
1656550 689
1656560 689
1656570 688
1656580 688
1656590 688
1656600 688
1656610 689
1656620 689
1656630 689
1656640 690
1656650 690
1656660 691
1656670 693
1656680 693
1656690 694
1656700 695
1656710 695
1656720 695
1656730 696
1656740 696
1656750 696
1656760 696
1656770 696
1656780 697
1656790 696
1656800 696
1656810 696
1656820 696
1656830 696
1656840 696
1656850 696
1656860 696
1656870 696
1656880 696
1656890 696
1656900 696
1656910 696
1656920 696
1656930 695
1656940 695
1656950 695
1656960 695
1656970 694
1656980 694
1656990 694
1657000 693
1657010 693
1657020 692
1657030 692
1657040 692
1657050 691
1657060 691
1657070 690
1657080 689
1657090 689
1657100 688
1657110 687
1657120 687
1657130 686
1657140 686
1657150 686
1657160 685
1657170 684
1657180 684
1657190 684
1657200 683
1657210 683
1657220 681
1657230 680
1657240 680
1657250 679
1657260 680
1657270 680
1657280 680
1657290 680
1657300 680
1657310 681
1657320 681
1657330 681
1657340 682
1657350 682
1657360 682
1657370 683
1657380 683
1657390 683
1657400 683
1657410 682
1657420 682
1657430 681
1657440 680
1657450 680
1657460 679
1657470 679
1657480 679
1657490 678
1657500 678
1657510 678
1657520 677
1657530 676
1657540 676
1657550 675
1657560 674
1657570 674
1657580 673
1657590 673
1657600 673
1657610 672
1657620 671
1657630 671
1657640 669
1657650 668
1657660 668
1657670 667
1657680 666
1657690 666
1657700 666
1657710 666
1657720 665
1657730 665
1657740 665
1657750 665
1657760 667
1657770 667
1657780 668
1657790 669
1657800 669
1657810 668
1657820 667
1657830 667
1657840 666
1657850 665
1657860 665
1657870 665
1657880 665
1657890 665
1657900 664
1657910 664
1657920 664
1657930 664
1657940 664
1657950 664
1657960 664
1657970 664
1657980 664
1657990 665
1658000 665
1658010 665
1658020 665
1658030 665
1658040 665
1658050 665
1658060 666
1658070 666
1658080 666
1658090 666
1658100 666
1658110 666
1658120 666
1658130 666
1658140 666
1658150 666
1658160 666
1658170 666
1658180 667
1658190 667
1658200 667
1658210 668
1658220 668
1658230 669
1658240 669
1658250 669
1658260 670
1658270 670
1658280 670
1658290 671
1658300 672
1658310 672
1658320 674
1658330 675
1658340 675
1658350 676
1658360 676
1658370 677
1658380 678
1658390 678
1658400 679
1658410 680
1658420 680
1658430 682
1658440 683
1658450 683
1658460 685
1658470 687
1658480 687
1658490 688
1658500 689
1658510 689
1658520 690
1658530 691
1658540 691
1658550 692
1658560 693
1658570 693
1658580 695
1658590 697
1658600 697
1658610 699
1658620 700
1658630 700
1658640 701
1658650 702
1658660 702
1658670 702
1658680 702
1658690 702
1658700 702
1658710 702
1658720 702
1658730 701
1658740 702
1658750 702
1658760 702
1658770 703
1658780 703
1658790 704
1658800 705
1658810 705
1658820 706
1658830 706
1658840 706
1658850 706
1658860 706
1658870 706
1658880 705
1658890 705
1658900 705
1658910 704
1658920 703
1658930 703
1658940 702
1658950 701
1658960 701
1658970 701
1658980 699
1658990 699
1659000 699
1659010 699
1659020 699
1659030 699
1659040 699
1659050 699
1659060 698
1659070 698
1659080 698
1659090 698
1659100 698
1659110 698
1659120 698
1659130 698
1659140 699
1659150 699
1659160 699
1659170 699
1659180 699
1659190 699
1659200 699
1659210 699
1659220 699
1659230 699
1659240 699
1659250 699
1659260 699
1659270 699
1659280 699
1659290 699
1659300 698
1659310 698
1659320 699
1659330 699
1659340 699
1659350 699
1659360 699
1659370 699
1659380 699
1659390 699
1659400 699
1659410 699
1659420 699
1659430 699
1659440 699
1659450 699
1659460 699
1659470 699
1659480 699
1659490 699
1659500 699
1659510 700
1659520 700
1659530 701
1659540 702
1659550 702
1659560 702
1659570 703
1659580 703
1659590 704
1659600 705
1659610 705
1659620 706
1659630 707
1659640 707
1659650 708
1659660 709
1659670 709
1659680 710
1659690 710
1659700 711
1659710 712
1659720 712
1659730 713
1659740 714
1659750 714
1659760 715
1659770 716
1659780 716
1659790 718
1659800 719
1659810 719
1659820 720
1659830 721
1659840 721
1659850 722
1659860 723
1659870 723
1659880 724
1659890 725
1659900 725
1659910 726
1659920 727
1659930 727
1659940 727
1659950 729
1659960 729
1659970 730
1659980 730
1659990 730
