1640000 833
1640010 834
1640020 834
1640030 834
1640040 834
1640050 834
1640060 834
1640070 834
1640080 834
1640090 834
1640100 834
1640110 834
1640120 834
1640130 834
1640140 834
1640150 835
1640160 835
1640170 835
1640180 835
1640190 835
1640200 835
1640210 835
1640220 835
1640230 835
1640240 835
1640250 835
1640260 835
1640270 835
1640280 835
1640290 835
1640300 835
1640310 835
1640320 835
1640330 835
1640340 834
1640350 834
1640360 833
1640370 833
1640380 833
1640390 832
1640400 830
1640410 830
1640420 829
1640430 829
1640440 829
1640450 828
1640460 828
1640470 827
1640480 825
1640490 825
1640500 823
1640510 819
1640520 819
1640530 817
1640540 815
1640550 815
1640560 813
1640570 810
1640580 810
1640590 806
1640600 803
1640610 803
1640620 803
1640630 803
1640640 803
1640650 803
1640660 802
1640670 802
1640680 802
1640690 802
1640700 802
1640710 802
1640720 802
1640730 802
1640740 802
1640750 802
1640760 802
1640770 802
1640780 802
1640790 802
1640800 802
1640810 803
1640820 803
1640830 802
1640840 803
1640850 803
1640860 803
1640870 804
1640880 804
1640890 803
1640900 803
1640910 803
1640920 803
1640930 804
1640940 804
1640950 804
1640960 803
1640970 803
1640980 803
1640990 803
1641000 803
1641010 803
1641020 803
1641030 803
1641040 803
1641050 804
1641060 804
1641070 803
1641080 803
1641090 803
1641100 803
1641110 803
1641120 803
1641130 801
1641140 801
1641150 799
1641160 798
1641170 798
1641180 797
1641190 798
1641200 798
1641210 798
1641220 799
1641230 799
1641240 799
1641250 798
1641260 798
1641270 798
1641280 798
1641290 798
1641300 798
1641310 798
1641320 798
1641330 798
1641340 798
1641350 798
1641360 798
1641370 797
1641380 797
1641390 797
1641400 797
1641410 797
1641420 797
1641430 797
1641440 797
1641450 797
1641460 797
1641470 797
1641480 797
1641490 797
1641500 797
1641510 798
1641520 798
1641530 798
1641540 800
1641550 801
1641560 801
1641570 802
1641580 803
1641590 803
1641600 804
1641610 803
1641620 803
1641630 803
1641640 806
1641650 806
1641660 808
1641670 808
1641680 808
1641690 809
1641700 810
1641710 810
1641720 812
1641730 813
1641740 813
1641750 814
1641760 814
1641770 815
1641780 817
1641790 817
1641800 818
1641810 820
1641820 820
1641830 822
1641840 823
1641850 823
1641860 824
1641870 825
1641880 825
1641890 827
1641900 829
1641910 829
1641920 831
1641930 833
1641940 833
1641950 834
1641960 836
1641970 836
1641980 837
1641990 839
1642000 839
1642010 843
1642020 844
1642030 844
1642040 845
1642050 847
1642060 847
1642070 848
1642080 849
1642090 849
1642100 852
1642110 854
1642120 854
1642130 856
1642140 857
1642150 857
1642160 859
1642170 861
1642180 861
1642190 863
1642200 865
1642210 865
1642220 866
1642230 868
1642240 868
1642250 870
1642260 872
1642270 872
1642280 874
1642290 876
1642300 876
1642310 878
1642320 879
1642330 879
1642340 880
1642350 881
1642360 881
1642370 881
1642380 881
1642390 881
1642400 881
1642410 881
1642420 881
1642430 881
1642440 881
1642450 880
1642460 880
1642470 880
1642480 880
1642490 881
1642500 881
1642510 881
1642520 881
1642530 881
1642540 881
1642550 881
1642560 881
1642570 881
1642580 882
1642590 882
1642600 882
1642610 882
1642620 882
1642630 882
1642640 882
1642650 882
1642660 882
1642670 882
1642680 882
1642690 883
1642700 883
1642710 883
1642720 883
1642730 883
1642740 883
1642750 883
1642760 883
1642770 883
1642780 883
1642790 882
1642800 882
1642810 882
1642820 882
1642830 882
1642840 881
1642850 881
1642860 881
1642870 880
1642880 879
1642890 879
1642900 879
1642910 880
1642920 880
1642930 880
1642940 880
1642950 880
1642960 880
1642970 880
1642980 880
1642990 880
1643000 880
1643010 880
1643020 881
1643030 881
1643040 881
1643050 881
1643060 881
1643070 881
1643080 881
1643090 881
1643100 882
1643110 882
1643120 882
1643130 882
1643140 882
1643150 882
1643160 883
1643170 883
1643180 883
1643190 883
1643200 884
1643210 884
1643220 884
1643230 884
1643240 884
1643250 885
1643260 885
1643270 885
1643280 885
1643290 886
1643300 886
1643310 886
1643320 886
1643330 886
1643340 887
1643350 887
1643360 887
1643370 887
1643380 887
1643390 887
1643400 888
1643410 888
1643420 888
1643430 888
1643440 889
1643450 889
1643460 889
1643470 889
1643480 889
1643490 890
1643500 890
1643510 890
1643520 891
1643530 891
1643540 891
1643550 891
1643560 892
1643570 892
1643580 892
1643590 893
1643600 893
1643610 893
1643620 894
1643630 894
1643640 894
1643650 894
1643660 894
1643670 895
1643680 895
1643690 895
1643700 895
1643710 895
1643720 896
1643730 896
1643740 896
1643750 897
1643760 897
1643770 897
1643780 898
1643790 898
1643800 898
1643810 899
1643820 899
1643830 899
1643840 900
1643850 900
1643860 900
1643870 901
1643880 901
1643890 901
1643900 902
1643910 903
1643920 903
1643930 903
1643940 904
1643950 904
1643960 905
1643970 907
1643980 907
1643990 908
1644000 909
1644010 909
1644020 910
1644030 911
1644040 911
1644050 912
1644060 912
1644070 912
1644080 913
1644090 915
1644100 915
1644110 916
1644120 917
1644130 917
1644140 918
1644150 919
1644160 919
1644170 920
1644180 921
1644190 921
1644200 922
1644210 922
1644220 922
1644230 922
1644240 923
1644250 923
1644260 923
1644270 923
1644280 923
1644290 923
1644300 923
1644310 923
1644320 923
1644330 923
1644340 923
1644350 923
1644360 923
1644370 923
1644380 923
1644390 923
1644400 923
1644410 924
1644420 924
1644430 924
1644440 925
1644450 925
1644460 926
1644470 926
1644480 927
1644490 928
1644500 928
1644510 928
1644520 929
1644530 930
1644540 930
1644550 930
1644560 931
1644570 931
1644580 932
1644590 932
1644600 932
1644610 933
1644620 934
1644630 934
1644640 935
1644650 935
1644660 935
1644670 935
1644680 935
1644690 935
1644700 934
1644710 934
1644720 934
1644730 933
1644740 932
1644750 932
1644760 931
1644770 930
1644780 930
1644790 927
1644800 926
1644810 926
1644820 924
1644830 922
1644840 922
1644850 921
1644860 920
1644870 920
1644880 918
1644890 917
1644900 917
1644910 915
1644920 913
1644930 913
1644940 911
1644950 909
1644960 909
1644970 907
1644980 907
1644990 905
1645000 904
1645010 904
1645020 901
1645030 898
1645040 898
1645050 894
1645060 892
1645070 892
1645080 890
1645090 888
1645100 888
1645110 887
1645120 885
1645130 885
1645140 883
1645150 881
1645160 881
1645170 878
1645180 875
1645190 875
1645200 872
1645210 868
1645220 868
1645230 866
1645240 865
1645250 865
1645260 864
1645270 863
1645280 863
1645290 863
1645300 861
1645310 861
1645320 861
1645330 860
1645340 860
1645350 857
1645360 854
1645370 854
1645380 853
1645390 853
1645400 853
1645410 853
1645420 854
1645430 854
1645440 854
1645450 855
1645460 855
1645470 855
1645480 855
1645490 855
1645500 855
1645510 854
1645520 854
1645530 853
1645540 853
1645550 853
1645560 852
1645570 852
1645580 852
1645590 852
1645600 852
1645610 852
1645620 852
1645630 852
1645640 852
1645650 853
1645660 853
1645670 853
1645680 854
1645690 854
1645700 856
1645710 857
1645720 857
1645730 858
1645740 859
1645750 859
1645760 861
1645770 862
1645780 862
1645790 863
1645800 864
1645810 864
1645820 865
1645830 866
1645840 866
1645850 867
1645860 868
1645870 868
1645880 869
1645890 870
1645900 870
1645910 870
1645920 871
1645930 871
1645940 872
1645950 872
1645960 872
1645970 872
1645980 873
1645990 873
1646000 873
1646010 873
1646020 873
1646030 874
1646040 874
1646050 874
1646060 875
1646070 876
1646080 876
1646090 877
1646100 877
1646110 878
1646120 878
1646130 879
1646140 879
1646150 880
1646160 880
1646170 880
1646180 881
1646190 881
1646200 881
1646210 882
1646220 882
1646230 882
1646240 882
1646250 883
1646260 883
1646270 884
1646280 884
1646290 884
1646300 885
1646310 885
1646320 886
1646330 886
1646340 886
1646350 887
1646360 887
1646370 887
1646380 887
1646390 887
1646400 887
1646410 886
1646420 885
1646430 885
1646440 883
1646450 881
1646460 881
1646470 879
1646480 878
1646490 878
1646500 876
1646510 873
1646520 873
1646530 871
1646540 869
1646550 869
1646560 867
1646570 865
1646580 865
1646590 862
1646600 861
1646610 861
1646620 858
1646630 855
1646640 855
1646650 853
1646660 851
1646670 851
1646680 849
1646690 846
1646700 846
1646710 843
1646720 839
1646730 839
1646740 837
1646750 835
1646760 835
1646770 834
1646780 832
1646790 832
1646800 828
1646810 823
1646820 823
1646830 817
1646840 815
1646850 815
1646860 814
1646870 813
1646880 813
1646890 811
1646900 809
1646910 809
1646920 808
1646930 808
1646940 806
1646950 804
1646960 804
1646970 800
1646980 795
1646990 795
1647000 793
1647010 792
1647020 792
1647030 790
1647040 789
1647050 789
1647060 787
1647070 785
1647080 785
1647090 784
1647100 782
1647110 782
1647120 781
1647130 779
1647140 779
1647150 777
1647160 774
1647170 774
1647180 769
1647190 765
1647200 765
1647210 763
1647220 762
1647230 762
1647240 761
1647250 760
1647260 760
1647270 759
1647280 758
1647290 758
1647300 758
1647310 757
1647320 757
1647330 756
1647340 755
1647350 755
1647360 753
1647370 753
1647380 753
1647390 752
1647400 751
1647410 751
1647420 751
1647430 750
1647440 750
1647450 749
1647460 748
1647470 748
1647480 747
1647490 746
1647500 746
1647510 745
1647520 745
1647530 745
1647540 743
1647550 743
1647560 742
1647570 742
1647580 742
1647590 741
1647600 740
1647610 740
1647620 739
1647630 738
1647640 738
1647650 737
1647660 736
1647670 736
1647680 734
1647690 733
1647700 733
1647710 732
1647720 732
1647730 732
1647740 731
1647750 730
1647760 730
1647770 729
1647780 727
1647790 727
1647800 726
1647810 725
1647820 725
1647830 724
1647840 723
1647850 723
1647860 722
1647870 720
1647880 720
1647890 719
1647900 718
1647910 718
1647920 717
1647930 716
1647940 716
1647950 714
1647960 713
1647970 713
1647980 711
1647990 710
1648000 710
1648010 708
1648020 706
1648030 706
1648040 705
1648050 703
1648060 703
1648070 702
1648080 701
1648090 701
1648100 699
1648110 698
1648120 698
1648130 696
1648140 695
1648150 695
1648160 693
1648170 692
1648180 692
1648190 691
1648200 691
1648210 690
1648220 689
1648230 689
1648240 687
1648250 686
1648260 686
1648270 685
1648280 683
1648290 683
1648300 681
1648310 679
1648320 679
1648330 677
1648340 675
1648350 675
1648360 674
1648370 673
1648380 673
1648390 673
1648400 673
1648410 673
1648420 673
1648430 672
1648440 672
1648450 672
1648460 673
1648470 673
1648480 673
1648490 673
1648500 673
1648510 674
1648520 674
1648530 674
1648540 675
1648550 677
1648560 677
1648570 678
1648580 679
1648590 679
1648600 681
1648610 682
1648620 682
1648630 683
1648640 684
1648650 684
1648660 686
1648670 687
1648680 687
1648690 688
1648700 690
1648710 690
1648720 691
1648730 692
1648740 692
1648750 693
1648760 695
1648770 695
1648780 696
1648790 697
1648800 697
1648810 699
1648820 700
1648830 700
1648840 702
1648850 702
1648860 704
1648870 706
1648880 706
1648890 709
1648900 711
1648910 711
1648920 712
1648930 713
1648940 713
1648950 713
1648960 713
1648970 713
1648980 712
1648990 712
1649000 712
1649010 712
1649020 712
1649030 712
1649040 713
1649050 714
1649060 714
1649070 714
1649080 715
1649090 715
1649100 715
1649110 715
1649120 715
1649130 715
1649140 714
1649150 714
1649160 714
1649170 714
1649180 714
1649190 713
1649200 713
1649210 713
1649220 713
1649230 713
1649240 713
1649250 712
1649260 711
1649270 711
1649280 710
1649290 709
1649300 709
1649310 708
1649320 707
1649330 707
1649340 707
1649350 707
1649360 707
1649370 706
1649380 705
1649390 705
1649400 704
1649410 703
1649420 703
1649430 703
1649440 702
1649450 702
1649460 701
1649470 700
1649480 700
1649490 700
1649500 700
1649510 700
1649520 699
1649530 699
1649540 699
1649550 699
1649560 699
1649570 699
1649580 700
1649590 700
1649600 700
1649610 699
1649620 699
1649630 698
1649640 697
1649650 697
1649660 695
1649670 693
1649680 693
1649690 691
1649700 690
1649710 690
1649720 690
1649730 690
1649740 690
1649750 690
1649760 689
1649770 689
1649780 690
1649790 690
1649800 690
1649810 691
1649820 691
1649830 691
1649840 691
1649850 691
1649860 691
1649870 691
1649880 691
1649890 691
1649900 691
1649910 690
1649920 690
1649930 690
1649940 689
1649950 689
1649960 689
1649970 689
1649980 689
1649990 689
1650000 689
1650010 689
1650020 689
1650030 688
1650040 688
1650050 688
1650060 687
1650070 687
1650080 687
1650090 687
1650100 686
1650110 686
1650120 686
1650130 686
1650140 687
1650150 687
1650160 687
1650170 686
1650180 686
1650190 686
1650200 686
1650210 686
1650220 685
1650230 685
1650240 685
1650250 685
1650260 685
1650270 685
1650280 684
1650290 683
1650300 683
1650310 682
1650320 682
1650330 682
1650340 681
1650350 681
1650360 681
1650370 680
1650380 680
1650390 680
1650400 679
1650410 679
1650420 679
1650430 679
1650440 678
1650450 678
1650460 678
1650470 678
1650480 678
1650490 677
1650500 676
1650510 676
1650520 675
1650530 674
1650540 674
1650550 673
1650560 673
1650570 673
1650580 673
1650590 673
1650600 673
1650610 673
1650620 673
1650630 673
1650640 673
1650650 672
1650660 672
1650670 672
1650680 671
1650690 671
1650700 671
1650710 671
1650720 671
1650730 671
1650740 671
1650750 671
1650760 672
1650770 672
1650780 672
1650790 672
1650800 672
1650810 672
1650820 673
1650830 673
1650840 673
1650850 674
1650860 674
1650870 674
1650880 674
1650890 672
1650900 672
1650910 672
1650920 672
1650930 671
1650940 670
1650950 670
1650960 669
1650970 668
1650980 668
1650990 667
1651000 667
1651010 667
1651020 666
1651030 665
1651040 665
1651050 664
1651060 663
1651070 663
1651080 662
1651090 661
1651100 661
1651110 660
1651120 658
1651130 658
1651140 657
1651150 655
1651160 655
1651170 654
1651180 652
1651190 652
1651200 651
1651210 649
1651220 649
1651230 647
1651240 646
1651250 646
1651260 644
1651270 643
1651280 643
1651290 642
1651300 638
1651310 638
1651320 633
1651330 628
1651340 628
1651350 627
1651360 627
1651370 627
1651380 626
1651390 624
1651400 624
1651410 623
1651420 623
1651430 621
1651440 620
1651450 620
1651460 617
1651470 615
1651480 615
1651490 615
1651500 615
1651510 615
1651520 615
1651530 615
1651540 615
1651550 615
1651560 615
1651570 615
1651580 615
1651590 614
1651600 614
1651610 614
1651620 614
1651630 614
1651640 614
1651650 615
1651660 615
1651670 616
1651680 615
1651690 615
1651700 614
1651710 615
1651720 615
1651730 615
1651740 615
1651750 615
1651760 615
1651770 617
1651780 617
1651790 619
1651800 620
1651810 620
1651820 620
1651830 621
1651840 621
1651850 622
1651860 624
1651870 624
1651880 625
1651890 626
1651900 626
1651910 627
1651920 628
1651930 628
1651940 629
1651950 630
1651960 630
1651970 631
1651980 632
1651990 632
1652000 633
1652010 634
1652020 634
1652030 635
1652040 636
1652050 636
1652060 637
1652070 637
1652080 639
1652090 640
1652100 640
1652110 640
1652120 641
1652130 641
1652140 642
1652150 642
1652160 642
1652170 643
1652180 645
1652190 645
1652200 646
1652210 646
1652220 646
1652230 648
1652240 649
1652250 649
1652260 650
1652270 651
1652280 651
1652290 653
1652300 654
1652310 654
1652320 655
1652330 656
1652340 656
1652350 657
1652360 658
1652370 658
1652380 659
1652390 661
1652400 661
1652410 662
1652420 663
1652430 663
1652440 664
1652450 666
1652460 666
1652470 668
1652480 669
1652490 669
1652500 669
1652510 669
1652520 669
1652530 670
1652540 671
1652550 671
1652560 672
1652570 673
1652580 673
1652590 674
1652600 675
1652610 675
1652620 676
1652630 678
1652640 678
1652650 679
1652660 680
1652670 680
1652680 681
1652690 682
1652700 682
1652710 683
1652720 683
1652730 685
1652740 687
1652750 687
1652760 688
1652770 689
1652780 689
1652790 690
1652800 691
1652810 691
1652820 692
1652830 693
1652840 693
1652850 695
1652860 696
1652870 696
1652880 697
1652890 698
1652900 698
1652910 700
1652920 702
1652930 702
1652940 704
1652950 705
1652960 705
1652970 706
1652980 707
1652990 707
1653000 708
1653010 709
1653020 709
1653030 711
1653040 712
1653050 712
1653060 712
1653070 713
1653080 713
1653090 713
1653100 713
1653110 713
1653120 713
1653130 713
1653140 713
1653150 713
1653160 713
1653170 713
1653180 712
1653190 711
1653200 711
1653210 711
1653220 710
1653230 711
1653240 710
1653250 709
1653260 709
1653270 708
1653280 707
1653290 707
1653300 706
1653310 706
1653320 706
1653330 705
1653340 705
1653350 705
1653360 704
1653370 704
1653380 703
1653390 702
1653400 702
1653410 701
1653420 700
1653430 700
1653440 699
1653450 698
1653460 698
1653470 697
1653480 696
1653490 696
1653500 695
1653510 694
1653520 694
1653530 693
1653540 693
1653550 693
1653560 692
1653570 691
1653580 691
1653590 690
1653600 689
1653610 689
1653620 688
1653630 688
1653640 688
1653650 687
1653660 686
1653670 686
1653680 686
1653690 685
1653700 685
1653710 685
1653720 684
1653730 684
1653740 683
1653750 683
1653760 683
1653770 682
1653780 681
1653790 681
1653800 681
1653810 680
1653820 680
1653830 680
1653840 679
1653850 679
1653860 677
1653870 676
1653880 676
1653890 675
1653900 675
1653910 675
1653920 675
1653930 676
1653940 676
1653950 677
1653960 678
1653970 678
1653980 679
1653990 680
1654000 680
1654010 680
1654020 680
1654030 681
1654040 682
1654050 682
1654060 682
1654070 683
1654080 683
1654090 683
1654100 684
1654110 684
1654120 684
1654130 684
1654140 684
1654150 686
1654160 687
1654170 687
1654180 689
1654190 690
1654200 690
1654210 691
1654220 692
1654230 692
1654240 693
1654250 694
1654260 694
1654270 694
1654280 694
1654290 694
1654300 695
1654310 695
1654320 695
1654330 695
1654340 696
1654350 696
1654360 696
1654370 697
1654380 697
1654390 697
1654400 698
1654410 698
1654420 698
1654430 699
1654440 699
1654450 699
1654460 700
1654470 700
1654480 699
1654490 699
1654500 699
1654510 699
1654520 698
1654530 698
1654540 698
1654550 698
1654560 698
1654570 697
1654580 697
1654590 697
1654600 697
1654610 696
1654620 696
1654630 695
1654640 694
1654650 694
1654660 694
1654670 694
1654680 693
1654690 693
1654700 693
1654710 693
1654720 692
1654730 692
1654740 691
1654750 690
1654760 690
1654770 689
1654780 688
1654790 688
1654800 687
1654810 686
1654820 686
1654830 685
1654840 684
1654850 684
1654860 683
1654870 683
1654880 683
1654890 682
1654900 681
1654910 681
1654920 680
1654930 678
1654940 678
1654950 678
1654960 677
1654970 677
1654980 676
1654990 674
1655000 674
1655010 673
1655020 672
1655030 672
1655040 671
1655050 670
1655060 670
1655070 669
1655080 668
1655090 668
1655100 667
1655110 666
1655120 666
1655130 665
1655140 664
1655150 664
1655160 663
1655170 662
1655180 662
1655190 661
1655200 660
1655210 660
1655220 659
1655230 658
1655240 658
1655250 658
1655260 657
1655270 657
1655280 656
1655290 656
1655300 656
1655310 655
1655320 655
1655330 654
1655340 654
1655350 654
1655360 653
1655370 652
1655380 652
1655390 652
1655400 651
1655410 651
1655420 651
1655430 650
1655440 650
1655450 650
1655460 649
1655470 649
1655480 649
1655490 649
1655500 649
1655510 648
1655520 647
1655530 647
1655540 647
1655550 646
1655560 646
1655570 645
1655580 646
1655590 646
1655600 649
1655610 650
1655620 650
1655630 652
1655640 654
1655650 654
1655660 655
1655670 656
1655680 656
1655690 657
1655700 658
1655710 658
1655720 659
1655730 660
1655740 660
1655750 660
1655760 661
1655770 661
1655780 662
1655790 662
1655800 662
1655810 663
1655820 664
1655830 664
1655840 664
1655850 665
1655860 665
1655870 665
1655880 666
1655890 666
1655900 668
1655910 669
1655920 669
1655930 669
1655940 669
1655950 671
1655960 672
1655970 672
1655980 673
1655990 674
1656000 674
1656010 675
1656020 677
1656030 677
1656040 679
1656050 681
1656060 681
1656070 683
1656080 685
1656090 685
1656100 685
1656110 686
1656120 686
1656130 686
1656140 685
1656150 685
1656160 685
1656170 684
1656180 684
1656190 683
1656200 682
1656210 682
1656220 682
1656230 681
1656240 681
1656250 681
1656260 681
1656270 681
1656280 680
1656290 679
1656300 679
1656310 678
1656320 678
1656330 678
1656340 677
1656350 676
1656360 676
1656370 676
1656380 675
1656390 675
1656400 675
1656410 674
1656420 674
1656430 674
1656440 673
1656450 673
1656460 672
1656470 672
1656480 672
1656490 671
1656500 670
1656510 670
1656520 669
1656530 669
1656540 669
1656550 668
1656560 668
1656570 668
1656580 667
1656590 667
1656600 666
1656610 666
1656620 666
1656630 665
1656640 665
1656650 665
1656660 664
1656670 664
1656680 664
1656690 663
1656700 663
1656710 663
1656720 662
1656730 662
1656740 662
1656750 661
1656760 660
1656770 660
1656780 660
1656790 660
1656800 660
1656810 659
1656820 659
1656830 659
1656840 659
1656850 658
1656860 658
1656870 658
1656880 658
1656890 658
1656900 657
1656910 657
1656920 657
1656930 657
1656940 657
1656950 657
1656960 656
1656970 656
1656980 656
1656990 656
1657000 655
1657010 655
1657020 655
1657030 655
1657040 655
1657050 654
1657060 654
1657070 654
1657080 654
1657090 653
1657100 653
1657110 652
1657120 651
1657130 651
1657140 650
1657150 650
1657160 650
1657170 649
1657180 649
1657190 649
1657200 648
1657210 649
1657220 649
1657230 649
1657240 649
1657250 650
1657260 650
1657270 650
1657280 651
1657290 651
1657300 651
1657310 652
1657320 653
1657330 653
1657340 655
1657350 656
1657360 656
1657370 656
1657380 657
1657390 657
1657400 657
1657410 657
1657420 657
1657430 658
1657440 658
1657450 658
1657460 658
1657470 658
1657480 658
1657490 658
1657500 659
1657510 659
1657520 659
1657530 660
1657540 660
1657550 660
1657560 660
1657570 660
1657580 660
1657590 660
1657600 660
1657610 660
1657620 660
1657630 660
1657640 660
1657650 660
1657660 660
1657670 660
1657680 660
1657690 660
1657700 660
1657710 660
1657720 660
1657730 661
1657740 661
1657750 661
1657760 661
1657770 662
1657780 662
1657790 662
1657800 662
1657810 662
1657820 662
1657830 663
1657840 663
1657850 663
1657860 663
1657870 664
1657880 665
1657890 665
1657900 665
1657910 666
1657920 666
1657930 666
1657940 667
1657950 667
1657960 667
1657970 667
1657980 667
1657990 668
1658000 668
1658010 668
1658020 669
1658030 670
1658040 670
1658050 671
1658060 672
1658070 672
1658080 673
1658090 673
1658100 673
1658110 674
1658120 674
1658130 674
1658140 675
1658150 675
1658160 675
1658170 675
1658180 676
1658190 676
1658200 676
1658210 677
1658220 677
1658230 678
1658240 679
1658250 679
1658260 679
1658270 680
1658280 680
1658290 681
1658300 681
1658310 681
1658320 682
1658330 683
1658340 683
1658350 684
1658360 685
1658370 685
1658380 685
1658390 686
1658400 686
1658410 687
1658420 688
1658430 688
1658440 689
1658450 690
1658460 690
1658470 690
1658480 691
1658490 691
1658500 692
1658510 692
1658520 693
1658530 694
1658540 694
1658550 695
1658560 697
1658570 696
1658580 698
1658590 699
1658600 699
1658610 700
1658620 701
1658630 701
1658640 702
1658650 704
1658660 704
1658670 705
1658680 706
1658690 706
1658700 707
1658710 708
1658720 708
1658730 709
1658740 711
1658750 711
1658760 713
1658770 714
1658780 714
1658790 716
1658800 718
1658810 718
1658820 720
1658830 722
1658840 722
1658850 724
1658860 726
1658870 726
1658880 728
1658890 730
1658900 730
1658910 732
1658920 733
1658930 733
1658940 734
1658950 736
1658960 736
1658970 737
1658980 739
1658990 739
1659000 741
1659010 742
1659020 742
1659030 744
1659040 746
1659050 746
1659060 748
1659070 750
1659080 750
1659090 752
1659100 753
1659110 753
1659120 755
1659130 757
1659140 757
1659150 759
1659160 759
1659170 760
1659180 761
1659190 761
1659200 762
1659210 765
1659220 765
1659230 768
1659240 770
1659250 770
1659260 770
1659270 770
1659280 770
1659290 770
1659300 770
1659310 770
1659320 771
1659330 769
1659340 769
1659350 768
1659360 767
1659370 767
1659380 766
1659390 764
1659400 764
1659410 763
1659420 762
1659430 762
1659440 761
1659450 759
1659460 759
1659470 757
1659480 756
1659490 756
1659500 755
1659510 753
1659520 753
1659530 751
1659540 750
1659550 750
1659560 748
1659570 747
1659580 747
1659590 746
1659600 745
1659610 745
1659620 744
1659630 743
1659640 743
1659650 742
1659660 741
1659670 741
1659680 740
1659690 739
1659700 739
1659710 739
1659720 738
1659730 738
1659740 737
1659750 736
1659760 736
1659770 734
1659780 733
1659790 733
1659800 732
1659810 732
1659820 731
1659830 731
1659840 731
1659850 730
1659860 730
1659870 730
1659880 730
1659890 729
1659900 729
1659910 728
1659920 728
1659930 728
1659940 727
1659950 727
1659960 727
1659970 726
1659980 725
1659990 725
