1640000 828
1640010 830
1640020 830
1640030 832
1640040 833
1640050 833
1640060 835
1640070 837
1640080 837
1640090 839
1640100 840
1640110 840
1640120 842
1640130 843
1640140 843
1640150 845
1640160 846
1640170 846
1640180 848
1640190 849
1640200 849
1640210 851
1640220 853
1640230 853
1640240 854
1640250 854
1640260 856
1640270 857
1640280 857
1640290 859
1640300 861
1640310 861
1640320 862
1640330 864
1640340 864
1640350 865
1640360 866
1640370 866
1640380 867
1640390 869
1640400 869
1640410 870
1640420 872
1640430 872
1640440 873
1640450 875
1640460 875
1640470 876
1640480 876
1640490 876
1640500 877
1640510 878
1640520 878
1640530 879
1640540 880
1640550 880
1640560 881
1640570 883
1640580 883
1640590 883
1640600 884
1640610 884
1640620 884
1640630 885
1640640 885
1640650 885
1640660 886
1640670 886
1640680 886
1640690 886
1640700 886
1640710 886
1640720 886
1640730 886
1640740 886
1640750 886
1640760 886
1640770 885
1640780 884
1640790 884
1640800 883
1640810 883
1640820 883
1640830 882
1640840 880
1640850 880
1640860 879
1640870 878
1640880 878
1640890 876
1640900 876
1640910 876
1640920 875
1640930 875
1640940 874
1640950 872
1640960 872
1640970 871
1640980 871
1640990 871
1641000 871
1641010 871
1641020 871
1641030 871
1641040 871
1641050 871
1641060 871
1641070 871
1641080 871
1641090 872
1641100 872
1641110 872
1641120 873
1641130 874
1641140 874
1641150 875
1641160 876
1641170 876
1641180 877
1641190 878
1641200 878
1641210 879
1641220 880
1641230 880
1641240 881
1641250 882
1641260 882
1641270 883
1641280 884
1641290 884
1641300 885
1641310 885
1641320 885
1641330 886
1641340 886
1641350 886
1641360 886
1641370 886
1641380 886
1641390 885
1641400 886
1641410 886
1641420 884
1641430 882
1641440 882
1641450 881
1641460 880
1641470 880
1641480 880
1641490 880
1641500 880
1641510 881
1641520 881
1641530 881
1641540 881
1641550 881
1641560 881
1641570 882
1641580 882
1641590 882
1641600 883
1641610 883
1641620 883
1641630 884
1641640 884
1641650 885
1641660 886
1641670 886
1641680 887
1641690 888
1641700 888
1641710 889
1641720 890
1641730 890
1641740 891
1641750 893
1641760 893
1641770 894
1641780 895
1641790 895
1641800 896
1641810 897
1641820 897
1641830 898
1641840 899
1641850 899
1641860 900
1641870 901
1641880 901
1641890 902
1641900 903
1641910 903
1641920 904
1641930 905
1641940 905
1641950 906
1641960 907
1641970 907
1641980 908
1641990 909
1642000 909
1642010 909
1642020 910
1642030 910
1642040 911
1642050 912
1642060 912
1642070 913
1642080 914
1642090 914
1642100 915
1642110 916
1642120 916
1642130 916
1642140 916
1642150 917
1642160 918
1642170 918
1642180 919
1642190 919
1642200 919
1642210 920
1642220 920
1642230 920
1642240 920
1642250 921
1642260 921
1642270 921
1642280 921
1642290 921
1642300 920
1642310 920
1642320 920
1642330 920
1642340 920
1642350 920
1642360 919
1642370 918
1642380 918
1642390 919
1642400 919
1642410 919
1642420 919
1642430 919
1642440 919
1642450 919
1642460 919
1642470 919
1642480 918
1642490 918
1642500 918
1642510 918
1642520 918
1642530 918
1642540 918
1642550 918
1642560 918
1642570 917
1642580 917
1642590 917
1642600 917
1642610 917
1642620 917
1642630 917
1642640 917
1642650 917
1642660 917
1642670 917
1642680 917
1642690 917
1642700 917
1642710 917
1642720 917
1642730 918
1642740 918
1642750 918
1642760 918
1642770 918
1642780 918
1642790 918
1642800 918
1642810 918
1642820 918
1642830 918
1642840 918
1642850 918
1642860 918
1642870 918
1642880 918
1642890 918
1642900 917
1642910 917
1642920 916
1642930 916
1642940 916
1642950 915
1642960 914
1642970 914
1642980 913
1642990 913
1643000 913
1643010 912
1643020 911
1643030 911
1643040 911
1643050 910
1643060 909
1643070 908
1643080 907
1643090 907
1643100 906
1643110 904
1643120 904
1643130 903
1643140 903
1643150 903
1643160 902
1643170 901
1643180 901
1643190 900
1643200 900
1643210 900
1643220 899
1643230 898
1643240 898
1643250 898
1643260 897
1643270 897
1643280 896
1643290 896
1643300 896
1643310 895
1643320 894
1643330 894
1643340 893
1643350 892
1643360 892
1643370 891
1643380 890
1643390 890
1643400 889
1643410 889
1643420 889
1643430 888
1643440 888
1643450 887
1643460 886
1643470 886
1643480 886
1643490 886
1643500 886
1643510 885
1643520 885
1643530 885
1643540 885
1643550 884
1643560 884
1643570 884
1643580 884
1643590 884
1643600 885
1643610 885
1643620 885
1643630 885
1643640 885
1643650 885
1643660 885
1643670 886
1643680 886
1643690 886
1643700 886
1643710 886
1643720 887
1643730 887
1643740 887
1643750 887
1643760 888
1643770 888
1643780 888
1643790 889
1643800 889
1643810 889
1643820 890
1643830 890
1643840 890
1643850 891
1643860 891
1643870 892
1643880 891
1643890 891
1643900 892
1643910 893
1643920 893
1643930 894
1643940 896
1643950 896
1643960 897
1643970 899
1643980 899
1643990 901
1644000 903
1644010 903
1644020 905
1644030 905
1644040 907
1644050 909
1644060 909
1644070 910
1644080 912
1644090 912
1644100 913
1644110 913
1644120 913
1644130 914
1644140 914
1644150 914
1644160 913
1644170 912
1644180 912
1644190 911
1644200 910
1644210 910
1644220 909
1644230 908
1644240 908
1644250 907
1644260 907
1644270 907
1644280 906
1644290 906
1644300 906
1644310 906
1644320 905
1644330 905
1644340 905
1644350 904
1644360 904
1644370 904
1644380 904
1644390 904
1644400 903
1644410 903
1644420 903
1644430 903
1644440 904
1644450 904
1644460 904
1644470 905
1644480 905
1644490 905
1644500 905
1644510 905
1644520 906
1644530 906
1644540 906
1644550 906
1644560 906
1644570 906
1644580 906
1644590 907
1644600 907
1644610 907
1644620 907
1644630 907
1644640 908
1644650 909
1644660 909
1644670 909
1644680 909
1644690 910
1644700 909
1644710 909
1644720 910
1644730 911
1644740 911
1644750 912
1644760 913
1644770 913
1644780 914
1644790 915
1644800 915
1644810 916
1644820 918
1644830 918
1644840 920
1644850 921
1644860 921
1644870 922
1644880 923
1644890 923
1644900 925
1644910 927
1644920 927
1644930 928
1644940 930
1644950 930
1644960 933
1644970 935
1644980 935
1644990 937
1645000 939
1645010 939
1645020 940
1645030 941
1645040 941
1645050 942
1645060 943
1645070 943
1645080 943
1645090 944
1645100 944
1645110 945
1645120 947
1645130 947
1645140 948
1645150 948
1645160 948
1645170 948
1645180 949
1645190 949
1645200 949
1645210 949
1645220 949
1645230 950
1645240 950
1645250 950
1645260 951
1645270 953
1645280 953
1645290 954
1645300 954
1645310 956
1645320 957
1645330 957
1645340 958
1645350 960
1645360 960
1645370 961
1645380 962
1645390 962
1645400 963
1645410 963
1645420 963
1645430 963
1645440 964
1645450 964
1645460 965
1645470 964
1645480 964
1645490 959
1645500 956
1645510 957
1645520 955
1645530 952
1645540 952
1645550 948
1645560 945
1645570 945
1645580 942
1645590 941
1645600 941
1645610 938
1645620 935
1645630 935
1645640 933
1645650 930
1645660 930
1645670 927
1645680 924
1645690 924
1645700 921
1645710 919
1645720 919
1645730 916
1645740 914
1645750 914
1645760 912
1645770 910
1645780 910
1645790 909
1645800 907
1645810 907
1645820 906
1645830 905
1645840 905
1645850 904
1645860 902
1645870 902
1645880 901
1645890 900
1645900 900
1645910 899
1645920 899
1645930 897
1645940 896
1645950 896
1645960 896
1645970 895
1645980 895
1645990 894
1646000 893
1646010 893
1646020 893
1646030 892
1646040 892
1646050 891
1646060 891
1646070 891
1646080 890
1646090 890
1646100 890
1646110 889
1646120 889
1646130 889
1646140 888
1646150 888
1646160 888
1646170 888
1646180 887
1646190 887
1646200 887
1646210 887
1646220 887
1646230 886
1646240 886
1646250 886
1646260 886
1646270 886
1646280 886
1646290 886
1646300 887
1646310 887
1646320 886
1646330 887
1646340 887
1646350 887
1646360 887
1646370 887
1646380 887
1646390 887
1646400 887
1646410 888
1646420 888
1646430 888
1646440 888
1646450 889
1646460 889
1646470 889
1646480 888
1646490 888
1646500 887
1646510 887
1646520 887
1646530 887
1646540 887
1646550 887
1646560 888
1646570 888
1646580 889
1646590 890
1646600 890
1646610 890
1646620 890
1646630 890
1646640 890
1646650 890
1646660 890
1646670 890
1646680 890
1646690 890
1646700 890
1646710 890
1646720 890
1646730 890
1646740 890
1646750 890
1646760 890
1646770 890
1646780 890
1646790 890
1646800 890
1646810 890
1646820 890
1646830 890
1646840 890
1646850 890
1646860 890
1646870 890
1646880 890
1646890 891
1646900 891
1646910 891
1646920 892
1646930 892
1646940 892
1646950 893
1646960 893
1646970 893
1646980 893
1646990 893
1647000 893
1647010 894
1647020 894
1647030 894
1647040 894
1647050 894
1647060 894
1647070 894
1647080 894
1647090 893
1647100 893
1647110 893
1647120 893
1647130 893
1647140 893
1647150 892
1647160 892
1647170 892
1647180 891
1647190 891
1647200 891
1647210 891
1647220 891
1647230 890
1647240 890
1647250 890
1647260 889
1647270 888
1647280 888
1647290 888
1647300 887
1647310 887
1647320 886
1647330 884
1647340 884
1647350 882
1647360 880
1647370 880
1647380 878
1647390 875
1647400 875
1647410 873
1647420 870
1647430 870
1647440 868
1647450 865
1647460 865
1647470 863
1647480 861
1647490 861
1647500 859
1647510 856
1647520 856
1647530 854
1647540 851
1647550 851
1647560 849
1647570 846
1647580 846
1647590 843
1647600 841
1647610 841
1647620 838
1647630 835
1647640 835
1647650 832
1647660 828
1647670 828
1647680 824
1647690 820
1647700 820
1647710 816
1647720 811
1647730 811
1647740 805
1647750 799
1647760 799
1647770 795
1647780 793
1647790 793
1647800 791
1647810 791
1647820 789
1647830 787
1647840 787
1647850 785
1647860 783
1647870 783
1647880 779
1647890 775
1647900 775
1647910 771
1647920 768
1647930 768
1647940 766
1647950 764
1647960 764
1647970 761
1647980 759
1647990 759
1648000 756
1648010 750
1648020 750
1648030 744
1648040 739
1648050 739
1648060 734
1648070 731
1648080 731
1648090 728
1648100 725
1648110 725
1648120 724
1648130 721
1648140 721
1648150 719
1648160 717
1648170 717
1648180 715
1648190 713
1648200 713
1648210 711
1648220 709
1648230 709
1648240 708
1648250 706
1648260 706
1648270 704
1648280 702
1648290 702
1648300 701
1648310 699
1648320 699
1648330 697
1648340 695
1648350 695
1648360 692
1648370 688
1648380 688
1648390 686
1648400 685
1648410 685
1648420 683
1648430 683
1648440 681
1648450 680
1648460 680
1648470 679
1648480 678
1648490 678
1648500 677
1648510 675
1648520 675
1648530 674
1648540 673
1648550 673
1648560 672
1648570 671
1648580 671
1648590 670
1648600 669
1648610 669
1648620 668
1648630 667
1648640 667
1648650 667
1648660 666
1648670 666
1648680 665
1648690 664
1648700 664
1648710 664
1648720 663
1648730 664
1648740 663
1648750 662
1648760 662
1648770 662
1648780 661
1648790 661
1648800 661
1648810 660
1648820 660
1648830 660
1648840 659
1648850 659
1648860 659
1648870 659
1648880 659
1648890 658
1648900 658
1648910 658
1648920 657
1648930 656
1648940 656
1648950 656
1648960 655
1648970 655
1648980 655
1648990 654
1649000 654
1649010 654
1649020 653
1649030 653
1649040 653
1649050 652
1649060 652
1649070 651
1649080 651
1649090 651
1649100 650
1649110 650
1649120 650
1649130 650
1649140 650
1649150 650
1649160 649
1649170 649
1649180 649
1649190 648
1649200 648
1649210 648
1649220 647
1649230 647
1649240 647
1649250 646
1649260 646
1649270 646
1649280 645
1649290 645
1649300 645
1649310 644
1649320 644
1649330 644
1649340 644
1649350 644
1649360 644
1649370 643
1649380 643
1649390 643
1649400 642
1649410 642
1649420 642
1649430 642
1649440 642
1649450 642
1649460 641
1649470 641
1649480 641
1649490 641
1649500 641
1649510 640
1649520 640
1649530 640
1649540 640
1649550 640
1649560 640
1649570 640
1649580 639
1649590 639
1649600 639
1649610 639
1649620 639
1649630 639
1649640 639
1649650 639
1649660 639
1649670 639
1649680 639
1649690 639
1649700 639
1649710 638
1649720 638
1649730 638
1649740 638
1649750 638
1649760 638
1649770 638
1649780 638
1649790 638
1649800 637
1649810 637
1649820 637
1649830 637
1649840 637
1649850 637
1649860 637
1649870 637
1649880 637
1649890 637
1649900 637
1649910 637
1649920 637
1649930 637
1649940 637
1649950 637
1649960 637
1649970 637
1649980 636
1649990 636
1650000 636
1650010 636
1650020 636
1650030 636
1650040 636
1650050 636
1650060 636
1650070 636
1650080 636
1650090 636
1650100 635
1650110 635
1650120 635
1650130 634
1650140 634
1650150 634
1650160 634
1650170 634
1650180 634
1650190 633
1650200 633
1650210 633
1650220 633
1650230 633
1650240 633
1650250 632
1650260 632
1650270 632
1650280 632
1650290 632
1650300 632
1650310 632
1650320 633
1650330 633
1650340 633
1650350 633
1650360 633
1650370 633
1650380 633
1650390 633
1650400 633
1650410 633
1650420 633
1650430 633
1650440 633
1650450 634
1650460 634
1650470 634
1650480 635
1650490 635
1650500 635
1650510 636
1650520 636
1650530 636
1650540 637
1650550 637
1650560 637
1650570 637
1650580 637
1650590 637
1650600 637
1650610 637
1650620 637
1650630 637
1650640 637
1650650 637
1650660 637
1650670 637
1650680 637
1650690 637
1650700 636
1650710 636
1650720 636
1650730 636
1650740 636
1650750 635
1650760 635
1650770 635
1650780 634
1650790 634
1650800 634
1650810 633
1650820 633
1650830 633
1650840 632
1650850 632
1650860 632
1650870 632
1650880 631
1650890 631
1650900 631
1650910 630
1650920 630
1650930 630
1650940 629
1650950 629
1650960 629
1650970 629
1650980 628
1650990 628
1651000 628
1651010 627
1651020 627
1651030 627
1651040 626
1651050 626
1651060 626
1651070 625
1651080 625
1651090 625
1651100 625
1651110 624
1651120 624
1651130 624
1651140 624
1651150 624
1651160 624
1651170 623
1651180 623
1651190 623
1651200 623
1651210 623
1651220 622
1651230 622
1651240 622
1651250 622
1651260 622
1651270 622
1651280 622
1651290 622
1651300 622
1651310 621
1651320 621
1651330 621
1651340 621
1651350 621
1651360 621
1651370 621
1651380 621
1651390 621
1651400 621
1651410 621
1651420 621
1651430 621
1651440 621
1651450 621
1651460 621
1651470 620
1651480 620
1651490 620
1651500 620
1651510 620
1651520 620
1651530 620
1651540 620
1651550 620
1651560 620
1651570 620
1651580 620
1651590 620
1651600 620
1651610 620
1651620 620
1651630 620
1651640 620
1651650 620
1651660 620
1651670 619
1651680 619
1651690 618
1651700 617
1651710 617
1651720 616
1651730 615
1651740 615
1651750 614
1651760 615
1651770 615
1651780 616
1651790 618
1651800 618
1651810 619
1651820 619
1651830 619
1651840 619
1651850 619
1651860 619
1651870 619
1651880 619
1651890 620
1651900 620
1651910 620
1651920 620
1651930 620
1651940 621
1651950 621
1651960 621
1651970 621
1651980 621
1651990 621
1652000 621
1652010 621
1652020 622
1652030 622
1652040 622
1652050 621
1652060 621
1652070 621
1652080 621
1652090 621
1652100 621
1652110 621
1652120 621
1652130 621
1652140 621
1652150 621
1652160 621
1652170 620
1652180 619
1652190 619
1652200 619
1652210 619
1652220 619
1652230 619
1652240 619
1652250 619
1652260 619
1652270 619
1652280 619
1652290 619
1652300 619
1652310 619
1652320 619
1652330 619
1652340 619
1652350 619
1652360 619
1652370 620
1652380 619
1652390 619
1652400 619
1652410 619
1652420 619
1652430 619
1652440 618
1652450 618
1652460 618
1652470 618
1652480 618
1652490 617
1652500 617
1652510 617
1652520 617
1652530 616
1652540 616
1652550 616
1652560 616
1652570 616
1652580 616
1652590 615
1652600 615
1652610 615
1652620 614
1652630 614
1652640 613
1652650 611
1652660 611
1652670 610
1652680 610
1652690 610
1652700 609
1652710 609
1652720 609
1652730 609
1652740 609
1652750 609
1652760 608
1652770 607
1652780 607
1652790 608
1652800 609
1652810 609
1652820 609
1652830 609
1652840 610
1652850 610
1652860 610
1652870 611
1652880 612
1652890 612
1652900 613
1652910 616
1652920 616
1652930 618
1652940 620
1652950 620
1652960 621
1652970 623
1652980 623
1652990 625
1653000 628
1653010 628
1653020 629
1653030 630
1653040 630
1653050 631
1653060 631
1653070 631
1653080 632
1653090 635
1653100 635
1653110 636
1653120 637
1653130 637
1653140 638
1653150 639
1653160 639
1653170 640
1653180 641
1653190 641
1653200 641
1653210 642
1653220 642
1653230 643
1653240 643
1653250 643
1653260 643
1653270 644
1653280 644
1653290 643
1653300 644
1653310 644
1653320 644
1653330 645
1653340 645
1653350 646
1653360 646
1653370 646
1653380 647
1653390 648
1653400 648
1653410 649
1653420 649
1653430 649
1653440 649
1653450 649
1653460 649
1653470 648
1653480 648
1653490 648
1653500 648
1653510 648
1653520 648
1653530 648
1653540 648
1653550 647
1653560 647
1653570 647
1653580 647
1653590 647
1653600 647
1653610 647
1653620 646
1653630 646
1653640 646
1653650 646
1653660 646
1653670 646
1653680 646
1653690 646
1653700 646
1653710 646
1653720 646
1653730 647
1653740 647
1653750 647
1653760 647
1653770 647
1653780 647
1653790 647
1653800 647
1653810 647
1653820 647
1653830 647
1653840 647
1653850 648
1653860 648
1653870 648
1653880 647
1653890 647
1653900 647
1653910 647
1653920 648
1653930 648
1653940 648
1653950 648
1653960 648
1653970 648
1653980 648
1653990 648
1654000 648
1654010 648
1654020 648
1654030 647
1654040 647
1654050 647
1654060 647
1654070 647
1654080 647
1654090 647
1654100 647
1654110 647
1654120 647
1654130 647
1654140 646
1654150 646
1654160 646
1654170 646
1654180 646
1654190 646
1654200 646
1654210 646
1654220 646
1654230 646
1654240 646
1654250 646
1654260 646
1654270 646
1654280 646
1654290 646
1654300 646
1654310 646
1654320 646
1654330 646
1654340 646
1654350 645
1654360 645
1654370 645
1654380 645
1654390 645
1654400 645
1654410 645
1654420 645
1654430 645
1654440 645
1654450 645
1654460 645
1654470 644
1654480 644
1654490 644
1654500 644
1654510 644
1654520 644
1654530 644
1654540 643
1654550 643
1654560 643
1654570 643
1654580 643
1654590 643
1654600 643
1654610 643
1654620 643
1654630 643
1654640 643
1654650 643
1654660 643
1654670 643
1654680 643
1654690 642
1654700 642
1654710 642
1654720 642
1654730 642
1654740 641
1654750 641
1654760 641
1654770 641
1654780 641
1654790 640
1654800 640
1654810 640
1654820 639
1654830 639
1654840 639
1654850 639
1654860 638
1654870 638
1654880 637
1654890 636
1654900 636
1654910 635
1654920 635
1654930 635
1654940 634
1654950 633
1654960 633
1654970 633
1654980 633
1654990 633
1655000 632
1655010 631
1655020 631
1655030 631
1655040 630
1655050 630
1655060 630
1655070 630
1655080 630
1655090 630
1655100 629
1655110 629
1655120 629
1655130 628
1655140 628
1655150 628
1655160 628
1655170 628
1655180 628
1655190 628
1655200 628
1655210 627
1655220 627
1655230 627
1655240 627
1655250 627
1655260 627
1655270 626
1655280 626
1655290 626
1655300 626
1655310 626
1655320 626
1655330 626
1655340 626
1655350 626
1655360 625
1655370 625
1655380 625
1655390 625
1655400 625
1655410 625
1655420 625
1655430 625
1655440 625
1655450 625
1655460 625
1655470 624
1655480 624
1655490 624
1655500 624
1655510 624
1655520 624
1655530 624
1655540 625
1655550 625
1655560 624
1655570 624
1655580 624
1655590 624
1655600 624
1655610 624
1655620 624
1655630 624
1655640 624
1655650 624
1655660 623
1655670 623
1655680 623
1655690 623
1655700 623
1655710 623
1655720 623
1655730 623
1655740 623
1655750 623
1655760 623
1655770 623
1655780 623
1655790 623
1655800 623
1655810 623
1655820 623
1655830 623
1655840 623
1655850 623
1655860 624
1655870 624
1655880 624
1655890 624
1655900 624
1655910 624
1655920 625
1655930 625
1655940 625
1655950 625
1655960 625
1655970 625
1655980 625
1655990 625
1656000 626
1656010 626
1656020 626
1656030 626
1656040 627
1656050 627
1656060 626
1656070 626
1656080 626
1656090 626
1656100 626
1656110 626
1656120 625
1656130 625
1656140 625
1656150 625
1656160 625
1656170 625
1656180 624
1656190 624
1656200 624
1656210 624
1656220 620
1656230 620
1656240 618
1656250 618
1656260 618
1656270 617
1656280 618
1656290 618
1656300 618
1656310 619
1656320 619
1656330 620
1656340 620
1656350 620
1656360 620
1656370 621
1656380 621
1656390 622
1656400 624
1656410 624
1656420 625
1656430 627
1656440 627
1656450 629
1656460 630
1656470 630
1656480 631
1656490 632
1656500 632
1656510 633
1656520 635
1656530 635
1656540 637
1656550 639
1656560 639
1656570 640
1656580 641
1656590 641
1656600 642
1656610 642
1656620 642
1656630 643
1656640 643
1656650 645
1656660 646
1656670 646
1656680 647
1656690 648
1656700 648
1656710 649
1656720 650
1656730 650
1656740 651
1656750 652
1656760 652
1656770 654
1656780 655
1656790 655
1656800 657
1656810 660
1656820 660
1656830 662
1656840 664
1656850 664
1656860 666
1656870 668
1656880 668
1656890 670
1656900 672
1656910 672
1656920 673
1656930 674
1656940 674
1656950 675
1656960 676
1656970 676
1656980 677
1656990 679
1657000 679
1657010 680
1657020 683
1657030 683
1657040 685
1657050 687
1657060 687
1657070 688
1657080 690
1657090 690
1657100 691
1657110 693
1657120 693
1657130 694
1657140 695
1657150 695
1657160 696
1657170 697
1657180 697
1657190 698
1657200 699
1657210 699
1657220 700
1657230 700
1657240 701
1657250 702
1657260 702
1657270 702
1657280 703
1657290 703
1657300 704
1657310 705
1657320 705
1657330 705
1657340 705
1657350 705
1657360 705
1657370 705
1657380 705
1657390 705
1657400 704
1657410 704
1657420 703
1657430 703
1657440 703
1657450 702
1657460 701
1657470 701
1657480 701
1657490 700
1657500 700
1657510 700
1657520 699
1657530 699
1657540 698
1657550 697
1657560 697
1657570 696
1657580 694
1657590 694
1657600 693
1657610 691
1657620 691
1657630 689
1657640 687
1657650 687
1657660 685
1657670 684
1657680 684
1657690 681
1657700 679
1657710 679
1657720 678
1657730 676
1657740 676
1657750 674
1657760 673
1657770 673
1657780 673
1657790 672
1657800 672
1657810 672
1657820 671
1657830 671
1657840 671
1657850 671
1657860 670
1657870 670
1657880 670
1657890 668
1657900 667
1657910 667
1657920 666
1657930 667
1657940 667
1657950 668
1657960 672
1657970 672
1657980 677
1657990 680
1658000 680
1658010 683
1658020 686
1658030 686
1658040 688
1658050 690
1658060 690
1658070 691
1658080 692
1658090 692
1658100 692
1658110 693
1658120 693
1658130 693
1658140 693
1658150 693
1658160 694
1658170 695
1658180 695
1658190 697
1658200 698
1658210 698
1658220 700
1658230 702
1658240 702
1658250 703
1658260 704
1658270 704
1658280 705
1658290 706
1658300 706
1658310 707
1658320 709
1658330 709
1658340 710
1658350 711
1658360 711
1658370 711
1658380 711
1658390 711
1658400 712
1658410 712
1658420 712
1658430 712
1658440 712
1658450 712
1658460 712
1658470 712
1658480 712
1658490 712
1658500 712
1658510 713
1658520 713
1658530 713
1658540 713
1658550 714
1658560 714
1658570 714
1658580 715
1658590 715
1658600 715
1658610 716
1658620 716
1658630 716
1658640 717
1658650 717
1658660 718
1658670 719
1658680 719
1658690 719
1658700 720
1658710 720
1658720 721
1658730 722
1658740 722
1658750 722
1658760 723
1658770 723
1658780 723
1658790 723
1658800 723
1658810 724
1658820 726
1658830 726
1658840 728
1658850 730
1658860 730
1658870 731
1658880 733
1658890 733
1658900 734
1658910 734
1658920 734
1658930 734
1658940 733
1658950 733
1658960 733
1658970 732
1658980 732
1658990 732
1659000 732
1659010 732
1659020 731
1659030 731
1659040 731
1659050 731
1659060 731
1659070 731
1659080 729
1659090 728
1659100 728
1659110 726
1659120 726
1659130 725
1659140 724
1659150 724
1659160 723
1659170 722
1659180 722
1659190 721
1659200 720
1659210 720
1659220 719
1659230 717
1659240 717
1659250 715
1659260 714
1659270 714
1659280 714
1659290 714
1659300 714
1659310 713
1659320 713
1659330 713
1659340 713
1659350 712
1659360 712
1659370 712
1659380 712
1659390 712
1659400 710
1659410 709
1659420 709
1659430 708
1659440 706
1659450 706
1659460 704
1659470 702
1659480 702
1659490 701
1659500 699
1659510 699
1659520 697
1659530 694
1659540 694
1659550 693
1659560 692
1659570 692
1659580 691
1659590 690
1659600 690
1659610 690
1659620 689
1659630 689
1659640 688
1659650 686
1659660 686
1659670 686
1659680 685
1659690 685
1659700 684
1659710 683
1659720 683
1659730 682
1659740 682
1659750 681
1659760 680
1659770 680
1659780 680
1659790 679
1659800 679
1659810 678
1659820 677
1659830 677
1659840 676
1659850 676
1659860 676
1659870 675
1659880 674
1659890 674
1659900 674
1659910 674
1659920 674
1659930 673
1659940 672
1659950 672
1659960 671
1659970 670
1659980 670
1659990 668
