1642530 792
1642540 791
1642550 791
1642560 790
1642570 790
1642580 790
1642590 789
1642600 789
1642610 789
1642620 789
1642630 788
1642640 788
1642650 787
1642660 787
1642670 787
1642680 787
1642690 787
1642700 787
1642710 786
1642720 787
1642730 787
1642740 787
1642750 787
1642760 787
1642770 788
1642780 789
1642790 789
1642800 789
1642810 790
1642820 790
1642830 790
1642840 791
1642850 791
1642860 791
1642870 791
1642880 791
1642890 792
1642900 793
1642910 793
1642920 794
1642930 795
1642940 795
1642950 795
1642960 795
1642970 795
1642980 796
1642990 796
1643000 797
1643010 798
1643020 798
1643030 799
1643040 800
1643050 800
1643060 802
1643070 803
1643080 803
1643090 804
1643100 805
1643110 805
1643120 806
1643130 808
1643140 808
1643150 809
1643160 810
1643170 810
1643180 812
1643190 814
1643200 812
1643210 815
1643220 817
1643230 817
1643240 819
1643250 821
1643260 821
1643270 823
1643280 825
1643290 825
1643300 828
1643310 830
1643320 830
1643330 832
1643340 833
1643350 833
1643360 835
1643370 837
1643380 837
1643390 839
1643400 841
1643410 841
1643420 843
1643430 845
1643440 845
1643450 847
1643460 849
1643470 849
1643480 850
1643490 851
1643500 851
1643510 852
1643520 853
1643530 853
1643540 853
1643550 853
1643560 854
1643570 854
1643580 854
1643590 854
1643600 855
1643610 855
1643620 855
1643630 854
1643640 854
1643650 854
1643660 854
1643670 854
1643680 854
1643690 854
1643700 854
1643710 853
1643720 853
1643730 853
1643740 853
1643750 852
1643760 852
1643770 852
1643780 852
1643790 852
1643800 851
1643810 851
1643820 851
1643830 850
1643840 849
1643850 849
1643860 848
1643870 846
1643880 846
1643890 845
1643900 845
1643910 845
1643920 844
1643930 844
1643940 844
1643950 843
1643960 842
1643970 842
1643980 840
1643990 839
1644000 839
1644010 837
1644020 835
1644030 835
1644040 833
1644050 832
1644060 832
1644070 831
1644080 829
1644090 829
1644100 827
1644110 825
1644120 825
1644130 823
1644140 823
1644150 821
1644160 818
1644170 818
1644180 816
1644190 815
1644200 815
1644210 814
1644220 812
1644230 812
1644240 811
1644250 810
1644260 810
1644270 809
1644280 807
1644290 807
1644300 806
1644310 805
1644320 805
1644330 804
1644340 802
1644350 802
1644360 801
1644370 799
1644380 799
1644390 796
1644400 794
1644410 794
1644420 793
1644430 791
1644440 791
1644450 790
1644460 788
1644470 788
1644480 786
1644490 784
1644500 784
1644510 782
1644520 780
1644530 780
1644540 778
1644550 776
1644560 776
1644570 775
1644580 773
1644590 773
1644600 771
1644610 769
1644620 769
1644630 768
1644640 766
1644650 766
1644660 764
1644670 763
1644680 763
1644690 762
1644700 761
1644710 761
1644720 759
1644730 759
1644740 758
1644750 755
1644760 755
1644770 753
1644780 751
1644790 751
1644800 750
1644810 748
1644820 748
1644830 746
1644840 744
1644850 744
1644860 742
1644870 740
1644880 740
1644890 738
1644900 737
1644910 737
1644920 735
1644930 733
1644940 733
1644950 732
1644960 730
1644970 730
1644980 728
1644990 727
1645000 727
1645010 725
1645020 724
1645030 724
1645040 722
1645050 721
1645060 721
1645070 720
1645080 719
1645090 719
1645100 717
1645110 716
1645120 716
1645130 715
1645140 713
1645150 713
1645160 712
1645170 711
1645180 711
1645190 710
1645200 709
1645210 709
1645220 708
1645230 707
1645240 707
1645250 705
1645260 704
1645270 704
1645280 703
1645290 703
1645300 702
1645310 701
1645320 701
1645330 700
1645340 699
1645350 699
1645360 699
1645370 698
1645380 698
1645390 697
1645400 696
1645410 696
1645420 695
1645430 694
1645440 694
1645450 694
1645460 693
1645470 693
1645480 692
1645490 691
1645500 691
1645510 690
1645520 689
1645530 689
1645540 689
1645550 688
1645560 688
1645570 687
1645580 686
1645590 686
1645600 685
1645610 685
1645620 685
1645630 684
1645640 683
1645650 683
1645660 682
1645670 682
1645680 682
1645690 681
1645700 680
1645710 680
1645720 679
1645730 679
1645740 679
1645750 678
1645760 678
1645770 678
1645780 677
1645790 677
1645800 677
1645810 677
1645820 676
1645830 676
1645840 676
1645850 675
1645860 675
1645870 675
1645880 675
1645890 674
1645900 674
1645910 674
1645920 674
1645930 673
1645940 673
1645950 673
1645960 672
1645970 672
1645980 672
1645990 672
1646000 672
1646010 671
1646020 671
1646030 671
1646040 670
1646050 670
1646060 670
1646070 670
1646080 669
1646090 669
1646100 669
1646110 669
1646120 669
1646130 668
1646140 668
1646150 668
1646160 667
1646170 667
1646180 667
1646190 667
1646200 667
1646210 667
1646220 667
1646230 667
1646240 667
1646250 666
1646260 666
1646270 666
1646280 666
1646290 666
1646300 666
1646310 666
1646320 665
1646330 665
1646340 665
1646350 665
1646360 665
1646370 665
1646380 664
1646390 664
1646400 664
1646410 664
1646420 664
1646430 663
1646440 663
1646450 663
1646460 662
1646470 662
1646480 662
1646490 661
1646500 661
1646510 661
1646520 660
1646530 660
1646540 659
1646550 658
1646560 658
1646570 657
1646580 656
1646590 656
1646600 656
1646610 656
1646620 656
1646630 656
1646640 656
1646650 656
1646660 656
1646670 655
1646680 655
1646690 655
1646700 655
1646710 655
1646720 654
1646730 653
1646740 653
1646750 653
1646760 653
1646770 653
1646780 653
1646790 653
1646800 653
1646810 654
1646820 654
1646830 654
1646840 654
1646850 655
1646860 655
1646870 655
1646880 656
1646890 656
1646900 657
1646910 657
1646920 657
1646930 657
1646940 658
1646950 658
1646960 659
1646970 660
1646980 660
1646990 661
1647000 662
1647010 662
1647020 662
1647030 662
1647040 662
1647050 663
1647060 663
1647070 663
1647080 663
1647090 663
1647100 663
1647110 663
1647120 663
1647130 663
1647140 663
1647150 663
1647160 662
1647170 662
1647180 662
1647190 662
1647200 661
1647210 661
1647220 660
1647230 659
1647240 659
1647250 658
1647260 658
1647270 659
1647280 660
1647290 661
1647300 661
1647310 662
1647320 663
1647330 663
1647340 664
1647350 664
1647360 664
1647370 665
1647380 666
1647390 666
1647400 666
1647410 667
1647420 667
1647430 668
1647440 669
1647450 669
1647460 669
1647470 670
1647480 670
1647490 670
1647500 671
1647510 671
1647520 672
1647530 673
1647540 673
1647550 673
1647560 674
1647570 674
1647580 675
1647590 675
1647600 675
1647610 676
1647620 677
1647630 677
1647640 678
1647650 678
1647660 679
1647670 679
1647680 679
1647690 680
1647700 681
1647710 681
1647720 681
1647730 682
1647740 682
1647750 682
1647760 682
1647770 682
1647780 683
1647790 683
1647800 683
1647810 683
1647820 684
1647830 684
1647840 684
1647850 685
1647860 685
1647870 685
1647880 685
1647890 685
1647900 686
1647910 686
1647920 686
1647930 687
1647940 687
1647950 687
1647960 687
1647970 688
1647980 688
1647990 688
1648000 689
1648010 689
1648020 689
1648030 689
1648040 689
1648050 689
1648060 690
1648070 690
1648080 691
1648090 691
1648100 691
1648110 691
1648120 692
1648130 692
1648140 692
1648150 691
1648160 691
1648170 689
1648180 688
1648190 688
1648200 687
1648210 685
1648220 685
1648230 683
1648240 683
1648250 682
1648260 681
1648270 681
1648280 680
1648290 679
1648300 679
1648310 677
1648320 676
1648330 676
1648340 675
1648350 674
1648360 674
1648370 673
1648380 672
1648390 672
1648400 670
1648410 669
1648420 669
1648430 668
1648440 668
1648450 668
1648460 667
1648470 667
1648480 667
1648490 667
1648500 667
1648510 667
1648520 667
1648530 666
1648540 666
1648550 667
1648560 667
1648570 667
1648580 667
1648590 667
1648600 667
1648610 667
1648620 666
1648630 666
1648640 666
1648650 666
1648660 666
1648670 665
1648680 665
1648690 665
1648700 665
1648710 665
1648720 665
1648730 665
1648740 665
1648750 665
1648760 664
1648770 664
1648780 664
1648790 664
1648800 664
1648810 664
1648820 663
1648830 663
1648840 663
1648850 662
1648860 662
1648870 662
1648880 662
1648890 662
1648900 661
1648910 660
1648920 660
1648930 659
1648940 658
1648950 658
1648960 658
1648970 657
1648980 657
1648990 658
1649000 658
1649010 658
1649020 658
1649030 657
1649040 657
1649050 657
1649060 657
1649070 657
1649080 656
1649090 656
1649100 656
1649110 655
1649120 655
1649130 655
1649140 655
1649150 654
1649160 654
1649170 653
1649180 653
1649190 653
1649200 653
1649210 652
1649220 652
1649230 653
1649240 653
1649250 653
1649260 653
1649270 653
1649280 653
1649290 653
1649300 653
1649310 653
1649320 653
1649330 653
1649340 653
1649350 653
1649360 653
1649370 653
1649380 652
1649390 652
1649400 652
1649410 652
1649420 652
1649430 652
1649440 653
1649450 653
1649460 653
1649470 653
1649480 653
1649490 653
1649500 653
1649510 653
1649520 653
1649530 654
1649540 654
1649550 654
1649560 654
1649570 654
1649580 654
1649590 654
1649600 654
1649610 654
1649620 653
1649630 653
1649640 653
1649650 653
1649660 653
1649670 653
1649680 653
1649690 653
1649700 653
1649710 653
1649720 653
1649730 653
1649740 653
1649750 653
1649760 653
1649770 653
1649780 653
1649790 653
1649800 653
1649810 653
1649820 653
1649830 653
1649840 653
1649850 653
1649860 653
1649870 653
1649880 653
1649890 654
1649900 654
1649910 653
1649920 654
1649930 654
1649940 654
1649950 653
1649960 653
1649970 653
1649980 653
1649990 653
1650000 653
1650010 653
1650020 653
1650030 653
1650040 653
1650050 653
1650060 653
1650070 653
1650080 653
1650090 653
1650100 653
1650110 652
1650120 652
1650130 652
1650140 652
1650150 652
1650160 652
1650170 652
1650180 652
1650190 652
1650200 652
1650210 652
1650220 652
1650230 651
1650240 651
1650250 651
1650260 651
1650270 651
1650280 651
1650290 651
1650300 651
1650310 651
1650320 651
1650330 651
1650340 651
1650350 651
1650360 652
1650370 652
1650380 652
1650390 652
1650400 652
1650410 652
1650420 652
1650430 652
1650440 652
1650450 652
1650460 652
1650470 653
1650480 653
1650490 653
1650500 653
1650510 653
1650520 653
1650530 652
1650540 652
1650550 652
1650560 652
1650570 652
1650580 652
1650590 652
1650600 652
1650610 652
1650620 652
1650630 652
1650640 650
1650650 649
1650660 649
1650670 649
1650680 650
1650690 650
1650700 650
1650710 651
1650720 651
1650730 652
1650740 653
1650750 653
1650760 654
1650770 654
1650780 654
1650790 655
1650800 655
1650810 655
1650820 656
1650830 656
1650840 656
1650850 657
1650860 658
1650870 658
1650880 658
1650890 659
1650900 659
1650910 660
1650920 661
1650930 661
1650940 662
1650950 662
1650960 662
1650970 662
1650980 663
1650990 663
1651000 664
1651010 665
1651020 665
1651030 665
1651040 666
1651050 666
1651060 667
1651070 668
1651080 668
1651090 669
1651100 670
1651110 670
1651120 671
1651130 671
1651140 671
1651150 672
1651160 672
1651170 672
1651180 673
1651190 673
1651200 674
1651210 675
1651220 675
1651230 675
1651240 676
1651250 676
1651260 677
1651270 678
1651280 678
1651290 679
1651300 679
1651310 679
1651320 679
1651330 679
1651340 679
1651350 679
1651360 679
1651370 679
1651380 679
1651390 679
1651400 679
1651410 678
1651420 678
1651430 678
1651440 678
1651450 678
1651460 678
1651470 678
1651480 677
1651490 677
1651500 676
1651510 675
1651520 675
1651530 675
1651540 674
1651550 674
1651560 673
1651570 673
1651580 673
1651590 673
1651600 672
1651610 672
1651620 672
1651630 672
1651640 672
1651650 672
1651660 671
1651670 671
1651680 671
1651690 671
1651700 671
1651710 671
1651720 671
1651730 671
1651740 671
1651750 671
1651760 670
1651770 669
1651780 669
1651790 669
1651800 668
1651810 668
1651820 667
1651830 666
1651840 666
1651850 666
1651860 664
1651870 664
1651880 664
1651890 664
1651900 664
1651910 663
1651920 662
1651930 662
1651940 662
1651950 661
1651960 661
1651970 660
1651980 660
1651990 660
1652000 659
1652010 658
1652020 658
1652030 657
1652040 657
1652050 657
1652060 656
1652070 655
1652080 655
1652090 655
1652100 654
1652110 654
1652120 654
1652130 653
1652140 653
1652150 653
1652160 652
1652170 652
1652180 651
1652190 651
1652200 651
1652210 650
1652220 649
1652230 649
1652240 648
1652250 648
1652260 648
1652270 647
1652280 646
1652290 646
1652300 646
1652310 646
1652320 645
1652330 645
1652340 645
1652350 644
1652360 643
1652370 643
1652380 642
1652390 642
1652400 642
1652410 641
1652420 641
1652430 641
1652440 640
1652450 639
1652460 639
1652470 639
1652480 638
1652490 638
1652500 638
1652510 637
1652520 637
1652530 637
1652540 636
1652550 636
1652560 636
1652570 636
1652580 636
1652590 635
1652600 634
1652610 634
1652620 634
1652630 633
1652640 633
1652650 632
1652660 631
1652670 631
1652680 630
1652690 629
1652700 629
1652710 629
1652720 628
1652730 628
1652740 627
1652750 626
1652760 626
1652770 625
1652780 624
1652790 624
1652800 624
1652810 623
1652820 623
1652830 623
1652840 622
1652850 622
1652860 622
1652870 622
1652880 622
1652890 622
1652900 622
1652910 622
1652920 621
1652930 621
1652940 621
1652950 621
1652960 621
1652970 621
1652980 621
1652990 621
1653000 621
1653010 621
1653020 621
1653030 621
1653040 621
1653050 621
1653060 620
1653070 620
1653080 620
1653090 620
1653100 619
1653110 619
1653120 619
1653130 618
1653140 618
1653150 618
1653160 618
1653170 618
1653180 617
1653190 617
1653200 617
1653210 616
1653220 616
1653230 616
1653240 616
1653250 616
1653260 616
1653270 616
1653280 616
1653290 616
1653300 615
1653310 615
1653320 615
1653330 615
1653340 615
1653350 615
1653360 615
1653370 615
1653380 615
1653390 614
1653400 614
1653410 614
1653420 614
1653430 614
1653440 614
1653450 613
1653460 613
1653470 613
1653480 613
1653490 613
1653500 613
1653510 612
1653520 612
1653530 612
1653540 612
1653550 612
1653560 611
1653570 611
1653580 611
1653590 611
1653600 610
1653610 610
1653620 610
1653630 609
1653640 609
1653650 609
1653660 609
1653670 609
1653680 608
1653690 607
1653700 607
1653710 607
1653720 607
1653730 607
1653740 606
1653750 605
1653760 605
1653770 605
1653780 605
1653790 605
1653800 605
1653810 604
1653820 604
1653830 604
1653840 603
1653850 603
1653860 603
1653870 603
1653880 603
1653890 602
1653900 602
1653910 602
1653920 602
1653930 601
1653940 601
1653950 601
1653960 601
1653970 601
1653980 600
1653990 600
1654000 600
1654010 600
1654020 599
1654030 599
1654040 599
1654050 598
1654060 598
1654070 598
1654080 598
1654090 598
1654100 597
1654110 597
1654120 597
1654130 596
1654140 596
1654150 596
1654160 596
1654170 596
1654180 595
1654190 595
1654200 595
1654210 595
1654220 595
1654230 595
1654240 594
1654250 594
1654260 594
1654270 594
1654280 594
1654290 594
1654300 594
1654310 593
1654320 593
1654330 593
1654340 593
1654350 593
1654360 593
1654370 592
1654380 592
1654390 592
1654400 592
1654410 592
1654420 591
1654430 591
1654440 591
1654450 591
1654460 590
1654470 590
1654480 590
1654490 589
1654500 589
1654510 589
1654520 589
1654530 589
1654540 589
1654550 589
1654560 589
1654570 589
1654580 589
1654590 589
1654600 589
1654610 589
1654620 589
1654630 589
1654640 590
1654650 590
1654660 590
1654670 590
1654680 591
1654690 591
1654700 591
1654710 592
1654720 592
1654730 592
1654740 593
1654750 594
1654760 594
1654770 594
1654780 594
1654790 594
1654800 593
1654810 593
1654820 593
1654830 593
1654840 593
1654850 593
1654860 593
1654870 593
1654880 593
1654890 593
1654900 592
1654910 592
1654920 592
1654930 592
1654940 592
1654950 591
1654960 591
1654970 591
1654980 590
1654990 590
1655000 590
1655010 590
1655020 589
1655030 589
1655040 589
1655050 588
1655060 588
1655070 588
1655080 587
1655090 587
1655100 586
1655110 586
1655120 586
1655130 585
1655140 584
1655150 584
1655160 584
1655170 583
1655180 583
1655190 583
1655200 582
1655210 582
1655220 582
1655230 582
1655240 581
1655250 580
1655260 580
1655270 580
1655280 578
1655290 578
1655300 576
1655310 574
1655320 574
1655330 573
1655340 573
1655350 573
1655360 575
1655370 577
1655380 577
1655390 576
1655400 576
1655410 576
1655420 576
1655430 576
1655440 576
1655450 576
1655460 575
1655470 575
1655480 575
1655490 575
1655500 575
1655510 575
1655520 575
1655530 575
1655540 575
1655550 574
1655560 574
1655570 574
1655580 574
1655590 574
1655600 574
1655610 573
1655620 573
1655630 572
1655640 572
1655650 572
1655660 571
1655670 570
1655680 570
1655690 568
1655700 568
1655710 568
1655720 567
1655730 566
1655740 566
1655750 563
1655760 562
1655770 562
1655780 560
1655790 558
1655800 558
1655810 557
1655820 557
1655830 556
1655840 555
1655850 555
1655860 555
1655870 555
1655880 555
1655890 556
1655900 556
1655910 556
1655920 555
1655930 555
1655940 555
1655950 555
1655960 555
1655970 555
1655980 555
1655990 555
1656000 555
1656010 555
1656020 556
1656030 556
1656040 558
1656050 560
1656060 560
1656070 561
1656080 562
1656090 562
1656100 561
1656110 557
1656120 557
1656130 554
1656140 553
1656150 553
1656160 552
1656170 552
1656180 552
1656190 552
1656200 552
1656210 552
1656220 553
1656230 553
1656240 553
1656250 555
1656260 556
1656270 556
1656280 558
1656290 560
1656300 560
1656310 560
1656320 561
1656330 561
1656340 561
1656350 561
1656360 561
1656370 562
1656380 562
1656390 562
1656400 562
1656410 562
1656420 561
1656430 562
1656440 562
1656450 562
1656460 562
1656470 562
1656480 561
1656490 562
1656500 562
1656510 561
1656520 561
1656530 561
1656540 561
1656550 560
1656560 560
1656570 559
1656580 557
1656590 557
1656600 556
1656610 555
1656620 555
1656630 554
1656640 554
1656650 559
1656660 559
1656670 558
1656680 558
1656690 558
1656700 558
1656710 558
1656720 557
1656730 557
1656740 557
1656750 556
1656760 555
1656770 555
1656780 552
1656790 548
1656800 548
1656810 544
1656820 544
1656830 544
1656840 544
1656850 548
1656860 548
1656870 553
1656880 555
1656890 555
1656900 556
1656910 557
1656920 557
1656930 557
1656940 558
1656950 558
1656960 558
1656970 558
1656980 558
1656990 558
1657000 558
1657010 557
1657020 557
1657030 557
1657040 557
1657050 556
1657060 556
1657070 556
1657080 554
1657090 554
1657100 554
1657110 554
1657120 554
1657130 554
1657140 554
1657150 554
1657160 554
1657170 553
1657180 553
1657190 553
1657200 552
1657210 552
1657220 552
1657230 553
1657240 553
1657250 553
1657260 554
1657270 554
1657280 554
1657290 553
1657300 553
1657310 553
1657320 553
1657330 553
1657340 553
1657350 553
1657360 553
1657370 553
1657380 552
1657390 552
1657400 552
1657410 552
1657420 552
1657430 552
1657440 551
1657450 551
1657460 549
1657470 546
1657480 546
1657490 544
1657500 543
1657510 543
1657520 542
1657530 540
1657540 540
1657550 539
1657560 538
1657570 538
1657580 537
1657590 537
1657600 537
1657610 536
1657620 536
1657630 535
1657640 534
1657650 534
1657660 530
1657670 526
1657680 526
1657690 523
1657700 521
1657710 521
1657720 521
1657730 519
1657740 519
1657750 518
1657760 520
1657770 520
1657780 521
1657790 521
1657800 521
1657810 522
1657820 525
1657830 525
1657840 528
1657850 530
1657860 530
1657870 531
1657880 532
1657890 532
1657900 534
1657910 535
1657920 535
1657930 536
1657940 537
1657950 537
1657960 538
1657970 540
1657980 540
1657990 542
1658000 544
1658010 544
1658020 546
1658030 547
1658040 547
1658050 547
1658060 547
1658070 547
1658080 546
1658090 546
1658100 546
1658110 545
1658120 544
1658130 544
1658140 544
1658150 543
1658160 543
1658170 542
1658180 542
1658190 541
1658200 541
1658210 541
1658220 540
1658230 540
1658240 540
1658250 539
1658260 539
1658270 539
1658280 539
1658290 539
1658300 539
1658310 539
1658320 539
1658330 539
1658340 539
1658350 539
1658360 539
1658370 539
1658380 539
1658390 539
1658400 540
1658410 541
1658420 541
1658430 542
1658440 542
1658450 542
1658460 542
1658470 542
1658480 542
1658490 542
1658500 542
1658510 542
1658520 541
1658530 541
1658540 541
1658550 540
1658560 539
1658570 539
1658580 539
1658590 543
1658600 543
1658610 544
1658620 540
1658630 540
1658640 539
1658650 538
1658660 538
1658670 537
1658680 537
1658690 537
1658700 537
1658710 537
1658720 537
1658730 537
1658740 537
1658750 537
1658760 537
1658770 537
1658780 538
1658790 538
1658800 538
1658810 538
1658820 539
1658830 539
1658840 539
1658850 539
1658860 539
1658870 540
1658880 540
1658890 540
1658900 540
1658910 540
1658920 539
1658930 538
1658940 537
1658950 537
1658960 536
1658970 535
1658980 535
1658990 534
1659000 533
1659010 533
1659020 532
1659030 531
1659040 531
1659050 531
1659060 532
1659070 532
1659080 534
1659090 536
1659100 536
1659110 538
1659120 539
1659130 539
1659140 539
1659150 540
1659160 540
1659170 540
1659180 541
1659190 541
1659200 541
1659210 542
1659220 542
1659230 542
1659240 543
1659250 543
1659260 543
1659270 543
1659280 543
1659290 543
1659300 543
1659310 543
1659320 544
1659330 544
1659340 544
1659350 545
1659360 545
1659370 546
1659380 547
1659390 547
1659400 548
1659410 548
1659420 548
1659430 549
1659440 550
1659450 550
1659460 550
1659470 551
1659480 551
1659490 552
1659500 552
1659510 552
1659520 552
1659530 553
1659540 553
1659550 552
1659560 552
1659570 552
1659580 551
1659590 551
1659600 551
1659610 550
1659620 550
1659630 550
1659640 550
1659650 549
1659660 549
1659670 547
1659680 547
1659690 547
1659700 546
1659710 546
1659720 546
1659730 545
1659740 545
1659750 545
1659760 544
1659770 544
1659780 544
1659790 544
1659800 544
1659810 544
1659820 543
1659830 543
1659840 543
1659850 542
1659860 542
1659870 542
1659880 541
1659890 541
1659900 541
1659910 540
1659920 540
1659930 540
1659940 541
1659950 541
1659960 541
1659970 540
1659980 540
1659990 540
