1645340 677
1645350 677
1645360 677
1645370 676
1645380 676
1645390 676
1645400 675
1645410 675
1645420 675
1645430 675
1645440 675
1645450 675
1645460 675
1645470 675
1645480 675
1645490 675
1645500 675
1645510 675
1645520 675
1645530 675
1645540 675
1645550 675
1645560 675
1645570 676
1645580 676
1645590 676
1645600 676
1645610 677
1645620 677
1645630 678
1645640 678
1645650 678
1645660 679
1645670 679
1645680 679
1645690 680
1645700 680
1645710 681
1645720 681
1645730 681
1645740 682
1645750 683
1645760 683
1645770 684
1645780 684
1645790 684
1645800 685
1645810 686
1645820 686
1645830 687
1645840 688
1645850 688
1645860 689
1645870 690
1645880 690
1645890 691
1645900 692
1645910 692
1645920 694
1645930 696
1645940 696
1645950 698
1645960 701
1645970 701
1645980 704
1645990 706
1646000 706
1646010 709
1646020 712
1646030 712
1646040 715
1646050 718
1646060 718
1646070 721
1646080 723
1646090 723
1646100 726
1646110 728
1646120 728
1646130 730
1646140 731
1646150 731
1646160 733
1646170 734
1646180 734
1646190 737
1646200 739
1646210 739
1646220 741
1646230 742
1646240 742
1646250 744
1646260 744
1646270 745
1646280 747
1646290 747
1646300 749
1646310 751
1646320 751
1646330 753
1646340 755
1646350 755
1646360 758
1646370 760
1646380 760
1646390 764
1646400 767
1646410 767
1646420 770
1646430 773
1646440 773
1646450 775
1646460 778
1646470 778
1646480 782
1646490 785
1646500 785
1646510 789
1646520 791
1646530 791
1646540 794
1646550 796
1646560 796
1646570 798
1646580 800
1646590 800
1646600 801
1646610 801
1646620 801
1646630 800
1646640 798
1646650 798
1646660 796
1646670 793
1646680 793
1646690 790
1646700 787
1646710 787
1646720 784
1646730 780
1646740 780
1646750 777
1646760 774
1646770 774
1646780 773
1646790 771
1646800 771
1646810 770
1646820 769
1646830 769
1646840 767
1646850 767
1646860 765
1646870 764
1646880 764
1646890 763
1646900 760
1646910 760
1646920 759
1646930 757
1646940 757
1646950 755
1646960 754
1646970 754
1646980 753
1646990 750
1647000 750
1647010 748
1647020 747
1647030 747
1647040 746
1647050 745
1647060 745
1647070 743
1647080 742
1647090 742
1647100 740
1647110 739
1647120 739
1647130 738
1647140 736
1647150 736
1647160 735
1647170 733
1647180 733
1647190 731
1647200 730
1647210 730
1647220 729
1647230 727
1647240 727
1647250 726
1647260 725
1647270 725
1647280 723
1647290 722
1647300 722
1647310 721
1647320 720
1647330 720
1647340 718
1647350 717
1647360 717
1647370 716
1647380 715
1647390 715
1647400 715
1647410 715
1647420 714
1647430 713
1647440 713
1647450 711
1647460 710
1647470 710
1647480 711
1647490 711
1647500 711
1647510 711
1647520 712
1647530 712
1647540 713
1647550 713
1647560 713
1647570 714
1647580 715
1647590 715
1647600 716
1647610 717
1647620 717
1647630 718
1647640 718
1647650 718
1647660 719
1647670 720
1647680 720
1647690 721
1647700 722
1647710 722
1647720 723
1647730 724
1647740 724
1647750 725
1647760 726
1647770 726
1647780 727
1647790 728
1647800 728
1647810 729
1647820 730
1647830 730
1647840 732
1647850 733
1647860 733
1647870 734
1647880 735
1647890 735
1647900 736
1647910 737
1647920 737
1647930 739
1647940 740
1647950 740
1647960 742
1647970 742
1647980 744
1647990 746
1648000 746
1648010 747
1648020 749
1648030 749
1648040 751
1648050 753
1648060 753
1648070 755
1648080 757
1648090 757
1648100 759
1648110 761
1648120 761
1648130 763
1648140 765
1648150 765
1648160 768
1648170 770
1648180 770
1648190 772
1648200 775
1648210 775
1648220 777
1648230 778
1648240 778
1648250 780
1648260 781
1648270 781
1648280 782
1648290 783
1648300 783
1648310 785
1648320 786
1648330 786
1648340 788
1648350 789
1648360 789
1648370 791
1648380 792
1648390 792
1648400 793
1648410 794
1648420 794
1648430 796
1648440 797
1648450 797
1648460 800
1648470 803
1648480 803
1648490 805
1648500 806
1648510 806
1648520 807
1648530 807
1648540 807
1648550 806
1648560 806
1648570 805
1648580 804
1648590 804
1648600 803
1648610 802
1648620 802
1648630 801
1648640 799
1648650 799
1648660 797
1648670 795
1648680 795
1648690 794
1648700 793
1648710 793
1648720 793
1648730 792
1648740 792
1648750 791
1648760 791
1648770 791
1648780 791
1648790 792
1648800 792
1648810 791
1648820 790
1648830 790
1648840 788
1648850 787
1648860 787
1648870 787
1648880 787
1648890 787
1648900 787
1648910 785
1648920 785
1648930 782
1648940 780
1648950 780
1648960 778
1648970 777
1648980 777
1648990 772
1649000 769
1649010 769
1649020 766
1649030 764
1649040 764
1649050 761
1649060 758
1649070 758
1649080 756
1649090 754
1649100 754
1649110 752
1649120 752
1649130 750
1649140 747
1649150 747
1649160 745
1649170 743
1649180 743
1649190 741
1649200 739
1649210 739
1649220 738
1649230 736
1649240 736
1649250 734
1649260 732
1649270 732
1649280 730
1649290 728
1649300 728
1649310 726
1649320 724
1649330 724
1649340 721
1649350 719
1649360 719
1649370 718
1649380 716
1649390 716
1649400 716
1649410 714
1649420 714
1649430 713
1649440 712
1649450 712
1649460 710
1649470 709
1649480 709
1649490 707
1649500 706
1649510 706
1649520 705
1649530 704
1649540 704
1649550 703
1649560 702
1649570 702
1649580 701
1649590 699
1649600 699
1649610 698
1649620 697
1649630 697
1649640 696
1649650 694
1649660 694
1649670 693
1649680 692
1649690 692
1649700 691
1649710 691
1649720 690
1649730 688
1649740 688
1649750 687
1649760 686
1649770 686
1649780 685
1649790 684
1649800 684
1649810 684
1649820 683
1649830 683
1649840 683
1649850 682
1649860 682
1649870 682
1649880 682
1649890 682
1649900 681
1649910 679
1649920 679
1649930 678
1649940 677
1649950 677
1649960 677
1649970 676
1649980 676
1649990 675
1650000 674
1650010 674
1650020 674
1650030 674
1650040 674
1650050 673
1650060 672
1650070 672
1650080 671
1650090 669
1650100 669
1650110 668
1650120 667
1650130 667
1650140 666
1650150 665
1650160 665
1650170 664
1650180 663
1650190 661
1650200 661
1650210 660
1650220 660
1650230 659
1650240 658
1650250 658
1650260 658
1650270 658
1650280 657
1650290 656
1650300 656
1650310 656
1650320 656
1650330 656
1650340 655
1650350 655
1650360 655
1650370 654
1650380 653
1650390 653
1650400 652
1650410 652
1650420 652
1650430 651
1650440 650
1650450 650
1650460 650
1650470 649
1650480 649
1650490 649
1650500 649
1650510 649
1650520 648
1650530 648
1650540 648
1650550 647
1650560 647
1650570 647
1650580 647
1650590 646
1650600 646
1650610 646
1650620 646
1650630 646
1650640 646
1650650 644
1650660 644
1650670 643
1650680 642
1650690 642
1650700 641
1650710 641
1650720 641
1650730 640
1650740 640
1650750 640
1650760 639
1650770 639
1650780 639
1650790 639
1650800 638
1650810 638
1650820 638
1650830 638
1650840 638
1650850 637
1650860 637
1650870 638
1650880 638
1650890 638
1650900 637
1650910 637
1650920 637
1650930 636
1650940 636
1650950 636
1650960 637
1650970 638
1650980 638
1650990 637
1651000 637
1651010 637
1651020 637
1651030 637
1651040 637
1651050 637
1651060 636
1651070 636
1651080 636
1651090 635
1651100 635
1651110 635
1651120 634
1651130 634
1651140 634
1651150 634
1651160 634
1651170 634
1651180 633
1651190 633
1651200 633
1651210 632
1651220 632
1651230 632
1651240 631
1651250 631
1651260 631
1651270 631
1651280 631
1651290 630
1651300 630
1651310 630
1651320 630
1651330 629
1651340 629
1651350 629
1651360 628
1651370 628
1651380 628
1651390 628
1651400 628
1651410 627
1651420 627
1651430 627
1651440 626
1651450 626
1651460 626
1651470 626
1651480 626
1651490 626
1651500 626
1651510 626
1651520 626
1651530 626
1651540 626
1651550 626
1651560 626
1651570 626
1651580 626
1651590 626
1651600 626
1651610 627
1651620 627
1651630 627
1651640 627
1651650 627
1651660 627
1651670 627
1651680 626
1651690 626
1651700 626
1651710 625
1651720 625
1651730 625
1651740 624
1651750 624
1651760 624
1651770 623
1651780 623
1651790 623
1651800 622
1651810 622
1651820 622
1651830 621
1651840 621
1651850 621
1651860 620
1651870 620
1651880 620
1651890 620
1651900 620
1651910 620
1651920 619
1651930 619
1651940 619
1651950 619
1651960 619
1651970 618
1651980 618
1651990 618
1652000 618
1652010 618
1652020 617
1652030 617
1652040 617
1652050 616
1652060 616
1652070 616
1652080 615
1652090 615
1652100 615
1652110 615
1652120 615
1652130 615
1652140 615
1652150 614
1652160 614
1652170 614
1652180 614
1652190 614
1652200 614
1652210 614
1652220 614
1652230 615
1652240 615
1652250 615
1652260 615
1652270 615
1652280 615
1652290 615
1652300 615
1652310 615
1652320 615
1652330 614
1652340 614
1652350 614
1652360 614
1652370 614
1652380 614
1652390 614
1652400 614
1652410 614
1652420 613
1652430 613
1652440 613
1652450 612
1652460 612
1652470 612
1652480 612
1652490 612
1652500 611
1652510 611
1652520 611
1652530 611
1652540 610
1652550 610
1652560 609
1652570 609
1652580 609
1652590 608
1652600 608
1652610 608
1652620 607
1652630 607
1652640 607
1652650 606
1652660 606
1652670 606
1652680 606
1652690 606
1652700 605
1652710 605
1652720 605
1652730 605
1652740 604
1652750 604
1652760 604
1652770 603
1652780 603
1652790 603
1652800 602
1652810 602
1652820 602
1652830 602
1652840 602
1652850 601
1652860 601
1652870 601
1652880 601
1652890 601
1652900 601
1652910 600
1652920 600
1652930 600
1652940 600
1652950 598
1652960 598
1652970 596
1652980 595
1652990 595
1653000 594
1653010 593
1653020 593
1653030 592
1653040 591
1653050 591
1653060 590
1653070 590
1653080 590
1653090 590
1653100 590
1653110 590
1653120 590
1653130 590
1653140 590
1653150 592
1653160 592
1653170 595
1653180 597
1653190 597
1653200 599
1653210 599
1653220 599
1653230 599
1653240 600
1653250 600
1653260 600
1653270 601
1653280 601
1653290 601
1653300 602
1653310 602
1653320 604
1653330 604
1653340 604
1653350 604
1653360 604
1653370 604
1653380 604
1653390 605
1653400 605
1653410 605
1653420 606
1653430 606
1653440 607
1653450 607
1653460 607
1653470 608
1653480 609
1653490 609
1653500 609
1653510 609
1653520 609
1653530 609
1653540 609
1653550 609
1653560 610
1653570 610
1653580 610
1653590 610
1653600 610
1653610 610
1653620 611
1653630 611
1653640 611
1653650 612
1653660 612
1653670 612
1653680 613
1653690 613
1653700 613
1653710 613
1653720 613
1653730 614
1653740 614
1653750 614
1653760 615
1653770 615
1653780 615
1653790 615
1653800 616
1653810 616
1653820 615
1653830 615
1653840 615
1653850 615
1653860 615
1653870 615
1653880 614
1653890 614
1653900 614
1653910 614
1653920 614
1653930 614
1653940 614
1653950 614
1653960 614
1653970 613
1653980 612
1653990 612
1654000 612
1654010 611
1654020 611
1654030 610
1654040 610
1654050 610
1654060 609
1654070 608
1654080 608
1654090 608
1654100 608
1654110 608
1654120 607
1654130 607
1654140 607
1654150 606
1654160 606
1654170 606
1654180 606
1654190 605
1654200 605
1654210 605
1654220 605
1654230 605
1654240 605
1654250 604
1654260 604
1654270 604
1654280 604
1654290 604
1654300 603
1654310 603
1654320 603
1654330 603
1654340 603
1654350 602
1654360 602
1654370 602
1654380 602
1654390 602
1654400 602
1654410 601
1654420 601
1654430 601
1654440 601
1654450 601
1654460 601
1654470 601
1654480 601
1654490 601
1654500 601
1654510 601
1654520 601
1654530 600
1654540 600
1654550 600
1654560 600
1654570 600
1654580 600
1654590 600
1654600 600
1654610 600
1654620 599
1654630 599
1654640 599
1654650 599
1654660 598
1654670 598
1654680 598
1654690 597
1654700 597
1654710 597
1654720 597
1654730 597
1654740 596
1654750 596
1654760 596
1654770 596
1654780 595
1654790 595
1654800 595
1654810 595
1654820 595
1654830 594
1654840 594
1654850 594
1654860 593
1654870 593
1654880 593
1654890 593
1654900 593
1654910 593
1654920 593
1654930 593
1654940 593
1654950 594
1654960 594
1654970 594
1654980 593
1654990 593
1655000 593
1655010 592
1655020 592
1655030 591
1655040 591
1655050 591
1655060 590
1655070 590
1655080 590
1655090 589
1655100 587
1655110 587
1655120 587
1655130 586
1655140 586
1655150 585
1655160 584
1655170 584
1655180 583
1655190 583
1655200 583
1655210 582
1655220 582
1655230 582
1655240 582
1655250 581
1655260 581
1655270 581
1655280 580
1655290 580
1655300 580
1655310 580
1655320 580
1655330 580
1655340 580
1655350 580
1655360 580
1655370 579
1655380 579
1655390 579
1655400 579
1655410 579
1655420 579
1655430 579
1655440 578
1655450 578
1655460 578
1655470 577
1655480 577
1655490 577
1655500 577
1655510 576
1655520 576
1655530 576
1655540 575
1655550 575
1655560 575
1655570 574
1655580 574
1655590 574
1655600 574
1655610 574
1655620 573
1655630 573
1655640 573
1655650 572
1655660 572
1655670 572
1655680 571
1655690 571
1655700 571
1655710 571
1655720 571
1655730 571
1655740 571
1655750 570
1655760 570
1655770 570
1655780 570
1655790 570
1655800 570
1655810 571
1655820 571
1655830 571
1655840 571
1655850 571
1655860 572
1655870 572
1655880 572
1655890 572
1655900 572
1655910 572
1655920 572
1655930 571
1655940 571
1655950 570
1655960 569
1655970 569
1655980 567
1655990 567
1656000 566
1656010 565
1656020 565
1656030 564
1656040 564
1656050 564
1656060 563
1656070 562
1656080 562
1656090 562
1656100 561
1656110 561
1656120 561
1656130 560
1656140 560
1656150 558
1656160 556
1656170 556
1656180 554
1656190 553
1656200 553
1656210 551
1656220 551
1656230 551
1656240 552
1656250 553
1656260 553
1656270 553
1656280 555
1656290 555
1656300 556
1656310 557
1656320 557
1656330 558
1656340 559
1656350 559
1656360 560
1656370 560
1656380 560
1656390 559
1656400 559
1656410 559
1656420 558
1656430 557
1656440 557
1656450 555
1656460 554
1656470 554
1656480 552
1656490 550
1656500 550
1656510 549
1656520 549
1656530 549
1656540 549
1656550 549
1656560 549
1656570 548
1656580 548
1656590 548
1656600 548
1656610 548
1656620 548
1656630 547
1656640 547
1656650 547
1656660 546
1656670 546
1656680 546
1656690 545
1656700 545
1656710 545
1656720 545
1656730 545
1656740 544
1656750 544
1656760 544
1656770 544
1656780 544
1656790 544
1656800 543
1656810 543
1656820 543
1656830 543
1656840 543
1656850 543
1656860 543
1656870 543
1656880 543
1656890 543
1656900 542
1656910 542
1656920 542
1656930 542
1656940 542
1656950 542
1656960 542
1656970 542
1656980 542
1656990 542
1657000 542
1657010 541
1657020 539
1657030 539
1657040 536
1657050 534
1657060 534
1657070 532
1657080 531
1657090 531
1657100 531
1657110 530
1657120 530
1657130 531
1657140 531
1657150 533
1657160 534
1657170 534
1657180 535
1657190 535
1657200 535
1657210 536
1657220 536
1657230 536
1657240 536
1657250 536
1657260 536
1657270 535
1657280 535
1657290 535
1657300 534
1657310 534
1657320 534
1657330 534
1657340 534
1657350 534
1657360 534
1657370 534
1657380 534
1657390 533
1657400 532
1657410 532
1657420 530
1657430 527
1657440 527
1657450 525
1657460 524
1657470 524
1657480 523
1657490 522
1657500 522
1657510 522
1657520 522
1657530 522
1657540 523
1657550 523
1657560 523
1657570 522
1657580 522
1657590 522
1657600 523
1657610 523
1657620 523
1657630 524
1657640 525
1657650 525
1657660 524
1657670 523
1657680 523
1657690 523
1657700 523
1657710 523
1657720 523
1657730 523
1657740 522
1657750 520
1657760 520
1657770 519
1657780 517
1657790 517
1657800 515
1657810 515
1657820 515
1657830 514
1657840 513
1657850 513
1657860 512
1657870 511
1657880 511
1657890 510
1657900 511
1657910 511
1657920 511
1657930 510
1657940 510
1657950 510
1657960 509
1657970 509
1657980 508
1657990 507
1658000 507
1658010 507
1658020 507
1658030 507
1658040 507
1658050 507
1658060 507
1658070 507
1658080 507
1658090 507
1658100 506
1658110 507
1658120 507
1658130 507
1658140 507
1658150 507
1658160 507
1658170 506
1658180 506
1658190 506
1658200 506
1658210 506
1658220 507
1658230 507
1658240 507
1658250 510
1658260 510
1658270 512
1658280 514
1658290 514
1658300 515
1658310 515
1658320 515
1658330 516
1658340 517
1658350 517
1658360 518
1658370 521
1658380 521
1658390 522
1658400 524
1658410 524
1658420 526
1658430 526
1658440 526
1658450 527
1658460 527
1658470 527
1658480 527
1658490 527
1658500 527
1658510 527
1658520 527
1658530 527
1658540 526
1658550 525
1658560 525
1658570 525
1658580 525
1658590 525
1658600 525
1658610 526
1658620 526
1658630 526
1658640 528
1658650 528
1658660 529
1658670 530
1658680 530
1658690 530
1658700 531
1658710 531
1658720 531
1658730 531
1658740 531
1658750 532
1658760 532
1658770 532
1658780 531
1658790 527
1658800 527
1658810 530
1658820 531
1658830 531
1658840 531
1658850 531
1658860 529
1658870 528
1658880 528
1658890 527
1658900 527
1658910 527
1658920 527
1658930 526
1658940 526
1658950 526
1658960 526
1658970 526
1658980 525
1658990 525
1659000 525
1659010 526
1659020 526
1659030 526
1659040 526
1659050 526
1659060 526
1659070 527
1659080 527
1659090 527
1659100 528
1659110 528
1659120 528
1659130 528
1659140 528
1659150 528
1659160 528
1659170 528
1659180 528
1659190 528
1659200 528
1659210 528
1659220 528
1659230 528
1659240 528
1659250 527
1659260 527
1659270 527
1659280 526
1659290 526
1659300 526
1659310 525
1659320 523
1659330 523
1659340 521
1659350 521
1659360 521
1659370 521
1659380 522
1659390 522
1659400 521
1659410 522
1659420 520
1659430 520
1659440 520
1659450 519
1659460 519
1659470 519
1659480 518
1659490 518
1659500 518
1659510 516
1659520 516
1659530 516
1659540 516
1659550 515
1659560 515
1659570 515
1659580 515
1659590 515
1659600 515
1659610 515
1659620 515
1659630 515
1659640 514
1659650 514
1659660 513
1659670 513
1659680 513
1659690 512
1659700 510
1659710 510
1659720 511
1659730 512
1659740 512
1659750 513
1659760 513
1659770 513
1659780 514
1659790 515
1659800 515
1659810 515
1659820 516
1659830 516
1659840 516
1659850 517
1659860 517
1659870 518
1659880 519
1659890 519
1659900 519
1659910 520
1659920 520
1659930 520
1659940 521
1659950 521
1659960 521
1659970 521
1659980 521
1659990 522
