1645900 718
1645910 718
1645920 719
1645930 721
1645940 721
1645950 723
1645960 724
1645970 724
1645980 726
1645990 728
1646000 728
1646010 729
1646020 731
1646030 731
1646040 732
1646050 734
1646060 734
1646070 735
1646080 737
1646090 737
1646100 738
1646110 739
1646120 739
1646130 741
1646140 742
1646150 742
1646160 744
1646170 745
1646180 745
1646190 747
1646200 748
1646210 748
1646220 750
1646230 751
1646240 751
1646250 753
1646260 754
1646270 754
1646280 755
1646290 757
1646300 757
1646310 759
1646320 761
1646330 761
1646340 762
1646350 764
1646360 765
1646370 766
1646380 768
1646390 768
1646400 770
1646410 773
1646420 773
1646430 775
1646440 777
1646450 777
1646460 780
1646470 780
1646480 782
1646490 785
1646500 785
1646510 788
1646520 790
1646530 790
1646540 792
1646550 795
1646560 795
1646570 796
1646580 797
1646590 797
1646600 798
1646610 798
1646620 798
1646630 799
1646640 799
1646650 799
1646660 799
1646670 799
1646680 799
1646690 799
1646700 799
1646710 799
1646720 798
1646730 797
1646740 797
1646750 796
1646760 796
1646770 796
1646780 795
1646790 795
1646800 795
1646810 794
1646820 792
1646830 792
1646840 791
1646850 789
1646860 789
1646870 787
1646880 784
1646890 784
1646900 783
1646910 781
1646920 781
1646930 779
1646940 777
1646950 777
1646960 775
1646970 774
1646980 774
1646990 773
1647000 771
1647010 771
1647020 770
1647030 768
1647040 768
1647050 767
1647060 767
1647070 765
1647080 764
1647090 764
1647100 763
1647110 762
1647120 762
1647130 761
1647140 760
1647150 760
1647160 759
1647170 758
1647180 758
1647190 757
1647200 755
1647210 755
1647220 754
1647230 753
1647240 753
1647250 751
1647260 750
1647270 750
1647280 748
1647290 744
1647300 744
1647310 742
1647320 740
1647330 740
1647340 738
1647350 736
1647360 736
1647370 735
1647380 734
1647390 734
1647400 732
1647410 731
1647420 731
1647430 730
1647440 729
1647450 729
1647460 728
1647470 727
1647480 727
1647490 726
1647500 725
1647510 725
1647520 724
1647530 724
1647540 724
1647550 723
1647560 723
1647570 723
1647580 723
1647590 723
1647600 723
1647610 723
1647620 723
1647630 723
1647640 723
1647650 723
1647660 723
1647670 723
1647680 723
1647690 724
1647700 725
1647710 725
1647720 725
1647730 726
1647740 726
1647750 726
1647760 727
1647770 727
1647780 727
1647790 728
1647800 728
1647810 729
1647820 729
1647830 729
1647840 730
1647850 731
1647860 731
1647870 732
1647880 732
1647890 732
1647900 733
1647910 734
1647920 734
1647930 735
1647940 736
1647950 736
1647960 737
1647970 737
1647980 737
1647990 738
1648000 739
1648010 739
1648020 740
1648030 741
1648040 741
1648050 742
1648060 743
1648070 743
1648080 744
1648090 745
1648100 745
1648110 746
1648120 747
1648130 747
1648140 748
1648150 749
1648160 749
1648170 750
1648180 750
1648190 751
1648200 752
1648210 752
1648220 753
1648230 754
1648240 754
1648250 755
1648260 757
1648270 757
1648280 758
1648290 759
1648300 759
1648310 760
1648320 760
1648330 760
1648340 761
1648350 762
1648360 762
1648370 763
1648380 765
1648390 765
1648400 766
1648410 767
1648420 767
1648430 768
1648440 770
1648450 770
1648460 771
1648470 773
1648480 773
1648490 775
1648500 778
1648510 778
1648520 780
1648530 782
1648540 782
1648550 784
1648560 785
1648570 785
1648580 787
1648590 788
1648600 788
1648610 790
1648620 791
1648630 791
1648640 792
1648650 793
1648660 793
1648670 793
1648680 794
1648690 794
1648700 794
1648710 795
1648720 795
1648730 795
1648740 795
1648750 795
1648760 794
1648770 795
1648780 794
1648790 794
1648800 794
1648810 792
1648820 791
1648830 791
1648840 790
1648850 789
1648860 789
1648870 787
1648880 786
1648890 786
1648900 784
1648910 783
1648920 783
1648930 781
1648940 780
1648950 780
1648960 778
1648970 776
1648980 776
1648990 775
1649000 773
1649010 773
1649020 771
1649030 770
1649040 770
1649050 768
1649060 766
1649070 766
1649080 764
1649090 762
1649100 762
1649110 759
1649120 757
1649130 757
1649140 756
1649150 755
1649160 755
1649170 754
1649180 753
1649190 753
1649200 752
1649210 750
1649220 750
1649230 749
1649240 748
1649250 748
1649260 748
1649270 749
1649280 749
1649290 749
1649300 750
1649310 750
1649320 751
1649330 751
1649340 751
1649350 752
1649360 752
1649370 752
1649380 752
1649390 752
1649400 753
1649410 753
1649420 753
1649430 753
1649440 753
1649450 753
1649460 754
1649470 754
1649480 754
1649490 753
1649500 751
1649510 751
1649520 748
1649530 746
1649540 746
1649550 744
1649560 742
1649570 742
1649580 739
1649590 737
1649600 737
1649610 733
1649620 730
1649630 730
1649640 727
1649650 724
1649660 724
1649670 721
1649680 719
1649690 719
1649700 716
1649710 713
1649720 713
1649730 710
1649740 709
1649750 709
1649760 708
1649770 707
1649780 707
1649790 706
1649800 705
1649810 705
1649820 704
1649830 703
1649840 703
1649850 702
1649860 701
1649870 701
1649880 699
1649890 699
1649900 698
1649910 696
1649920 696
1649930 693
1649940 692
1649950 692
1649960 691
1649970 689
1649980 689
1649990 688
1650000 686
1650010 686
1650020 684
1650030 683
1650040 683
1650050 682
1650060 680
1650070 680
1650080 678
1650090 677
1650100 677
1650110 676
1650120 675
1650130 675
1650140 674
1650150 673
1650160 673
1650170 672
1650180 671
1650190 671
1650200 671
1650210 670
1650220 670
1650230 668
1650240 667
1650250 667
1650260 665
1650270 664
1650280 664
1650290 663
1650300 662
1650310 662
1650320 662
1650330 661
1650340 661
1650350 661
1650360 661
1650370 661
1650380 661
1650390 660
1650400 660
1650410 660
1650420 659
1650430 659
1650440 658
1650450 658
1650460 657
1650470 656
1650480 656
1650490 655
1650500 654
1650510 654
1650520 653
1650530 652
1650540 652
1650550 651
1650560 650
1650570 650
1650580 649
1650590 648
1650600 648
1650610 647
1650620 647
1650630 647
1650640 646
1650650 645
1650660 645
1650670 644
1650680 643
1650690 643
1650700 643
1650710 642
1650720 642
1650730 642
1650740 641
1650750 641
1650760 641
1650770 641
1650780 641
1650790 641
1650800 641
1650810 641
1650820 641
1650830 640
1650840 640
1650850 640
1650860 639
1650870 639
1650880 639
1650890 638
1650900 638
1650910 638
1650920 637
1650930 637
1650940 637
1650950 637
1650960 637
1650970 636
1650980 635
1650990 635
1651000 635
1651010 635
1651020 634
1651030 634
1651040 634
1651050 633
1651060 633
1651070 633
1651080 632
1651090 632
1651100 632
1651110 631
1651120 630
1651130 630
1651140 630
1651150 629
1651160 629
1651170 628
1651180 628
1651190 628
1651200 628
1651210 627
1651220 627
1651230 626
1651240 626
1651250 626
1651260 625
1651270 624
1651280 624
1651290 624
1651300 624
1651310 624
1651320 624
1651330 623
1651340 623
1651350 623
1651360 623
1651370 623
1651380 622
1651390 622
1651400 622
1651410 622
1651420 621
1651430 621
1651440 621
1651450 620
1651460 620
1651470 620
1651480 620
1651490 620
1651500 620
1651510 620
1651520 620
1651530 619
1651540 619
1651550 619
1651560 618
1651570 618
1651580 618
1651590 618
1651600 618
1651610 617
1651620 617
1651630 617
1651640 616
1651650 616
1651660 616
1651670 616
1651680 615
1651690 615
1651700 615
1651710 615
1651720 615
1651730 614
1651740 614
1651750 614
1651760 613
1651770 613
1651780 613
1651790 613
1651800 613
1651810 613
1651820 613
1651830 613
1651840 613
1651850 613
1651860 612
1651870 612
1651880 612
1651890 612
1651900 612
1651910 612
1651920 611
1651930 612
1651940 612
1651950 611
1651960 611
1651970 611
1651980 611
1651990 611
1652000 611
1652010 611
1652020 611
1652030 611
1652040 611
1652050 611
1652060 611
1652070 611
1652080 611
1652090 611
1652100 611
1652110 611
1652120 611
1652130 611
1652140 611
1652150 611
1652160 611
1652170 611
1652180 610
1652190 610
1652200 610
1652210 610
1652220 610
1652230 610
1652240 609
1652250 609
1652260 609
1652270 608
1652280 608
1652290 608
1652300 607
1652310 607
1652320 607
1652330 606
1652340 606
1652350 605
1652360 604
1652370 604
1652380 604
1652390 603
1652400 603
1652410 602
1652420 600
1652430 600
1652440 598
1652450 598
1652460 598
1652470 598
1652480 598
1652490 598
1652500 598
1652510 598
1652520 598
1652530 599
1652540 603
1652550 603
1652560 606
1652570 609
1652580 609
1652590 610
1652600 610
1652610 610
1652620 611
1652630 612
1652640 612
1652650 613
1652660 613
1652670 613
1652680 613
1652690 613
1652700 613
1652710 614
1652720 614
1652730 614
1652740 614
1652750 614
1652760 613
1652770 613
1652780 613
1652790 613
1652800 613
1652810 613
1652820 613
1652830 614
1652840 614
1652850 614
1652860 615
1652870 615
1652880 615
1652890 615
1652900 615
1652910 615
1652920 615
1652930 615
1652940 616
1652950 616
1652960 616
1652970 616
1652980 617
1652990 617
1653000 617
1653010 618
1653020 618
1653030 618
1653040 619
1653050 619
1653060 619
1653070 620
1653080 620
1653090 620
1653100 621
1653110 621
1653120 621
1653130 621
1653140 621
1653150 621
1653160 621
1653170 621
1653180 622
1653190 622
1653200 622
1653210 622
1653220 622
1653230 622
1653240 622
1653250 622
1653260 622
1653270 622
1653280 622
1653290 623
1653300 623
1653310 623
1653320 624
1653330 624
1653340 624
1653350 624
1653360 624
1653370 624
1653380 624
1653390 625
1653400 625
1653410 625
1653420 625
1653430 625
1653440 624
1653450 624
1653460 624
1653470 624
1653480 624
1653490 623
1653500 622
1653510 622
1653520 622
1653530 622
1653540 622
1653550 622
1653560 622
1653570 622
1653580 622
1653590 622
1653600 622
1653610 622
1653620 622
1653630 621
1653640 621
1653650 621
1653660 621
1653670 621
1653680 621
1653690 620
1653700 620
1653710 620
1653720 619
1653730 619
1653740 619
1653750 619
1653760 619
1653770 620
1653780 620
1653790 620
1653800 620
1653810 620
1653820 620
1653830 620
1653840 620
1653850 619
1653860 619
1653870 619
1653880 618
1653890 618
1653900 618
1653910 617
1653920 616
1653930 616
1653940 615
1653950 615
1653960 615
1653970 615
1653980 614
1653990 614
1654000 613
1654010 611
1654020 611
1654030 611
1654040 610
1654050 610
1654060 609
1654070 609
1654080 609
1654090 608
1654100 608
1654110 608
1654120 607
1654130 607
1654140 607
1654150 606
1654160 606
1654170 606
1654180 605
1654190 605
1654200 605
1654210 604
1654220 604
1654230 604
1654240 603
1654250 603
1654260 603
1654270 602
1654280 602
1654290 602
1654300 602
1654310 602
1654320 602
1654330 601
1654340 601
1654350 601
1654360 601
1654370 601
1654380 601
1654390 600
1654400 600
1654410 600
1654420 600
1654430 600
1654440 600
1654450 600
1654460 600
1654470 600
1654480 601
1654490 601
1654500 601
1654510 601
1654520 601
1654530 601
1654540 602
1654550 602
1654560 602
1654570 602
1654580 602
1654590 602
1654600 602
1654610 602
1654620 601
1654630 601
1654640 601
1654650 600
1654660 600
1654670 600
1654680 599
1654690 599
1654700 599
1654710 599
1654720 598
1654730 598
1654740 597
1654750 596
1654760 596
1654770 596
1654780 595
1654790 595
1654800 594
1654810 593
1654820 593
1654830 593
1654840 592
1654850 592
1654860 591
1654870 591
1654880 591
1654890 590
1654900 590
1654910 590
1654920 589
1654930 589
1654940 589
1654950 589
1654960 588
1654970 588
1654980 587
1654990 587
1655000 587
1655010 587
1655020 587
1655030 586
1655040 586
1655050 586
1655060 586
1655070 585
1655080 585
1655090 585
1655100 584
1655110 584
1655120 584
1655130 583
1655140 583
1655150 583
1655160 583
1655170 583
1655180 583
1655190 583
1655200 583
1655210 583
1655220 583
1655230 583
1655240 583
1655250 582
1655260 582
1655270 582
1655280 582
1655290 582
1655300 582
1655310 581
1655320 581
1655330 581
1655340 581
1655350 581
1655360 581
1655370 581
1655380 581
1655390 580
1655400 580
1655410 580
1655420 581
1655430 580
1655440 580
1655450 580
1655460 580
1655470 580
1655480 581
1655490 581
1655500 581
1655510 581
1655520 582
1655530 582
1655540 582
1655550 582
1655560 582
1655570 582
1655580 582
1655590 582
1655600 582
1655610 582
1655620 582
1655630 582
1655640 582
1655650 582
1655660 582
1655670 582
1655680 582
1655690 582
1655700 582
1655710 582
1655720 583
1655730 583
1655740 583
1655750 583
1655760 583
1655770 584
1655780 584
1655790 584
1655800 584
1655810 584
1655820 584
1655830 584
1655840 584
1655850 584
1655860 583
1655870 583
1655880 583
1655890 582
1655900 581
1655910 581
1655920 579
1655930 578
1655940 578
1655950 576
1655960 575
1655970 575
1655980 573
1655990 572
1656000 572
1656010 571
1656020 570
1656030 570
1656040 568
1656050 567
1656060 567
1656070 566
1656080 565
1656090 565
1656100 564
1656110 564
1656120 563
1656130 562
1656140 562
1656150 561
1656160 560
1656170 560
1656180 559
1656190 558
1656200 558
1656210 557
1656220 556
1656230 556
1656240 555
1656250 553
1656260 553
1656270 552
1656280 550
1656290 550
1656300 549
1656310 548
1656320 548
1656330 548
1656340 547
1656350 547
1656360 546
1656370 545
1656380 545
1656390 544
1656400 543
1656410 543
1656420 543
1656430 542
1656440 542
1656450 541
1656460 540
1656470 540
1656480 539
1656490 538
1656500 538
1656510 537
1656520 536
1656530 536
1656540 536
1656550 534
1656560 534
1656570 533
1656580 531
1656590 531
1656600 531
1656610 531
1656620 531
1656630 531
1656640 531
1656650 531
1656660 532
1656670 532
1656680 533
1656690 534
1656700 534
1656710 535
1656720 536
1656730 536
1656740 537
1656750 536
1656760 536
1656770 535
1656780 534
1656790 534
1656800 534
1656810 533
1656820 533
1656830 532
1656840 531
1656850 531
1656860 531
1656870 530
1656880 530
1656890 529
1656900 527
1656910 527
1656920 526
1656930 525
1656940 525
1656950 525
1656960 524
1656970 524
1656980 524
1656990 523
1657000 523
1657010 523
1657020 523
1657030 523
1657040 522
1657050 522
1657060 522
1657070 522
1657080 522
1657090 522
1657100 522
1657110 522
1657120 522
1657130 522
1657140 522
1657150 522
1657160 522
1657170 522
1657180 522
1657190 522
1657200 521
1657210 521
1657220 521
1657230 521
1657240 521
1657250 521
1657260 521
1657270 520
1657280 519
1657290 519
1657300 518
1657310 518
1657320 518
1657330 517
1657340 517
1657350 517
1657360 517
1657370 518
1657380 518
1657390 518
1657400 519
1657410 519
1657420 519
1657430 520
1657440 520
1657450 521
1657460 523
1657470 523
1657480 525
1657490 527
1657500 527
1657510 529
1657520 531
1657530 531
1657540 532
1657550 533
1657560 533
1657570 534
1657580 534
1657590 534
1657600 535
1657610 536
1657620 536
1657630 536
1657640 536
1657650 536
1657660 535
1657670 534
1657680 534
1657690 533
1657700 532
1657710 532
1657720 530
1657730 529
1657740 529
1657750 528
1657760 527
1657770 527
1657780 526
1657790 526
1657800 526
1657810 525
1657820 525
1657830 524
1657840 521
1657850 521
1657860 518
1657870 517
1657880 517
1657890 514
1657900 509
1657910 509
1657920 506
1657930 505
1657940 505
1657950 505
1657960 505
1657970 505
1657980 505
1657990 505
1658000 505
1658010 504
1658020 503
1658030 503
1658040 504
1658050 504
1658060 504
1658070 505
1658080 505
1658090 505
1658100 505
1658110 505
1658120 505
1658130 504
1658140 504
1658150 504
1658160 504
1658170 504
1658180 504
1658190 503
1658200 503
1658210 503
1658220 503
1658230 503
1658240 503
1658250 503
1658260 503
1658270 503
1658280 503
1658290 504
1658300 504
1658310 504
1658320 504
1658330 504
1658340 504
1658350 504
1658360 504
1658370 504
1658380 504
1658390 504
1658400 504
1658410 504
1658420 504
1658430 504
1658440 504
1658450 504
1658460 504
1658470 504
1658480 504
1658490 504
1658500 504
1658510 504
1658520 503
1658530 503
1658540 503
1658550 503
1658560 503
1658570 503
1658580 503
1658590 503
1658600 503
1658610 503
1658620 503
1658630 503
1658640 503
1658650 503
1658660 503
1658670 503
1658680 503
1658690 503
1658700 503
1658710 503
1658720 503
1658730 503
1658740 503
1658750 503
1658760 503
1658770 503
1658780 503
1658790 503
1658800 503
1658810 504
1658820 504
1658830 504
1658840 504
1658850 504
1658860 504
1658870 504
1658880 505
1658890 505
1658900 505
1658910 505
1658920 505
1658930 504
1658940 504
1658950 504
1658960 504
1658970 504
1658980 504
1658990 504
1659000 504
1659010 505
1659020 504
1659030 504
1659040 504
1659050 506
1659060 506
1659070 507
1659080 505
1659090 505
1659100 505
1659110 506
1659120 506
1659130 506
1659140 506
1659150 506
1659160 507
1659170 507
1659180 507
1659190 507
1659200 507
1659210 507
1659220 507
1659230 507
1659240 507
1659250 508
1659260 508
1659270 508
1659280 509
1659290 509
1659300 509
1659310 509
1659320 509
1659330 509
1659340 509
1659350 509
1659360 509
1659370 509
1659380 510
1659390 510
1659400 510
1659410 510
1659420 510
1659430 510
1659440 510
1659450 510
1659460 510
1659470 510
1659480 510
1659490 510
1659500 510
1659510 510
1659520 509
1659530 509
1659540 508
1659550 507
1659560 507
1659570 507
1659580 506
1659590 506
1659600 506
1659610 505
1659620 505
1659630 505
1659640 505
1659650 505
1659660 504
1659670 505
1659680 505
1659690 504
1659700 504
1659710 504
1659720 504
1659730 504
1659740 504
1659750 504
1659760 504
1659770 504
1659780 504
1659790 504
1659800 504
1659810 505
1659820 506
1659830 506
1659840 505
1659850 504
1659860 504
1659870 505
1659880 505
1659890 505
1659900 505
1659910 505
1659920 505
1659930 505
1659940 505
1659950 505
1659960 505
1659970 506
1659980 506
1659990 507
